,Unnamed: 0,level,page_num,block_num,par_num,line_num,word_num,left,top,width,height,conf,text,x,y,label,target,right,bottom
0,0,1,1,0,0,0,0,0,0,1653,2328,-1,,0.125,0.5,,,1653,2328
1,1,2,1,1,0,0,0,144,1905,31,328,-1,,0.02412280701754386,0.8887457044673539,,,175,2233
2,2,3,1,1,1,0,0,144,1905,31,328,-1,,0.02412280701754386,0.8887457044673539,,,175,2233
3,3,4,1,1,1,1,0,144,1905,31,328,-1,,0.02412280701754386,0.8887457044673539,,,175,2233
4,4,5,1,1,1,1,1,144,2179,30,54,96,EP,0.024047186932849365,0.947594501718213,,,174,2233
5,5,5,1,1,1,1,2,144,2142,31,21,96,3,0.02412280701754386,0.9246134020618557,,,175,2163
6,6,5,1,1,1,1,3,144,2055,31,71,96,399,0.02412280701754386,0.8979810996563574,,,175,2126
7,7,5,1,1,1,1,4,144,1969,31,70,93,668,0.02412280701754386,0.8608247422680413,,,175,2039
8,8,5,1,1,1,1,5,144,1905,30,50,90,A1,0.024047186932849365,0.8290378006872853,,,174,1955
9,9,2,1,2,0,0,0,429,153,88,28,-1,,0.07153660012099214,0.07173539518900343,,,517,181
10,10,3,1,2,1,0,0,429,153,88,28,-1,,0.07153660012099214,0.07173539518900343,,,517,181
11,11,4,1,2,1,1,0,429,153,88,16,-1,,0.07153660012099214,0.06915807560137457,,,517,169
12,12,5,1,2,1,1,1,429,153,88,16,84,Europaisches,0.07153660012099214,0.06915807560137457,,,517,169
13,13,4,1,2,1,2,0,429,170,71,11,-1,,0.07025105868118572,0.07538659793814433,,,500,181
14,14,5,1,2,1,2,1,429,170,71,11,96,Patentamt,0.07025105868118572,0.07538659793814433,,,500,181
15,15,2,1,3,0,0,0,429,196,89,28,-1,,0.07161222020568662,0.09020618556701031,,,518,224
16,16,3,1,3,1,0,0,429,196,89,28,-1,,0.07161222020568662,0.09020618556701031,,,518,224
17,17,4,1,3,1,1,0,429,196,63,15,-1,,0.06964609800362977,0.08741408934707903,,,492,211
18,18,5,1,3,1,1,1,429,196,63,15,95,European,0.06964609800362977,0.08741408934707903,,,492,211
19,19,4,1,3,1,2,0,429,212,89,12,-1,,0.07161222020568662,0.0936426116838488,,,518,224
20,20,5,1,3,1,2,1,429,213,43,11,96,Patent,0.06813369630973987,0.0938573883161512,,,472,224
21,21,5,1,3,1,2,2,478,212,40,12,90,Office,0.07531760435571688,0.0936426116838488,,,518,224
22,22,2,1,4,0,0,0,429,239,109,28,-1,,0.07312462189957653,0.10867697594501718,,,538,267
23,23,3,1,4,1,0,0,429,239,109,28,-1,,0.07312462189957653,0.10867697594501718,,,538,267
24,24,4,1,4,1,1,0,429,239,109,15,-1,,0.07312462189957653,0.10588487972508591,,,538,254
25,25,5,1,4,1,1,1,429,239,40,12,93,Office,0.06790683605565638,0.1052405498281787,,,469,251
26,26,5,1,4,1,1,2,474,239,64,15,93,europ√©en,0.0765275257108288,0.10588487972508591,,,538,254
27,27,4,1,4,1,2,0,429,255,77,12,-1,,0.0707047791893527,0.11211340206185567,,,506,267
28,28,5,1,4,1,2,1,429,255,22,12,95,des,0.06654567453115548,0.11211340206185567,,,451,267
29,29,5,1,4,1,2,2,457,255,49,12,82,brevets,0.07282214156079855,0.11211340206185567,,,506,267
30,30,2,1,5,0,0,0,281,136,274,150,-1,,0.06321839080459771,0.09063573883161512,,,555,286
31,31,3,1,5,1,0,0,281,136,274,150,-1,,0.06321839080459771,0.09063573883161512,,,555,286
32,32,4,1,5,1,1,0,281,136,274,150,-1,,0.06321839080459771,0.09063573883161512,,,555,286
33,33,5,1,5,1,1,1,281,136,274,150,95, ,0.06321839080459771,0.09063573883161512,,,555,286
34,34,2,1,6,0,0,0,225,324,45,26,-1,,0.037431941923774956,0.14475945017182132,,,270,350
35,35,3,1,6,1,0,0,225,324,45,26,-1,,0.037431941923774956,0.14475945017182132,,,270,350
36,36,4,1,6,1,1,0,225,324,45,26,-1,,0.037431941923774956,0.14475945017182132,,,270,350
37,37,5,1,6,1,1,1,225,324,45,26,96,(12),0.037431941923774956,0.14475945017182132,,,270,350
38,38,2,1,7,0,0,0,225,395,378,53,-1,,0.06261343012704174,0.18105670103092783,,,603,448
39,39,3,1,7,1,0,0,225,395,378,53,-1,,0.06261343012704174,0.18105670103092783,,,603,448
40,40,4,1,7,1,1,0,225,395,262,26,-1,,0.05384150030248034,0.17525773195876287,,,487,421
41,41,5,1,7,1,1,1,225,395,45,26,95,(43),0.037431941923774956,0.17525773195876287,,,270,421
42,42,5,1,7,1,1,2,286,397,48,18,95,Date,0.04688445251058681,0.17439862542955326,,,334,415
43,43,5,1,7,1,1,3,342,397,20,18,96,of,0.05323653962492438,0.17439862542955326,,,362,415
44,44,5,1,7,1,1,4,370,397,117,23,96,publication:,0.0648064125831821,0.17547250859106528,,,487,420
45,45,4,1,7,1,2,0,286,430,317,18,-1,,0.06722625529340592,0.18857388316151202,,,603,448
46,46,5,1,7,1,2,1,286,430,117,18,96,07.11.2018,0.052102238354506954,0.18857388316151202,publication_date,07.11.2018,403,448
47,47,5,1,7,1,2,2,426,430,84,18,95,Bulletin,0.07078039927404718,0.18857388316151202,,,510,448
48,48,5,1,7,1,2,3,519,430,84,18,95,2018/45,0.08484573502722323,0.18857388316151202,,,603,448
49,49,2,1,8,0,0,0,225,493,402,26,-1,,0.06442831215970962,0.21735395189003437,,,627,519
50,50,3,1,8,1,0,0,225,493,402,26,-1,,0.06442831215970962,0.21735395189003437,,,627,519
51,51,4,1,8,1,1,0,225,493,402,26,-1,,0.06442831215970962,0.21735395189003437,,,627,519
52,52,5,1,8,1,1,1,225,493,45,26,95,(21),0.037431941923774956,0.21735395189003437,,,270,519
53,53,5,1,8,1,1,2,285,495,115,23,96,Application,0.051799758015728975,0.21756872852233677,,,400,518
54,54,5,1,8,1,1,3,410,495,83,18,93,number:,0.06828493647912885,0.21649484536082475,,,493,513
55,55,5,1,8,1,1,4,505,495,122,18,92,18180500.3,0.08560193587416817,0.21649484536082475,application_number,18180500.3,627,513
56,56,2,1,9,0,0,0,225,559,325,26,-1,,0.05860556563823351,0.24570446735395188,,,550,585
57,57,3,1,9,1,0,0,225,559,325,26,-1,,0.05860556563823351,0.24570446735395188,,,550,585
58,58,4,1,9,1,1,0,225,559,325,26,-1,,0.05860556563823351,0.24570446735395188,,,550,585
59,59,5,1,9,1,1,1,225,559,45,26,96,(22),0.037431941923774956,0.24570446735395188,,,270,585
60,60,5,1,9,1,1,2,286,561,48,18,96,Date,0.04688445251058681,0.24484536082474226,,,334,579
61,61,5,1,9,1,1,3,342,566,12,13,96,of,0.05263157894736842,0.24591924398625428,,,354,579
62,62,5,1,9,1,1,4,355,561,67,23,96,filing:,0.058756805807622506,0.24591924398625428,,,422,584
63,63,5,1,9,1,1,5,432,561,118,18,96,22.01.2013,0.07425892316999395,0.24484536082474226,filing_date,22.01.2013,550,579
64,64,2,1,10,0,0,0,1002,245,458,38,-1,,0.18617664851784635,0.1134020618556701,,,1460,283
65,65,3,1,10,1,0,0,1002,245,458,38,-1,,0.18617664851784635,0.1134020618556701,,,1460,283
66,66,4,1,10,1,1,0,1002,245,458,38,-1,,0.18617664851784635,0.1134020618556701,,,1460,283
67,67,5,1,10,1,1,1,1002,256,44,27,74,(11),0.15486993345432548,0.11576460481099657,,,1046,283
68,68,5,1,10,1,1,2,1146,245,52,32,96,EP,0.17725347852389595,0.11211340206185567,number,EP,1198,277
69,69,5,1,10,1,1,3,1214,245,20,32,96,3,0.1851179673321234,0.11211340206185567,number,3,1234,277
70,70,5,1,10,1,1,4,1249,245,68,32,96,399,0.1940411373260738,0.11211340206185567,number,399,1317,277
71,71,5,1,10,1,1,5,1332,245,67,32,93,668,0.20651845130066546,0.11211340206185567,number,668,1399,277
72,72,5,1,10,1,1,6,1413,245,47,32,90,A1,0.21725650332728372,0.11211340206185567,number,A1,1460,277
73,73,2,1,11,0,0,0,577,319,537,26,-1,,0.1278735632183908,0.14261168384879724,,,1114,345
74,74,3,1,11,1,0,0,577,319,537,26,-1,,0.1278735632183908,0.14261168384879724,,,1114,345
75,75,4,1,11,1,1,0,577,319,537,26,-1,,0.1278735632183908,0.14261168384879724,,,1114,345
76,76,5,1,11,1,1,1,577,319,156,26,95,EUROPEAN,0.09906231094978826,0.14261168384879724,,,733,345
77,77,5,1,11,1,1,2,735,320,135,24,95,PATENT,0.12137023593466424,0.14261168384879724,,,870,344
78,78,5,1,11,1,1,3,873,319,241,26,96,APPLICATION,0.1502571082879613,0.14261168384879724,,,1114,345
79,79,2,1,12,0,0,0,862,395,246,51,-1,,0.14897156684815488,0.18062714776632302,,,1108,446
80,80,3,1,12,1,0,0,862,395,246,51,-1,,0.14897156684815488,0.18062714776632302,,,1108,446
81,81,4,1,12,1,1,0,862,395,126,26,-1,,0.13989715668481548,0.17525773195876287,,,988,421
82,82,5,1,12,1,1,1,862,395,44,26,67,(51),0.1336963097398669,0.17525773195876287,,,906,421
83,83,5,1,12,1,1,2,923,397,25,18,93,Int,0.1414851784633999,0.17439862542955326,,,948,415
84,84,5,1,12,1,1,3,955,397,33,18,65,Cl:,0.14692982456140352,0.17439862542955326,,,988,415
85,85,4,1,12,1,2,0,922,425,186,21,-1,,0.15350877192982457,0.1870704467353952,,,1108,446
86,86,5,1,12,1,2,1,922,428,60,18,51,HO4B,0.14398064125831822,0.1877147766323024,class_international,H04B,982,446
87,87,5,1,12,1,2,2,991,428,31,18,94,7126,0.15222323049001815,0.1877147766323024,class_international,7/26,1022,446
88,88,5,1,12,1,2,3,1024,425,84,21,83,(2006.91),0.16122202056866303,0.1870704467353952,,,1108,446
89,89,2,1,13,0,0,0,224,614,1243,2,-1,,0.1278735632183908,0.26417525773195877,,,1467,616
90,90,3,1,13,1,0,0,224,614,1243,2,-1,,0.1278735632183908,0.26417525773195877,,,1467,616
91,91,4,1,13,1,1,0,224,614,1243,2,-1,,0.1278735632183908,0.26417525773195877,,,1467,616
92,92,5,1,13,1,1,1,224,614,1243,2,95, ,0.1278735632183908,0.26417525773195877,,,1467,616
93,93,2,1,14,0,0,0,225,631,599,119,-1,,0.07932546884452511,0.296606529209622,,,824,750
94,94,3,1,14,1,0,0,225,631,599,119,-1,,0.07932546884452511,0.296606529209622,,,824,750
95,95,4,1,14,1,1,0,225,631,388,27,-1,,0.0633696309739867,0.2768470790378007,,,613,658
96,96,5,1,14,1,1,1,225,631,45,27,96,(84),0.037431941923774956,0.2768470790378007,,,270,658
97,97,5,1,14,1,1,2,286,633,118,23,96,Designated,0.052177858439201454,0.2768470790378007,,,404,656
98,98,5,1,14,1,1,3,413,633,119,23,96,Contracting,0.07146098003629764,0.2768470790378007,,,532,656
99,99,5,1,14,1,1,4,542,633,71,19,96,States:,0.08734119782214156,0.2759879725085911,,,613,652
100,100,4,1,14,1,2,0,285,666,537,18,-1,,0.08371143375680581,0.28994845360824745,,,822,684
101,101,5,1,14,1,2,1,285,666,31,18,94,AL,0.04544767090139141,0.28994845360824745,,,316,684
102,102,5,1,14,1,2,2,323,666,31,18,94,AT,0.05119479733817302,0.28994845360824745,,,354,684
103,103,5,1,14,1,2,3,363,666,30,18,96,BE,0.05716878402903811,0.28994845360824745,,,393,684
104,104,5,1,14,1,2,4,403,666,32,18,96,BG,0.0633696309739867,0.28994845360824745,,,435,684
105,105,5,1,14,1,2,5,445,666,31,18,96,CH,0.06964609800362977,0.28994845360824745,,,476,684
106,106,5,1,14,1,2,6,486,666,32,18,95,CY,0.07592256503327284,0.28994845360824745,,,518,684
107,107,5,1,14,1,2,7,526,666,30,18,93,CZ,0.08182093163944344,0.28994845360824745,,,556,684
108,108,5,1,14,1,2,8,565,666,30,18,93,DE,0.08771929824561403,0.28994845360824745,,,595,684
109,109,5,1,14,1,2,9,605,666,32,18,95,DK,0.09392014519056262,0.28994845360824745,,,637,684
110,110,5,1,14,1,2,10,646,666,29,18,95,EE,0.0998941318814277,0.28994845360824745,,,675,684
111,111,5,1,14,1,2,11,684,666,29,18,93,ES,0.10564125831820932,0.28994845360824745,,,713,684
112,112,5,1,14,1,2,12,723,666,57,18,90,FIFR,0.11365698729582577,0.28994845360824745,,,780,684
113,113,5,1,14,1,2,13,788,666,34,18,95,GB,0.12174833635813673,0.28994845360824745,,,822,684
114,114,4,1,14,1,3,0,285,699,539,18,-1,,0.0838626739261948,0.30412371134020616,,,824,717
115,115,5,1,14,1,3,1,285,699,297,18,83,GRHRHUIEISITLILTLU,0.06556261343012704,0.30412371134020616,,,582,717
116,116,5,1,14,1,3,2,591,699,28,18,85,LV,0.09150030248033877,0.30412371134020616,,,619,717
117,117,5,1,14,1,3,3,627,699,35,18,85,MC,0.09747428917120388,0.30412371134020616,,,662,717
118,118,5,1,14,1,3,4,670,699,35,18,94,MK,0.10397761645493044,0.30412371134020616,,,705,717
119,119,5,1,14,1,3,5,713,699,32,18,91,MT,0.11025408348457351,0.30412371134020616,,,745,717
120,120,5,1,14,1,3,6,753,699,29,18,49,NL,0.11607683000604961,0.30412371134020616,,,782,717
121,121,5,1,14,1,3,7,791,699,33,18,49,NO,0.1221264367816092,0.30412371134020616,,,824,717
122,122,4,1,14,1,4,0,286,732,336,18,-1,,0.06866303690260134,0.31829896907216493,,,622,750
123,123,5,1,14,1,4,1,286,732,28,18,93,PL,0.045372050816696916,0.31829896907216493,,,314,750
124,124,5,1,14,1,4,2,323,732,29,18,92,PT,0.05104355716878403,0.31829896907216493,,,352,750
125,125,5,1,14,1,4,3,360,732,58,18,92,RORS,0.058832425892317,0.31829896907216493,,,418,750
126,126,5,1,14,1,4,4,420,732,52,18,92,SE,0.06745311554748941,0.31829896907216493,,,472,750
127,127,5,1,14,1,4,5,480,732,20,18,95,SI,0.07410768300060495,0.31829896907216493,,,500,750
128,128,5,1,14,1,4,6,510,732,31,18,93,SK,0.0794767090139141,0.31829896907216493,,,541,750
129,129,5,1,14,1,4,7,550,732,72,18,90,SMTR,0.08862673926194797,0.31829896907216493,,,622,750
130,130,2,1,15,0,0,0,225,795,513,53,-1,,0.07282214156079855,0.35287800687285226,,,738,848
131,131,3,1,15,1,0,0,225,795,513,53,-1,,0.07282214156079855,0.35287800687285226,,,738,848
132,132,4,1,15,1,1,0,225,795,513,27,-1,,0.07282214156079855,0.3472938144329897,,,738,822
133,133,5,1,15,1,1,1,225,795,45,27,96,(30),0.037431941923774956,0.3472938144329897,,,270,822
134,134,5,1,15,1,1,2,286,797,77,23,93,Priority:,0.04907743496672716,0.3472938144329897,,,363,820
135,135,5,1,15,1,1,3,383,797,118,19,93,23.01.2012,0.06684815486993345,0.34643470790378006,,,501,816
136,136,5,1,15,1,1,4,520,797,30,19,96,US,0.0809134906231095,0.34643470790378006,,,550,816
137,137,5,1,15,1,1,5,559,797,158,19,92,201261589774,0.09649122807017543,0.34643470790378006,,,717,816
138,138,5,1,15,1,1,6,725,797,13,19,92,P,0.11063218390804598,0.34643470790378006,,,738,816
139,139,4,1,15,1,2,0,385,830,331,18,-1,,0.08325771324863884,0.3603951890034364,,,716,848
140,140,5,1,15,1,2,1,385,830,116,18,96,13.09.2012,0.06699939503932244,0.3603951890034364,,,501,848
141,141,5,1,15,1,2,2,520,830,30,18,96,US,0.0809134906231095,0.3603951890034364,,,550,848
142,142,5,1,15,1,2,3,559,830,157,18,96,201213613902,0.09641560798548095,0.3603951890034364,,,716,848
143,143,2,1,16,0,0,0,225,893,596,87,-1,,0.07909860859044163,0.4022766323024055,,,821,980
144,144,3,1,16,1,0,0,225,893,596,87,-1,,0.07909860859044163,0.4022766323024055,,,821,980
145,145,4,1,16,1,1,0,225,893,596,27,-1,,0.07909860859044163,0.3893900343642612,,,821,920
146,146,5,1,16,1,1,1,225,893,45,27,96,(62),0.037431941923774956,0.3893900343642612,,,270,920
147,147,5,1,16,1,1,2,286,895,107,19,96,Document,0.05134603750756201,0.38853092783505155,,,393,914
148,148,5,1,16,1,1,3,402,895,105,23,95,number(s),0.06873865698729582,0.3893900343642612,,,507,918
149,149,5,1,16,1,1,4,516,895,20,19,96,of,0.07955232909860858,0.38853092783505155,,,536,914
150,150,5,1,16,1,1,5,542,895,32,19,96,the,0.08439201451905626,0.38853092783505155,,,574,914
151,151,5,1,16,1,1,6,582,895,66,19,96,earlier,0.09301270417422867,0.38853092783505155,,,648,914
152,152,5,1,16,1,1,7,655,895,140,23,95,application(s),0.10964912280701754,0.3893900343642612,,,795,918
153,153,5,1,16,1,1,8,805,895,16,19,96,in,0.12295825771324864,0.38853092783505155,,,821,914
154,154,4,1,16,1,2,0,286,929,308,18,-1,,0.06654567453115548,0.4029209621993127,,,594,947
155,155,5,1,16,1,2,1,286,929,121,18,96,accordance,0.05240471869328494,0.4029209621993127,,,407,947
156,156,5,1,16,1,2,2,415,929,40,18,96,with,0.06578947368421052,0.4029209621993127,,,455,947
157,157,5,1,16,1,2,3,464,929,35,18,95,Art.,0.07282214156079855,0.4029209621993127,,,499,947
158,158,5,1,16,1,2,4,508,929,25,18,95,76,0.07872050816696914,0.4029209621993127,,,533,947
159,159,5,1,16,1,2,5,542,929,52,18,96,EPC:,0.08590441621294616,0.4029209621993127,,,594,947
160,160,4,1,16,1,3,0,286,961,250,19,-1,,0.06215970961887477,0.4168814432989691,,,536,980
161,161,5,1,16,1,3,1,286,961,124,19,91,13741599.8,0.05263157894736842,0.4168814432989691,,,410,980
162,162,5,1,16,1,3,2,417,961,7,19,91,/,0.06359649122807018,0.4168814432989691,,,424,980
163,163,5,1,16,1,3,3,432,961,11,19,94,2,0.066167574107683,0.4168814432989691,,,443,980
164,164,5,1,16,1,3,4,452,961,37,19,94,807,0.07115849969751967,0.4168814432989691,,,489,980
165,165,5,1,16,1,3,5,498,961,38,19,95,840,0.07819116757410768,0.4168814432989691,,,536,980
166,166,2,1,17,0,0,0,225,1025,381,57,-1,,0.06284029038112522,0.4525343642611684,,,606,1082
167,167,3,1,17,1,0,0,225,1025,381,57,-1,,0.06284029038112522,0.4525343642611684,,,606,1082
168,168,4,1,17,1,1,0,225,1025,381,26,-1,,0.06284029038112522,0.44587628865979384,,,606,1051
169,169,5,1,17,1,1,1,225,1025,45,26,96,(71),0.037431941923774956,0.44587628865979384,,,270,1051
170,170,5,1,17,1,1,2,285,1027,103,23,96,Applicant:,0.05089231699939504,0.44609106529209624,,,388,1050
171,171,5,1,17,1,1,3,397,1027,67,18,96,INTEL,0.06510889292196008,0.44501718213058417,applicant_line_1,INTEL,464,1045
172,172,5,1,17,1,1,4,473,1027,133,23,96,Corporation,0.08159407138535996,0.44609106529209624,applicant_line_1,Corporation,606,1050
173,173,4,1,17,1,2,0,286,1059,305,23,-1,,0.066318814277072,0.45983676975945015,,,591,1082
174,174,5,1,17,1,2,1,286,1059,63,19,96,Santa,0.04801875378100424,0.45897766323024053,,,349,1078
175,175,5,1,17,1,2,2,357,1059,64,22,96,"Clara,",0.058832425892317,0.45962199312714774,,,421,1081
176,176,5,1,17,1,2,3,430,1059,33,19,95,CA,0.06752873563218391,0.45897766323024053,,,463,1078
177,177,5,1,17,1,2,4,471,1059,65,19,95,95054,0.07614942528735633,0.45897766323024053,,,536,1078
178,178,5,1,17,1,2,5,544,1059,47,23,96,(US),0.08582879612825166,0.45983676975945015,,,591,1082
179,179,2,1,18,0,0,0,845,614,2,500,-1,,0.1279491833030853,0.3711340206185567,,,847,1114
180,180,3,1,18,1,0,0,845,614,2,500,-1,,0.1279491833030853,0.3711340206185567,,,847,1114
181,181,4,1,18,1,1,0,845,614,2,500,-1,,0.1279491833030853,0.3711340206185567,,,847,1114
182,182,5,1,18,1,1,1,845,614,2,500,95, ,0.1279491833030853,0.3711340206185567,,,847,1114
183,183,2,1,19,0,0,0,862,631,482,58,-1,,0.16681790683605566,0.28350515463917525,,,1344,689
184,184,3,1,19,1,0,0,862,631,482,58,-1,,0.16681790683605566,0.28350515463917525,,,1344,689
185,185,4,1,19,1,1,0,862,631,330,27,-1,,0.15532365396249243,0.2768470790378007,,,1192,658
186,186,5,1,19,1,1,1,862,631,44,27,95,(72),0.1336963097398669,0.2768470790378007,,,906,658
187,187,5,1,19,1,1,2,923,633,89,19,93,Inventor:,0.14632486388384755,0.2759879725085911,,,1012,652
188,188,5,1,19,1,1,3,1021,633,94,22,91,"OYMAN,",0.16152450090744103,0.2766323024054983,inventor_line_1,"OYMAN,",1115,655
189,189,5,1,19,1,1,4,1123,633,69,23,92,Ozgur,0.1750604960677556,0.2768470790378007,inventor_line_1,Ozgur,1192,656
190,190,4,1,19,1,2,0,922,666,422,23,-1,,0.17135511191772534,0.29102233676975947,,,1344,689
191,191,5,1,19,1,2,1,922,666,63,18,95,Santa,0.1442075015124017,0.28994845360824745,,,985,684
192,192,5,1,19,1,2,2,994,666,64,22,96,"Clara,",0.15517241379310345,0.29080756013745707,,,1058,688
193,193,5,1,19,1,2,3,1066,666,34,18,96,CA,0.16379310344827586,0.28994845360824745,,,1100,684
194,194,5,1,19,1,2,4,1108,666,108,18,96,California,0.17574107683000606,0.28994845360824745,,,1216,684
195,195,5,1,19,1,2,5,1224,666,65,18,96,95054,0.19003327283726557,0.28994845360824745,,,1289,684
196,196,5,1,19,1,2,6,1298,666,46,23,96,(US),0.1997882637628554,0.29102233676975947,,,1344,689
197,197,2,1,20,0,0,0,862,730,420,156,-1,,0.16212946158499697,0.3470790378006873,,,1282,886
198,198,3,1,20,1,0,0,862,730,420,156,-1,,0.16212946158499697,0.3470790378006873,,,1282,886
199,199,4,1,20,1,1,0,862,730,420,26,-1,,0.16212946158499697,0.31915807560137455,,,1282,756
200,200,5,1,20,1,1,1,862,730,44,26,96,(74),0.1336963097398669,0.31915807560137455,,,906,756
201,201,5,1,20,1,1,2,923,732,163,23,93,Representative:,0.15192075015124018,0.31937285223367695,,,1086,755
202,202,5,1,20,1,1,3,1095,732,90,22,93,"Goddar,",0.1724137931034483,0.31915807560137455,representative_line_1_eu,"Goddar,",1185,754
203,203,5,1,20,1,1,4,1195,732,61,18,96,Heinz,0.1853448275862069,0.31829896907216493,representative_line_1_eu,Heinz,1256,750
204,204,5,1,20,1,1,5,1264,732,18,18,95,J.,0.1925287356321839,0.31829896907216493,representative_line_1_eu,J.,1282,750
205,205,4,1,20,1,2,0,923,765,252,18,-1,,0.15865093768905023,0.3324742268041237,,,1175,783
206,206,5,1,20,1,2,1,923,765,109,18,92,Boehmert,0.14783726557773744,0.3324742268041237,,,1032,783
207,207,5,1,20,1,2,2,1040,765,16,18,92,&,0.15849969751966123,0.3324742268041237,,,1056,783
208,208,5,1,20,1,2,3,1065,765,110,18,91,Boehmert,0.1693889897156685,0.3324742268041237,,,1175,783
209,209,4,1,20,1,3,0,921,797,303,23,-1,,0.16220508166969147,0.3472938144329897,,,1224,820
210,210,5,1,20,1,3,1,921,797,244,23,90,Anwaltspartnerschaft,0.15774349667271628,0.3472938144329897,,,1165,820
211,211,5,1,20,1,3,2,1173,797,51,19,90,mbB,0.18126134301270416,0.34643470790378006,,,1224,816
212,212,4,1,20,1,4,0,923,830,245,18,-1,,0.15812159709618875,0.3603951890034364,,,1168,848
213,213,5,1,20,1,4,1,923,830,212,18,92,Pettenkoferstrasse,0.15562613430127042,0.3603951890034364,,,1135,848
214,214,5,1,20,1,4,2,1143,830,25,18,97,22,0.17475801572897762,0.3603951890034364,,,1168,848
215,215,4,1,20,1,5,0,922,863,231,23,-1,,0.15691167574107684,0.3756443298969072,,,1153,886
216,216,5,1,20,1,5,1,922,863,64,18,93,80336,0.1442831215970962,0.3745704467353952,,,986,881
217,217,5,1,20,1,5,2,996,863,101,18,42,Miinchen,0.15827283726557773,0.3745704467353952,,,1097,881
218,218,5,1,20,1,5,3,1107,863,46,23,96,(DE),0.17090139140955837,0.3756443298969072,,,1153,886
219,219,2,1,21,0,0,0,862,929,99,18,-1,,0.13785541439806412,0.4029209621993127,,,961,947
220,220,3,1,21,1,0,0,862,929,99,18,-1,,0.13785541439806412,0.4029209621993127,,,961,947
221,221,4,1,21,1,1,0,862,929,99,18,-1,,0.13785541439806412,0.4029209621993127,,,961,947
222,222,5,1,21,1,1,1,862,929,99,18,96,Remarks:,0.13785541439806412,0.4029209621993127,,,961,947
223,223,2,1,22,0,0,0,922,961,522,84,-1,,0.17891712038717483,0.43084192439862545,,,1444,1045
224,224,3,1,22,1,0,0,922,961,522,84,-1,,0.17891712038717483,0.43084192439862545,,,1444,1045
225,225,4,1,22,1,1,0,922,961,477,23,-1,,0.17551421657592256,0.4177405498281787,,,1399,984
226,226,5,1,22,1,1,1,922,961,43,19,96,This,0.1426950998185118,0.4168814432989691,,,965,980
227,227,5,1,22,1,1,2,974,961,111,23,96,application,0.15570175438596492,0.4177405498281787,,,1085,984
228,228,5,1,22,1,1,3,1093,966,42,14,96,was,0.16848154869933454,0.4179553264604811,,,1135,980
229,229,5,1,22,1,1,4,1142,961,43,19,96,filed,0.17596793708408953,0.4168814432989691,,,1185,980
230,230,5,1,22,1,1,5,1193,966,25,14,96,on,0.1823200241984271,0.4179553264604811,,,1218,980
231,231,5,1,22,1,1,6,1226,961,121,19,96,28-06-2018,0.19457047791893528,0.4168814432989691,,,1347,980
232,232,5,1,22,1,1,7,1356,966,23,14,96,as,0.20682093163944343,0.4179553264604811,,,1379,980
233,233,5,1,22,1,1,8,1388,966,11,14,96,a,0.21075317604355717,0.4179553264604811,,,1399,980
234,234,4,1,22,1,2,0,922,994,522,23,-1,,0.17891712038717483,0.4319158075601375,,,1444,1017
235,235,5,1,22,1,2,1,922,994,96,18,96,divisional,0.14670296430732002,0.43084192439862545,,,1018,1012
236,236,5,1,22,1,2,2,1026,994,112,23,96,application,0.16364186327888688,0.4319158075601375,,,1138,1017
237,237,5,1,22,1,2,3,1147,995,19,17,96,to,0.17490925589836662,0.43105670103092786,,,1166,1012
238,238,5,1,22,1,2,4,1174,994,31,18,96,the,0.17990018148820328,0.43084192439862545,,,1205,1012
239,239,5,1,22,1,2,5,1214,994,112,23,96,application,0.19207501512401695,0.4319158075601375,,,1326,1017
240,240,5,1,22,1,2,6,1336,994,108,18,96,mentioned,0.2102238354506957,0.43084192439862545,,,1444,1012
241,241,4,1,22,1,3,0,923,1027,209,18,-1,,0.15539927404718692,0.44501718213058417,,,1132,1045
242,242,5,1,22,1,3,1,923,1027,50,18,92,under,0.14337568058076225,0.44501718213058417,,,973,1045
243,243,5,1,22,1,3,2,975,1027,61,18,85,INID,0.15207199032062915,0.44501718213058417,,,1036,1045
244,244,5,1,22,1,3,3,1044,1027,50,18,96,code,0.16167574107683,0.44501718213058417,,,1094,1045
245,245,5,1,22,1,3,4,1103,1027,29,18,96,62.,0.16901088929219601,0.44501718213058417,,,1132,1045
246,246,2,1,23,0,0,0,224,1112,1243,2,-1,,0.1278735632183908,0.47809278350515466,,,1467,1114
247,247,3,1,23,1,0,0,224,1112,1243,2,-1,,0.1278735632183908,0.47809278350515466,,,1467,1114
248,248,4,1,23,1,1,0,224,1112,1243,2,-1,,0.1278735632183908,0.47809278350515466,,,1467,1114
249,249,5,1,23,1,1,1,224,1112,1243,2,95, ,0.1278735632183908,0.47809278350515466,,,1467,1114
250,250,2,1,24,0,0,0,225,1131,45,27,-1,,0.037431941923774956,0.49162371134020616,,,270,1158
251,251,3,1,24,1,0,0,225,1131,45,27,-1,,0.037431941923774956,0.49162371134020616,,,270,1158
252,252,4,1,24,1,1,0,225,1131,45,27,-1,,0.037431941923774956,0.49162371134020616,,,270,1158
253,253,5,1,24,1,1,1,225,1131,45,27,96,(54),0.037431941923774956,0.49162371134020616,,,270,1158
254,254,2,1,25,0,0,0,225,1206,583,648,-1,,0.07811554748941318,0.6572164948453608,,,808,1854
255,255,3,1,25,1,0,0,225,1206,583,648,-1,,0.07811554748941318,0.6572164948453608,,,808,1854
256,256,4,1,25,1,1,0,225,1206,582,27,-1,,0.0780399274047187,0.523840206185567,,,807,1233
257,257,5,1,25,1,1,1,225,1206,45,27,91,(57),0.037431941923774956,0.523840206185567,,,270,1233
258,258,5,1,25,1,1,2,316,1208,100,19,51,Disclosed,0.05535390199637023,0.5229810996563574,,,416,1227
259,259,5,1,25,1,1,3,425,1208,15,19,96,in,0.06541137326073805,0.5229810996563574,,,440,1227
260,260,5,1,25,1,1,4,448,1213,56,14,96,some,0.07199032062915911,0.5240549828178694,,,504,1227
261,261,5,1,25,1,1,5,510,1208,89,23,96,examples,0.0838626739261948,0.523840206185567,,,599,1231
262,262,5,1,25,1,1,6,601,1208,32,19,96,is,0.09331518451300666,0.5229810996563574,,,633,1227
263,263,5,1,25,1,1,7,640,1213,11,14,96,a,0.09762552934059286,0.5240549828178694,,,651,1227
264,264,5,1,25,1,1,8,659,1208,76,19,96,method,0.10541439806412584,0.5229810996563574,,,735,1227
265,265,5,1,25,1,1,9,742,1208,21,19,93,of,0.11380822746521477,0.5229810996563574,,,763,1227
266,266,5,1,25,1,1,10,769,1213,38,14,93,me-,0.1191772534785239,0.5240549828178694,,,807,1227
267,267,4,1,25,1,2,0,225,1241,581,23,-1,,0.0779643073200242,0.5380154639175257,,,806,1264
268,268,5,1,25,1,2,1,225,1241,30,18,96,dia,0.036297640653357534,0.5369415807560137,,,255,1259
269,269,5,1,25,1,2,2,264,1241,59,23,96,repair,0.04438898971566848,0.5380154639175257,,,323,1264
270,270,5,1,25,1,2,3,331,1241,16,18,96,in,0.05127041742286751,0.5369415807560137,,,347,1259
271,271,5,1,25,1,2,4,355,1246,24,13,96,an,0.055505142165759226,0.5380154639175257,,,379,1259
272,272,5,1,25,1,2,5,389,1241,79,18,96,Internet,0.0648064125831821,0.5369415807560137,,,468,1259
273,273,5,1,25,1,2,6,476,1241,84,18,96,Protocol,0.07834240774349667,0.5369415807560137,,,560,1259
274,274,5,1,25,1,2,7,570,1241,113,18,95,Multimedia,0.09475196612220206,0.5369415807560137,,,683,1259
275,275,5,1,25,1,2,8,691,1241,115,23,95,Subsystem,0.1132032667876588,0.5380154639175257,,,806,1264
276,276,4,1,25,1,3,0,225,1274,582,23,-1,,0.0780399274047187,0.5521907216494846,,,807,1297
277,277,5,1,25,1,3,1,225,1274,56,23,96,(IMS),0.0382637628554144,0.5521907216494846,,,281,1297
278,278,5,1,25,1,3,2,290,1274,61,18,96,based,0.0484724742891712,0.5511168384879725,,,351,1292
279,279,5,1,25,1,3,3,360,1274,87,21,96,"network,",0.06102540834845735,0.5517611683848798,,,447,1295
280,280,5,1,25,1,3,4,455,1274,31,18,96,the,0.07115849969751967,0.5511168384879725,,,486,1292
281,281,5,1,25,1,3,5,495,1274,76,18,96,method,0.08061101028433151,0.5511168384879725,,,571,1292
282,282,5,1,25,1,3,6,580,1274,85,18,93,includes,0.0941470054446461,0.5511168384879725,,,665,1292
283,283,5,1,25,1,3,7,672,1274,135,18,91,communicat-,0.1118421052631579,0.5511168384879725,,,807,1292
284,284,4,1,25,1,4,0,226,1306,581,23,-1,,0.07811554748941318,0.5659364261168385,,,807,1329
285,285,5,1,25,1,4,1,226,1306,28,23,96,ing,0.036297640653357534,0.5659364261168385,,,254,1329
286,286,5,1,25,1,4,2,262,1306,41,19,96,with,0.04272534785238959,0.5650773195876289,,,303,1325
287,287,5,1,25,1,4,3,312,1311,24,14,96,an,0.04900181488203267,0.5661512027491409,,,336,1325
288,288,5,1,25,1,4,4,346,1306,39,19,96,IMS,0.05527828191167574,0.5650773195876289,,,385,1325
289,289,5,1,25,1,4,5,394,1306,82,19,96,network,0.06578947368421052,0.5650773195876289,,,476,1325
290,290,5,1,25,1,4,6,483,1311,109,18,96,component,0.08129159104658197,0.5670103092783505,,,592,1329
291,291,5,1,25,1,4,7,594,1306,68,23,96,using,0.09497882637628555,0.5659364261168385,,,662,1329
292,292,5,1,25,1,4,8,670,1311,11,14,96,a,0.10216273442226255,0.5661512027491409,,,681,1325
293,293,5,1,25,1,4,9,690,1306,69,19,93,Session,0.10957350272232305,0.5650773195876289,,,759,1325
294,294,5,1,25,1,4,10,762,1306,45,19,78,In-,0.11864791288566243,0.5650773195876289,,,807,1325
295,295,4,1,25,1,5,0,226,1339,581,23,-1,,0.07811554748941318,0.5801116838487973,,,807,1362
296,296,5,1,25,1,5,1,226,1339,65,18,93,itiation,0.03909558378705384,0.5790378006872853,,,291,1357
297,297,5,1,25,1,5,2,302,1339,84,18,96,Protocol,0.05202661826981246,0.5790378006872853,,,386,1357
298,298,5,1,25,1,5,3,396,1339,52,23,96,(SIP),0.06382335148215366,0.5801116838487973,,,448,1362
299,299,5,1,25,1,5,4,457,1340,18,17,96,to,0.07047791893526921,0.5792525773195877,,,475,1357
300,300,5,1,25,1,5,5,484,1340,56,22,96,setup,0.07743496672716274,0.5803264604810997,,,540,1362
301,301,5,1,25,1,5,6,549,1344,11,13,96,a,0.0838626739261948,0.5801116838487973,,,560,1357
302,302,5,1,25,1,5,7,569,1339,100,18,95,download,0.09361766485178463,0.5790378006872853,,,669,1357
303,303,5,1,25,1,5,8,678,1339,79,18,96,session,0.10851482153660012,0.5790378006872853,,,757,1357
304,304,5,1,25,1,5,9,765,1339,42,18,96,with,0.11887477313974591,0.5790378006872853,,,807,1357
305,305,4,1,25,1,6,0,225,1372,582,23,-1,,0.0780399274047187,0.594286941580756,,,807,1395
306,306,5,1,25,1,6,1,225,1377,11,14,93,a,0.034860859044162126,0.5945017182130584,,,236,1391
307,307,5,1,25,1,6,2,249,1372,209,19,91,Broadcast-Multicast,0.05346339987900786,0.5934278350515464,,,458,1391
308,308,5,1,25,1,6,3,470,1372,78,19,96,Service,0.07698124621899577,0.5934278350515464,,,548,1391
309,309,5,1,25,1,6,4,560,1372,71,19,93,Center,0.09006352087114337,0.5934278350515464,,,631,1391
310,310,5,1,25,1,6,5,643,1372,82,23,90,(BMSC),0.10344827586206896,0.594286941580756,,,725,1395
311,311,5,1,25,1,6,6,738,1377,46,14,96,over,0.11509376890502117,0.5945017182130584,,,784,1391
312,312,5,1,25,1,6,7,796,1377,11,14,96,a,0.12121899576527526,0.5945017182130584,,,807,1391
313,313,4,1,25,1,7,0,226,1405,580,23,-1,,0.0780399274047187,0.6084621993127147,,,806,1428
314,314,5,1,25,1,7,1,226,1405,47,18,96,Multi,0.037734422262552934,0.6073883161512027,,,273,1423
315,315,5,1,25,1,7,2,280,1405,62,18,96,Media,0.0470356926799758,0.6073883161512027,,,342,1423
316,316,5,1,25,1,7,3,348,1405,107,18,96,Broadcast,0.06072292800967937,0.6073883161512027,,,455,1423
317,317,5,1,25,1,7,4,461,1405,92,18,96,Multicast,0.07667876588021778,0.6073883161512027,,,553,1423
318,318,5,1,25,1,7,5,558,1405,78,18,93,Service,0.09029038112522686,0.6073883161512027,,,636,1423
319,319,5,1,25,1,7,6,642,1405,77,23,91,(MBMS),0.1029189352692075,0.6084621993127147,,,719,1428
320,320,5,1,25,1,7,7,721,1405,85,23,96,bearer;,0.11547186932849365,0.6084621993127147,,,806,1428
321,321,4,1,25,1,8,0,225,1438,582,23,-1,,0.0780399274047187,0.6226374570446735,,,807,1461
322,322,5,1,25,1,8,1,225,1438,113,23,95,responsive,0.04257410768300061,0.6226374570446735,,,338,1461
323,323,5,1,25,1,8,2,350,1439,19,17,95,to,0.054370840895341804,0.6217783505154639,,,369,1456
324,324,5,1,25,1,8,3,380,1438,123,23,96,determining,0.06677253478523897,0.6226374570446735,,,503,1461
325,325,5,1,25,1,8,4,515,1438,40,18,96,that,0.0809134906231095,0.6215635738831615,,,555,1456
326,326,5,1,25,1,8,5,565,1442,39,14,96,one,0.08839987900786449,0.6224226804123711,,,604,1456
327,327,5,1,25,1,8,6,616,1442,20,14,95,or,0.09467634603750756,0.6224226804123711,,,636,1456
328,328,5,1,25,1,8,7,648,1442,52,14,96,more,0.10193587416817906,0.6224226804123711,,,700,1456
329,329,5,1,25,1,8,8,711,1438,96,23,96,encoding,0.1147912885662432,0.6226374570446735,,,807,1461
330,330,4,1,25,1,9,0,225,1470,582,23,-1,,0.0780399274047187,0.6363831615120275,,,807,1493
331,331,5,1,25,1,9,1,225,1470,86,23,96,symbols,0.04053236539624924,0.6363831615120275,,,311,1493
332,332,5,1,25,1,9,2,324,1470,20,19,96,of,0.05051421657592257,0.6355240549828178,,,344,1489
333,333,5,1,25,1,9,3,357,1470,62,19,96,media,0.05868118572292801,0.6355240549828178,,,419,1489
334,334,5,1,25,1,9,4,433,1470,127,19,96,downloaded,0.0750907441016334,0.6355240549828178,,,560,1489
335,335,5,1,25,1,9,5,575,1470,54,23,96,using,0.0910465819721718,0.6363831615120275,,,629,1493
336,336,5,1,25,1,9,6,642,1470,33,19,96,the,0.09959165154264973,0.6355240549828178,,,675,1489
337,337,5,1,25,1,9,7,688,1470,119,19,96,established,0.11305202661826981,0.6355240549828178,,,807,1489
338,338,4,1,25,1,10,0,226,1503,582,23,-1,,0.07819116757410768,0.6505584192439863,,,808,1526
339,339,5,1,25,1,10,1,226,1503,52,18,91,MBMS,0.038112522686025406,0.6494845360824743,,,278,1521
340,340,5,1,25,1,10,2,281,1503,79,18,95,bearer,0.0484724742891712,0.6494845360824743,,,360,1521
341,341,5,1,25,1,10,3,362,1508,75,13,95,cannot,0.06042044767090139,0.6505584192439863,,,437,1521
342,342,5,1,25,1,10,4,438,1503,36,18,96,be,0.06896551724137931,0.6494845360824743,,,474,1521
343,343,5,1,25,1,10,5,478,1503,90,18,96,decoded:,0.07909860859044163,0.6494845360824743,,,568,1521
344,344,5,1,25,1,10,6,572,1503,118,23,96,requesting,0.0954325468844525,0.6505584192439863,,,690,1526
345,345,5,1,25,1,10,7,696,1508,11,13,73,a,0.10609497882637628,0.6505584192439863,,,707,1521
346,346,5,1,25,1,10,8,712,1503,30,18,73,file,0.10995160314579552,0.6494845360824743,,,742,1521
347,347,5,1,25,1,10,9,748,1503,60,23,96,repair,0.117664851784634,0.6505584192439863,,,808,1526
348,348,4,1,25,1,11,0,226,1536,581,23,-1,,0.07811554748941318,0.664733676975945,,,807,1559
349,349,5,1,25,1,11,1,226,1536,105,23,96,procedure,0.042120387174833636,0.664733676975945,,,331,1559
350,350,5,1,25,1,11,2,337,1536,46,18,96,from,0.0544464609800363,0.663659793814433,,,383,1554
351,351,5,1,25,1,11,3,390,1536,32,18,96,the,0.06140350877192982,0.663659793814433,,,422,1554
352,352,5,1,25,1,11,4,431,1536,39,18,95,IMS,0.06813369630973987,0.663659793814433,,,470,1554
353,353,5,1,25,1,11,5,478,1536,82,18,96,network,0.07849364791288566,0.663659793814433,,,560,1554
354,354,5,1,25,1,11,6,566,1540,109,19,95,component,0.09384452510586812,0.6655927835051546,,,675,1559
355,355,5,1,25,1,11,7,677,1536,67,23,96,using,0.1074561403508772,0.664733676975945,,,744,1559
356,356,5,1,25,1,11,8,752,1540,11,14,96,a,0.11456442831215971,0.6645189003436426,,,763,1554
357,357,5,1,25,1,11,9,771,1536,36,18,82,SIP,0.11932849364791288,0.663659793814433,,,807,1554
358,358,4,1,25,1,12,0,225,1569,582,23,-1,,0.0780399274047187,0.6789089347079038,,,807,1592
359,359,5,1,25,1,12,1,225,1569,83,18,93,re-invite,0.04030550514216576,0.6778350515463918,,,308,1587
360,360,5,1,25,1,12,2,318,1570,84,22,96,"request,",0.0544464609800363,0.6791237113402062,,,402,1592
361,361,5,1,25,1,12,3,411,1569,33,18,96,the,0.06465517241379311,0.6778350515463918,,,444,1587
362,362,5,1,25,1,12,4,454,1569,36,18,93,SIP,0.07138535995160314,0.6778350515463918,,,490,1587
363,363,5,1,25,1,12,5,500,1569,83,18,93,re-invite,0.08189655172413793,0.6778350515463918,,,583,1587
364,364,5,1,25,1,12,6,593,1570,78,22,97,request,0.0955837870538415,0.6791237113402062,,,671,1592
365,365,5,1,25,1,12,7,681,1569,91,23,96,including,0.10987598306110102,0.6789089347079038,,,772,1592
366,366,5,1,25,1,12,8,782,1574,25,13,96,an,0.12016031457955233,0.6789089347079038,,,807,1587
367,367,4,1,25,1,13,0,225,1602,583,23,-1,,0.07811554748941318,0.6930841924398625,,,808,1625
368,368,5,1,25,1,13,1,225,1602,84,18,95,address,0.04038112522686026,0.6920103092783505,,,309,1620
369,369,5,1,25,1,13,2,313,1602,20,18,94,of,0.04885057471264368,0.6920103092783505,,,333,1620
370,370,5,1,25,1,13,3,337,1606,24,14,93,an,0.05278281911675741,0.6928694158075601,,,361,1620
371,371,5,1,25,1,13,4,369,1602,108,23,91,HyperText,0.06397459165154265,0.6930841924398625,,,477,1625
372,372,5,1,25,1,13,5,481,1602,88,18,96,Transfer,0.0794010889292196,0.6920103092783505,,,569,1620
373,373,5,1,25,1,13,6,575,1602,85,18,77,Protocol,0.09339080459770115,0.6920103092783505,,,660,1620
374,374,5,1,25,1,13,7,666,1602,68,23,77,(HTTP),0.10586811857229281,0.6930841924398625,,,734,1625
375,375,5,1,25,1,13,8,736,1602,72,23,96,repair,0.11675741076830005,0.6930841924398625,,,808,1625
376,376,4,1,25,1,14,0,225,1634,582,23,-1,,0.0780399274047187,0.7068298969072165,,,807,1657
377,377,5,1,25,1,14,1,225,1639,66,14,95,server,0.03901996370235935,0.7070446735395189,,,291,1653
378,378,5,1,25,1,14,2,300,1634,92,19,96,indicated,0.05232909860859044,0.7059707903780069,,,392,1653
379,379,5,1,25,1,14,3,403,1634,23,23,96,by,0.06268905021173624,0.7068298969072165,,,426,1657
380,380,5,1,25,1,14,4,434,1634,32,19,96,the,0.06805807622504537,0.7059707903780069,,,466,1653
381,381,5,1,25,1,14,5,477,1634,39,19,96,IMS,0.0750907441016334,0.7059707903780069,,,516,1653
382,382,5,1,25,1,14,6,526,1634,82,19,96,network,0.08575317604355717,0.7059707903780069,,,608,1653
383,383,5,1,25,1,14,7,617,1639,109,18,96,component,0.10155777374470659,0.7079037800687286,,,726,1657
384,384,5,1,25,1,14,8,728,1634,79,23,96,during,0.11607683000604961,0.7068298969072165,,,807,1657
385,385,4,1,25,1,15,0,225,1667,582,23,-1,,0.0780399274047187,0.7210051546391752,,,807,1690
386,386,5,1,25,1,15,1,225,1667,31,18,93,the,0.03637326073805203,0.7199312714776632,,,256,1685
387,387,5,1,25,1,15,2,267,1667,52,18,92,MBMS,0.04431336963097399,0.7199312714776632,,,319,1685
388,388,5,1,25,1,15,3,322,1667,83,18,96,bearer,0.05497580157289776,0.7199312714776632,,,405,1685
389,389,5,1,25,1,15,4,407,1668,78,22,96,setup;,0.06745311554748941,0.7212199312714777,,,485,1690
390,390,5,1,25,1,15,5,495,1667,114,23,96,responsive,0.08348457350272233,0.7210051546391752,,,609,1690
391,391,5,1,25,1,15,6,618,1668,18,17,96,to,0.09482758620689655,0.7201460481099656,,,636,1685
392,392,5,1,25,1,15,7,646,1667,93,23,95,receiving,0.10473381730187538,0.7210051546391752,,,739,1690
393,393,5,1,25,1,15,8,749,1672,11,13,96,a,0.11411070780399274,0.7210051546391752,,,760,1685
394,394,5,1,25,1,15,9,771,1667,36,18,96,SIP,0.11932849364791288,0.7199312714776632,,,807,1685
395,395,4,1,25,1,16,0,225,1700,582,23,-1,,0.0780399274047187,0.7351804123711341,,,807,1723
396,396,5,1,25,1,16,1,225,1700,184,23,96,acknowledgement,0.04794313369630974,0.7351804123711341,,,409,1723
397,397,5,1,25,1,16,2,410,1700,114,23,96,indicating,0.0706291591046582,0.7351804123711341,,,524,1723
398,398,5,1,25,1,16,3,535,1700,39,18,97,that,0.0838626739261948,0.7341065292096219,,,574,1718
399,399,5,1,25,1,16,4,583,1700,32,18,96,the,0.09059286146400485,0.7341065292096219,,,615,1718
400,400,5,1,25,1,16,5,625,1700,78,23,96,request,0.10042347247428918,0.7351804123711341,,,703,1723
401,401,5,1,25,1,16,6,712,1704,42,14,93,was,0.11085904416212947,0.7349656357388317,,,754,1718
402,402,5,1,25,1,16,7,764,1704,43,14,92,suc-,0.11879915305505143,0.7349656357388317,,,807,1718
403,403,4,1,25,1,17,0,225,1732,582,23,-1,,0.0780399274047187,0.748926116838488,,,807,1755
404,404,5,1,25,1,17,1,225,1732,78,22,95,"cessful,",0.039927404718693285,0.7487113402061856,,,303,1754
405,405,5,1,25,1,17,2,313,1732,109,23,95,requesting,0.05558076225045372,0.748926116838488,,,422,1755
406,406,5,1,25,1,17,3,432,1737,24,14,96,an,0.06715063520871144,0.7491408934707904,,,456,1751
407,407,5,1,25,1,17,4,466,1732,59,19,96,HTTP,0.0749395039322444,0.7480670103092784,,,525,1751
408,408,5,1,25,1,17,5,535,1732,112,19,96,connection,0.08938294010889292,0.7480670103092784,,,647,1751
409,409,5,1,25,1,17,6,656,1732,41,19,96,with,0.10231397459165155,0.7480670103092784,,,697,1751
410,410,5,1,25,1,17,7,706,1732,32,19,96,the,0.10919540229885058,0.7480670103092784,,,738,1751
411,411,5,1,25,1,17,8,748,1732,59,19,96,HTTP,0.1175892316999395,0.7480670103092784,,,807,1751
412,412,4,1,25,1,18,0,225,1766,582,23,-1,,0.0780399274047187,0.7635309278350515,,,807,1789
413,413,5,1,25,1,18,1,225,1770,57,14,95,server,0.03833938294010889,0.7633161512027491,,,282,1784
414,414,5,1,25,1,18,2,284,1766,30,18,93,to,0.04522081064730792,0.7624570446735395,,,314,1784
415,415,5,1,25,1,18,3,320,1766,128,18,93,re-download,0.05807622504537205,0.7624570446735395,,,448,1784
416,416,5,1,25,1,18,4,455,1766,31,18,96,the,0.07115849969751967,0.7624570446735395,,,486,1784
417,417,5,1,25,1,18,5,492,1770,38,14,95,one,0.07728372655777374,0.7633161512027491,,,530,1784
418,418,5,1,25,1,18,6,536,1770,21,14,95,or,0.08265275257108289,0.7633161512027491,,,557,1784
419,419,5,1,25,1,18,7,563,1770,51,14,96,more,0.08900483968542044,0.7633161512027491,,,614,1784
420,420,5,1,25,1,18,8,620,1766,95,23,96,encoding,0.10095281306715063,0.7635309278350515,,,715,1789
421,421,5,1,25,1,18,9,721,1766,86,23,96,symbols,0.11554748941318814,0.7635309278350515,,,807,1789
422,422,4,1,25,1,19,0,225,1799,582,23,-1,,0.0780399274047187,0.7777061855670103,,,807,1822
423,423,5,1,25,1,19,1,225,1799,20,18,96,of,0.035541439806412584,0.7766323024054983,,,245,1817
424,424,5,1,25,1,19,2,253,1799,32,18,96,the,0.040683605565638235,0.7766323024054983,,,285,1817
425,425,5,1,25,1,19,3,296,1799,62,18,96,media,0.04945553539019964,0.7766323024054983,,,358,1817
426,426,5,1,25,1,19,4,368,1799,39,18,96,that,0.05860556563823351,0.7766323024054983,,,407,1817
427,427,5,1,25,1,19,5,417,1799,54,18,96,could,0.06715063520871144,0.7766323024054983,,,471,1817
428,428,5,1,25,1,19,6,483,1799,32,18,96,not,0.07546884452510587,0.7766323024054983,,,515,1817
429,429,5,1,25,1,19,7,524,1799,24,18,96,be,0.08106473079249849,0.7766323024054983,,,548,1817
430,430,5,1,25,1,19,8,558,1799,96,21,95,decoded;,0.09165154264972777,0.7772766323024055,,,654,1820
431,431,5,1,25,1,19,9,665,1799,38,18,96,and,0.10344827586206896,0.7766323024054983,,,703,1817
432,432,5,1,25,1,19,10,714,1799,93,23,96,receiving,0.11501814882032668,0.7777061855670103,,,807,1822
433,433,4,1,25,1,20,0,225,1831,581,23,-1,,0.0779643073200242,0.7914518900343642,,,806,1854
434,434,5,1,25,1,20,1,225,1831,31,19,96,the,0.03637326073805203,0.7905927835051546,,,256,1850
435,435,5,1,25,1,20,2,262,1836,38,14,94,one,0.04249848759830611,0.7916666666666666,,,300,1850
436,436,5,1,25,1,20,3,306,1836,20,14,94,or,0.04779189352692075,0.7916666666666666,,,326,1850
437,437,5,1,25,1,20,4,332,1836,51,14,96,more,0.054068360556563826,0.7916666666666666,,,383,1850
438,438,5,1,25,1,20,5,389,1831,94,23,96,encoding,0.06594071385359952,0.7914518900343642,,,483,1854
439,439,5,1,25,1,20,6,490,1831,86,23,96,symbols,0.08061101028433151,0.7914518900343642,,,576,1854
440,440,5,1,25,1,20,7,580,1831,46,19,96,from,0.0911978221415608,0.7905927835051546,,,626,1850
441,441,5,1,25,1,20,8,632,1831,32,19,96,the,0.09800362976406533,0.7905927835051546,,,664,1850
442,442,5,1,25,1,20,9,670,1831,60,19,96,HTTP,0.10586811857229281,0.7905927835051546,,,730,1850
443,443,5,1,25,1,20,10,736,1836,70,14,95,server.,0.11660617059891107,0.7916666666666666,,,806,1850
444,444,2,1,26,0,0,0,316,1131,1150,21,-1,,0.13475499092558985,0.49033505154639173,,,1466,1152
445,445,3,1,26,1,0,0,316,1131,1150,21,-1,,0.13475499092558985,0.49033505154639173,,,1466,1152
446,446,4,1,26,1,1,0,316,1131,1150,21,-1,,0.13475499092558985,0.49033505154639173,,,1466,1152
447,447,5,1,26,1,1,1,316,1132,22,20,96,IP,0.04945553539019964,0.49054982817869414,title_line_1,IP,338,1152
448,448,5,1,26,1,1,2,346,1132,164,20,95,MULTIMEDIA,0.0647307924984876,0.49054982817869414,title_line_1,MULTIMEDIA,510,1152
449,449,5,1,26,1,1,3,516,1131,162,21,95,SUBSYSTEM,0.09029038112522686,0.49033505154639173,title_line_1,SUBSYSTEM,678,1152
450,450,5,1,26,1,1,4,685,1132,56,20,96,AND,0.10783424077434967,0.49054982817869414,title_line_1,AND,741,1152
451,451,5,1,26,1,1,5,748,1131,93,21,96,METHOD,0.12016031457955233,0.49033505154639173,title_line_1,METHOD,841,1152
452,452,5,1,26,1,1,6,844,1131,77,21,91,FOR,0.13346944948578343,0.49033505154639173,title_line_1,FOR,921,1152
453,453,5,1,26,1,1,7,928,1132,59,20,28,MBMS,0.14481246218995766,0.49054982817869414,title_line_1,MBMS,987,1152
454,454,5,1,26,1,1,8,991,1131,76,21,28,FILE,0.15562613430127042,0.49033505154639173,title_line_1,FILE,1067,1152
455,455,5,1,26,1,1,9,1075,1132,98,20,96,REPAIR,0.16999395039322443,0.49054982817869414,title_line_1,REPAIR,1173,1152
456,456,5,1,26,1,1,10,1180,1131,80,21,96,USING,0.18451300665456746,0.49033505154639173,title_line_1,USING,1260,1152
457,457,5,1,26,1,1,11,1268,1132,66,20,95,HTTP,0.1967634603750756,0.49054982817869414,title_line_1,HTTP,1334,1152
458,458,5,1,26,1,1,12,1341,1131,125,21,86,SERVERS,0.21226557773744706,0.49033505154639173,title_line_1,SERVERS,1466,1152
459,459,2,1,27,0,0,0,911,1516,213,1,-1,,0.15388687235329704,0.6514175257731959,,,1124,1517
460,460,3,1,27,1,0,0,911,1516,213,1,-1,,0.15388687235329704,0.6514175257731959,,,1124,1517
461,461,4,1,27,1,1,0,911,1516,213,1,-1,,0.15388687235329704,0.6514175257731959,,,1124,1517
462,462,5,1,27,1,1,1,911,1516,213,1,95, ,0.15388687235329704,0.6514175257731959,,,1124,1517
463,463,2,1,28,0,0,0,1122,1516,2,25,-1,,0.16984271022383546,0.6565721649484536,,,1124,1541
464,464,3,1,28,1,0,0,1122,1516,2,25,-1,,0.16984271022383546,0.6565721649484536,,,1124,1541
465,465,4,1,28,1,1,0,1122,1516,2,25,-1,,0.16984271022383546,0.6565721649484536,,,1124,1541
466,466,5,1,28,1,1,1,1122,1516,2,25,95, ,0.16984271022383546,0.6565721649484536,,,1124,1541
467,467,2,1,29,0,0,0,910,1539,214,2,-1,,0.15381125226860254,0.6615120274914089,,,1124,1541
468,468,3,1,29,1,0,0,910,1539,214,2,-1,,0.15381125226860254,0.6615120274914089,,,1124,1541
469,469,4,1,29,1,1,0,910,1539,214,2,-1,,0.15381125226860254,0.6615120274914089,,,1124,1541
470,470,5,1,29,1,1,1,910,1539,214,2,95, ,0.15381125226860254,0.6615120274914089,,,1124,1541
471,471,2,1,30,0,0,0,1116,1669,194,2,-1,,0.18345432546884452,0.7173539518900344,,,1310,1671
472,472,3,1,30,1,0,0,1116,1669,194,2,-1,,0.18345432546884452,0.7173539518900344,,,1310,1671
473,473,4,1,30,1,1,0,1116,1669,194,2,-1,,0.18345432546884452,0.7173539518900344,,,1310,1671
474,474,5,1,30,1,1,1,1116,1669,194,2,95, ,0.18345432546884452,0.7173539518900344,,,1310,1671
475,475,2,1,31,0,0,0,1127,1804,194,2,-1,,0.1851179673321234,0.7753436426116839,,,1321,1806
476,476,3,1,31,1,0,0,1127,1804,194,2,-1,,0.1851179673321234,0.7753436426116839,,,1321,1806
477,477,4,1,31,1,1,0,1127,1804,194,2,-1,,0.1851179673321234,0.7753436426116839,,,1321,1806
478,478,5,1,31,1,1,1,1127,1804,194,2,95, ,0.1851179673321234,0.7753436426116839,,,1321,1806
479,479,2,1,32,0,0,0,908,1962,504,2,-1,,0.17543859649122806,0.843213058419244,,,1412,1964
480,480,3,1,32,1,0,0,908,1962,504,2,-1,,0.17543859649122806,0.843213058419244,,,1412,1964
481,481,4,1,32,1,1,0,908,1962,504,2,-1,,0.17543859649122806,0.843213058419244,,,1412,1964
482,482,5,1,32,1,1,1,908,1962,504,2,95, ,0.17543859649122806,0.843213058419244,,,1412,1964
483,483,2,1,33,0,0,0,920,2027,503,3,-1,,0.17717785843920145,0.8713487972508591,,,1423,2030
484,484,3,1,33,1,0,0,920,2027,503,3,-1,,0.17717785843920145,0.8713487972508591,,,1423,2030
485,485,4,1,33,1,1,0,920,2027,503,3,-1,,0.17717785843920145,0.8713487972508591,,,1423,2030
486,486,5,1,33,1,1,1,920,2027,503,3,95, ,0.17717785843920145,0.8713487972508591,,,1423,2030
487,487,2,1,34,0,0,0,908,1296,5,760,-1,,0.13770417422867515,0.7199312714776632,,,913,2056
488,488,3,1,34,1,0,0,908,1296,5,760,-1,,0.13770417422867515,0.7199312714776632,,,913,2056
489,489,4,1,34,1,1,0,908,1296,5,760,-1,,0.13770417422867515,0.7199312714776632,,,913,2056
490,490,5,1,34,1,1,1,908,1296,5,760,95, ,0.13770417422867515,0.7199312714776632,,,913,2056
491,491,2,1,35,0,0,0,1010,1296,7,760,-1,,0.15328191167574107,0.7199312714776632,,,1017,2056
492,492,3,1,35,1,0,0,1010,1296,7,760,-1,,0.15328191167574107,0.7199312714776632,,,1017,2056
493,493,4,1,35,1,1,0,1010,1296,7,760,-1,,0.15328191167574107,0.7199312714776632,,,1017,2056
494,494,5,1,35,1,1,1,1010,1296,7,760,95, ,0.15328191167574107,0.7199312714776632,,,1017,2056
495,495,2,1,36,0,0,0,1114,1296,5,760,-1,,0.16885964912280702,0.7199312714776632,,,1119,2056
496,496,3,1,36,1,0,0,1114,1296,5,760,-1,,0.16885964912280702,0.7199312714776632,,,1119,2056
497,497,4,1,36,1,1,0,1114,1296,5,760,-1,,0.16885964912280702,0.7199312714776632,,,1119,2056
498,498,5,1,36,1,1,1,1114,1296,5,760,95, ,0.16885964912280702,0.7199312714776632,,,1119,2056
499,499,2,1,37,0,0,0,1216,1296,6,760,-1,,0.18436176648517846,0.7199312714776632,,,1222,2056
500,500,3,1,37,1,0,0,1216,1296,6,760,-1,,0.18436176648517846,0.7199312714776632,,,1222,2056
501,501,4,1,37,1,1,0,1216,1296,6,760,-1,,0.18436176648517846,0.7199312714776632,,,1222,2056
502,502,5,1,37,1,1,1,1216,1296,6,760,95, ,0.18436176648517846,0.7199312714776632,,,1222,2056
503,503,2,1,38,0,0,0,1422,1296,6,760,-1,,0.21551724137931033,0.7199312714776632,,,1428,2056
504,504,3,1,38,1,0,0,1422,1296,6,760,-1,,0.21551724137931033,0.7199312714776632,,,1428,2056
505,505,4,1,38,1,1,0,1422,1296,6,760,-1,,0.21551724137931033,0.7199312714776632,,,1428,2056
506,506,5,1,38,1,1,1,1422,1296,6,760,95, ,0.21551724137931033,0.7199312714776632,,,1428,2056
507,507,2,1,39,0,0,0,1319,1297,6,759,-1,,0.1999395039322444,0.7201460481099656,,,1325,2056
508,508,3,1,39,1,0,0,1319,1297,6,759,-1,,0.1999395039322444,0.7201460481099656,,,1325,2056
509,509,4,1,39,1,1,0,1319,1297,6,759,-1,,0.1999395039322444,0.7201460481099656,,,1325,2056
510,510,5,1,39,1,1,1,1319,1297,6,759,95, ,0.1999395039322444,0.7201460481099656,,,1325,2056
511,511,2,1,40,0,0,0,908,2054,515,2,-1,,0.1762704174228675,0.8827319587628866,,,1423,2056
512,512,3,1,40,1,0,0,908,2054,515,2,-1,,0.1762704174228675,0.8827319587628866,,,1423,2056
513,513,4,1,40,1,1,0,908,2054,515,2,-1,,0.1762704174228675,0.8827319587628866,,,1423,2056
514,514,5,1,40,1,1,1,908,2054,515,2,95, ,0.1762704174228675,0.8827319587628866,,,1423,2056
515,515,2,1,41,0,0,0,905,1259,543,849,-1,,0.1779340592861464,0.7231529209621993,,,1448,2108
516,516,3,1,41,1,0,0,905,1259,543,849,-1,,0.1779340592861464,0.7231529209621993,,,1448,2108
517,517,4,1,41,1,1,0,1001,1259,439,14,-1,,0.18458862673926194,0.5438144329896907,,,1440,1273
518,518,5,1,41,1,1,1,1001,1260,29,13,65,MON,0.15358439201451907,0.5440292096219931,,,1030,1273
519,519,5,1,41,1,1,2,1299,1260,48,13,13,HTTPS,0.20009074410163338,0.5440292096219931,,,1347,1273
520,520,5,1,41,1,1,3,1413,1259,27,14,43,He,0.21574410163339383,0.5438144329896907,,,1440,1273
521,521,4,1,41,1,2,0,905,1275,543,14,-1,,0.1779340592861464,0.5506872852233677,,,1448,1289
522,522,5,1,41,1,2,1,905,1276,14,13,93,UE,0.13793103448275862,0.5509020618556701,,,919,1289
523,523,5,1,41,1,2,2,983,1275,65,14,73,SUBSYSTEM,0.15358439201451907,0.5506872852233677,,,1048,1289
524,524,5,1,41,1,2,3,1108,1276,21,13,38,StF,0.169162129461585,0.5509020618556701,,,1129,1289
525,525,5,1,41,1,2,4,1191,1276,58,13,18,BNSCUPF,0.18451300665456746,0.5509020618556701,,,1249,1289
526,526,5,1,41,1,2,5,1297,1276,52,13,45,ADAPTER,0.20009074410163338,0.5509020618556701,,,1349,1289
527,527,5,1,41,1,2,6,1404,1276,44,13,32,¬´SERVER,0.21566848154869933,0.5509020618556701,,,1448,1289
528,528,4,1,41,1,3,0,937,1310,54,14,-1,,0.14579552329098608,0.5657216494845361,,,991,1324
529,529,5,1,41,1,3,1,937,1310,17,14,48,SP,0.14299758015728978,0.5657216494845361,,,954,1324
530,530,5,1,41,1,3,2,957,1310,34,13,40,INVITE,0.147307924984876,0.5655068728522337,,,991,1323
531,531,4,1,41,1,4,0,918,1326,91,14,-1,,0.14571990320629158,0.572594501718213,,,1009,1340
532,532,5,1,41,1,4,1,918,1326,28,14,84,WITH,0.14095583787053842,0.572594501718213,,,946,1340
533,533,5,1,41,1,4,2,948,1327,15,13,88,SDP,0.14450998185117966,0.5728092783505154,,,963,1340
534,534,5,1,41,1,4,3,964,1326,45,14,96,OFFER,0.14919842710223835,0.572594501718213,,,1009,1340
535,535,4,1,41,1,5,0,1040,1350,53,14,-1,,0.16129764065335753,0.5829037800687286,,,1093,1364
536,536,5,1,41,1,5,1,1040,1350,16,14,77,SP,0.15849969751966123,0.5829037800687286,,,1056,1364
537,537,5,1,41,1,5,2,1060,1350,33,14,0,WVITE,0.16281004234724744,0.5829037800687286,,,1093,1364
538,538,4,1,41,1,6,0,922,1355,250,25,-1,,0.15834845735027223,0.5874140893470791,,,1172,1380
539,539,5,1,41,1,6,1,922,1355,24,13,49,ante,0.1412583182093164,0.5848367697594502,,,946,1368
540,540,5,1,41,1,6,2,1021,1367,27,13,20,\WMTH,0.15645795523290987,0.5899914089347079,,,1048,1380
541,541,5,1,41,1,6,3,1051,1367,22,13,74,SOP,0.16061705989110708,0.5899914089347079,,,1073,1380
542,542,5,1,41,1,6,4,1076,1367,37,13,94,OFFER,0.16553236539624924,0.5899914089347079,,,1113,1380
543,543,5,1,41,1,6,5,0,0,1653,2328,78,|,0.125,0.5,,,1653,2328
544,544,5,1,41,1,6,6,1123,1364,49,13,42,‚Äî4020,0.1735480943738657,0.5887027491408935,,,1172,1377
545,545,4,1,41,1,7,0,1038,1419,56,14,-1,,0.16122202056866303,0.6125429553264605,,,1094,1433
546,546,5,1,41,1,7,1,1038,1419,17,14,30,SP,0.15827283726557773,0.6125429553264605,,,1055,1433
547,547,5,1,41,1,7,2,1058,1419,17,14,68,20,0.16129764065335753,0.6125429553264605,,,1075,1433
548,548,5,1,41,1,7,3,1079,1419,15,14,76,0K,0.16432244404113733,0.6125429553264605,,,1094,1433
549,549,4,1,41,1,8,0,935,1436,182,20,-1,,0.15517241379310345,0.6211340206185567,,,1117,1456
550,550,5,1,41,1,8,1,935,1436,182,20,10,sp200K,0.15517241379310345,0.6211340206185567,,,1117,1456
551,551,4,1,41,1,9,0,937,1460,136,19,-1,,0.15199637023593465,0.6312285223367697,,,1073,1479
552,552,5,1,41,1,9,1,937,1460,53,13,48,WTHSDP,0.14571990320629158,0.6299398625429553,,,990,1473
553,553,5,1,41,1,9,2,0,0,1653,2328,49,|,0.125,0.5,,,1653,2328
554,554,5,1,41,1,9,3,1018,1465,55,14,41,agg,0.15812159709618875,0.6323024054982818,,,1073,1479
555,555,4,1,41,1,10,0,931,1521,172,14,-1,,0.15381125226860254,0.6563573883161512,,,1103,1535
556,556,5,1,41,1,10,1,931,1521,33,14,88,FLUTE,0.14330006049606775,0.6563573883161512,,,964,1535
557,557,5,1,41,1,10,2,968,1521,35,14,88,BASED,0.14904718693284935,0.6563573883161512,,,1003,1535
558,558,5,1,41,1,10,3,1006,1521,31,14,62,WBMS,0.15449183303085298,0.6563573883161512,,,1037,1535
559,559,5,1,41,1,10,4,1042,1521,61,14,41,DOWNEOAD,0.16220508166969147,0.6563573883161512,,,1103,1535
560,560,4,1,41,1,11,0,927,1552,72,13,-1,,0.1456442831215971,0.6694587628865979,,,999,1565
561,561,5,1,41,1,11,1,927,1552,17,13,64,SP,0.1414851784633999,0.6694587628865979,,,944,1565
562,562,5,1,41,1,11,2,947,1552,52,13,46,RE-NVTTE,0.147156684815487,0.6694587628865979,,,999,1565
563,563,4,1,41,1,12,0,917,1564,151,18,-1,,0.1501058681185723,0.6756872852233677,,,1068,1582
564,564,5,1,41,1,12,1,917,1568,27,14,50,WITH,0.14072897761645492,0.6765463917525774,,,944,1582
565,565,5,1,41,1,12,2,947,1568,22,14,57,SOP,0.14488808227465214,0.6765463917525774,,,969,1582
566,566,5,1,41,1,12,3,973,1568,35,14,92,OFFER,0.14980338777979432,0.6765463917525774,,,1008,1582
567,567,5,1,41,1,12,4,1014,1570,29,7,36,|-‚Äî,0.15555051421657592,0.6759020618556701,,,1043,1577
568,568,5,1,41,1,12,5,1045,1564,23,14,94,4040,0.15978523895946764,0.6748281786941581,,,1068,1578
569,569,4,1,41,1,13,0,912,1585,259,25,-1,,0.15751663641863278,0.6862113402061856,,,1171,1610
570,570,5,1,41,1,13,1,912,1585,101,9,48,[|,0.1455686630369026,0.6827749140893471,,,1013,1594
571,571,5,1,41,1,13,2,1029,1592,72,14,14,SPREWWME,0.16107078039927405,0.6868556701030928,,,1101,1606
572,572,5,1,41,1,13,3,1118,1603,27,6,29,|,0.17112825166364187,0.6898625429553265,,,1145,1609
573,573,5,1,41,1,13,4,1147,1597,24,13,0,apg,0.1752873563218391,0.6887886597938144,,,1171,1610
574,574,4,1,41,1,14,0,1019,1608,291,22,-1,,0.17611917725347853,0.695446735395189,,,1310,1630
575,575,5,1,41,1,14,1,1019,1608,52,14,16,\WITHSD?,0.15804597701149425,0.6937285223367697,,,1071,1622
576,576,5,1,41,1,14,2,1075,1608,36,14,96,OFFER,0.16530550514216577,0.6937285223367697,,,1111,1622
577,577,5,1,41,1,14,3,1270,1609,40,21,38,4,0.19509981851179672,0.6956615120274914,,,1310,1630
578,578,4,1,41,1,15,0,1014,1625,283,21,-1,,0.17475801572897762,0.7025343642611683,,,1297,1646
579,579,5,1,41,1,15,1,1014,1625,103,9,0,I,0.16114640048396855,0.6999570446735395,,,1117,1634
580,580,5,1,41,1,15,2,1243,1632,54,14,2,SPINE,0.19207501512401695,0.7040378006872853,,,1297,1646
581,581,4,1,41,1,16,0,1225,1648,91,14,-1,,0.19215063520871142,0.7109106529209622,,,1316,1662
582,582,5,1,41,1,16,1,1225,1648,26,14,49,WITH,0.18723532970356926,0.7109106529209622,,,1251,1662
583,583,5,1,41,1,16,2,1255,1648,22,14,79,SOP,0.19147005444646098,0.7109106529209622,,,1277,1662
584,584,5,1,41,1,16,3,1279,1648,37,14,79,OFFER,0.19623411978221417,0.7109106529209622,,,1316,1662
585,585,4,1,41,1,17,0,1309,1664,99,21,-1,,0.20545977011494254,0.719286941580756,,,1408,1685
586,586,5,1,41,1,17,1,1309,1664,99,21,12,patty,0.20545977011494254,0.719286941580756,,,1408,1685
587,587,4,1,41,1,18,0,1343,1689,60,14,-1,,0.20765275257108287,0.7285223367697594,,,1403,1703
588,588,5,1,41,1,18,1,1343,1689,60,14,76,HITPPOST,0.20765275257108287,0.7285223367697594,,,1403,1703
589,589,4,1,41,1,19,0,1322,1706,102,9,-1,,0.20765275257108287,0.7347508591065293,,,1424,1715
590,590,5,1,41,1,19,1,1322,1706,102,9,57,eer,0.20765275257108287,0.7347508591065293,,,1424,1715
591,591,4,1,41,1,20,0,1339,1741,67,14,-1,,0.20757713248638837,0.7508591065292096,,,1406,1755
592,592,5,1,41,1,20,1,1339,1741,28,14,0,HTTP,0.2046279491833031,0.7508591065292096,,,1367,1755
593,593,5,1,41,1,20,2,1369,1742,19,13,0,200,0.20848457350272231,0.751073883161512,,,1388,1755
594,594,5,1,41,1,20,3,1391,1741,15,14,76,0K,0.21150937689050212,0.7508591065292096,,,1406,1755
595,595,4,1,41,1,21,0,1138,1770,276,27,-1,,0.19298245614035087,0.7661082474226805,,,1414,1797
596,596,5,1,41,1,21,1,1138,1783,17,14,52,SP,0.1733968542044767,0.7689003436426117,,,1155,1797
597,597,5,1,41,1,21,2,1158,1783,37,14,52,2000K,0.1779340592861464,0.7689003436426117,,,1195,1797
598,598,5,1,41,1,21,3,1389,1770,25,13,33,‚Äú8,0.2119630973986691,0.7631013745704467,,,1414,1783
599,599,4,1,41,1,22,0,1115,1800,13,10,-1,,0.16961584996975196,0.7753436426116839,,,1128,1810
600,600,5,1,41,1,22,1,1115,1800,13,10,54,le,0.16961584996975196,0.7753436426116839,,,1128,1810
601,601,4,1,41,1,23,0,1184,1811,23,14,-1,,0.18080762250453722,0.7809278350515464,,,1207,1825
602,602,5,1,41,1,23,1,1184,1811,23,14,32,1090,0.18080762250453722,0.7809278350515464,,,1207,1825
603,603,4,1,41,1,24,0,961,1836,131,34,-1,,0.15524803387779795,0.7959621993127147,,,1092,1870
604,604,5,1,41,1,24,1,961,1849,41,21,48,rita,0.1484422262552934,0.7987542955326461,,,1002,1870
605,605,5,1,41,1,24,2,0,0,1653,2328,40,a,0.125,0.5,,,1653,2328
606,606,5,1,41,1,24,3,1036,1836,56,14,14,SOK,0.16091954022988506,0.7916666666666666,,,1092,1850
607,607,4,1,41,1,25,0,933,1864,171,22,-1,,0.15403811252268604,0.8054123711340206,,,1104,1886
608,608,5,1,41,1,25,1,933,1872,17,14,60,sip,0.1423926194797338,0.8071305841924399,,,950,1886
609,609,5,1,41,1,25,2,953,1872,17,14,28,200,0.1454174228675136,0.8071305841924399,,,970,1886
610,610,5,1,41,1,25,3,974,1872,15,14,28,0K,0.1484422262552934,0.8071305841924399,,,989,1886
611,611,5,1,41,1,25,4,1080,1864,24,14,40,400,0.16515426497277677,0.8036941580756014,,,1104,1878
612,612,4,1,41,1,26,0,935,1888,52,14,-1,,0.1453418027828191,0.8140034364261168,,,987,1902
613,613,5,1,41,1,26,1,935,1888,52,14,0,WAHSP,0.1453418027828191,0.8140034364261168,,,987,1902
614,614,4,1,41,1,27,0,1140,1941,52,13,-1,,0.176346037507562,0.8365549828178694,,,1192,1954
615,615,5,1,41,1,27,1,1140,1941,27,13,0,ATP,0.17445553539019965,0.8365549828178694,,,1167,1954
616,616,5,1,41,1,27,2,1170,1941,22,13,13,GET,0.17861464004839686,0.8365549828178694,,,1192,1954
617,617,4,1,41,1,28,0,1411,1959,11,8,-1,,0.21423169993950394,0.843213058419244,,,1422,1967
618,618,5,1,41,1,28,1,1411,1959,11,8,70,>|,0.21423169993950394,0.843213058419244,,,1422,1967
619,619,4,1,41,1,29,0,992,1961,172,24,-1,,0.1630369026013309,0.8475085910652921,,,1164,1985
620,620,5,1,41,1,29,1,992,1961,29,24,0,T,0.15222323049001815,0.8475085910652921,,,1021,1985
621,621,5,1,41,1,29,2,1125,1961,39,21,52,4207,0.17309437386569873,0.8468642611683849,,,1164,1982
622,622,4,1,41,1,30,0,1121,1990,89,14,-1,,0.1762704174228675,0.8578178694158075,,,1210,2004
623,623,5,1,41,1,30,1,1121,1990,27,14,45,HTTP,0.17158197217180884,0.8578178694158075,,,1148,2004
624,624,5,1,41,1,30,2,1151,1990,59,13,55,RESPONSE,0.17853901996370236,0.8576030927835051,,,1210,2003
625,625,4,1,41,1,31,0,1124,2006,83,18,-1,,0.1762704174228675,0.8655498281786942,,,1207,2024
626,626,5,1,41,1,31,1,1124,2007,54,16,20,(CONTENT,0.17407743496672717,0.8655498281786942,,,1178,2023
627,627,5,1,41,1,31,2,1182,2006,25,18,20,FILE},0.18065638233514822,0.8655498281786942,,,1207,2024
628,628,4,1,41,1,32,0,909,2023,12,9,-1,,0.1383847549909256,0.8709192439862543,,,921,2032
629,629,5,1,41,1,32,1,909,2023,12,9,4,P,0.1383847549909256,0.8709192439862543,,,921,2032
630,630,4,1,41,1,33,0,1182,2035,24,13,-1,,0.18058076225045372,0.8769329896907216,,,1206,2048
631,631,5,1,41,1,33,1,1182,2035,24,13,37,+180,0.18058076225045372,0.8769329896907216,,,1206,2048
632,632,4,1,41,1,34,0,1131,2084,67,24,-1,,0.17611917725347853,0.9003436426116839,,,1198,2108
633,633,5,1,41,1,34,1,1131,2084,44,22,91,HG.,0.17437991530550515,0.8999140893470791,,,1175,2106
634,634,5,1,41,1,34,2,1184,2085,14,23,93,4,0.18012704174228675,0.9005584192439863,,,1198,2108
635,635,2,1,42,0,0,0,716,2270,259,16,-1,,0.1278735632183908,0.9785223367697594,,,975,2286
636,636,3,1,42,1,0,0,716,2270,259,16,-1,,0.1278735632183908,0.9785223367697594,,,975,2286
637,637,4,1,42,1,1,0,716,2270,259,16,-1,,0.1278735632183908,0.9785223367697594,,,975,2286
638,638,5,1,42,1,1,1,716,2270,49,12,96,Printed,0.11199334543254688,0.9776632302405498,,,765,2282
639,639,5,1,42,1,1,2,771,2270,15,16,96,by,0.1177404718693285,0.9785223367697594,,,786,2286
640,640,5,1,42,1,1,3,792,2270,45,14,96,"Jouve,",0.12318511796733213,0.9780927835051546,,,837,2284
641,641,5,1,42,1,1,4,843,2270,41,12,96,75001,0.13059588626739263,0.9776632302405498,,,884,2282
642,642,5,1,42,1,1,5,893,2270,46,12,96,PARIS,0.1385359951603146,0.9776632302405498,,,939,2282
643,643,5,1,42,1,1,6,945,2270,30,16,95,(FR),0.14519056261343014,0.9785223367697594,,,975,2286
