,Unnamed: 0,level,page_num,block_num,par_num,line_num,word_num,left,top,width,height,conf,text,x,y,label,target,right,bottom
0,0,1,1,0,0,0,0,0,0,1653,2328,-1,,0.125,0.5,,,1653,2328
1,1,2,1,1,0,0,0,144,1905,31,328,-1,,0.02412280701754386,0.8887457044673539,,,175,2233
2,2,3,1,1,1,0,0,144,1905,31,328,-1,,0.02412280701754386,0.8887457044673539,,,175,2233
3,3,4,1,1,1,1,0,144,1905,31,328,-1,,0.02412280701754386,0.8887457044673539,,,175,2233
4,4,5,1,1,1,1,1,144,2179,30,54,95,EP,0.024047186932849365,0.947594501718213,,,174,2233
5,5,5,1,1,1,1,2,144,2142,31,21,94,3,0.02412280701754386,0.9246134020618557,,,175,2163
6,6,5,1,1,1,1,3,144,2055,31,71,94,366,0.02412280701754386,0.8979810996563574,,,175,2126
7,7,5,1,1,1,1,4,144,1967,30,71,90,124,0.024047186932849365,0.8601804123711341,,,174,2038
8,8,5,1,1,1,1,5,144,1905,30,50,90,A1,0.024047186932849365,0.8290378006872853,,,174,1955
9,9,2,1,2,0,0,0,429,153,88,28,-1,,0.07153660012099214,0.07173539518900343,,,517,181
10,10,3,1,2,1,0,0,429,153,88,28,-1,,0.07153660012099214,0.07173539518900343,,,517,181
11,11,4,1,2,1,1,0,429,153,88,16,-1,,0.07153660012099214,0.06915807560137457,,,517,169
12,12,5,1,2,1,1,1,429,153,88,16,84,Europaisches,0.07153660012099214,0.06915807560137457,,,517,169
13,13,4,1,2,1,2,0,429,170,71,11,-1,,0.07025105868118572,0.07538659793814433,,,500,181
14,14,5,1,2,1,2,1,429,170,71,11,96,Patentamt,0.07025105868118572,0.07538659793814433,,,500,181
15,15,2,1,3,0,0,0,429,196,89,28,-1,,0.07161222020568662,0.09020618556701031,,,518,224
16,16,3,1,3,1,0,0,429,196,89,28,-1,,0.07161222020568662,0.09020618556701031,,,518,224
17,17,4,1,3,1,1,0,429,196,63,15,-1,,0.06964609800362977,0.08741408934707903,,,492,211
18,18,5,1,3,1,1,1,429,196,63,15,95,European,0.06964609800362977,0.08741408934707903,,,492,211
19,19,4,1,3,1,2,0,429,212,89,12,-1,,0.07161222020568662,0.0936426116838488,,,518,224
20,20,5,1,3,1,2,1,429,213,43,11,96,Patent,0.06813369630973987,0.0938573883161512,,,472,224
21,21,5,1,3,1,2,2,478,212,40,12,90,Office,0.07531760435571688,0.0936426116838488,,,518,224
22,22,2,1,4,0,0,0,429,239,109,28,-1,,0.07312462189957653,0.10867697594501718,,,538,267
23,23,3,1,4,1,0,0,429,239,109,28,-1,,0.07312462189957653,0.10867697594501718,,,538,267
24,24,4,1,4,1,1,0,429,239,109,15,-1,,0.07312462189957653,0.10588487972508591,,,538,254
25,25,5,1,4,1,1,1,429,239,40,12,93,Office,0.06790683605565638,0.1052405498281787,,,469,251
26,26,5,1,4,1,1,2,474,239,64,15,93,europ√©en,0.0765275257108288,0.10588487972508591,,,538,254
27,27,4,1,4,1,2,0,429,255,77,12,-1,,0.0707047791893527,0.11211340206185567,,,506,267
28,28,5,1,4,1,2,1,429,255,22,12,95,des,0.06654567453115548,0.11211340206185567,,,451,267
29,29,5,1,4,1,2,2,457,255,49,12,82,brevets,0.07282214156079855,0.11211340206185567,,,506,267
30,30,2,1,5,0,0,0,281,136,274,150,-1,,0.06321839080459771,0.09063573883161512,,,555,286
31,31,3,1,5,1,0,0,281,136,274,150,-1,,0.06321839080459771,0.09063573883161512,,,555,286
32,32,4,1,5,1,1,0,281,136,274,150,-1,,0.06321839080459771,0.09063573883161512,,,555,286
33,33,5,1,5,1,1,1,281,136,274,150,95, ,0.06321839080459771,0.09063573883161512,,,555,286
34,34,2,1,6,0,0,0,225,324,45,26,-1,,0.037431941923774956,0.14475945017182132,,,270,350
35,35,3,1,6,1,0,0,225,324,45,26,-1,,0.037431941923774956,0.14475945017182132,,,270,350
36,36,4,1,6,1,1,0,225,324,45,26,-1,,0.037431941923774956,0.14475945017182132,,,270,350
37,37,5,1,6,1,1,1,225,324,45,26,96,(12),0.037431941923774956,0.14475945017182132,,,270,350
38,38,2,1,7,0,0,0,225,395,415,53,-1,,0.06541137326073805,0.18105670103092783,,,640,448
39,39,3,1,7,1,0,0,225,395,415,53,-1,,0.06541137326073805,0.18105670103092783,,,640,448
40,40,4,1,7,1,1,0,225,395,282,26,-1,,0.05535390199637023,0.17525773195876287,,,507,421
41,41,5,1,7,1,1,1,225,395,45,26,92,(43),0.037431941923774956,0.17525773195876287,,,270,421
42,42,5,1,7,1,1,2,285,397,222,23,90,Verdffentlichungstag:,0.05989110707803993,0.17547250859106528,,,507,420
43,43,4,1,7,1,2,0,286,430,354,18,-1,,0.07002419842710224,0.18857388316151202,,,640,448
44,44,5,1,7,1,2,1,286,430,117,18,90,29.08.2018,0.052102238354506954,0.18857388316151202,publication_date,29.08.2018,403,448
45,45,5,1,7,1,2,2,426,430,121,18,91,Patentblatt,0.0735783424077435,0.18857388316151202,,,547,448
46,46,5,1,7,1,2,3,555,430,85,18,96,2018/35,0.09036600120992136,0.18857388316151202,,,640,448
47,47,2,1,8,0,0,0,225,493,379,26,-1,,0.06268905021173624,0.21735395189003437,,,604,519
48,48,3,1,8,1,0,0,225,493,379,26,-1,,0.06268905021173624,0.21735395189003437,,,604,519
49,49,4,1,8,1,1,0,225,493,379,26,-1,,0.06268905021173624,0.21735395189003437,,,604,519
50,50,5,1,8,1,1,1,225,493,45,26,91,(21),0.037431941923774956,0.21735395189003437,,,270,519
51,51,5,1,8,1,1,2,285,495,186,18,91,Anmeldenummer:,0.05716878402903811,0.21649484536082475,,,471,513
52,52,5,1,8,1,1,3,481,495,123,18,92,18157776.8,0.08204779189352691,0.21649484536082475,application_number,18157776.8,604,513
53,53,2,1,9,0,0,0,225,559,319,26,-1,,0.05815184513006655,0.24570446735395188,,,544,585
54,54,3,1,9,1,0,0,225,559,319,26,-1,,0.05815184513006655,0.24570446735395188,,,544,585
55,55,4,1,9,1,1,0,225,559,319,26,-1,,0.05815184513006655,0.24570446735395188,,,544,585
56,56,5,1,9,1,1,1,225,559,45,26,93,(22),0.037431941923774956,0.24570446735395188,,,270,585
57,57,5,1,9,1,1,2,285,561,131,23,92,Anmeldetag:,0.0530096793708409,0.24591924398625428,,,416,584
58,58,5,1,9,1,1,3,426,561,118,18,96,21.02.2018,0.07335148215366001,0.24484536082474226,filing_date,21.02.2018,544,579
59,59,2,1,10,0,0,0,1002,245,458,38,-1,,0.18617664851784635,0.1134020618556701,,,1460,283
60,60,3,1,10,1,0,0,1002,245,458,38,-1,,0.18617664851784635,0.1134020618556701,,,1460,283
61,61,4,1,10,1,1,0,1002,245,458,38,-1,,0.18617664851784635,0.1134020618556701,,,1460,283
62,62,5,1,10,1,1,1,1002,256,44,27,74,(11),0.15486993345432548,0.11576460481099657,,,1046,283
63,63,5,1,10,1,1,2,1146,245,52,32,96,EP,0.17725347852389595,0.11211340206185567,number,EP,1198,277
64,64,5,1,10,1,1,3,1214,245,20,32,96,3,0.1851179673321234,0.11211340206185567,number,3,1234,277
65,65,5,1,10,1,1,4,1249,245,68,32,95,366,0.1940411373260738,0.11211340206185567,number,366,1317,277
66,66,5,1,10,1,1,5,1333,245,67,32,89,124,0.20666969147005446,0.11211340206185567,number,124,1400,277
67,67,5,1,10,1,1,6,1413,245,47,32,89,A1,0.21725650332728372,0.11211340206185567,number,A1,1460,277
68,68,2,1,11,0,0,0,559,314,573,31,-1,,0.1278735632183908,0.14153780068728522,,,1132,345
69,69,3,1,11,1,0,0,559,314,573,31,-1,,0.1278735632183908,0.14153780068728522,,,1132,345
70,70,4,1,11,1,1,0,559,314,573,31,-1,,0.1278735632183908,0.14153780068728522,,,1132,345
71,71,5,1,11,1,1,1,559,314,230,31,92,EUROPAISCHE,0.10193587416817906,0.14153780068728522,,,789,345
72,72,5,1,11,1,1,2,802,319,330,26,91,PATENTANMELDUNG,0.14624924379915305,0.14261168384879724,,,1132,345
73,73,2,1,12,0,0,0,862,395,514,81,-1,,0.1692377495462795,0.1870704467353952,,,1376,476
74,74,3,1,12,1,0,0,862,395,514,81,-1,,0.1692377495462795,0.1870704467353952,,,1376,476
75,75,4,1,12,1,1,0,862,395,126,26,-1,,0.13989715668481548,0.17525773195876287,,,988,421
76,76,5,1,12,1,1,1,862,395,44,26,93,(51),0.1336963097398669,0.17525773195876287,,,906,421
77,77,5,1,12,1,1,2,923,397,25,18,93,Int,0.1414851784633999,0.17439862542955326,,,948,415
78,78,5,1,12,1,1,3,955,397,33,18,78,Cl:,0.14692982456140352,0.17439862542955326,,,988,415
79,79,4,1,12,1,2,0,921,425,455,21,-1,,0.1736993345432547,0.1870704467353952,,,1376,446
80,80,5,1,12,1,2,1,921,428,62,18,89,A01K,0.14398064125831822,0.1877147766323024,class_international,A01K,983,446
81,81,5,1,12,1,2,2,991,428,58,18,66,63104,0.1542649727767695,0.1877147766323024,class_international,63/04,1049,446
82,82,5,1,12,1,2,3,1054,425,67,16,80,(2006.01),0.16447368421052633,0.18599656357388317,,,1121,441
83,83,5,1,12,1,2,4,1195,428,57,18,83,CO2F,0.1850423472474289,0.1877147766323024,,,1252,446
84,84,5,1,12,1,2,5,1260,428,31,18,78,1/28,0.1929068360556564,0.1877147766323024,,,1291,446
85,85,5,1,12,1,2,6,1292,425,84,21,92,(2006.01),0.20175438596491227,0.1870704467353952,,,1376,446
86,86,4,1,12,1,3,0,923,455,453,21,-1,,0.17385057471264367,0.19995704467353953,,,1376,476
87,87,5,1,12,1,3,1,923,458,58,18,67,CO2F,0.14398064125831822,0.20060137457044674,,,981,476
88,88,5,1,12,1,3,2,989,458,31,18,95,1166,0.15192075015124018,0.20060137457044674,,,1020,476
89,89,5,1,12,1,3,3,1021,455,84,21,61,(2006.01),0.16076830006049606,0.19995704467353953,,,1105,476
90,90,5,1,12,1,3,4,1194,458,58,18,23,CO2F,0.18496672716273443,0.20060137457044674,,,1252,476
91,91,5,1,12,1,3,5,1259,458,32,18,72,91/00,0.1928312159709619,0.20060137457044674,,,1291,476
92,92,5,1,12,1,3,6,1292,455,84,21,79,(2006.01),0.20175438596491227,0.19995704467353953,,,1376,476
93,93,2,1,13,0,0,0,224,612,1243,6,-1,,0.1278735632183908,0.26417525773195877,,,1467,618
94,94,3,1,13,1,0,0,224,612,1243,6,-1,,0.1278735632183908,0.26417525773195877,,,1467,618
95,95,4,1,13,1,1,0,224,612,1243,6,-1,,0.1278735632183908,0.26417525773195877,,,1467,618
96,96,5,1,13,1,1,1,224,612,1243,6,95, ,0.1278735632183908,0.26417525773195877,,,1467,618
97,97,2,1,14,0,0,0,225,631,599,250,-1,,0.07932546884452511,0.3247422680412371,,,824,881
98,98,3,1,14,1,0,0,225,631,599,250,-1,,0.07932546884452511,0.3247422680412371,,,824,881
99,99,4,1,14,1,1,0,225,631,342,27,-1,,0.05989110707803993,0.2768470790378007,,,567,658
100,100,5,1,14,1,1,1,225,631,45,27,93,(84),0.037431941923774956,0.2768470790378007,,,270,658
101,101,5,1,14,1,1,2,286,633,100,19,93,Benannte,0.050816696914700546,0.2759879725085911,,,386,652
102,102,5,1,14,1,1,3,393,633,174,23,92,Vertragsstaaten:,0.07259528130671507,0.2768470790378007,,,567,656
103,103,4,1,14,1,2,0,285,666,537,18,-1,,0.08371143375680581,0.28994845360824745,,,822,684
104,104,5,1,14,1,2,1,285,666,31,18,94,AL,0.04544767090139141,0.28994845360824745,,,316,684
105,105,5,1,14,1,2,2,323,666,31,18,94,AT,0.05119479733817302,0.28994845360824745,,,354,684
106,106,5,1,14,1,2,3,363,666,30,18,95,BE,0.05716878402903811,0.28994845360824745,,,393,684
107,107,5,1,14,1,2,4,403,666,32,18,95,BG,0.0633696309739867,0.28994845360824745,,,435,684
108,108,5,1,14,1,2,5,445,666,31,18,95,CH,0.06964609800362977,0.28994845360824745,,,476,684
109,109,5,1,14,1,2,6,486,666,32,18,96,CY,0.07592256503327284,0.28994845360824745,,,518,684
110,110,5,1,14,1,2,7,526,666,30,18,96,CZ,0.08182093163944344,0.28994845360824745,,,556,684
111,111,5,1,14,1,2,8,565,666,30,18,96,DE,0.08771929824561403,0.28994845360824745,,,595,684
112,112,5,1,14,1,2,9,605,666,32,18,93,DK,0.09392014519056262,0.28994845360824745,,,637,684
113,113,5,1,14,1,2,10,646,666,29,18,93,EE,0.0998941318814277,0.28994845360824745,,,675,684
114,114,5,1,14,1,2,11,684,666,29,18,93,ES,0.10564125831820932,0.28994845360824745,,,713,684
115,115,5,1,14,1,2,12,723,666,99,18,86,FIFRGB,0.11683303085299455,0.28994845360824745,,,822,684
116,116,4,1,14,1,3,0,285,699,539,18,-1,,0.0838626739261948,0.30412371134020616,,,824,717
117,117,5,1,14,1,3,1,285,699,35,18,94,GR,0.04575015124016939,0.30412371134020616,,,320,717
118,118,5,1,14,1,3,2,328,699,32,18,94,HR,0.05202661826981246,0.30412371134020616,,,360,717
119,119,5,1,14,1,3,3,368,699,14,18,41,HU,0.05671506352087114,0.30412371134020616,,,382,717
120,120,5,1,14,1,3,4,385,699,43,18,41,IE,0.06147912885662432,0.30412371134020616,,,428,717
121,121,5,1,14,1,3,5,436,699,20,18,47,IS,0.06745311554748941,0.30412371134020616,,,456,717
122,122,5,1,14,1,3,6,464,699,20,18,47,IT,0.07168784029038112,0.30412371134020616,,,484,717
123,123,5,1,14,1,3,7,492,699,54,18,83,LILT,0.07849364791288566,0.30412371134020616,,,546,717
124,124,5,1,14,1,3,8,554,699,28,18,75,LU,0.08590441621294616,0.30412371134020616,,,582,717
125,125,5,1,14,1,3,9,591,699,28,18,75,LV,0.09150030248033877,0.30412371134020616,,,619,717
126,126,5,1,14,1,3,10,627,699,35,18,95,MC,0.09747428917120388,0.30412371134020616,,,662,717
127,127,5,1,14,1,3,11,670,699,35,18,94,MK,0.10397761645493044,0.30412371134020616,,,705,717
128,128,5,1,14,1,3,12,713,699,32,18,93,MT,0.11025408348457351,0.30412371134020616,,,745,717
129,129,5,1,14,1,3,13,753,699,29,18,20,NL,0.11607683000604961,0.30412371134020616,,,782,717
130,130,5,1,14,1,3,14,791,699,33,18,20,NO,0.1221264367816092,0.30412371134020616,,,824,717
131,131,4,1,14,1,4,0,286,732,336,18,-1,,0.06866303690260134,0.31829896907216493,,,622,750
132,132,5,1,14,1,4,1,286,732,28,18,95,PL,0.045372050816696916,0.31829896907216493,,,314,750
133,133,5,1,14,1,4,2,323,732,29,18,92,PT,0.05104355716878403,0.31829896907216493,,,352,750
134,134,5,1,14,1,4,3,360,732,58,18,92,RORS,0.058832425892317,0.31829896907216493,,,418,750
135,135,5,1,14,1,4,4,420,732,52,18,96,SE,0.06745311554748941,0.31829896907216493,,,472,750
136,136,5,1,14,1,4,5,480,732,20,18,91,SI,0.07410768300060495,0.31829896907216493,,,500,750
137,137,5,1,14,1,4,6,510,732,31,18,91,SK,0.0794767090139141,0.31829896907216493,,,541,750
138,138,5,1,14,1,4,7,550,732,72,18,91,SMTR,0.08862673926194797,0.31829896907216493,,,622,750
139,139,4,1,14,1,5,0,286,765,330,23,-1,,0.06820931639443437,0.3335481099656357,,,616,788
140,140,5,1,14,1,5,1,286,765,100,18,92,Benannte,0.050816696914700546,0.3324742268041237,,,386,783
141,141,5,1,14,1,5,2,395,765,221,23,91,Erstreckungsstaaten:,0.0764519056261343,0.3335481099656357,,,616,788
142,142,4,1,14,1,6,0,286,797,74,19,-1,,0.04885057471264368,0.34643470790378006,,,360,816
143,143,5,1,14,1,6,1,286,797,33,19,96,BA,0.04575015124016939,0.34643470790378006,,,319,816
144,144,5,1,14,1,6,2,327,797,33,19,96,ME,0.05195099818511797,0.34643470790378006,,,360,816
145,145,4,1,14,1,7,0,286,830,322,23,-1,,0.06760435571687841,0.36146907216494845,,,608,853
146,146,5,1,14,1,7,1,286,830,100,18,92,Benannte,0.050816696914700546,0.3603951890034364,,,386,848
147,147,5,1,14,1,7,2,393,830,215,23,92,Validierungsstaaten:,0.07569570477918935,0.36146907216494845,,,608,853
148,148,4,1,14,1,8,0,286,863,116,18,-1,,0.05202661826981246,0.3745704467353952,,,402,881
149,149,5,1,14,1,8,1,286,863,35,18,95,MA,0.04590139140955838,0.3745704467353952,,,321,881
150,150,5,1,14,1,8,2,330,863,34,18,94,MD,0.05248033877797943,0.3745704467353952,,,364,881
151,151,5,1,14,1,8,3,373,863,29,18,92,TN,0.05860556563823351,0.3745704467353952,,,402,881
152,152,2,1,15,0,0,0,225,927,466,26,-1,,0.0692679975801573,0.40378006872852235,,,691,953
153,153,3,1,15,1,0,0,225,927,466,26,-1,,0.0692679975801573,0.40378006872852235,,,691,953
154,154,4,1,15,1,1,0,225,927,466,26,-1,,0.0692679975801573,0.40378006872852235,,,691,953
155,155,5,1,15,1,1,1,225,927,45,26,92,(30),0.037431941923774956,0.40378006872852235,,,270,953
156,156,5,1,15,1,1,2,286,929,86,18,59,Prioritat:,0.04975801572897762,0.4029209621993127,,,372,947
157,157,5,1,15,1,1,3,383,929,118,18,95,22.02.2017,0.06684815486993345,0.4029209621993127,priority_date_eu,22.02.2017,501,947
158,158,5,1,15,1,1,4,520,929,31,18,94,RU,0.080989110707804,0.4029209621993127,,,551,947
159,159,5,1,15,1,1,5,560,929,131,18,96,2017105870,0.09460072595281306,0.4029209621993127,,,691,947
160,160,2,1,16,0,0,0,225,992,302,287,-1,,0.056866303690260134,0.4877577319587629,,,527,1279
161,161,3,1,16,1,0,0,225,992,166,26,-1,,0.04658197217180883,0.43170103092783507,,,391,1018
162,162,4,1,16,1,1,0,225,992,166,26,-1,,0.04658197217180883,0.43170103092783507,,,391,1018
163,163,5,1,16,1,1,1,225,992,45,26,93,(71),0.037431941923774956,0.43170103092783507,,,270,1018
164,164,5,1,16,1,1,2,285,994,106,18,92,Anmelder:,0.051119177253478525,0.43084192439862545,,,391,1012
165,165,3,1,16,2,0,0,262,1027,265,55,-1,,0.05966424682395644,0.4529639175257732,,,527,1082
166,166,4,1,16,2,1,0,262,1027,179,21,-1,,0.05316091954022988,0.44566151202749144,,,441,1048
167,167,5,1,16,2,1,1,262,1032,7,8,84,*,0.04015426497277677,0.44501718213058417,,,269,1040
168,168,5,1,16,2,1,2,286,1027,98,21,92,"Kitashin,",0.05066545674531155,0.44566151202749144,applicant_line_1,"Kitashin,",384,1048
169,169,5,1,16,2,1,3,392,1027,49,18,92,Jurii,0.06299153055051422,0.44501718213058417,applicant_line_1,Jurii,441,1045
170,170,4,1,16,2,2,0,286,1059,241,23,-1,,0.06147912885662432,0.45983676975945015,,,527,1082
171,171,5,1,16,2,2,1,286,1059,77,19,93,140003,0.04907743496672716,0.45897766323024053,,,363,1078
172,172,5,1,16,2,2,2,373,1059,98,23,92,Lubertsy,0.06382335148215366,0.45983676975945015,,,471,1082
173,173,5,1,16,2,2,3,479,1059,48,23,96,(RU),0.07607380520266183,0.45983676975945015,,,527,1082
174,174,3,1,16,3,0,0,262,1092,253,56,-1,,0.058756805807622506,0.48109965635738833,,,515,1148
175,175,4,1,16,3,1,0,262,1092,225,23,-1,,0.05663944343617665,0.4740120274914089,,,487,1115
176,176,5,1,16,3,1,1,262,1097,7,8,13,¬¢,0.04015426497277677,0.4729381443298969,,,269,1105
177,177,5,1,16,3,1,2,286,1092,109,22,91,"Dubrovin,",0.051497277676950996,0.4737972508591065,,,395,1114
178,178,5,1,16,3,1,3,404,1092,83,23,96,Evgeny,0.06737749546279492,0.4740120274914089,,,487,1115
179,179,4,1,16,3,2,0,286,1125,229,23,-1,,0.06057168784029038,0.4881872852233677,,,515,1148
180,180,5,1,16,3,2,1,286,1125,77,19,96,123056,0.04907743496672716,0.48732817869415807,,,363,1144
181,181,5,1,16,3,2,2,373,1125,85,19,96,Moskau,0.06284029038112522,0.48732817869415807,,,458,1144
182,182,5,1,16,3,2,3,468,1125,47,23,96,(RU),0.07433454325468844,0.4881872852233677,,,515,1148
183,183,3,1,16,4,0,0,262,1158,253,56,-1,,0.058756805807622506,0.5094501718213058,,,515,1214
184,184,4,1,16,4,1,0,262,1158,223,23,-1,,0.05648820326678766,0.5023625429553265,,,485,1181
185,185,5,1,16,4,1,1,262,1163,7,8,29,+,0.04015426497277677,0.5012886597938144,,,269,1171
186,186,5,1,16,4,1,2,285,1158,116,22,91,"Yakushev,",0.051875378100423475,0.502147766323024,,,401,1180
187,187,5,1,16,4,1,3,411,1158,74,23,95,Dmitry,0.0677555958862674,0.5023625429553265,,,485,1181
188,188,4,1,16,4,2,0,286,1191,229,23,-1,,0.06057168784029038,0.5165378006872853,,,515,1214
189,189,5,1,16,4,2,1,286,1191,77,18,95,125222,0.04907743496672716,0.5154639175257731,,,363,1209
190,190,5,1,16,4,2,2,373,1191,85,18,96,Moskau,0.06284029038112522,0.5154639175257731,,,458,1209
191,191,5,1,16,4,2,3,468,1191,47,23,96,(RU),0.07433454325468844,0.5165378006872853,,,515,1214
192,192,3,1,16,5,0,0,262,1224,265,55,-1,,0.05966424682395644,0.5375859106529209,,,527,1279
193,193,4,1,16,5,1,0,262,1224,181,23,-1,,0.053312159709618875,0.530713058419244,,,443,1247
194,194,5,1,16,5,1,1,262,1229,7,8,24,*,0.04015426497277677,0.529639175257732,,,269,1237
195,195,5,1,16,5,1,2,286,1224,98,21,92,"Kitashin,",0.05066545674531155,0.5302835051546392,,,384,1245
196,196,5,1,16,5,1,3,393,1224,50,23,96,Oleg,0.06321839080459771,0.530713058419244,,,443,1247
197,197,4,1,16,5,2,0,286,1256,241,23,-1,,0.06147912885662432,0.5444587628865979,,,527,1279
198,198,5,1,16,5,2,1,286,1256,77,19,93,140003,0.04907743496672716,0.5435996563573883,,,363,1275
199,199,5,1,16,5,2,2,373,1256,98,23,91,Lubertsy,0.06382335148215366,0.5444587628865979,,,471,1279
200,200,5,1,16,5,2,3,479,1256,48,23,96,(RU),0.07607380520266183,0.5444587628865979,,,527,1279
201,201,2,1,17,0,0,0,844,614,4,697,-1,,0.1279491833030853,0.41344501718213056,,,848,1311
202,202,3,1,17,1,0,0,844,614,4,697,-1,,0.1279491833030853,0.41344501718213056,,,848,1311
203,203,4,1,17,1,1,0,844,614,4,697,-1,,0.1279491833030853,0.41344501718213056,,,848,1311
204,204,5,1,17,1,1,1,844,614,4,697,95, ,0.1279491833030853,0.41344501718213056,,,848,1311
205,205,2,1,18,0,0,0,898,633,254,56,-1,,0.15502117362371445,0.28393470790378006,,,1152,689
206,206,3,1,18,1,0,0,898,633,254,56,-1,,0.15502117362371445,0.28393470790378006,,,1152,689
207,207,4,1,18,1,1,0,898,633,217,23,-1,,0.15222323049001815,0.2768470790378007,,,1115,656
208,208,5,1,18,1,1,1,898,639,7,7,65,*,0.13634301270417423,0.2759879725085911,,,905,646
209,209,5,1,18,1,1,2,923,633,108,22,92,"Dubrovin,",0.14776164549304296,0.2766323024054983,,,1031,655
210,210,5,1,18,1,1,3,1041,633,74,23,95,Dmitry,0.1630369026013309,0.2768470790378007,,,1115,656
211,211,4,1,18,1,2,0,923,666,229,23,-1,,0.15691167574107684,0.29102233676975947,,,1152,689
212,212,5,1,18,1,2,1,923,666,77,18,96,121614,0.1454174228675136,0.28994845360824745,,,1000,684
213,213,5,1,18,1,2,2,1009,666,85,18,96,Moskau,0.1590290381125227,0.28994845360824745,,,1094,684
214,214,5,1,18,1,2,3,1104,666,48,23,96,(RU),0.1705989110707804,0.29102233676975947,,,1152,689
215,215,2,1,19,0,0,0,862,730,302,352,-1,,0.1532062915910466,0.38917525773195877,,,1164,1082
216,216,3,1,19,1,0,0,862,730,147,26,-1,,0.1414851784633999,0.31915807560137455,,,1009,756
217,217,4,1,19,1,1,0,862,730,147,26,-1,,0.1414851784633999,0.31915807560137455,,,1009,756
218,218,5,1,19,1,1,1,862,730,44,26,85,(72),0.1336963097398669,0.31915807560137455,,,906,756
219,219,5,1,19,1,1,2,923,732,86,18,85,Erfinder:,0.14609800362976408,0.31829896907216493,,,1009,750
220,220,3,1,19,2,0,0,898,765,266,55,-1,,0.1559286146400484,0.3404209621993127,,,1164,820
221,221,4,1,19,2,1,0,898,765,180,21,-1,,0.14942528735632185,0.3331185567010309,,,1078,786
222,222,5,1,19,2,1,1,898,770,7,8,61,¬¢,0.13634301270417423,0.3324742268041237,,,905,778
223,223,5,1,19,2,1,2,923,765,97,21,92,"Kitashin,",0.14692982456140352,0.3331185567010309,inventor_line_1,"Kitashin,",1020,786
224,224,5,1,19,2,1,3,1029,765,49,18,86,Jurii,0.15933151845130067,0.3324742268041237,inventor_line_1,Jurii,1078,783
225,225,4,1,19,2,2,0,923,797,241,23,-1,,0.15781911675741075,0.3472938144329897,,,1164,820
226,226,5,1,19,2,2,1,923,797,77,19,93,140003,0.1454174228675136,0.34643470790378006,,,1000,816
227,227,5,1,19,2,2,2,1009,797,99,23,92,Lubertsy,0.1600877192982456,0.3472938144329897,,,1108,820
228,228,5,1,19,2,2,3,1116,797,48,23,96,(RU),0.1724137931034483,0.3472938144329897,,,1164,820
229,229,3,1,19,3,0,0,898,830,254,56,-1,,0.15502117362371445,0.36855670103092786,,,1152,886
230,230,4,1,19,3,1,0,898,830,226,23,-1,,0.1529038112522686,0.36146907216494845,,,1124,853
231,231,5,1,19,3,1,1,898,835,7,8,49,¬´,0.13634301270417423,0.3603951890034364,,,905,843
232,232,5,1,19,3,1,2,923,830,108,22,92,"Dubrovin,",0.14776164549304296,0.36125429553264604,,,1031,852
233,233,5,1,19,3,1,3,1041,830,83,23,96,Evgeny,0.16371748336358136,0.36146907216494845,,,1124,853
234,234,4,1,19,3,2,0,923,863,229,23,-1,,0.15691167574107684,0.3756443298969072,,,1152,886
235,235,5,1,19,3,2,1,923,863,77,18,96,123056,0.1454174228675136,0.3745704467353952,,,1000,881
236,236,5,1,19,3,2,2,1009,863,85,18,96,Moskau,0.1590290381125227,0.3745704467353952,,,1094,881
237,237,5,1,19,3,2,3,1104,863,48,23,96,(RU),0.1705989110707804,0.3756443298969072,,,1152,886
238,238,3,1,19,4,0,0,898,895,254,57,-1,,0.15502117362371445,0.39669243986254293,,,1152,952
239,239,4,1,19,4,1,0,898,895,223,23,-1,,0.15267695099818512,0.3893900343642612,,,1121,918
240,240,5,1,19,4,1,1,898,901,7,7,76,*,0.13634301270417423,0.38853092783505155,,,905,908
241,241,5,1,19,4,1,2,921,895,116,23,92,"Yakushev,",0.14806412583182094,0.3893900343642612,,,1037,918
242,242,5,1,19,4,1,3,1047,895,74,23,96,Dmitry,0.16394434361766486,0.3893900343642612,,,1121,918
243,243,4,1,19,4,2,0,924,929,228,23,-1,,0.1569872958257713,0.40399484536082475,,,1152,952
244,244,5,1,19,4,2,1,924,929,76,18,96,125222,0.1454930429522081,0.4029209621993127,,,1000,947
245,245,5,1,19,4,2,2,1009,929,85,18,96,Moskau,0.1590290381125227,0.4029209621993127,,,1094,947
246,246,5,1,19,4,2,3,1104,929,48,23,96,(RU),0.1705989110707804,0.40399484536082475,,,1152,952
247,247,3,1,19,5,0,0,898,961,266,56,-1,,0.1559286146400484,0.42482817869415807,,,1164,1017
248,248,4,1,19,5,1,0,898,961,182,23,-1,,0.14957652752571082,0.4177405498281787,,,1080,984
249,249,5,1,19,5,1,1,898,967,7,7,29,*,0.13634301270417423,0.4168814432989691,,,905,974
250,250,5,1,19,5,1,2,923,961,97,22,91,"Kitashin,",0.14692982456140352,0.4175257731958763,,,1020,983
251,251,5,1,19,5,1,3,1029,961,51,23,96,Oleg,0.15948275862068967,0.4177405498281787,,,1080,984
252,252,4,1,19,5,2,0,923,994,241,23,-1,,0.15781911675741075,0.4319158075601375,,,1164,1017
253,253,5,1,19,5,2,1,923,994,77,18,93,140003,0.1454174228675136,0.43084192439862545,,,1000,1012
254,254,5,1,19,5,2,2,1009,994,98,23,92,Lubertsy,0.1600120992135511,0.4319158075601375,,,1107,1017
255,255,5,1,19,5,2,3,1116,994,48,23,96,(RU),0.1724137931034483,0.4319158075601375,,,1164,1017
256,256,3,1,19,6,0,0,898,1027,254,55,-1,,0.15502117362371445,0.4529639175257732,,,1152,1082
257,257,4,1,19,6,1,0,898,1027,217,23,-1,,0.15222323049001815,0.44609106529209624,,,1115,1050
258,258,5,1,19,6,1,1,898,1032,7,8,36,¬¢,0.13634301270417423,0.44501718213058417,,,905,1040
259,259,5,1,19,6,1,2,923,1027,108,21,92,"Dubrovin,",0.14776164549304296,0.44566151202749144,,,1031,1048
260,260,5,1,19,6,1,3,1041,1027,74,23,96,Dmitry,0.1630369026013309,0.44609106529209624,,,1115,1050
261,261,4,1,19,6,2,0,923,1059,229,23,-1,,0.15691167574107684,0.45983676975945015,,,1152,1082
262,262,5,1,19,6,2,1,923,1059,77,19,96,121614,0.1454174228675136,0.45897766323024053,,,1000,1078
263,263,5,1,19,6,2,2,1009,1059,85,19,96,Moskau,0.1590290381125227,0.45897766323024053,,,1094,1078
264,264,5,1,19,6,2,3,1104,1059,48,23,96,(RU),0.1705989110707804,0.45983676975945015,,,1152,1082
265,265,2,1,20,0,0,0,862,1123,350,156,-1,,0.15683605565638234,0.5158934707903781,,,1212,1279
266,266,3,1,20,1,0,0,862,1123,350,156,-1,,0.15683605565638234,0.5158934707903781,,,1212,1279
267,267,4,1,20,1,1,0,862,1123,299,27,-1,,0.1529794313369631,0.4881872852233677,,,1161,1150
268,268,5,1,20,1,1,1,862,1123,44,27,93,(74),0.1336963097398669,0.4881872852233677,,,906,1150
269,269,5,1,20,1,1,2,921,1125,97,19,92,Vertreter:,0.14662734422262552,0.48732817869415807,,,1018,1144
270,270,5,1,20,1,1,3,1028,1125,57,22,93,"Jeck,",0.15978523895946764,0.4879725085910653,representative_line_1_eu,"Jeck,",1085,1147
271,271,5,1,20,1,1,4,1094,1125,67,19,96,Anton,0.1705232909860859,0.48732817869415807,representative_line_1_eu,Anton,1161,1144
272,272,4,1,20,1,2,0,922,1158,144,18,-1,,0.15033272837265577,0.5012886597938144,,,1066,1176
273,273,5,1,20,1,2,1,922,1158,52,18,90,Jeck,0.14337568058076225,0.5012886597938144,,,974,1176
274,274,5,1,20,1,2,2,982,1158,15,18,93,&,0.14965214761040532,0.5012886597938144,,,997,1176
275,275,5,1,20,1,2,3,1006,1158,60,18,96,Fleck,0.15668481548699334,0.5012886597938144,,,1066,1176
276,276,4,1,20,1,3,0,923,1191,158,18,-1,,0.1515426497277677,0.5154639175257731,,,1081,1209
277,277,5,1,20,1,3,1,923,1191,158,18,71,Patentanwalte,0.1515426497277677,0.5154639175257731,,,1081,1209
278,278,4,1,20,1,4,0,923,1224,172,23,-1,,0.15260133091349062,0.530713058419244,,,1095,1247
279,279,5,1,20,1,4,1,923,1224,152,23,91,Klingengasse,0.15108892921960074,0.530713058419244,,,1075,1247
280,280,5,1,20,1,4,2,1084,1224,11,18,97,2,0.1647761645493043,0.529639175257732,,,1095,1242
281,281,4,1,20,1,5,0,922,1256,290,23,-1,,0.16137326073805203,0.5444587628865979,,,1212,1279
282,282,5,1,20,1,5,1,922,1256,64,19,93,71665,0.1442831215970962,0.5435996563573883,,,986,1275
283,283,5,1,20,1,5,2,994,1256,163,23,92,Vaihingen/Enz,0.16265880217785844,0.5444587628865979,,,1157,1279
284,284,5,1,20,1,5,3,1165,1256,47,23,96,(DE),0.17974894131881428,0.5444587628865979,,,1212,1279
285,285,2,1,21,0,0,0,224,1308,1243,5,-1,,0.1278735632183908,0.5629295532646048,,,1467,1313
286,286,3,1,21,1,0,0,224,1308,1243,5,-1,,0.1278735632183908,0.5629295532646048,,,1467,1313
287,287,4,1,21,1,1,0,224,1308,1243,5,-1,,0.1278735632183908,0.5629295532646048,,,1467,1313
288,288,5,1,21,1,1,1,224,1308,1243,5,95, ,0.1278735632183908,0.5629295532646048,,,1467,1313
289,289,2,1,22,0,0,0,225,1328,1141,167,-1,,0.12031155474894131,0.6063144329896907,,,1366,1495
290,290,3,1,22,1,0,0,225,1328,1141,87,-1,,0.12031155474894131,0.5891323024054983,,,1366,1415
291,291,4,1,22,1,1,0,225,1328,903,27,-1,,0.10231397459165155,0.5762457044673539,,,1128,1355
292,292,5,1,22,1,1,1,225,1328,45,27,82,(54),0.037431941923774956,0.5762457044673539,,,270,1355
293,293,5,1,22,1,1,2,316,1328,312,21,37,STABILISATIONSANLAGE,0.07138535995160314,0.5749570446735395,title_line_1,STABILISATIONSANLAGE,628,1349
294,294,5,1,22,1,1,3,632,1328,77,21,93,DES,0.1014065335753176,0.5749570446735395,title_line_1,DES,709,1349
295,295,5,1,22,1,1,4,719,1328,157,21,92,PH-WERTES,0.1206140350877193,0.5749570446735395,title_line_1,PH-WERTES,876,1349
296,296,5,1,22,1,1,5,884,1328,55,21,96,VON,0.13785541439806412,0.5749570446735395,title_line_1,VON,939,1349
297,297,5,1,22,1,1,6,949,1328,116,21,95,WASSER,0.15229885057471265,0.5749570446735395,title_line_1,WASSER,1065,1349
298,298,5,1,22,1,1,7,1075,1329,53,20,96,DER,0.16659104658197219,0.5751718213058419,title_line_1,DER,1128,1349
299,299,4,1,22,1,2,0,315,1362,1051,21,-1,,0.12711736237144586,0.5895618556701031,,,1366,1383
300,300,5,1,22,1,2,1,315,1362,634,21,90,AMMONIUMSTICKSTOFF-ENTFERNUNGSEINHEIT,0.0955837870538415,0.5895618556701031,,,949,1383
301,301,5,1,22,1,2,2,956,1362,55,21,96,AUS,0.14874470659407138,0.5895618556701031,,,1011,1383
302,302,5,1,22,1,2,3,1022,1362,55,20,93,DEM,0.1587265577737447,0.5893470790378007,,,1077,1382
303,303,5,1,22,1,2,4,1086,1362,217,21,92,WASCHWASSER,0.18065638233514822,0.5895618556701031,,,1303,1383
304,304,5,1,22,1,2,5,1310,1362,56,21,96,VON,0.20235934664246824,0.5895618556701031,,,1366,1383
305,305,4,1,22,1,3,0,315,1394,232,21,-1,,0.06518451300665457,0.603307560137457,,,547,1415
306,306,5,1,22,1,3,1,315,1394,232,21,90,ZEOLITH-FILTERN,0.06518451300665457,0.603307560137457,,,547,1415
307,307,3,1,22,2,0,0,225,1468,583,27,-1,,0.07811554748941318,0.6363831615120275,,,808,1495
308,308,4,1,22,2,1,0,225,1468,583,27,-1,,0.07811554748941318,0.6363831615120275,,,808,1495
309,309,5,1,22,2,1,1,225,1468,45,27,92,(57),0.037431941923774956,0.6363831615120275,,,270,1495
310,310,5,1,22,2,1,2,316,1470,33,19,45,Die,0.05028735632183908,0.6355240549828178,,,349,1489
311,311,5,1,22,2,1,3,357,1470,99,23,89,Erfindung,0.06147912885662432,0.6363831615120275,,,456,1493
312,312,5,1,22,2,1,4,465,1470,64,19,90,betrifft,0.07516636418632788,0.6355240549828178,,,529,1489
313,313,5,1,22,2,1,5,535,1470,38,19,93,das,0.0837870538415003,0.6355240549828178,,,573,1489
314,314,5,1,22,2,1,6,580,1470,68,19,93,Gebiet,0.09286146400483969,0.6355240549828178,,,648,1489
315,315,5,1,22,2,1,7,654,1470,35,19,92,der,0.10155777374470659,0.6355240549828178,,,689,1489
316,316,5,1,22,2,1,8,693,1470,115,23,92,Aquakultur,0.11350574712643678,0.6363831615120275,,,808,1493
317,317,2,1,23,0,0,0,224,1503,584,515,-1,,0.0780399274047187,0.7562285223367697,,,808,2018
318,318,3,1,23,1,0,0,224,1503,584,515,-1,,0.0780399274047187,0.7562285223367697,,,808,2018
319,319,4,1,23,1,1,0,226,1503,581,23,-1,,0.07811554748941318,0.6505584192439863,,,807,1526
320,320,5,1,23,1,1,1,226,1503,37,18,95,und,0.036978221415607984,0.6494845360824743,,,263,1521
321,321,5,1,23,1,1,2,274,1503,49,18,95,kann,0.04514519056261343,0.6494845360824743,,,323,1521
322,322,5,1,23,1,1,3,332,1503,28,18,83,fiir,0.05232909860859044,0.6494845360824743,,,360,1521
323,323,5,1,23,1,1,4,369,1503,31,18,96,die,0.05815184513006655,0.6494845360824743,,,400,1521
324,324,5,1,23,1,1,5,409,1503,132,23,95,Verwendung,0.07183908045977011,0.6505584192439863,,,541,1526
325,325,5,1,23,1,1,6,553,1503,16,18,93,in,0.08484573502722323,0.6494845360824743,,,569,1521
326,326,5,1,23,1,1,7,578,1503,229,18,91,Wasserrezirkulations-,0.10473381730187538,0.6494845360824743,,,807,1521
327,327,4,1,23,1,2,0,225,1536,582,23,-1,,0.0780399274047187,0.664733676975945,,,807,1559
328,328,5,1,23,1,2,1,225,1536,82,23,91,anlagen,0.040229885057471264,0.664733676975945,,,307,1559
329,329,5,1,23,1,2,2,314,1536,75,23,90,"(WRA),",0.05316091954022988,0.664733676975945,,,389,1559
330,330,5,1,23,1,2,3,396,1536,110,23,92,vorgesehen,0.06820931639443437,0.664733676975945,,,506,1559
331,331,5,1,23,1,2,4,508,1536,43,18,85,fir,0.08008166969147006,0.663659793814433,,,551,1554
332,332,5,1,23,1,2,5,556,1536,30,18,95,die,0.08635813672111313,0.663659793814433,,,586,1554
333,333,5,1,23,1,2,6,592,1536,112,18,93,industrielle,0.09800362976406533,0.663659793814433,,,704,1554
334,334,5,1,23,1,2,7,709,1536,98,23,70,Zuchtung,0.11464004839685421,0.664733676975945,,,807,1559
335,335,4,1,23,1,3,0,225,1569,582,23,-1,,0.0780399274047187,0.6789089347079038,,,807,1592
336,336,5,1,23,1,3,1,225,1574,36,13,93,von,0.0367513611615245,0.6789089347079038,,,261,1587
337,337,5,1,23,1,3,2,268,1569,204,23,91,"Wasserorganismen,",0.0559588626739262,0.6789089347079038,,,472,1592
338,338,5,1,23,1,3,3,476,1569,120,21,96,verwendet,0.08106473079249849,0.678479381443299,,,596,1590
339,339,5,1,23,1,3,4,602,1569,76,18,96,werden.,0.09679370840895342,0.6778350515463918,,,678,1587
340,340,5,1,23,1,3,5,682,1569,57,18,93,Eine,0.1074561403508772,0.6778350515463918,,,739,1587
341,341,5,1,23,1,3,6,747,1569,60,18,93,Stabi-,0.11751361161524501,0.6778350515463918,,,807,1587
342,342,4,1,23,1,4,0,226,1602,582,23,-1,,0.07819116757410768,0.6930841924398625,,,808,1625
343,343,5,1,23,1,4,1,226,1602,170,23,91,lisierungsanlage,0.0470356926799758,0.6930841924398625,,,396,1625
344,344,5,1,23,1,4,2,406,1602,28,18,69,flr,0.06352087114337568,0.6920103092783505,,,434,1620
345,345,5,1,23,1,4,3,443,1602,38,18,93,den,0.06987295825771325,0.6920103092783505,,,481,1620
346,346,5,1,23,1,4,4,493,1602,87,23,91,pH-Wert,0.08114035087719298,0.6930841924398625,,,580,1625
347,347,5,1,23,1,4,5,590,1606,37,14,96,von,0.09202964307320025,0.6928694158075601,,,627,1620
348,348,5,1,23,1,4,6,637,1602,72,18,96,Wasser,0.10178463399879008,0.6920103092783505,,,709,1620
349,349,5,1,23,1,4,7,711,1602,33,18,95,in,0.11002722323049002,0.6920103092783505,,,744,1620
350,350,5,1,23,1,4,8,756,1602,52,18,95,einer,0.11826981246218995,0.6920103092783505,,,808,1620
351,351,4,1,23,1,5,0,224,1634,583,23,-1,,0.0779643073200242,0.7068298969072165,,,807,1657
352,352,5,1,23,1,5,1,224,1634,421,23,91,Ammoniumstickstoff-Entfernungseinheit,0.06571385359951604,0.7068298969072165,,,645,1657
353,353,5,1,23,1,5,2,683,1639,37,14,70,aus,0.10609497882637628,0.7070446735395189,,,720,1653
354,354,5,1,23,1,5,3,759,1634,48,19,70,Zeo-,0.11842105263157894,0.7059707903780069,,,807,1653
355,355,4,1,23,1,6,0,226,1667,581,23,-1,,0.07811554748941318,0.7210051546391752,,,807,1690
356,356,5,1,23,1,6,1,226,1667,174,18,83,lith-Wasserfiltern,0.04733817301875378,0.7199312714776632,,,400,1685
357,357,5,1,23,1,6,2,410,1667,55,18,93,bildet,0.066167574107683,0.7199312714776632,,,465,1685
358,358,5,1,23,1,6,3,472,1667,56,18,96,einen,0.07562008469449485,0.7199312714776632,,,528,1685
359,359,5,1,23,1,6,4,537,1667,57,18,96,Block,0.08552631578947369,0.7199312714776632,,,594,1685
360,360,5,1,23,1,6,5,601,1667,26,23,96,(1),0.09286146400483969,0.7210051546391752,,,627,1690
361,361,5,1,23,1,6,6,635,1667,34,18,93,der,0.09860859044162129,0.7199312714776632,,,669,1685
362,362,5,1,23,1,6,7,675,1667,132,18,93,Automatisie-,0.11206896551724138,0.7199312714776632,,,807,1685
363,363,4,1,23,1,7,0,225,1700,582,23,-1,,0.0780399274047187,0.7351804123711341,,,807,1723
364,364,5,1,23,1,7,1,225,1704,45,19,95,rung,0.037431941923774956,0.7360395189003437,,,270,1723
365,365,5,1,23,1,7,2,280,1700,37,18,93,und,0.04514519056261343,0.7341065292096219,,,317,1718
366,366,5,1,23,1,7,3,326,1700,114,23,91,"Steuerung,",0.05792498487598306,0.7351804123711341,,,440,1723
367,367,5,1,23,1,7,4,450,1700,114,18,89,umfassend,0.07667876588021778,0.7341065292096219,,,564,1718
368,368,5,1,23,1,7,5,573,1700,56,18,93,einen,0.09089534180278282,0.7341065292096219,,,629,1718
369,369,5,1,23,1,7,6,639,1700,168,23,89,IBM-PC-kompa-,0.10934664246823957,0.7351804123711341,,,807,1723
370,370,4,1,23,1,8,0,225,1732,582,23,-1,,0.0780399274047187,0.748926116838488,,,807,1755
371,371,5,1,23,1,8,1,225,1732,55,19,92,tiblen,0.038188142770719906,0.7480670103092784,,,280,1751
372,372,5,1,23,1,8,2,287,1732,95,23,96,Computer,0.05058983666061706,0.748926116838488,,,382,1755
373,373,5,1,23,1,8,3,383,1732,44,19,92,mit,0.061252268602540835,0.7480670103092784,,,427,1751
374,374,5,1,23,1,8,4,433,1732,124,19,87,installiertem,0.07486388384754991,0.7480670103092784,,,557,1751
375,375,5,1,23,1,8,5,565,1732,88,23,96,Programm,0.09210526315789473,0.748926116838488,,,653,1755
376,376,5,1,23,1,8,6,656,1732,51,19,64,fiir,0.10307017543859649,0.7480670103092784,,,707,1751
377,377,5,1,23,1,8,7,713,1732,30,19,96,PC,0.11010284331518451,0.7480670103092784,,,743,1751
378,378,5,1,23,1,8,8,750,1732,57,23,95,"(""Das",0.1177404718693285,0.748926116838488,,,807,1755
379,379,4,1,23,1,9,0,226,1766,580,23,-1,,0.0780399274047187,0.7635309278350515,,,806,1789
380,380,5,1,23,1,9,1,226,1766,108,23,96,Programm,0.04234724742891712,0.7635309278350515,,,334,1789
381,381,5,1,23,1,9,2,351,1766,34,18,93,der,0.05565638233514821,0.7624570446735395,,,385,1784
382,382,5,1,23,1,9,3,402,1766,215,23,90,Parametersteuerung,0.07705686630369026,0.7635309278350515,,,617,1789
383,383,5,1,23,1,9,4,633,1770,37,14,96,von,0.0985329703569268,0.7633161512027491,,,670,1784
384,384,5,1,23,1,9,5,686,1766,82,18,96,Wasser,0.10995160314579552,0.7624570446735395,,,768,1784
385,385,5,1,23,1,9,6,785,1766,21,18,96,im,0.12031155474894131,0.7624570446735395,,,806,1784
386,386,4,1,23,1,10,0,224,1799,583,23,-1,,0.0779643073200242,0.7777061855670103,,,807,1822
387,387,5,1,23,1,10,1,224,1799,77,23,14,"WRA""),",0.0397005444646098,0.7777061855670103,,,301,1822
388,388,5,1,23,1,10,2,313,1799,56,18,93,einen,0.051572897761645496,0.7766323024054983,,,369,1817
389,389,5,1,23,1,10,3,382,1799,87,18,78,Behalter,0.06435269207501512,0.7766323024054983,,,469,1817
390,390,5,1,23,1,10,4,480,1799,26,23,96,(2),0.07456140350877193,0.7777061855670103,,,506,1822
391,391,5,1,23,1,10,5,517,1799,27,18,73,fur,0.08023290986085904,0.7766323024054983,,,544,1817
392,392,5,1,23,1,10,6,555,1799,102,18,91,trockenes,0.09165154264972777,0.7766323024054983,,,657,1817
393,393,5,1,23,1,10,7,669,1799,69,21,93,"NaOH,",0.10639745916515427,0.7772766323024055,,,738,1820
394,394,5,1,23,1,10,8,750,1799,57,18,96,einen,0.1177404718693285,0.7766323024054983,,,807,1817
395,395,4,1,23,1,11,0,226,1831,582,23,-1,,0.07819116757410768,0.7914518900343642,,,808,1854
396,396,5,1,23,1,11,1,226,1831,81,19,49,F√©rderer,0.04030550514216576,0.7905927835051546,,,307,1850
397,397,5,1,23,1,11,2,309,1831,46,23,96,"(3),",0.05021173623714459,0.7914518900343642,,,355,1854
398,398,5,1,23,1,11,3,363,1831,44,19,92,eine,0.05822746521476104,0.7905927835051546,,,407,1850
399,399,5,1,23,1,11,4,413,1831,181,23,91,Zirkulationspumpe,0.07614942528735633,0.7914518900343642,,,594,1854
400,400,5,1,23,1,11,5,596,1831,52,23,96,"(4),",0.0940713853599516,0.7914518900343642,,,648,1854
401,401,5,1,23,1,11,6,656,1831,56,19,93,einen,0.10344827586206896,0.7905927835051546,,,712,1850
402,402,5,1,23,1,11,7,720,1831,88,19,80,Behalter,0.11554748941318814,0.7905927835051546,,,808,1850
403,403,4,1,23,1,12,0,225,1864,582,23,-1,,0.0780399274047187,0.805627147766323,,,807,1887
404,404,5,1,23,1,12,1,225,1864,20,23,94,(5),0.035541439806412584,0.805627147766323,,,245,1887
405,405,5,1,23,1,12,2,246,1864,39,23,51,fur,0.04015426497277677,0.805627147766323,,,285,1887
406,406,5,1,23,1,12,3,290,1864,31,18,93,die,0.04620387174833636,0.804553264604811,,,321,1882
407,407,5,1,23,1,12,4,325,1864,105,23,16,Auflosung,0.05709316394434362,0.805627147766323,,,430,1887
408,408,5,1,23,1,12,5,436,1864,37,18,93,des,0.06873865698729582,0.804553264604811,,,473,1882
409,409,5,1,23,1,12,6,479,1864,102,18,91,trockenen,0.08015728977616456,0.804553264604811,,,581,1882
410,410,5,1,23,1,12,7,589,1864,63,18,94,"NaOH,",0.09384452510586812,0.804553264604811,,,652,1882
411,411,5,1,23,1,12,8,656,1864,65,22,92,einen,0.10412885662431942,0.8054123711340206,,,721,1886
412,412,5,1,23,1,12,9,727,1864,80,18,92,Wasch-,0.11600120992135511,0.804553264604811,,,807,1882
413,413,4,1,23,1,13,0,224,1897,584,23,-1,,0.0780399274047187,0.8198024054982818,,,808,1920
414,414,5,1,23,1,13,1,224,1897,162,18,91,wasserbehalter,0.046128251663641866,0.8187285223367697,,,386,1915
415,415,5,1,23,1,13,2,404,1897,33,23,96,"(6),",0.06359649122807018,0.8198024054982818,,,437,1920
416,416,5,1,23,1,13,3,456,1897,57,18,93,einen,0.07327586206896551,0.8187285223367697,,,513,1915
417,417,5,1,23,1,13,4,531,1897,79,18,91,zweiten,0.08628251663641863,0.8187285223367697,,,610,1915
418,418,5,1,23,1,13,5,630,1897,87,18,18,Behalter,0.10186025408348458,0.8187285223367697,,,717,1915
419,419,5,1,23,1,13,6,735,1897,27,23,96,(8),0.1132032667876588,0.8198024054982818,,,762,1920
420,420,5,1,23,1,13,7,780,1897,28,18,72,fir,0.12008469449485784,0.8187285223367697,,,808,1915
421,421,4,1,23,1,14,0,225,1929,583,23,-1,,0.07811554748941318,0.8335481099656358,,,808,1952
422,422,5,1,23,1,14,1,225,1929,97,19,90,Schlamm,0.041364186327888686,0.8326890034364262,,,322,1948
423,423,5,1,23,1,14,2,332,1929,33,23,96,"(7),",0.05270719903206292,0.8335481099656358,,,365,1952
424,424,5,1,23,1,14,3,375,1929,30,19,93,die,0.05898366606170599,0.8326890034364262,,,405,1948
425,425,5,1,23,1,14,4,414,1929,170,23,91,Ableitungspumpe,0.07546884452510587,0.8335481099656358,,,584,1952
426,426,5,1,23,1,14,5,586,1929,48,19,92,fiir,0.09225650332728373,0.8326890034364262,,,634,1948
427,427,5,1,23,1,14,6,642,1929,37,19,96,das,0.0998941318814277,0.8326890034364262,,,679,1948
428,428,5,1,23,1,14,7,688,1929,80,19,96,Wasser,0.11010284331518451,0.8326890034364262,,,768,1948
429,429,5,1,23,1,14,8,778,1929,30,19,96,mit,0.11993345432546884,0.8326890034364262,,,808,1948
430,430,4,1,23,1,15,0,226,1963,582,23,-1,,0.07819116757410768,0.8481529209621993,,,808,1986
431,431,5,1,23,1,15,1,226,1963,59,18,92,hoher,0.03864186327888687,0.8470790378006873,,,285,1981
432,432,5,1,23,1,15,2,295,1963,144,18,91,Konzentration,0.055505142165759226,0.8470790378006873,,,439,1981
433,433,5,1,23,1,15,3,449,1967,37,14,96,von,0.0707047791893527,0.8479381443298969,,,486,1981
434,434,5,1,23,1,15,4,497,1963,33,23,96,"pH,",0.07766182698124621,0.8481529209621993,,,530,1986
435,435,5,1,23,1,15,5,541,1963,56,18,96,einen,0.08605565638233514,0.8470790378006873,,,597,1981
436,436,5,1,23,1,15,6,608,1963,64,18,96,ersten,0.09679370840895342,0.8470790378006873,,,672,1981
437,437,5,1,23,1,15,7,682,1963,53,18,96,Tank,0.10715366001209921,0.8470790378006873,,,735,1981
438,438,5,1,23,1,15,8,744,1963,19,23,93,(9),0.11395946763460375,0.8481529209621993,,,763,1986
439,439,5,1,23,1,15,9,765,1963,43,23,82,fiir,0.11895039322444041,0.8481529209621993,,,808,1986
440,440,4,1,23,1,16,0,225,1995,582,23,-1,,0.0780399274047187,0.8618986254295533,,,807,2018
441,441,5,1,23,1,16,1,225,1995,97,19,91,"Schlamm,",0.041364186327888686,0.8610395189003437,,,322,2014
442,442,5,1,23,1,16,2,325,1995,57,22,93,eine,0.05346339987900786,0.8616838487972509,,,382,2017
443,443,5,1,23,1,16,3,390,1995,272,23,90,Wasserversorgungspumpe,0.07955232909860858,0.8618986254295533,,,662,2018
444,444,5,1,23,1,16,4,664,1995,53,23,96,(10),0.1044313369630974,0.8618986254295533,,,717,2018
445,445,5,1,23,1,16,5,719,1995,43,23,73,fiir,0.11199334543254688,0.8618986254295533,,,762,2018
446,446,5,1,23,1,16,6,770,1995,37,19,96,das,0.11925287356321838,0.8610395189003437,,,807,2014
447,447,2,1,24,0,0,0,716,2270,259,16,-1,,0.1278735632183908,0.9785223367697594,,,975,2286
448,448,3,1,24,1,0,0,716,2270,259,16,-1,,0.1278735632183908,0.9785223367697594,,,975,2286
449,449,4,1,24,1,1,0,716,2270,259,16,-1,,0.1278735632183908,0.9785223367697594,,,975,2286
450,450,5,1,24,1,1,1,716,2270,49,12,96,Printed,0.11199334543254688,0.9776632302405498,,,765,2282
451,451,5,1,24,1,1,2,771,2270,15,16,96,by,0.1177404718693285,0.9785223367697594,,,786,2286
452,452,5,1,24,1,1,3,792,2270,45,14,96,"Jouve,",0.12318511796733213,0.9780927835051546,,,837,2284
453,453,5,1,24,1,1,4,843,2270,41,12,96,75001,0.13059588626739263,0.9776632302405498,,,884,2282
454,454,5,1,24,1,1,5,893,2270,46,12,96,PARIS,0.1385359951603146,0.9776632302405498,,,939,2282
455,455,5,1,24,1,1,6,945,2270,30,16,95,(FR),0.14519056261343014,0.9785223367697594,,,975,2286
456,456,2,1,25,0,0,0,883,1470,584,478,-1,,0.17770719903206292,0.7341065292096219,,,1467,1948
457,457,3,1,25,1,0,0,883,1470,584,478,-1,,0.17770719903206292,0.7341065292096219,,,1467,1948
458,458,4,1,25,1,1,0,883,1470,582,23,-1,,0.17755595886267392,0.6363831615120275,,,1465,1493
459,459,5,1,25,1,1,1,883,1470,72,19,96,Wasser,0.13898971566848156,0.6355240549828178,,,955,1489
460,460,5,1,25,1,1,2,957,1470,43,19,96,mit,0.14798850574712644,0.6355240549828178,,,1000,1489
461,461,5,1,25,1,1,3,1006,1470,52,19,93,einer,0.1560798548094374,0.6355240549828178,,,1058,1489
462,462,5,1,25,1,1,4,1064,1470,95,23,91,niedrigen,0.16810344827586207,0.6363831615120275,,,1159,1493
463,463,5,1,25,1,1,5,1166,1470,144,19,91,Konzentration,0.18723532970356926,0.6355240549828178,,,1310,1489
464,464,5,1,25,1,1,6,1317,1470,37,19,93,des,0.20198124621899577,0.6355240549828178,,,1354,1489
465,465,5,1,25,1,1,7,1361,1470,104,23,91,"pH-Werts,",0.21370235934664247,0.6363831615120275,,,1465,1493
466,466,4,1,25,1,2,0,884,1503,582,23,-1,,0.17770719903206292,0.6505584192439863,,,1466,1526
467,467,5,1,25,1,2,1,884,1503,56,18,93,einen,0.13793103448275862,0.6494845360824743,,,940,1521
468,468,5,1,25,1,2,2,955,1503,166,23,91,Ableitungsblock,0.1569872958257713,0.6505584192439863,,,1121,1526
469,469,5,1,25,1,2,3,1135,1503,40,23,96,(11),0.17468239564428312,0.6505584192439863,,,1175,1526
470,470,5,1,25,1,2,4,1189,1503,28,18,69,fiir,0.18194192377495463,0.6494845360824743,,,1217,1521
471,471,5,1,25,1,2,5,1230,1503,236,18,92,Sedimentationsfraktio-,0.20387174833635813,0.6494845360824743,,,1466,1521
472,472,4,1,25,1,3,0,885,1536,581,23,-1,,0.17778281911675742,0.664733676975945,,,1466,1559
473,473,5,1,25,1,3,1,885,1540,43,17,96,"nen,",0.13709921355111918,0.6651632302405498,,,928,1557
474,474,5,1,25,1,3,2,938,1536,44,18,92,eine,0.14519056261343014,0.663659793814433,,,982,1554
475,475,5,1,25,1,3,3,993,1536,73,23,92,Pumpe,0.15570175438596492,0.664733676975945,,,1066,1559
476,476,5,1,25,1,3,4,1076,1536,40,23,96,(12),0.16575922565033274,0.664733676975945,,,1116,1559
477,477,5,1,25,1,3,5,1126,1540,43,14,93,zum,0.1735480943738657,0.6645189003436426,,,1169,1554
478,478,5,1,25,1,3,6,1180,1536,97,23,92,Bewegen,0.18579854809437388,0.664733676975945,,,1277,1559
479,479,5,1,25,1,3,7,1287,1540,36,14,93,von,0.19736842105263158,0.6645189003436426,,,1323,1554
480,480,5,1,25,1,3,8,1334,1536,132,18,92,Sedimentati-,0.21173623714458562,0.663659793814433,,,1466,1554
481,481,4,1,25,1,4,0,884,1569,582,23,-1,,0.17770719903206292,0.6789089347079038,,,1466,1592
482,482,5,1,25,1,4,1,884,1569,147,21,92,"onsfraktionen,",0.14481246218995766,0.678479381443299,,,1031,1590
483,483,5,1,25,1,4,2,1044,1569,29,18,97,ein,0.1600877192982456,0.6778350515463918,,,1073,1587
484,484,5,1,25,1,4,3,1086,1569,52,18,95,Filter,0.16817906836055657,0.6778350515463918,,,1138,1587
485,485,5,1,25,1,4,4,1149,1569,45,23,95,"(13),",0.17717785843920145,0.6789089347079038,,,1194,1592
486,486,5,1,25,1,4,5,1207,1569,56,18,96,einen,0.1867816091954023,0.6778350515463918,,,1263,1587
487,487,5,1,25,1,4,6,1275,1570,64,17,93,ersten,0.19767090139140955,0.6780498281786942,,,1339,1587
488,488,5,1,25,1,4,7,1350,1569,116,18,91,Verschluss,0.21294615849969753,0.6778350515463918,,,1466,1587
489,489,4,1,25,1,5,0,885,1602,581,23,-1,,0.17778281911675742,0.6930841924398625,,,1466,1625
490,490,5,1,25,1,5,1,885,1602,45,23,96,"(14),",0.13725045372050818,0.6930841924398625,,,930,1625
491,491,5,1,25,1,5,2,941,1602,57,18,93,einen,0.14662734422262552,0.6920103092783505,,,998,1620
492,492,5,1,25,1,5,3,1008,1602,79,18,91,zweiten,0.15842407743496673,0.6920103092783505,,,1087,1620
493,493,5,1,25,1,5,4,1097,1602,116,18,91,Verschluss,0.17468239564428312,0.6920103092783505,,,1213,1620
494,494,5,1,25,1,5,5,1224,1602,46,23,96,"(15),",0.18859649122807018,0.6930841924398625,,,1270,1625
495,495,5,1,25,1,5,6,1281,1602,56,18,93,einen,0.19797338173018753,0.6920103092783505,,,1337,1620
496,496,5,1,25,1,5,7,1348,1602,64,18,91,dritten,0.20871143375680581,0.6920103092783505,,,1412,1620
497,497,5,1,25,1,5,8,1422,1602,44,18,91,Ver-,0.21839080459770116,0.6920103092783505,,,1466,1620
498,498,4,1,25,1,6,0,884,1634,581,23,-1,,0.17763157894736842,0.7068298969072165,,,1465,1657
499,499,5,1,25,1,6,1,884,1634,66,19,92,schluss,0.13868723532970356,0.7059707903780069,,,950,1653
500,500,5,1,25,1,6,2,952,1634,62,23,96,"(16),",0.14866908650937688,0.7068298969072165,,,1014,1657
501,501,5,1,25,1,6,3,1021,1634,56,19,92,einen,0.15865093768905023,0.7059707903780069,,,1077,1653
502,502,5,1,25,1,6,4,1083,1634,69,19,92,vierten,0.16901088929219601,0.7059707903780069,,,1152,1653
503,503,5,1,25,1,6,5,1158,1634,116,19,92,Verschluss,0.1839080459770115,0.7059707903780069,,,1274,1653
504,504,5,1,25,1,6,6,1279,1634,47,23,96,"(17),",0.1969903206291591,0.7068298969072165,,,1326,1657
505,505,5,1,25,1,6,7,1333,1634,55,19,93,einen,0.2057622504537205,0.7059707903780069,,,1388,1653
506,506,5,1,25,1,6,8,1394,1634,71,19,86,fiinften,0.2161978221415608,0.7059707903780069,,,1465,1653
507,507,4,1,25,1,7,0,883,1667,583,23,-1,,0.17763157894736842,0.7210051546391752,,,1466,1690
508,508,5,1,25,1,7,1,883,1667,116,18,92,Verschluss,0.14231699939503933,0.7199312714776632,,,999,1685
509,509,5,1,25,1,7,2,1006,1667,47,23,96,"(18),",0.15570175438596492,0.7210051546391752,,,1053,1690
510,510,5,1,25,1,7,3,1061,1667,56,18,93,einen,0.1647005444646098,0.7199312714776632,,,1117,1685
511,511,5,1,25,1,7,4,1125,1667,93,18,92,sechsten,0.17717785843920145,0.7199312714776632,,,1218,1685
512,512,5,1,25,1,7,5,1225,1667,116,18,92,Verschluss,0.1940411373260738,0.7199312714776632,,,1341,1685
513,513,5,1,25,1,7,6,1348,1667,40,23,96,(19),0.20689655172413793,0.7210051546391752,,,1388,1690
514,514,5,1,25,1,7,7,1397,1667,36,18,93,und,0.21400483968542044,0.7199312714776632,,,1433,1685
515,515,5,1,25,1,7,8,1441,1667,25,18,92,ei-,0.21982758620689655,0.7199312714776632,,,1466,1685
516,516,4,1,25,1,8,0,885,1700,581,23,-1,,0.17778281911675742,0.7351804123711341,,,1466,1723
517,517,5,1,25,1,8,1,885,1704,36,14,92,nen,0.1365698729582577,0.7349656357388317,,,921,1718
518,518,5,1,25,1,8,2,933,1700,74,18,91,siebten,0.14670296430732002,0.7341065292096219,,,1007,1718
519,519,5,1,25,1,8,3,1018,1700,116,18,92,Verschluss,0.16273442226255294,0.7341065292096219,,,1134,1718
520,520,5,1,25,1,8,4,1145,1700,46,23,93,(20).,0.17664851784633998,0.7351804123711341,,,1191,1723
521,521,5,1,25,1,8,5,1204,1700,59,18,93,Dabei,0.18655474894131882,0.7341065292096219,,,1263,1718
522,522,5,1,25,1,8,6,1273,1700,42,18,96,sind,0.1957047791893527,0.7341065292096219,,,1315,1718
523,523,5,1,25,1,8,7,1326,1700,30,18,93,die,0.2028130671506352,0.7341065292096219,,,1356,1718
524,524,5,1,25,1,8,8,1368,1700,98,23,83,Eingange,0.21430732002419842,0.7351804123711341,,,1466,1723
525,525,4,1,25,1,9,0,885,1732,581,23,-1,,0.17778281911675742,0.748926116838488,,,1466,1755
526,526,5,1,25,1,9,1,885,1732,36,19,93,und,0.1365698729582577,0.7480670103092784,,,921,1751
527,527,5,1,25,1,9,2,932,1732,106,23,50,Ausgange,0.14897156684815488,0.748926116838488,,,1038,1755
528,528,5,1,25,1,9,3,1049,1732,33,19,93,der,0.16114640048396855,0.7480670103092784,,,1082,1751
529,529,5,1,25,1,9,4,1092,1732,109,19,88,erwahnten,0.1733968542044767,0.7480670103092784,,,1201,1751
530,530,5,1,25,1,9,5,1212,1732,99,19,96,Elemente,0.19078947368421054,0.7480670103092784,,,1311,1751
531,531,5,1,25,1,9,6,1321,1732,96,19,93,zwischen,0.20704779189352693,0.7480670103092784,,,1417,1751
532,532,5,1,25,1,9,7,1428,1732,38,19,92,ein-,0.21884452510586813,0.7480670103092784,,,1466,1751
533,533,4,1,25,1,10,0,884,1762,581,27,-1,,0.17763157894736842,0.7626718213058419,,,1465,1789
534,534,5,1,25,1,10,1,884,1766,51,18,95,ander,0.13755293405928615,0.7624570446735395,,,935,1784
535,535,5,1,25,1,10,2,938,1766,31,18,93,in,0.1442075015124017,0.7624570446735395,,,969,1784
536,536,5,1,25,1,10,3,979,1762,184,27,66,Ubereinstimmung,0.161978221415608,0.7626718213058419,,,1163,1789
537,537,5,1,25,1,10,4,1174,1766,30,18,96,mit,0.17982456140350878,0.7624570446735395,,,1204,1784
538,538,5,1,25,1,10,5,1211,1766,45,18,96,dem,0.18655474894131882,0.7624570446735395,,,1256,1784
539,539,5,1,25,1,10,6,1266,1766,71,18,96,Schema,0.1968390804597701,0.7624570446735395,,,1337,1784
540,540,5,1,25,1,10,7,1339,1766,38,18,96,in,0.20538415003024804,0.7624570446735395,,,1377,1784
541,541,5,1,25,1,10,8,1386,1766,25,18,95,der,0.21150937689050212,0.7624570446735395,,,1411,1784
542,542,5,1,25,1,10,9,1413,1766,52,23,95,Fig.,0.2176346037507562,0.7635309278350515,,,1465,1789
543,543,4,1,25,1,11,0,886,1799,580,23,-1,,0.17785843920145192,0.7777061855670103,,,1466,1822
544,544,5,1,25,1,11,1,886,1799,7,18,91,1,0.13452813067150635,0.7766323024054983,,,893,1817
545,545,5,1,25,1,11,2,903,1799,163,23,91,angeschlossen.,0.14889594676346038,0.7777061855670103,,,1066,1822
546,546,5,1,25,1,11,3,1074,1799,28,18,96,Das,0.1645493042952208,0.7766323024054983,,,1102,1817
547,547,5,1,25,1,11,4,1104,1799,129,18,96,technische,0.17672413793103448,0.7766323024054983,,,1233,1817
548,548,5,1,25,1,11,5,1241,1799,92,23,96,Ergebnis,0.19464609800362975,0.7777061855670103,,,1333,1822
549,549,5,1,25,1,11,6,1340,1803,36,14,96,aus,0.20538415003024804,0.7774914089347079,,,1376,1817
550,550,5,1,25,1,11,7,1383,1799,34,18,93,der,0.21173623714458562,0.7766323024054983,,,1417,1817
551,551,5,1,25,1,11,8,1424,1799,42,18,92,Nut-,0.21854204476709013,0.7766323024054983,,,1466,1817
552,552,4,1,25,1,12,0,884,1831,582,23,-1,,0.17770719903206292,0.7914518900343642,,,1466,1854
553,553,5,1,25,1,12,1,884,1836,50,18,92,zung,0.13747731397459165,0.7925257731958762,,,934,1854
554,554,5,1,25,1,12,2,943,1831,34,19,93,der,0.14519056261343014,0.7905927835051546,,,977,1850
555,555,5,1,25,1,12,3,986,1831,99,23,91,Erfindung,0.15660919540229884,0.7914518900343642,,,1085,1854
556,556,5,1,25,1,12,4,1095,1831,77,19,92,besteht,0.17143073200241984,0.7905927835051546,,,1172,1850
557,557,5,1,25,1,12,5,1181,1831,22,19,93,im,0.18027828191167575,0.7905927835051546,,,1203,1850
558,558,5,1,25,1,12,6,1211,1831,142,19,92,Wesentlichen,0.1938898971566848,0.7905927835051546,,,1353,1850
559,559,5,1,25,1,12,7,1364,1831,15,19,96,in,0.2074258923169994,0.7905927835051546,,,1379,1850
560,560,5,1,25,1,12,8,1388,1831,35,19,93,der,0.21256805807622506,0.7905927835051546,,,1423,1850
561,561,5,1,25,1,12,9,1430,1831,36,19,92,Ab-,0.2189957652752571,0.7905927835051546,,,1466,1850
562,562,4,1,25,1,13,0,885,1864,581,23,-1,,0.17778281911675742,0.805627147766323,,,1466,1887
563,563,5,1,25,1,13,1,885,1864,82,23,50,kiirzung,0.14004839685420448,0.805627147766323,,,967,1887
564,564,5,1,25,1,13,2,986,1864,34,18,96,der,0.15169388989715668,0.804553264604811,,,1020,1882
565,565,5,1,25,1,13,3,1038,1864,40,18,96,Zeit,0.1600120992135511,0.804553264604811,,,1078,1882
566,566,5,1,25,1,13,4,1096,1864,34,18,93,der,0.16833030852994554,0.804553264604811,,,1130,1882
567,567,5,1,25,1,13,5,1147,1864,149,23,92,Ausscheidung,0.18473986690865093,0.805627147766323,,,1296,1887
568,568,5,1,25,1,13,6,1316,1869,36,13,93,von,0.20175438596491227,0.805627147766323,,,1352,1882
569,569,5,1,25,1,13,7,1371,1864,95,18,91,Ammoni-,0.21453418027828192,0.804553264604811,,,1466,1882
570,570,4,1,25,1,14,0,885,1897,582,18,-1,,0.17785843920145192,0.8187285223367697,,,1467,1915
571,571,5,1,25,1,14,1,885,1897,137,18,92,um-Stickstoff,0.1442075015124017,0.8187285223367697,,,1022,1915
572,572,5,1,25,1,14,2,1031,1901,37,14,96,aus,0.1587265577737447,0.8195876288659794,,,1068,1915
573,573,5,1,25,1,14,3,1079,1897,43,18,92,dem,0.16643980641258319,0.8187285223367697,,,1122,1915
574,574,5,1,25,1,14,4,1133,1897,140,18,92,Waschwasser,0.18194192377495463,0.8187285223367697,,,1273,1915
575,575,5,1,25,1,14,5,1275,1897,50,18,93,der,0.19661222020568664,0.8187285223367697,,,1325,1915
576,576,5,1,25,1,14,6,1335,1897,132,18,92,Zeolith-Filter,0.2118874773139746,0.8187285223367697,,,1467,1915
577,577,4,1,25,1,15,0,884,1929,101,19,-1,,0.1413339382940109,0.8326890034364262,,,985,1948
578,578,5,1,25,1,15,1,884,1929,34,19,90,der,0.13626739261947973,0.8326890034364262,,,918,1948
579,579,5,1,25,1,15,2,924,1929,61,19,90,WRA.,0.1443587416817907,0.8326890034364262,,,985,1948
580,580,2,1,26,0,0,0,1225,2264,240,23,-1,,0.20341802782819116,0.9774484536082474,,,1465,2287
581,581,3,1,26,1,0,0,1225,2264,240,23,-1,,0.20341802782819116,0.9774484536082474,,,1465,2287
582,582,4,1,26,1,1,0,1225,2264,240,23,-1,,0.20341802782819116,0.9774484536082474,,,1465,2287
583,583,5,1,26,1,1,1,1225,2264,72,23,93,(Forts.,0.19071385359951604,0.9774484536082474,,,1297,2287
584,584,5,1,26,1,1,2,1307,2264,88,18,89,nachste,0.2043254688445251,0.9763745704467354,,,1395,2282
585,585,5,1,26,1,1,3,1403,2264,62,23,96,Seite),0.21687840290381125,0.9774484536082474,,,1465,2287
