,Unnamed: 0,level,page_num,block_num,par_num,line_num,word_num,left,top,width,height,conf,text,x,y,label,target,right,bottom
0,0,1,1,0,0,0,0,0,0,1653,2328,-1,,0.125,0.5,,,1653,2328
1,1,2,1,1,0,0,0,144,1905,31,328,-1,,0.02412280701754386,0.8887457044673539,,,175,2233
2,2,3,1,1,1,0,0,144,1905,31,328,-1,,0.02412280701754386,0.8887457044673539,,,175,2233
3,3,4,1,1,1,1,0,144,1905,31,328,-1,,0.02412280701754386,0.8887457044673539,,,175,2233
4,4,5,1,1,1,1,1,144,2179,30,54,94,EP,0.024047186932849365,0.947594501718213,,,174,2233
5,5,5,1,1,1,1,2,144,2142,31,21,94,3,0.02412280701754386,0.9246134020618557,,,175,2163
6,6,5,1,1,1,1,3,144,2055,31,71,94,399,0.02412280701754386,0.8979810996563574,,,175,2126
7,7,5,1,1,1,1,4,144,1969,31,70,93,652,0.02412280701754386,0.8608247422680413,,,175,2039
8,8,5,1,1,1,1,5,144,1905,30,50,91,A1,0.024047186932849365,0.8290378006872853,,,174,1955
9,9,2,1,2,0,0,0,429,153,88,28,-1,,0.07153660012099214,0.07173539518900343,,,517,181
10,10,3,1,2,1,0,0,429,153,88,28,-1,,0.07153660012099214,0.07173539518900343,,,517,181
11,11,4,1,2,1,1,0,429,153,88,16,-1,,0.07153660012099214,0.06915807560137457,,,517,169
12,12,5,1,2,1,1,1,429,153,88,16,84,Europaisches,0.07153660012099214,0.06915807560137457,,,517,169
13,13,4,1,2,1,2,0,429,170,71,11,-1,,0.07025105868118572,0.07538659793814433,,,500,181
14,14,5,1,2,1,2,1,429,170,71,11,96,Patentamt,0.07025105868118572,0.07538659793814433,,,500,181
15,15,2,1,3,0,0,0,429,196,89,28,-1,,0.07161222020568662,0.09020618556701031,,,518,224
16,16,3,1,3,1,0,0,429,196,89,28,-1,,0.07161222020568662,0.09020618556701031,,,518,224
17,17,4,1,3,1,1,0,429,196,63,15,-1,,0.06964609800362977,0.08741408934707903,,,492,211
18,18,5,1,3,1,1,1,429,196,63,15,95,European,0.06964609800362977,0.08741408934707903,,,492,211
19,19,4,1,3,1,2,0,429,212,89,12,-1,,0.07161222020568662,0.0936426116838488,,,518,224
20,20,5,1,3,1,2,1,429,213,43,11,96,Patent,0.06813369630973987,0.0938573883161512,,,472,224
21,21,5,1,3,1,2,2,478,212,40,12,90,Office,0.07531760435571688,0.0936426116838488,,,518,224
22,22,2,1,4,0,0,0,429,239,109,28,-1,,0.07312462189957653,0.10867697594501718,,,538,267
23,23,3,1,4,1,0,0,429,239,109,28,-1,,0.07312462189957653,0.10867697594501718,,,538,267
24,24,4,1,4,1,1,0,429,239,109,15,-1,,0.07312462189957653,0.10588487972508591,,,538,254
25,25,5,1,4,1,1,1,429,239,40,12,93,Office,0.06790683605565638,0.1052405498281787,,,469,251
26,26,5,1,4,1,1,2,474,239,64,15,93,europ√©en,0.0765275257108288,0.10588487972508591,,,538,254
27,27,4,1,4,1,2,0,429,255,77,12,-1,,0.0707047791893527,0.11211340206185567,,,506,267
28,28,5,1,4,1,2,1,429,255,22,12,95,des,0.06654567453115548,0.11211340206185567,,,451,267
29,29,5,1,4,1,2,2,457,255,49,12,82,brevets,0.07282214156079855,0.11211340206185567,,,506,267
30,30,2,1,5,0,0,0,281,136,274,150,-1,,0.06321839080459771,0.09063573883161512,,,555,286
31,31,3,1,5,1,0,0,281,136,274,150,-1,,0.06321839080459771,0.09063573883161512,,,555,286
32,32,4,1,5,1,1,0,281,136,274,150,-1,,0.06321839080459771,0.09063573883161512,,,555,286
33,33,5,1,5,1,1,1,281,136,274,150,95, ,0.06321839080459771,0.09063573883161512,,,555,286
34,34,2,1,6,0,0,0,225,324,45,26,-1,,0.037431941923774956,0.14475945017182132,,,270,350
35,35,3,1,6,1,0,0,225,324,45,26,-1,,0.037431941923774956,0.14475945017182132,,,270,350
36,36,4,1,6,1,1,0,225,324,45,26,-1,,0.037431941923774956,0.14475945017182132,,,270,350
37,37,5,1,6,1,1,1,225,324,45,26,96,(12),0.037431941923774956,0.14475945017182132,,,270,350
38,38,2,1,7,0,0,0,225,395,378,53,-1,,0.06261343012704174,0.18105670103092783,,,603,448
39,39,3,1,7,1,0,0,225,395,378,53,-1,,0.06261343012704174,0.18105670103092783,,,603,448
40,40,4,1,7,1,1,0,225,395,262,26,-1,,0.05384150030248034,0.17525773195876287,,,487,421
41,41,5,1,7,1,1,1,225,395,45,26,95,(43),0.037431941923774956,0.17525773195876287,,,270,421
42,42,5,1,7,1,1,2,286,397,48,18,95,Date,0.04688445251058681,0.17439862542955326,,,334,415
43,43,5,1,7,1,1,3,342,397,20,18,96,of,0.05323653962492438,0.17439862542955326,,,362,415
44,44,5,1,7,1,1,4,370,397,117,23,96,publication:,0.0648064125831821,0.17547250859106528,,,487,420
45,45,4,1,7,1,2,0,286,430,317,18,-1,,0.06722625529340592,0.18857388316151202,,,603,448
46,46,5,1,7,1,2,1,286,430,117,18,96,07.11.2018,0.052102238354506954,0.18857388316151202,publication_date,07.11.2018,403,448
47,47,5,1,7,1,2,2,426,430,84,18,95,Bulletin,0.07078039927404718,0.18857388316151202,,,510,448
48,48,5,1,7,1,2,3,519,430,84,18,95,2018/45,0.08484573502722323,0.18857388316151202,,,603,448
49,49,2,1,8,0,0,0,225,493,402,26,-1,,0.06442831215970962,0.21735395189003437,,,627,519
50,50,3,1,8,1,0,0,225,493,402,26,-1,,0.06442831215970962,0.21735395189003437,,,627,519
51,51,4,1,8,1,1,0,225,493,402,26,-1,,0.06442831215970962,0.21735395189003437,,,627,519
52,52,5,1,8,1,1,1,225,493,45,26,96,(21),0.037431941923774956,0.21735395189003437,,,270,519
53,53,5,1,8,1,1,2,285,495,115,23,96,Application,0.051799758015728975,0.21756872852233677,,,400,518
54,54,5,1,8,1,1,3,410,495,83,18,93,number:,0.06828493647912885,0.21649484536082475,,,493,513
55,55,5,1,8,1,1,4,505,495,122,18,92,18180150.7,0.08560193587416817,0.21649484536082475,application_number,18180150.7,627,513
56,56,2,1,9,0,0,0,225,559,325,26,-1,,0.05860556563823351,0.24570446735395188,,,550,585
57,57,3,1,9,1,0,0,225,559,325,26,-1,,0.05860556563823351,0.24570446735395188,,,550,585
58,58,4,1,9,1,1,0,225,559,325,26,-1,,0.05860556563823351,0.24570446735395188,,,550,585
59,59,5,1,9,1,1,1,225,559,45,26,96,(22),0.037431941923774956,0.24570446735395188,,,270,585
60,60,5,1,9,1,1,2,286,561,48,18,96,Date,0.04688445251058681,0.24484536082474226,,,334,579
61,61,5,1,9,1,1,3,342,566,12,13,96,of,0.05263157894736842,0.24591924398625428,,,354,579
62,62,5,1,9,1,1,4,355,561,67,23,96,filing:,0.058756805807622506,0.24591924398625428,,,422,584
63,63,5,1,9,1,1,5,432,561,118,18,96,24.06.2009,0.07425892316999395,0.24484536082474226,filing_date,24.06.2009,550,579
64,64,2,1,10,0,0,0,1002,245,458,38,-1,,0.18617664851784635,0.1134020618556701,,,1460,283
65,65,3,1,10,1,0,0,1002,245,458,38,-1,,0.18617664851784635,0.1134020618556701,,,1460,283
66,66,4,1,10,1,1,0,1002,245,458,38,-1,,0.18617664851784635,0.1134020618556701,,,1460,283
67,67,5,1,10,1,1,1,1002,256,44,27,74,(11),0.15486993345432548,0.11576460481099657,,,1046,283
68,68,5,1,10,1,1,2,1146,245,52,32,95,EP,0.17725347852389595,0.11211340206185567,number,EP,1198,277
69,69,5,1,10,1,1,3,1214,245,20,32,94,3,0.1851179673321234,0.11211340206185567,number,3,1234,277
70,70,5,1,10,1,1,4,1249,245,68,32,94,399,0.1940411373260738,0.11211340206185567,number,399,1317,277
71,71,5,1,10,1,1,5,1332,245,67,32,86,652,0.20651845130066546,0.11211340206185567,number,652,1399,277
72,72,5,1,10,1,1,6,1413,245,47,32,86,A1,0.21725650332728372,0.11211340206185567,number,A1,1460,277
73,73,2,1,11,0,0,0,577,319,537,26,-1,,0.1278735632183908,0.14261168384879724,,,1114,345
74,74,3,1,11,1,0,0,577,319,537,26,-1,,0.1278735632183908,0.14261168384879724,,,1114,345
75,75,4,1,11,1,1,0,577,319,537,26,-1,,0.1278735632183908,0.14261168384879724,,,1114,345
76,76,5,1,11,1,1,1,577,319,156,26,95,EUROPEAN,0.09906231094978826,0.14261168384879724,,,733,345
77,77,5,1,11,1,1,2,735,320,135,24,95,PATENT,0.12137023593466424,0.14261168384879724,,,870,344
78,78,5,1,11,1,1,3,873,319,241,26,96,APPLICATION,0.1502571082879613,0.14261168384879724,,,1114,345
79,79,2,1,12,0,0,0,862,395,126,26,-1,,0.13989715668481548,0.17525773195876287,,,988,421
80,80,3,1,12,1,0,0,862,395,126,26,-1,,0.13989715668481548,0.17525773195876287,,,988,421
81,81,4,1,12,1,1,0,862,395,126,26,-1,,0.13989715668481548,0.17525773195876287,,,988,421
82,82,5,1,12,1,1,1,862,395,44,26,67,(51),0.1336963097398669,0.17525773195876287,,,906,421
83,83,5,1,12,1,1,2,923,397,25,18,93,Int,0.1414851784633999,0.17439862542955326,,,948,415
84,84,5,1,12,1,1,3,955,397,33,18,65,Cl:,0.14692982456140352,0.17439862542955326,,,988,415
85,85,2,1,13,0,0,0,922,425,482,21,-1,,0.17589231699939503,0.1870704467353952,,,1404,446
86,86,3,1,13,1,0,0,922,425,482,21,-1,,0.17589231699939503,0.1870704467353952,,,1404,446
87,87,4,1,13,1,1,0,922,425,482,21,-1,,0.17589231699939503,0.1870704467353952,,,1404,446
88,88,5,1,13,1,1,1,922,428,60,18,43,H04B,0.14398064125831822,0.1877147766323024,class_international,H04B,982,446
89,89,5,1,13,1,1,2,992,428,57,18,94,117107,0.154340592861464,0.1877147766323024,class_international,1/7107,1049,446
90,90,5,1,13,1,1,3,1050,425,84,21,81,(2011.07),0.16515426497277677,0.1870704467353952,,,1134,446
91,91,5,1,13,1,1,4,1193,428,58,18,91,HO4B,0.18481548699334543,0.1877147766323024,,,1251,446
92,92,5,1,13,1,1,5,1262,428,70,18,75,117073,0.19615849969751967,0.1877147766323024,,,1332,446
93,93,5,1,13,1,1,6,1337,425,67,16,80,(2011.01),0.2072746521476104,0.18599656357388317,,,1404,441
94,94,2,1,14,0,0,0,224,612,1243,6,-1,,0.1278735632183908,0.26417525773195877,,,1467,618
95,95,3,1,14,1,0,0,224,612,1243,6,-1,,0.1278735632183908,0.26417525773195877,,,1467,618
96,96,4,1,14,1,1,0,224,612,1243,6,-1,,0.1278735632183908,0.26417525773195877,,,1467,618
97,97,5,1,14,1,1,1,224,612,1243,6,95, ,0.1278735632183908,0.26417525773195877,,,1467,618
98,98,2,1,15,0,0,0,225,631,599,119,-1,,0.07932546884452511,0.296606529209622,,,824,750
99,99,3,1,15,1,0,0,225,631,599,119,-1,,0.07932546884452511,0.296606529209622,,,824,750
100,100,4,1,15,1,1,0,225,631,388,27,-1,,0.0633696309739867,0.2768470790378007,,,613,658
101,101,5,1,15,1,1,1,225,631,45,27,96,(84),0.037431941923774956,0.2768470790378007,,,270,658
102,102,5,1,15,1,1,2,286,633,118,23,96,Designated,0.052177858439201454,0.2768470790378007,,,404,656
103,103,5,1,15,1,1,3,413,633,119,23,96,Contracting,0.07146098003629764,0.2768470790378007,,,532,656
104,104,5,1,15,1,1,4,542,633,71,19,96,States:,0.08734119782214156,0.2759879725085911,,,613,652
105,105,4,1,15,1,2,0,285,666,539,18,-1,,0.0838626739261948,0.28994845360824745,,,824,684
106,106,5,1,15,1,2,1,285,666,31,18,81,AT,0.04544767090139141,0.28994845360824745,,,316,684
107,107,5,1,15,1,2,2,324,666,31,18,81,BE,0.05134603750756201,0.28994845360824745,,,355,684
108,108,5,1,15,1,2,3,364,666,33,18,93,BG,0.057546884452510584,0.28994845360824745,,,397,684
109,109,5,1,15,1,2,4,406,666,31,18,96,CH,0.06374773139745916,0.28994845360824745,,,437,684
110,110,5,1,15,1,2,5,447,666,31,18,96,CY,0.06994857834240774,0.28994845360824745,,,478,684
111,111,5,1,15,1,2,6,486,666,30,18,95,CZ,0.07577132486388385,0.28994845360824745,,,516,684
112,112,5,1,15,1,2,7,525,666,30,18,94,DE,0.08166969147005444,0.28994845360824745,,,555,684
113,113,5,1,15,1,2,8,565,666,32,18,49,DK,0.08787053841500303,0.28994845360824745,,,597,684
114,114,5,1,15,1,2,9,605,666,29,18,49,EE,0.09369328493647913,0.28994845360824745,,,634,684
115,115,5,1,15,1,2,10,644,666,29,18,74,ES,0.09959165154264973,0.28994845360824745,,,673,684
116,116,5,1,15,1,2,11,682,666,142,18,84,FIFRGBGR,0.11388384754990925,0.28994845360824745,,,824,684
117,117,4,1,15,1,3,0,286,699,537,18,-1,,0.0838626739261948,0.30412371134020616,,,823,717
118,118,5,1,15,1,3,1,286,699,33,18,93,HR,0.04575015124016939,0.30412371134020616,,,319,717
119,119,5,1,15,1,3,2,327,699,13,18,84,HU,0.05043859649122807,0.30412371134020616,,,340,717
120,120,5,1,15,1,3,3,344,699,43,18,80,IE,0.05527828191167574,0.30412371134020616,,,387,717
121,121,5,1,15,1,3,4,396,699,20,18,80,IS,0.06140350877192982,0.30412371134020616,,,416,717
122,122,5,1,15,1,3,5,425,699,81,18,87,ITLILT,0.07040229885057471,0.30412371134020616,,,506,717
123,123,5,1,15,1,3,6,514,699,29,18,91,LU,0.07993042952208107,0.30412371134020616,,,543,717
124,124,5,1,15,1,3,7,552,699,29,18,91,LV,0.08567755595886267,0.30412371134020616,,,581,717
125,125,5,1,15,1,3,8,589,699,34,18,94,MC,0.09165154264972777,0.30412371134020616,,,623,717
126,126,5,1,15,1,3,9,632,699,35,18,96,MK,0.09823049001814882,0.30412371134020616,,,667,717
127,127,5,1,15,1,3,10,675,699,33,18,95,MT,0.10458257713248639,0.30412371134020616,,,708,717
128,128,5,1,15,1,3,11,716,699,29,18,93,NL,0.11048094373865698,0.30412371134020616,,,745,717
129,129,5,1,15,1,3,12,754,699,33,18,94,NO,0.11653055051421658,0.30412371134020616,,,787,717
130,130,5,1,15,1,3,13,795,699,28,18,94,PL,0.12235329703569268,0.30412371134020616,,,823,717
131,131,4,1,15,1,4,0,286,732,217,18,-1,,0.05966424682395644,0.31829896907216493,,,503,750
132,132,5,1,15,1,4,1,286,732,29,18,96,PT,0.04544767090139141,0.31829896907216493,,,315,750
133,133,5,1,15,1,4,2,323,732,33,18,95,RO,0.05134603750756201,0.31829896907216493,,,356,750
134,134,5,1,15,1,4,3,365,732,30,18,95,SE,0.05747126436781609,0.31829896907216493,,,395,750
135,135,5,1,15,1,4,4,404,732,61,18,33,SISK,0.06571385359951604,0.31829896907216493,,,465,750
136,136,5,1,15,1,4,5,472,732,31,18,33,TR,0.07372958257713248,0.31829896907216493,,,503,750
137,137,2,1,16,0,0,0,225,795,411,27,-1,,0.06510889292196008,0.3472938144329897,,,636,822
138,138,3,1,16,1,0,0,225,795,411,27,-1,,0.06510889292196008,0.3472938144329897,,,636,822
139,139,4,1,16,1,1,0,225,795,411,27,-1,,0.06510889292196008,0.3472938144329897,,,636,822
140,140,5,1,16,1,1,1,225,795,45,27,96,(30),0.037431941923774956,0.3472938144329897,,,270,822
141,141,5,1,16,1,1,2,286,797,77,23,95,Priority:,0.04907743496672716,0.3472938144329897,,,363,820
142,142,5,1,16,1,1,3,383,797,118,19,95,25.06.2008,0.06684815486993345,0.34643470790378006,,,501,816
143,143,5,1,16,1,1,4,520,797,30,19,96,US,0.0809134906231095,0.34643470790378006,,,550,816
144,144,5,1,16,1,1,5,560,797,76,19,96,146232,0.09044162129461585,0.34643470790378006,,,636,816
145,145,2,1,17,0,0,0,225,861,596,86,-1,,0.07909860859044163,0.38831615120274915,,,821,947
146,146,3,1,17,1,0,0,225,861,596,86,-1,,0.07909860859044163,0.38831615120274915,,,821,947
147,147,4,1,17,1,1,0,225,861,596,26,-1,,0.07909860859044163,0.3754295532646048,,,821,887
148,148,5,1,17,1,1,1,225,861,45,26,96,(62),0.037431941923774956,0.3754295532646048,,,270,887
149,149,5,1,17,1,1,2,286,863,107,18,96,Document,0.05134603750756201,0.3745704467353952,,,393,881
150,150,5,1,17,1,1,3,402,863,105,23,96,number(s),0.06873865698729582,0.3756443298969072,,,507,886
151,151,5,1,17,1,1,4,516,863,20,18,96,of,0.07955232909860858,0.3745704467353952,,,536,881
152,152,5,1,17,1,1,5,542,863,32,18,96,the,0.08439201451905626,0.3745704467353952,,,574,881
153,153,5,1,17,1,1,6,583,863,65,18,96,earlier,0.09308832425892317,0.3745704467353952,,,648,881
154,154,5,1,17,1,1,7,655,863,140,23,94,application(s),0.10964912280701754,0.3756443298969072,,,795,886
155,155,5,1,17,1,1,8,805,863,16,18,96,in,0.12295825771324864,0.3745704467353952,,,821,881
156,156,4,1,17,1,2,0,286,895,308,19,-1,,0.06654567453115548,0.38853092783505155,,,594,914
157,157,5,1,17,1,2,1,286,895,109,19,96,accordance,0.051497277676950996,0.38853092783505155,,,395,914
158,158,5,1,17,1,2,2,395,895,60,19,96,with,0.06427707199032062,0.38853092783505155,,,455,914
159,159,5,1,17,1,2,3,464,895,35,19,96,Art.,0.07282214156079855,0.38853092783505155,,,499,914
160,160,5,1,17,1,2,4,508,895,25,19,96,76,0.07872050816696914,0.38853092783505155,,,533,914
161,161,5,1,17,1,2,5,542,895,52,19,96,EPC:,0.08590441621294616,0.38853092783505155,,,594,914
162,162,4,1,17,1,3,0,286,929,250,18,-1,,0.06215970961887477,0.4029209621993127,,,536,947
163,163,5,1,17,1,3,1,286,929,124,18,91,09770969.5,0.05263157894736842,0.4029209621993127,,,410,947
164,164,5,1,17,1,3,2,417,929,7,18,92,/,0.06359649122807018,0.4029209621993127,,,424,947
165,165,5,1,17,1,3,3,432,929,11,18,85,2,0.066167574107683,0.4029209621993127,,,443,947
166,166,5,1,17,1,3,4,452,929,34,18,85,311,0.07093163944343618,0.4029209621993127,,,486,947
167,167,5,1,17,1,3,5,499,929,37,18,95,196,0.07826678765880218,0.4029209621993127,,,536,947
168,168,2,1,18,0,0,0,225,992,465,58,-1,,0.0691923774954628,0.438573883161512,,,690,1050
169,169,3,1,18,1,0,0,225,992,465,58,-1,,0.0691923774954628,0.438573883161512,,,690,1050
170,170,4,1,18,1,1,0,225,992,465,26,-1,,0.0691923774954628,0.43170103092783507,,,690,1018
171,171,5,1,18,1,1,1,225,992,45,26,96,(71),0.037431941923774956,0.43170103092783507,,,270,1018
172,172,5,1,18,1,1,2,285,994,103,23,93,Applicant:,0.05089231699939504,0.4319158075601375,,,388,1017
173,173,5,1,18,1,1,3,396,994,122,20,90,QUALCOMM,0.0691167574107683,0.43127147766323026,applicant_line_1,QUALCOMM,518,1014
174,174,5,1,18,1,1,4,521,994,169,23,95,Incorporated,0.09157592256503327,0.4319158075601375,applicant_line_1,Incorporated,690,1017
175,175,4,1,18,1,2,0,286,1027,352,23,-1,,0.06987295825771325,0.44609106529209624,,,638,1050
176,176,5,1,18,1,2,1,286,1027,40,18,95,San,0.04627949183303085,0.44501718213058417,,,326,1045
177,177,5,1,18,1,2,2,337,1027,70,23,95,"Diego,",0.056261343012704176,0.44609106529209624,,,407,1050
178,178,5,1,18,1,2,3,415,1027,34,18,93,CA,0.06533575317604355,0.44501718213058417,,,449,1045
179,179,5,1,18,1,2,4,456,1027,127,18,93,92121-1714,0.07856926799758016,0.44501718213058417,,,583,1045
180,180,5,1,18,1,2,5,591,1027,47,23,96,(US),0.09293708408953417,0.44609106529209624,,,638,1050
181,181,2,1,19,0,0,0,225,1090,413,91,-1,,0.06526013309134907,0.4877577319587629,,,638,1181
182,182,3,1,19,1,0,0,225,1090,413,91,-1,,0.06526013309134907,0.4877577319587629,,,638,1181
183,183,4,1,19,1,1,0,225,1090,163,26,-1,,0.046355111917725345,0.4737972508591065,,,388,1116
184,184,5,1,19,1,1,1,225,1090,45,26,96,(72),0.037431941923774956,0.4737972508591065,,,270,1116
185,185,5,1,19,1,1,2,287,1092,101,18,96,Inventors:,0.05104355716878403,0.4729381443298969,,,388,1110
186,186,4,1,19,1,2,0,262,1125,168,23,-1,,0.05232909860859044,0.4881872852233677,,,430,1148
187,187,5,1,19,1,2,1,262,1131,7,7,67,*,0.04015426497277677,0.48732817869415807,,,269,1138
188,188,5,1,19,1,2,2,286,1125,63,19,96,"SHEN,",0.04801875378100424,0.48732817869415807,inventor_line_1,"SHEN,",349,1144
189,189,5,1,19,1,2,3,353,1125,77,23,96,Qiang,0.05921052631578947,0.4881872852233677,inventor_line_1,Qiang,430,1148
190,190,4,1,19,1,3,0,286,1158,352,23,-1,,0.06987295825771325,0.5023625429553265,,,638,1181
191,191,5,1,19,1,3,1,286,1158,40,18,96,San,0.04627949183303085,0.5012886597938144,,,326,1176
192,192,5,1,19,1,3,2,337,1158,70,23,95,"Diego,",0.056261343012704176,0.5023625429553265,,,407,1181
193,193,5,1,19,1,3,3,415,1158,34,18,96,CA,0.06533575317604355,0.5012886597938144,,,449,1176
194,194,5,1,19,1,3,4,456,1158,127,18,95,92121-1714,0.07856926799758016,0.5012886597938144,,,583,1176
195,195,5,1,19,1,3,5,591,1158,47,23,96,(US),0.09293708408953417,0.5023625429553265,,,638,1181
196,196,2,1,20,0,0,0,844,614,4,599,-1,,0.1279491833030853,0.39239690721649484,,,848,1213
197,197,3,1,20,1,0,0,844,614,4,599,-1,,0.1279491833030853,0.39239690721649484,,,848,1213
198,198,4,1,20,1,1,0,844,614,4,599,-1,,0.1279491833030853,0.39239690721649484,,,848,1213
199,199,5,1,20,1,1,1,844,614,4,599,95, ,0.1279491833030853,0.39239690721649484,,,848,1213
200,200,2,1,21,0,0,0,898,633,403,122,-1,,0.16628856624319419,0.2981099656357388,,,1301,755
201,201,3,1,21,1,0,0,898,633,376,56,-1,,0.16424682395644283,0.28393470790378006,,,1274,689
202,202,4,1,21,1,1,0,898,633,201,23,-1,,0.15101330913490624,0.2768470790378007,,,1099,656
203,203,5,1,21,1,1,1,898,639,7,7,18,¬´,0.13634301270417423,0.2759879725085911,,,905,646
204,204,5,1,21,1,1,2,921,633,47,19,96,"YEE,",0.14284633998790078,0.2759879725085911,,,968,652
205,205,5,1,21,1,1,3,971,633,97,23,93,"Nathan,",0.154189352692075,0.2768470790378007,,,1068,656
206,206,5,1,21,1,1,4,1078,633,21,19,91,D.,0.1646249243799153,0.2759879725085911,,,1099,652
207,207,4,1,21,1,2,0,922,666,352,23,-1,,0.16606170598911071,0.29102233676975947,,,1274,689
208,208,5,1,21,1,2,1,922,666,41,18,95,San,0.1425438596491228,0.28994845360824745,,,963,684
209,209,5,1,21,1,2,2,973,666,70,23,95,"Diego,",0.15245009074410162,0.29102233676975947,,,1043,689
210,210,5,1,21,1,2,3,1052,666,33,18,96,CA,0.1616001209921355,0.28994845360824745,,,1085,684
211,211,5,1,21,1,2,4,1093,666,126,18,96,92121-1714,0.17483363581367212,0.28994845360824745,,,1219,684
212,212,5,1,21,1,2,5,1227,666,47,23,96,(US),0.18912583182093165,0.29102233676975947,,,1274,689
213,213,3,1,21,2,0,0,898,699,403,56,-1,,0.16628856624319419,0.3122852233676976,,,1301,755
214,214,4,1,21,2,1,0,898,699,403,21,-1,,0.16628856624319419,0.30476804123711343,,,1301,720
215,215,5,1,21,2,1,1,898,704,7,8,42,¬´,0.13634301270417423,0.30412371134020616,,,905,712
216,216,5,1,21,2,1,2,922,699,189,18,92,"SUBRAHMANYA,",0.15373563218390804,0.30412371134020616,,,1111,717
217,217,5,1,21,2,1,3,1113,699,188,21,92,Parvathanathan,0.18254688445251058,0.30476804123711343,,,1301,720
218,218,4,1,21,2,2,0,922,732,352,23,-1,,0.16606170598911071,0.31937285223367695,,,1274,755
219,219,5,1,21,2,2,1,922,732,41,18,95,San,0.1425438596491228,0.31829896907216493,,,963,750
220,220,5,1,21,2,2,2,973,732,70,23,95,"Diego,",0.15245009074410162,0.31937285223367695,,,1043,755
221,221,5,1,21,2,2,3,1052,732,33,18,96,CA,0.1616001209921355,0.31829896907216493,,,1085,750
222,222,5,1,21,2,2,4,1093,732,126,18,96,92121-1714,0.17483363581367212,0.31829896907216493,,,1219,750
223,223,5,1,21,2,2,5,1227,732,47,23,96,(US),0.18912583182093165,0.31937285223367695,,,1274,755
224,224,2,1,22,0,0,0,862,795,510,157,-1,,0.16893526920750151,0.3752147766323024,,,1372,952
225,225,3,1,22,1,0,0,862,795,510,157,-1,,0.16893526920750151,0.3752147766323024,,,1372,952
226,226,4,1,22,1,1,0,862,795,391,27,-1,,0.1599364791288566,0.3472938144329897,,,1253,822
227,227,5,1,22,1,1,1,862,795,44,27,96,(74),0.1336963097398669,0.3472938144329897,,,906,822
228,228,5,1,22,1,1,2,923,797,163,23,96,Representative:,0.15192075015124018,0.3472938144329897,,,1086,820
229,229,5,1,22,1,1,3,1094,797,94,23,96,"Wegner,",0.17256503327283726,0.3472938144329897,representative_line_1_eu,"Wegner,",1188,820
230,230,5,1,22,1,1,4,1197,797,56,19,96,Hans,0.1852692075015124,0.34643470790378006,representative_line_1_eu,Hans,1253,816
231,231,4,1,22,1,2,0,923,830,449,23,-1,,0.1735480943738657,0.36146907216494845,,,1372,853
232,232,5,1,22,1,2,1,923,830,99,18,92,Bardehle,0.1470810647307925,0.3603951890034364,,,1022,848
233,233,5,1,22,1,2,2,1031,830,121,23,91,Pagenberg,0.16507864488808227,0.36146907216494845,,,1152,853
234,234,5,1,22,1,2,3,1161,830,153,18,91,Partnerschaft,0.18715970961887476,0.3603951890034364,,,1314,848
235,235,5,1,22,1,2,4,1322,830,50,18,90,mbB,0.20372050816696916,0.3603951890034364,,,1372,848
236,236,4,1,22,1,3,0,923,863,338,22,-1,,0.16515426497277677,0.3754295532646048,,,1261,885
237,237,5,1,22,1,3,1,923,863,164,22,75,"Patentanwalte,",0.15199637023593465,0.3754295532646048,,,1087,885
238,238,5,1,22,1,3,2,1096,863,165,18,90,Rechtsanwalte,0.1782365396249244,0.3745704467353952,,,1261,881
239,239,4,1,22,1,4,0,923,895,231,23,-1,,0.1570629159104658,0.3893900343642612,,,1154,918
240,240,5,1,22,1,4,1,923,895,211,23,91,Prinzregentenplatz,0.15555051421657592,0.3893900343642612,,,1134,918
241,241,5,1,22,1,4,2,1142,896,12,18,96,7,0.1736237144585602,0.38874570446735396,,,1154,914
242,242,4,1,22,1,5,0,922,929,231,23,-1,,0.15691167574107684,0.40399484536082475,,,1153,952
243,243,5,1,22,1,5,1,922,929,64,18,93,81675,0.1442831215970962,0.4029209621993127,,,986,947
244,244,5,1,22,1,5,2,996,929,101,18,91,Miinchen,0.15827283726557773,0.4029209621993127,,,1097,947
245,245,5,1,22,1,5,3,1107,929,46,23,96,(DE),0.17090139140955837,0.40399484536082475,,,1153,952
246,246,2,1,23,0,0,0,862,994,99,18,-1,,0.13785541439806412,0.43084192439862545,,,961,1012
247,247,3,1,23,1,0,0,862,994,99,18,-1,,0.13785541439806412,0.43084192439862545,,,961,1012
248,248,4,1,23,1,1,0,862,994,99,18,-1,,0.13785541439806412,0.43084192439862545,,,961,1012
249,249,5,1,23,1,1,1,862,994,99,18,95,Remarks:,0.13785541439806412,0.43084192439862545,,,961,1012
250,250,2,1,24,0,0,0,922,1027,522,83,-1,,0.17891712038717483,0.45897766323024053,,,1444,1110
251,251,3,1,24,1,0,0,922,1027,522,83,-1,,0.17891712038717483,0.45897766323024053,,,1444,1110
252,252,4,1,24,1,1,0,922,1027,477,23,-1,,0.17551421657592256,0.44609106529209624,,,1399,1050
253,253,5,1,24,1,1,1,922,1027,43,18,96,This,0.1426950998185118,0.44501718213058417,,,965,1045
254,254,5,1,24,1,1,2,974,1027,111,23,96,application,0.15570175438596492,0.44609106529209624,,,1085,1050
255,255,5,1,24,1,1,3,1093,1031,42,14,96,was,0.16848154869933454,0.44587628865979384,,,1135,1045
256,256,5,1,24,1,1,4,1142,1027,43,18,96,filed,0.17596793708408953,0.44501718213058417,,,1185,1045
257,257,5,1,24,1,1,5,1193,1031,25,14,96,on,0.1823200241984271,0.44587628865979384,,,1218,1045
258,258,5,1,24,1,1,6,1226,1027,121,18,96,27-06-2018,0.19457047791893528,0.44501718213058417,,,1347,1045
259,259,5,1,24,1,1,7,1355,1031,24,14,95,as,0.20674531155474893,0.44587628865979384,,,1379,1045
260,260,5,1,24,1,1,8,1388,1031,11,14,95,a,0.21075317604355717,0.44587628865979384,,,1399,1045
261,261,4,1,24,1,2,0,922,1059,522,23,-1,,0.17891712038717483,0.45983676975945015,,,1444,1082
262,262,5,1,24,1,2,1,922,1059,96,19,96,divisional,0.14670296430732002,0.45897766323024053,,,1018,1078
263,263,5,1,24,1,2,2,1027,1059,111,23,96,application,0.16371748336358136,0.45983676975945015,,,1138,1082
264,264,5,1,24,1,2,3,1147,1060,19,18,96,to,0.17490925589836662,0.45919243986254293,,,1166,1078
265,265,5,1,24,1,2,4,1174,1059,31,19,96,the,0.17990018148820328,0.45897766323024053,,,1205,1078
266,266,5,1,24,1,2,5,1214,1059,112,23,96,application,0.19207501512401695,0.45983676975945015,,,1326,1082
267,267,5,1,24,1,2,6,1336,1059,108,19,96,mentioned,0.2102238354506957,0.45897766323024053,,,1444,1078
268,268,4,1,24,1,3,0,923,1092,209,18,-1,,0.15539927404718692,0.4729381443298969,,,1132,1110
269,269,5,1,24,1,3,1,923,1092,59,18,93,under,0.1440562613430127,0.4729381443298969,,,982,1110
270,270,5,1,24,1,3,2,991,1092,45,18,92,INID,0.15328191167574107,0.4729381443298969,,,1036,1110
271,271,5,1,24,1,3,3,1044,1092,50,18,96,code,0.16167574107683,0.4729381443298969,,,1094,1110
272,272,5,1,24,1,3,4,1103,1092,29,18,96,62.,0.16901088929219601,0.4729381443298969,,,1132,1110
273,273,2,1,25,0,0,0,224,1210,1243,5,-1,,0.1278735632183908,0.5208333333333334,,,1467,1215
274,274,3,1,25,1,0,0,224,1210,1243,5,-1,,0.1278735632183908,0.5208333333333334,,,1467,1215
275,275,4,1,25,1,1,0,224,1210,1243,5,-1,,0.1278735632183908,0.5208333333333334,,,1467,1215
276,276,5,1,25,1,1,1,224,1210,1243,5,95, ,0.1278735632183908,0.5208333333333334,,,1467,1215
277,277,2,1,26,0,0,0,225,1230,338,54,-1,,0.05958862673926195,0.5399484536082474,,,563,1284
278,278,3,1,26,1,0,0,225,1230,338,54,-1,,0.05958862673926195,0.5399484536082474,,,563,1284
279,279,4,1,26,1,1,0,225,1230,45,27,-1,,0.037431941923774956,0.5341494845360825,,,270,1257
280,280,5,1,26,1,1,1,225,1230,45,27,93,(54),0.037431941923774956,0.5341494845360825,,,270,1257
281,281,4,1,26,1,2,0,316,1263,247,21,-1,,0.06647005444646098,0.5470360824742269,,,563,1284
282,282,5,1,26,1,2,1,316,1263,247,21,96,COMMUNICATIONS,0.06647005444646098,0.5470360824742269,,,563,1284
283,283,2,1,27,0,0,0,224,1337,584,156,-1,,0.0780399274047187,0.6078178694158075,,,808,1493
284,284,3,1,27,1,0,0,224,1337,584,156,-1,,0.0780399274047187,0.6078178694158075,,,808,1493
285,285,4,1,27,1,1,0,225,1337,581,26,-1,,0.0779643073200242,0.5798969072164949,,,806,1363
286,286,5,1,27,1,1,1,225,1337,45,26,89,(57),0.037431941923774956,0.5798969072164949,,,270,1363
287,287,5,1,27,1,1,2,315,1339,15,18,44,A,0.04877495462794918,0.5790378006872853,,,330,1357
288,288,5,1,27,1,1,3,342,1339,67,18,96,mobile,0.05679068360556564,0.5790378006872853,,,409,1357
289,289,5,1,27,1,1,4,420,1339,68,18,96,station,0.06866303690260134,0.5790378006872853,,,488,1357
290,290,5,1,27,1,1,5,500,1339,39,18,96,that,0.07856926799758016,0.5790378006872853,,,539,1357
291,291,5,1,27,1,1,6,550,1339,15,18,96,is,0.08431639443436177,0.5790378006872853,,,565,1357
292,292,5,1,27,1,1,7,577,1339,108,23,96,configured,0.0954325468844525,0.5801116838487973,,,685,1362
293,293,5,1,27,1,1,8,697,1340,18,17,96,to,0.10677555958862674,0.5792525773195877,,,715,1357
294,294,5,1,27,1,1,9,727,1339,79,23,96,perform,0.11592558983666061,0.5801116838487973,,,806,1362
295,295,4,1,27,1,2,0,225,1372,583,23,-1,,0.07811554748941318,0.594286941580756,,,808,1395
296,296,5,1,27,1,2,1,225,1377,89,14,94,common,0.04075922565033273,0.5945017182130584,,,314,1391
297,297,5,1,27,1,2,2,323,1372,77,19,96,channel,0.05467332123411978,0.5934278350515464,,,400,1391
298,298,5,1,27,1,2,3,403,1372,134,19,96,cancellation,0.07108287961282517,0.5934278350515464,,,537,1391
299,299,5,1,27,1,2,4,547,1377,43,18,96,may,0.08598003629764066,0.595360824742268,,,590,1395
300,300,5,1,27,1,2,5,599,1372,72,19,96,include,0.09603750756200848,0.5934278350515464,,,671,1391
301,301,5,1,27,1,2,6,680,1377,11,14,96,a,0.10367513611615245,0.5945017182130584,,,691,1391
302,302,5,1,27,1,2,7,701,1373,107,22,96,parameter,0.11411070780399274,0.5945017182130584,,,808,1395
303,303,4,1,27,1,3,0,225,1405,582,23,-1,,0.0780399274047187,0.6084621993127147,,,807,1428
304,304,5,1,27,1,3,1,225,1405,106,18,96,estimation,0.04204476709013914,0.6073883161512027,,,331,1423
305,305,5,1,27,1,3,2,340,1405,37,18,96,unit,0.05421960072595281,0.6073883161512027,,,377,1423
306,306,5,1,27,1,3,3,383,1405,39,18,95,that,0.060874168179068364,0.6073883161512027,,,422,1423
307,307,5,1,27,1,3,4,429,1405,15,18,95,is,0.06601633393829401,0.6073883161512027,,,444,1423
308,308,5,1,27,1,3,5,451,1405,109,23,95,configured,0.0764519056261343,0.6084621993127147,,,560,1428
309,309,5,1,27,1,3,6,567,1406,18,17,96,to,0.08711433756805807,0.6076030927835051,,,585,1423
310,310,5,1,27,1,3,7,593,1405,88,18,96,estimate,0.09633998790078645,0.6073883161512027,,,681,1423
311,311,5,1,27,1,3,8,689,1406,118,22,96,parameters,0.11312764670296431,0.6086769759450171,,,807,1428
312,312,4,1,27,1,4,0,224,1438,583,23,-1,,0.0779643073200242,0.6226374570446735,,,807,1461
313,313,5,1,27,1,4,1,224,1438,28,18,96,for,0.035995160314579555,0.6215635738831615,,,252,1456
314,314,5,1,27,1,4,2,258,1438,111,23,96,generating,0.04741379310344827,0.6226374570446735,,,369,1461
315,315,5,1,27,1,4,3,378,1442,11,14,96,a,0.058000604960677556,0.6224226804123711,,,389,1456
316,316,5,1,27,1,4,4,397,1442,88,14,96,common,0.06669691470054447,0.6224226804123711,,,485,1456
317,317,5,1,27,1,4,5,494,1438,76,18,96,channel,0.08045977011494253,0.6215635738831615,,,570,1456
318,318,5,1,27,1,4,6,573,1438,65,18,95,error.,0.09157592256503327,0.6215635738831615,,,638,1456
319,319,5,1,27,1,4,7,646,1438,39,18,96,The,0.10065033272837265,0.6215635738831615,,,685,1456
320,320,5,1,27,1,4,8,694,1438,67,18,93,mobile,0.11002722323049002,0.6215635738831615,,,761,1456
321,321,5,1,27,1,4,9,769,1438,38,18,93,sta-,0.1191772534785239,0.6215635738831615,,,807,1456
322,322,4,1,27,1,5,0,225,1470,583,23,-1,,0.07811554748941318,0.6363831615120275,,,808,1493
323,323,5,1,27,1,5,1,225,1470,36,19,96,tion,0.0367513611615245,0.6355240549828178,,,261,1489
324,324,5,1,27,1,5,2,269,1475,31,14,96,may,0.04302782819116757,0.6365979381443299,,,300,1489
325,325,5,1,27,1,5,3,301,1470,60,23,96,also,0.050060496067755596,0.6363831615120275,,,361,1493
326,326,5,1,27,1,5,4,369,1470,73,19,96,include,0.06132788868723533,0.6355240549828178,,,442,1489
327,327,5,1,27,1,5,5,449,1475,11,14,94,a,0.06873865698729582,0.6365979381443299,,,460,1489
328,328,5,1,27,1,5,6,467,1475,89,14,94,common,0.07735934664246824,0.6365979381443299,,,556,1489
329,329,5,1,27,1,5,7,564,1470,76,19,96,channel,0.0910465819721718,0.6355240549828178,,,640,1489
330,330,5,1,27,1,5,8,643,1470,107,23,96,generation,0.10533877797943134,0.6363831615120275,,,750,1493
331,331,5,1,27,1,5,9,753,1470,55,19,96,unit,0.11804295220810647,0.6355240549828178,,,808,1489
332,332,2,1,28,0,0,0,318,1604,51,25,-1,,0.05195099818511797,0.694372852233677,,,369,1629
333,333,3,1,28,1,0,0,318,1604,51,25,-1,,0.05195099818511797,0.694372852233677,,,369,1629
334,334,4,1,28,1,1,0,318,1604,51,25,-1,,0.05195099818511797,0.694372852233677,,,369,1629
335,335,5,1,28,1,1,1,318,1604,51,25,96,700,0.05195099818511797,0.694372852233677,,,369,1629
336,336,2,1,29,0,0,0,316,1230,1097,21,-1,,0.1307471264367816,0.532860824742268,,,1413,1251
337,337,3,1,29,1,0,0,316,1230,1097,21,-1,,0.1307471264367816,0.532860824742268,,,1413,1251
338,338,4,1,29,1,1,0,316,1230,1097,21,-1,,0.1307471264367816,0.532860824742268,,,1413,1251
339,339,5,1,29,1,1,1,316,1230,130,21,96,METHODS,0.057622504537205084,0.532860824742268,title_line_1,METHODS,446,1251
340,340,5,1,29,1,1,2,455,1231,56,20,96,AND,0.07304900181488204,0.5330756013745704,title_line_1,AND,511,1251
341,341,5,1,29,1,1,3,520,1230,164,21,96,APPARATUS,0.0910465819721718,0.532860824742268,title_line_1,APPARATUS,684,1251
342,342,5,1,29,1,1,4,694,1230,54,21,96,FOR,0.10904416212946158,0.532860824742268,title_line_1,FOR,748,1251
343,343,5,1,29,1,1,5,757,1230,120,21,95,COMMON,0.1235632183908046,0.532860824742268,title_line_1,COMMON,877,1251
344,344,5,1,29,1,1,6,888,1230,128,21,96,CHANNEL,0.14398064125831822,0.532860824742268,title_line_1,CHANNEL,1016,1251
345,345,5,1,29,1,1,7,1026,1230,187,21,95,CANCELLATION,0.169313369630974,0.532860824742268,title_line_1,CANCELLATION,1213,1251
346,346,5,1,29,1,1,8,1216,1231,49,20,95,IN,0.18761343012704174,0.5330756013745704,title_line_1,IN,1265,1251
347,347,5,1,29,1,1,9,1275,1230,138,21,96,WIRELESS,0.20326678765880218,0.532860824742268,title_line_1,WIRELESS,1413,1251
348,348,2,1,30,0,0,0,884,1339,583,122,-1,,0.17778281911675742,0.6013745704467354,,,1467,1461
349,349,3,1,30,1,0,0,884,1339,583,122,-1,,0.17778281911675742,0.6013745704467354,,,1467,1461
350,350,4,1,30,1,1,0,884,1339,583,23,-1,,0.17778281911675742,0.5801116838487973,,,1467,1362
351,351,5,1,30,1,1,1,884,1339,39,18,88,that,0.1366454930429522,0.5790378006872853,,,923,1357
352,352,5,1,30,1,1,2,930,1339,15,18,88,is,0.14178765880217786,0.5790378006872853,,,945,1357
353,353,5,1,30,1,1,3,952,1339,109,23,96,configured,0.15222323049001815,0.5801116838487973,,,1061,1362
354,354,5,1,30,1,1,4,1068,1340,19,17,96,to,0.1629612825166364,0.5792525773195877,,,1087,1357
355,355,5,1,30,1,1,5,1093,1340,93,22,96,generate,0.1723381730187538,0.5803264604810997,,,1186,1362
356,356,5,1,30,1,1,6,1193,1339,32,18,96,the,0.18284936479128858,0.5790378006872853,,,1225,1357
357,357,5,1,30,1,1,7,1232,1344,89,13,96,common,0.19305807622504537,0.5801116838487973,,,1321,1357
358,358,5,1,30,1,1,8,1329,1339,76,18,96,channel,0.20674531155474893,0.5790378006872853,,,1405,1357
359,359,5,1,30,1,1,9,1408,1339,59,18,95,error,0.21740774349667272,0.5790378006872853,,,1467,1357
360,360,4,1,30,1,2,0,885,1372,581,23,-1,,0.17778281911675742,0.594286941580756,,,1466,1395
361,361,5,1,30,1,2,1,885,1372,62,19,96,based,0.1385359951603146,0.5934278350515464,,,947,1391
362,362,5,1,30,1,2,2,956,1377,25,14,96,on,0.14647610405323655,0.5945017182130584,,,981,1391
363,363,5,1,30,1,2,3,991,1372,31,19,96,the,0.15222323049001815,0.5934278350515464,,,1022,1391
364,364,5,1,30,1,2,4,1033,1373,123,22,96,parameters.,0.16553236539624924,0.5945017182130584,,,1156,1395
365,365,5,1,30,1,2,5,1167,1372,39,19,96,The,0.1794464609800363,0.5934278350515464,,,1206,1391
366,366,5,1,30,1,2,6,1216,1372,68,19,96,mobile,0.18905021173623715,0.5934278350515464,,,1284,1391
367,367,5,1,30,1,2,7,1293,1372,68,19,96,station,0.20069570477918935,0.5934278350515464,,,1361,1391
368,368,5,1,30,1,2,8,1373,1377,43,18,96,may,0.21090441621294617,0.595360824742268,,,1416,1395
369,369,5,1,30,1,2,9,1424,1372,42,19,96,also,0.21854204476709013,0.5934278350515464,,,1466,1391
370,370,4,1,30,1,3,0,885,1405,581,23,-1,,0.17778281911675742,0.6084621993127147,,,1466,1428
371,371,5,1,30,1,3,1,885,1405,73,18,96,include,0.13936781609195403,0.6073883161512027,,,958,1423
372,372,5,1,30,1,3,2,967,1410,24,13,96,an,0.14806412583182094,0.6084621993127147,,,991,1423
373,373,5,1,30,1,3,3,1000,1405,51,18,96,adder,0.15509679370840895,0.6073883161512027,,,1051,1423
374,374,5,1,30,1,3,4,1053,1405,46,18,96,that,0.16273442226255294,0.6073883161512027,,,1099,1423
375,375,5,1,30,1,3,5,1100,1405,30,18,96,is,0.16863278886872354,0.6073883161512027,,,1130,1423
376,376,5,1,30,1,3,6,1138,1405,109,23,96,configured,0.18035390199637025,0.6084621993127147,,,1247,1428
377,377,5,1,30,1,3,7,1256,1406,19,17,97,to,0.19139443436176648,0.6076030927835051,,,1275,1423
378,378,5,1,30,1,3,8,1283,1405,84,18,96,subtract,0.20039322444041138,0.6073883161512027,,,1367,1423
379,379,5,1,30,1,3,9,1374,1405,32,18,93,the,0.2102238354506957,0.6073883161512027,,,1406,1423
380,380,5,1,30,1,3,10,1415,1410,51,13,92,com-,0.2178614640048397,0.6084621993127147,,,1466,1423
381,381,4,1,30,1,4,0,885,1438,497,23,-1,,0.17143073200241984,0.6226374570446735,,,1382,1461
382,382,5,1,30,1,4,1,885,1442,43,14,96,mon,0.13709921355111918,0.6224226804123711,,,928,1456
383,383,5,1,30,1,4,2,938,1438,76,18,96,channel,0.14761040532365396,0.6215635738831615,,,1014,1456
384,384,5,1,30,1,4,3,1017,1438,60,18,96,error,0.15834845735027223,0.6215635738831615,,,1077,1456
385,385,5,1,30,1,4,4,1084,1438,46,18,96,from,0.16742286751361163,0.6215635738831615,,,1130,1456
386,386,5,1,30,1,4,5,1139,1438,88,18,96,received,0.17891712038717483,0.6215635738831615,,,1227,1456
387,387,5,1,30,1,4,6,1235,1438,45,18,96,data,0.19018451300665457,0.6215635738831615,,,1280,1456
388,388,5,1,30,1,4,7,1289,1438,93,23,96,samples.,0.20198124621899577,0.6226374570446735,,,1382,1461
389,389,2,1,31,0,0,0,415,1698,855,33,-1,,0.12741984271022383,0.7364690721649485,,,1270,1731
390,390,3,1,31,1,0,0,415,1698,855,33,-1,,0.12741984271022383,0.7364690721649485,,,1270,1731
391,391,4,1,31,1,1,0,415,1698,855,33,-1,,0.12741984271022383,0.7364690721649485,,,1270,1731
392,392,5,1,31,1,1,1,415,1698,121,25,96,Estimate,0.07191470054446461,0.7347508591065293,,,536,1723
393,393,5,1,31,1,1,2,547,1699,159,31,96,parameters,0.09475196612220206,0.7364690721649485,,,706,1730
394,394,5,1,31,1,1,3,716,1698,38,25,96,for,0.11116152450090744,0.7347508591065293,,,754,1723
395,395,5,1,31,1,1,4,763,1698,149,33,96,generating,0.1266636418632789,0.7364690721649485,,,912,1731
396,396,5,1,31,1,1,5,924,1704,15,19,96,a,0.14088021778584392,0.7360395189003437,,,939,1723
397,397,5,1,31,1,1,6,950,1704,103,19,96,common,0.1514670296430732,0.7360395189003437,,,1053,1723
398,398,5,1,31,1,1,7,1056,1698,135,25,96,channel,0.16991833030852996,0.7347508591065293,,,1191,1723
399,399,5,1,31,1,1,8,1203,1704,67,19,96,error,0.1870084694494858,0.7360395189003437,,,1270,1723
400,400,2,1,32,0,0,0,403,1851,877,31,-1,,0.12726860254083486,0.8017611683848798,,,1280,1882
401,401,3,1,32,1,0,0,403,1851,877,31,-1,,0.12726860254083486,0.8017611683848798,,,1280,1882
402,402,4,1,32,1,1,0,403,1851,877,31,-1,,0.12726860254083486,0.8017611683848798,,,1280,1882
403,403,5,1,32,1,1,1,403,1851,131,25,96,Generate,0.07085601935874168,0.8004725085910653,,,534,1876
404,404,5,1,32,1,1,2,543,1851,44,25,96,the,0.08545069570477919,0.8004725085910653,,,587,1876
405,405,5,1,32,1,1,3,598,1857,119,19,95,common,0.09944041137326073,0.8017611683848798,,,717,1876
406,406,5,1,32,1,1,4,729,1851,108,25,95,channel,0.11842105263157894,0.8004725085910653,,,837,1876
407,407,5,1,32,1,1,5,850,1857,67,19,96,error,0.1336206896551724,0.8017611683848798,,,917,1876
408,408,5,1,32,1,1,6,927,1851,83,25,96,based,0.14647610405323655,0.8004725085910653,,,1010,1876
409,409,5,1,32,1,1,7,1022,1857,33,19,95,on,0.1570629159104658,0.8017611683848798,,,1055,1876
410,410,5,1,32,1,1,8,1066,1851,44,25,95,the,0.1645493042952208,0.8004725085910653,,,1110,1876
411,411,5,1,32,1,1,9,1121,1852,159,30,96,parameters,0.18156382335148216,0.8019759450171822,,,1280,1882
412,412,2,1,33,0,0,0,390,2003,901,31,-1,,0.12711736237144586,0.867053264604811,,,1291,2034
413,413,3,1,33,1,0,0,390,2003,901,31,-1,,0.12711736237144586,0.867053264604811,,,1291,2034
414,414,4,1,33,1,1,0,390,2003,901,31,-1,,0.12711736237144586,0.867053264604811,,,1291,2034
415,415,5,1,33,1,1,1,390,2003,118,25,96,Subtract,0.06790683605565638,0.8657646048109966,,,508,2028
416,416,5,1,33,1,1,2,518,2003,43,25,96,the,0.08159407138535996,0.8657646048109966,,,561,2028
417,417,5,1,33,1,1,3,572,2009,119,19,96,common,0.095508166969147,0.867053264604811,,,691,2028
418,418,5,1,33,1,1,4,704,2003,102,25,96,channel,0.11418632788868724,0.8657646048109966,,,806,2028
419,419,5,1,33,1,1,5,809,2003,82,25,96,error,0.12855414398064124,0.8657646048109966,,,891,2028
420,420,5,1,33,1,1,6,900,2003,62,25,96,from,0.14080459770114942,0.8657646048109966,,,962,2028
421,421,5,1,33,1,1,7,975,2003,117,25,96,received,0.15630671506352087,0.8657646048109966,,,1092,2028
422,422,5,1,33,1,1,8,1103,2003,60,25,95,data,0.17135511191772534,0.8657646048109966,,,1163,2028
423,423,5,1,33,1,1,9,1174,2003,117,31,96,samples,0.18640350877192982,0.867053264604811,,,1291,2034
424,424,2,1,34,0,0,0,359,1642,999,416,-1,,0.12983968542044766,0.7946735395189003,,,1358,2058
425,425,3,1,34,1,0,0,359,1642,999,416,-1,,0.12983968542044766,0.7946735395189003,,,1358,2058
426,426,4,1,34,1,1,0,359,1642,999,416,-1,,0.12983968542044766,0.7946735395189003,,,1358,2058
427,427,5,1,34,1,1,1,359,1642,999,416,95, ,0.12983968542044766,0.7946735395189003,,,1358,2058
428,428,2,1,35,0,0,0,780,2083,171,51,-1,,0.1308983666061706,0.905713058419244,,,951,2134
429,429,3,1,35,1,0,0,780,2083,171,51,-1,,0.1308983666061706,0.905713058419244,,,951,2134
430,430,4,1,35,1,1,0,780,2083,171,51,-1,,0.1308983666061706,0.905713058419244,,,951,2134
431,431,5,1,35,1,1,1,780,2083,117,51,95,FIG.,0.12681488203266789,0.905713058419244,,,897,2134
432,432,5,1,35,1,1,2,920,2085,31,48,95,7,0.1414851784633999,0.9059278350515464,,,951,2133
433,433,2,1,36,0,0,0,716,2270,259,16,-1,,0.1278735632183908,0.9785223367697594,,,975,2286
434,434,3,1,36,1,0,0,716,2270,259,16,-1,,0.1278735632183908,0.9785223367697594,,,975,2286
435,435,4,1,36,1,1,0,716,2270,259,16,-1,,0.1278735632183908,0.9785223367697594,,,975,2286
436,436,5,1,36,1,1,1,716,2270,49,12,96,Printed,0.11199334543254688,0.9776632302405498,,,765,2282
437,437,5,1,36,1,1,2,771,2270,15,16,96,by,0.1177404718693285,0.9785223367697594,,,786,2286
438,438,5,1,36,1,1,3,792,2270,45,14,96,"Jouve,",0.12318511796733213,0.9780927835051546,,,837,2284
439,439,5,1,36,1,1,4,843,2270,41,12,96,75001,0.13059588626739263,0.9776632302405498,,,884,2282
440,440,5,1,36,1,1,5,893,2270,46,12,96,PARIS,0.1385359951603146,0.9776632302405498,,,939,2282
441,441,5,1,36,1,1,6,945,2270,30,16,95,(FR),0.14519056261343014,0.9785223367697594,,,975,2286
