,Unnamed: 0,level,page_num,block_num,par_num,line_num,word_num,left,top,width,height,conf,text,x,y,label,target,right,bottom
0,0,1,1,0,0,0,0,0,0,1653,2328,-1,,0.125,0.5,,,1653,2328
1,1,2,1,1,0,0,0,144,1905,31,328,-1,,0.02412280701754386,0.8887457044673539,,,175,2233
2,2,3,1,1,1,0,0,144,1905,31,328,-1,,0.02412280701754386,0.8887457044673539,,,175,2233
3,3,4,1,1,1,1,0,144,1905,31,328,-1,,0.02412280701754386,0.8887457044673539,,,175,2233
4,4,5,1,1,1,1,1,144,2179,30,54,94,EP,0.024047186932849365,0.947594501718213,,,174,2233
5,5,5,1,1,1,1,2,144,2142,31,21,96,3,0.02412280701754386,0.9246134020618557,,,175,2163
6,6,5,1,1,1,1,3,144,2061,31,65,94,401,0.02412280701754386,0.8992697594501718,,,175,2126
7,7,5,1,1,1,1,4,144,1969,31,70,93,052,0.02412280701754386,0.8608247422680413,,,175,2039
8,8,5,1,1,1,1,5,144,1905,30,50,88,A1,0.024047186932849365,0.8290378006872853,,,174,1955
9,9,2,1,2,0,0,0,429,153,88,28,-1,,0.07153660012099214,0.07173539518900343,,,517,181
10,10,3,1,2,1,0,0,429,153,88,28,-1,,0.07153660012099214,0.07173539518900343,,,517,181
11,11,4,1,2,1,1,0,429,153,88,16,-1,,0.07153660012099214,0.06915807560137457,,,517,169
12,12,5,1,2,1,1,1,429,153,88,16,84,Europaisches,0.07153660012099214,0.06915807560137457,,,517,169
13,13,4,1,2,1,2,0,429,170,71,11,-1,,0.07025105868118572,0.07538659793814433,,,500,181
14,14,5,1,2,1,2,1,429,170,71,11,96,Patentamt,0.07025105868118572,0.07538659793814433,,,500,181
15,15,2,1,3,0,0,0,429,196,89,28,-1,,0.07161222020568662,0.09020618556701031,,,518,224
16,16,3,1,3,1,0,0,429,196,89,28,-1,,0.07161222020568662,0.09020618556701031,,,518,224
17,17,4,1,3,1,1,0,429,196,63,15,-1,,0.06964609800362977,0.08741408934707903,,,492,211
18,18,5,1,3,1,1,1,429,196,63,15,95,European,0.06964609800362977,0.08741408934707903,,,492,211
19,19,4,1,3,1,2,0,429,212,89,12,-1,,0.07161222020568662,0.0936426116838488,,,518,224
20,20,5,1,3,1,2,1,429,213,43,11,96,Patent,0.06813369630973987,0.0938573883161512,,,472,224
21,21,5,1,3,1,2,2,478,212,40,12,90,Office,0.07531760435571688,0.0936426116838488,,,518,224
22,22,2,1,4,0,0,0,429,239,109,28,-1,,0.07312462189957653,0.10867697594501718,,,538,267
23,23,3,1,4,1,0,0,429,239,109,28,-1,,0.07312462189957653,0.10867697594501718,,,538,267
24,24,4,1,4,1,1,0,429,239,109,15,-1,,0.07312462189957653,0.10588487972508591,,,538,254
25,25,5,1,4,1,1,1,429,239,40,12,93,Office,0.06790683605565638,0.1052405498281787,,,469,251
26,26,5,1,4,1,1,2,474,239,64,15,93,europ√©en,0.0765275257108288,0.10588487972508591,,,538,254
27,27,4,1,4,1,2,0,429,255,77,12,-1,,0.0707047791893527,0.11211340206185567,,,506,267
28,28,5,1,4,1,2,1,429,255,22,12,95,des,0.06654567453115548,0.11211340206185567,,,451,267
29,29,5,1,4,1,2,2,457,255,49,12,82,brevets,0.07282214156079855,0.11211340206185567,,,506,267
30,30,2,1,5,0,0,0,281,136,274,150,-1,,0.06321839080459771,0.09063573883161512,,,555,286
31,31,3,1,5,1,0,0,281,136,274,150,-1,,0.06321839080459771,0.09063573883161512,,,555,286
32,32,4,1,5,1,1,0,281,136,274,150,-1,,0.06321839080459771,0.09063573883161512,,,555,286
33,33,5,1,5,1,1,1,281,136,274,150,95, ,0.06321839080459771,0.09063573883161512,,,555,286
34,34,2,1,6,0,0,0,225,324,45,26,-1,,0.037431941923774956,0.14475945017182132,,,270,350
35,35,3,1,6,1,0,0,225,324,45,26,-1,,0.037431941923774956,0.14475945017182132,,,270,350
36,36,4,1,6,1,1,0,225,324,45,26,-1,,0.037431941923774956,0.14475945017182132,,,270,350
37,37,5,1,6,1,1,1,225,324,45,26,96,(12),0.037431941923774956,0.14475945017182132,,,270,350
38,38,2,1,7,0,0,0,225,395,378,53,-1,,0.06261343012704174,0.18105670103092783,,,603,448
39,39,3,1,7,1,0,0,225,395,378,53,-1,,0.06261343012704174,0.18105670103092783,,,603,448
40,40,4,1,7,1,1,0,225,395,262,26,-1,,0.05384150030248034,0.17525773195876287,,,487,421
41,41,5,1,7,1,1,1,225,395,45,26,95,(43),0.037431941923774956,0.17525773195876287,,,270,421
42,42,5,1,7,1,1,2,286,397,48,18,95,Date,0.04688445251058681,0.17439862542955326,,,334,415
43,43,5,1,7,1,1,3,342,397,20,18,96,of,0.05323653962492438,0.17439862542955326,,,362,415
44,44,5,1,7,1,1,4,370,397,117,23,96,publication:,0.0648064125831821,0.17547250859106528,,,487,420
45,45,4,1,7,1,2,0,287,430,316,18,-1,,0.06730187537810042,0.18857388316151202,,,603,448
46,46,5,1,7,1,2,1,287,430,116,18,95,14.11.2018,0.052177858439201454,0.18857388316151202,publication_date,14.11.2018,403,448
47,47,5,1,7,1,2,2,426,430,84,18,95,Bulletin,0.07078039927404718,0.18857388316151202,,,510,448
48,48,5,1,7,1,2,3,519,430,84,18,96,2018/46,0.08484573502722323,0.18857388316151202,,,603,448
49,49,2,1,8,0,0,0,225,493,402,26,-1,,0.06442831215970962,0.21735395189003437,,,627,519
50,50,3,1,8,1,0,0,225,493,402,26,-1,,0.06442831215970962,0.21735395189003437,,,627,519
51,51,4,1,8,1,1,0,225,493,402,26,-1,,0.06442831215970962,0.21735395189003437,,,627,519
52,52,5,1,8,1,1,1,225,493,45,26,96,(21),0.037431941923774956,0.21735395189003437,,,270,519
53,53,5,1,8,1,1,2,285,495,115,23,96,Application,0.051799758015728975,0.21756872852233677,,,400,518
54,54,5,1,8,1,1,3,410,495,83,18,93,number:,0.06828493647912885,0.21649484536082475,,,493,513
55,55,5,1,8,1,1,4,505,495,122,18,92,18178481.0,0.08560193587416817,0.21649484536082475,application_number,18178481,627,513
56,56,2,1,9,0,0,0,225,559,325,26,-1,,0.05860556563823351,0.24570446735395188,,,550,585
57,57,3,1,9,1,0,0,225,559,325,26,-1,,0.05860556563823351,0.24570446735395188,,,550,585
58,58,4,1,9,1,1,0,225,559,325,26,-1,,0.05860556563823351,0.24570446735395188,,,550,585
59,59,5,1,9,1,1,1,225,559,45,26,96,(22),0.037431941923774956,0.24570446735395188,,,270,585
60,60,5,1,9,1,1,2,286,561,48,18,96,Date,0.04688445251058681,0.24484536082474226,,,334,579
61,61,5,1,9,1,1,3,342,566,12,13,96,of,0.05263157894736842,0.24591924398625428,,,354,579
62,62,5,1,9,1,1,4,355,561,67,23,96,filing:,0.058756805807622506,0.24591924398625428,,,422,584
63,63,5,1,9,1,1,5,432,561,118,18,85,07.11.2012,0.07425892316999395,0.24484536082474226,filing_date,07.11.2012,550,579
64,64,2,1,10,0,0,0,1002,245,458,38,-1,,0.18617664851784635,0.1134020618556701,,,1460,283
65,65,3,1,10,1,0,0,1002,245,458,38,-1,,0.18617664851784635,0.1134020618556701,,,1460,283
66,66,4,1,10,1,1,0,1002,245,458,38,-1,,0.18617664851784635,0.1134020618556701,,,1460,283
67,67,5,1,10,1,1,1,1002,256,44,27,74,(11),0.15486993345432548,0.11576460481099657,,,1046,283
68,68,5,1,10,1,1,2,1146,245,52,32,95,EP,0.17725347852389595,0.11211340206185567,number,EP,1198,277
69,69,5,1,10,1,1,3,1214,245,20,32,96,3,0.1851179673321234,0.11211340206185567,number,3,1234,277
70,70,5,1,10,1,1,4,1248,245,64,32,95,401,0.19358741681790684,0.11211340206185567,number,401,1312,277
71,71,5,1,10,1,1,5,1332,245,67,32,90,052,0.20651845130066546,0.11211340206185567,number,052,1399,277
72,72,5,1,10,1,1,6,1413,245,47,32,88,A1,0.21725650332728372,0.11211340206185567,number,A1,1460,277
73,73,2,1,11,0,0,0,577,319,537,26,-1,,0.1278735632183908,0.14261168384879724,,,1114,345
74,74,3,1,11,1,0,0,577,319,537,26,-1,,0.1278735632183908,0.14261168384879724,,,1114,345
75,75,4,1,11,1,1,0,577,319,537,26,-1,,0.1278735632183908,0.14261168384879724,,,1114,345
76,76,5,1,11,1,1,1,577,319,156,26,95,EUROPEAN,0.09906231094978826,0.14261168384879724,,,733,345
77,77,5,1,11,1,1,2,735,320,135,24,95,PATENT,0.12137023593466424,0.14261168384879724,,,870,344
78,78,5,1,11,1,1,3,873,319,241,26,96,APPLICATION,0.1502571082879613,0.14261168384879724,,,1114,345
79,79,2,1,12,0,0,0,862,395,272,81,-1,,0.15093768905021174,0.1870704467353952,,,1134,476
80,80,3,1,12,1,0,0,862,395,272,81,-1,,0.15093768905021174,0.1870704467353952,,,1134,476
81,81,4,1,12,1,1,0,862,395,126,26,-1,,0.13989715668481548,0.17525773195876287,,,988,421
82,82,5,1,12,1,1,1,862,395,44,26,67,(51),0.1336963097398669,0.17525773195876287,,,906,421
83,83,5,1,12,1,1,2,923,397,25,18,93,Int,0.1414851784633999,0.17439862542955326,,,948,415
84,84,5,1,12,1,1,3,955,397,33,18,65,Cl:,0.14692982456140352,0.17439862542955326,,,988,415
85,85,4,1,12,1,2,0,922,425,199,21,-1,,0.15449183303085298,0.1870704467353952,,,1121,446
86,86,5,1,12,1,2,1,922,428,62,18,92,B23K,0.1441318814277072,0.1877147766323024,class_international,B23K,984,446
87,87,5,1,12,1,2,2,990,428,59,18,78,26/20,0.154189352692075,0.1877147766323024,class_international,26/20,1049,446
88,88,5,1,12,1,2,3,1054,425,67,16,82,(2014.07),0.16447368421052633,0.18599656357388317,,,1121,441
89,89,4,1,12,1,3,0,922,455,212,21,-1,,0.15547489413188142,0.19995704467353953,,,1134,476
90,90,5,1,12,1,3,1,922,458,61,18,92,B23K,0.1440562613430127,0.20060137457044674,,,983,476
91,91,5,1,12,1,3,2,992,458,70,18,92,103/18,0.15532365396249243,0.20060137457044674,,,1062,476
92,92,5,1,12,1,3,3,1067,455,67,16,69,(2096.01),0.16643980641258319,0.19888316151202748,,,1134,471
93,93,2,1,13,0,0,0,1195,425,197,21,-1,,0.1956291591046582,0.1870704467353952,,,1392,446
94,94,3,1,13,1,0,0,1195,425,197,21,-1,,0.1956291591046582,0.1870704467353952,,,1392,446
95,95,4,1,13,1,1,0,1195,425,197,21,-1,,0.1956291591046582,0.1870704467353952,,,1392,446
96,96,5,1,13,1,1,1,1195,428,58,18,68,CO3B,0.1851179673321234,0.1877147766323024,,,1253,446
97,97,5,1,13,1,1,2,1261,428,59,18,81,23/20,0.19517543859649122,0.1877147766323024,,,1320,446
98,98,5,1,13,1,1,3,1325,425,67,16,79,(2006.04),0.20545977011494254,0.18599656357388317,,,1392,441
99,99,2,1,14,0,0,0,224,613,1243,4,-1,,0.1278735632183908,0.26417525773195877,,,1467,617
100,100,3,1,14,1,0,0,224,613,1243,4,-1,,0.1278735632183908,0.26417525773195877,,,1467,617
101,101,4,1,14,1,1,0,224,613,1243,4,-1,,0.1278735632183908,0.26417525773195877,,,1467,617
102,102,5,1,14,1,1,1,224,613,1243,4,95, ,0.1278735632183908,0.26417525773195877,,,1467,617
103,103,2,1,15,0,0,0,225,631,599,119,-1,,0.07932546884452511,0.296606529209622,,,824,750
104,104,3,1,15,1,0,0,225,631,599,119,-1,,0.07932546884452511,0.296606529209622,,,824,750
105,105,4,1,15,1,1,0,225,631,388,27,-1,,0.0633696309739867,0.2768470790378007,,,613,658
106,106,5,1,15,1,1,1,225,631,45,27,96,(84),0.037431941923774956,0.2768470790378007,,,270,658
107,107,5,1,15,1,1,2,286,633,118,23,96,Designated,0.052177858439201454,0.2768470790378007,,,404,656
108,108,5,1,15,1,1,3,413,633,119,23,96,Contracting,0.07146098003629764,0.2768470790378007,,,532,656
109,109,5,1,15,1,1,4,542,633,71,19,96,States:,0.08734119782214156,0.2759879725085911,,,613,652
110,110,4,1,15,1,2,0,285,666,537,18,-1,,0.08371143375680581,0.28994845360824745,,,822,684
111,111,5,1,15,1,2,1,285,666,31,18,94,AL,0.04544767090139141,0.28994845360824745,,,316,684
112,112,5,1,15,1,2,2,323,666,31,18,94,AT,0.05119479733817302,0.28994845360824745,,,354,684
113,113,5,1,15,1,2,3,363,666,30,18,96,BE,0.05716878402903811,0.28994845360824745,,,393,684
114,114,5,1,15,1,2,4,403,666,32,18,96,BG,0.0633696309739867,0.28994845360824745,,,435,684
115,115,5,1,15,1,2,5,445,666,31,18,96,CH,0.06964609800362977,0.28994845360824745,,,476,684
116,116,5,1,15,1,2,6,486,666,32,18,95,CY,0.07592256503327284,0.28994845360824745,,,518,684
117,117,5,1,15,1,2,7,526,666,30,18,93,CZ,0.08182093163944344,0.28994845360824745,,,556,684
118,118,5,1,15,1,2,8,565,666,30,18,93,DE,0.08771929824561403,0.28994845360824745,,,595,684
119,119,5,1,15,1,2,9,605,666,32,18,95,DK,0.09392014519056262,0.28994845360824745,,,637,684
120,120,5,1,15,1,2,10,646,666,29,18,95,EE,0.0998941318814277,0.28994845360824745,,,675,684
121,121,5,1,15,1,2,11,684,666,29,18,93,ES,0.10564125831820932,0.28994845360824745,,,713,684
122,122,5,1,15,1,2,12,723,666,57,18,90,FIFR,0.11365698729582577,0.28994845360824745,,,780,684
123,123,5,1,15,1,2,13,788,666,34,18,95,GB,0.12174833635813673,0.28994845360824745,,,822,684
124,124,4,1,15,1,3,0,285,699,539,18,-1,,0.0838626739261948,0.30412371134020616,,,824,717
125,125,5,1,15,1,3,1,285,699,297,18,83,GRHRHUIEISITLILTLU,0.06556261343012704,0.30412371134020616,,,582,717
126,126,5,1,15,1,3,2,591,699,28,18,85,LV,0.09150030248033877,0.30412371134020616,,,619,717
127,127,5,1,15,1,3,3,627,699,35,18,85,MC,0.09747428917120388,0.30412371134020616,,,662,717
128,128,5,1,15,1,3,4,670,699,35,18,94,MK,0.10397761645493044,0.30412371134020616,,,705,717
129,129,5,1,15,1,3,5,713,699,32,18,91,MT,0.11025408348457351,0.30412371134020616,,,745,717
130,130,5,1,15,1,3,6,753,699,29,18,49,NL,0.11607683000604961,0.30412371134020616,,,782,717
131,131,5,1,15,1,3,7,791,699,33,18,49,NO,0.1221264367816092,0.30412371134020616,,,824,717
132,132,4,1,15,1,4,0,286,732,336,18,-1,,0.06866303690260134,0.31829896907216493,,,622,750
133,133,5,1,15,1,4,1,286,732,28,18,93,PL,0.045372050816696916,0.31829896907216493,,,314,750
134,134,5,1,15,1,4,2,323,732,29,18,92,PT,0.05104355716878403,0.31829896907216493,,,352,750
135,135,5,1,15,1,4,3,360,732,58,18,92,RORS,0.058832425892317,0.31829896907216493,,,418,750
136,136,5,1,15,1,4,4,420,732,52,18,92,SE,0.06745311554748941,0.31829896907216493,,,472,750
137,137,5,1,15,1,4,5,480,732,20,18,95,SI,0.07410768300060495,0.31829896907216493,,,500,750
138,138,5,1,15,1,4,6,510,732,31,18,93,SK,0.0794767090139141,0.31829896907216493,,,541,750
139,139,5,1,15,1,4,7,550,732,72,18,90,SMTR,0.08862673926194797,0.31829896907216493,,,622,750
140,140,2,1,16,0,0,0,225,795,491,27,-1,,0.07115849969751967,0.3472938144329897,,,716,822
141,141,3,1,16,1,0,0,225,795,491,27,-1,,0.07115849969751967,0.3472938144329897,,,716,822
142,142,4,1,16,1,1,0,225,795,491,27,-1,,0.07115849969751967,0.3472938144329897,,,716,822
143,143,5,1,16,1,1,1,225,795,45,27,96,(30),0.037431941923774956,0.3472938144329897,,,270,822
144,144,5,1,16,1,1,2,286,797,77,23,96,Priority:,0.04907743496672716,0.3472938144329897,,,363,820
145,145,5,1,16,1,1,3,383,797,116,19,95,08.11.2011,0.06669691470054447,0.34643470790378006,priority_date_eu,08.11.2011,499,816
146,146,5,1,16,1,1,4,520,797,30,19,96,US,0.0809134906231095,0.34643470790378006,,,550,816
147,147,5,1,16,1,1,5,559,797,157,19,96,201113291956,0.09641560798548095,0.34643470790378006,,,716,816
148,148,2,1,17,0,0,0,225,861,596,86,-1,,0.07909860859044163,0.38831615120274915,,,821,947
149,149,3,1,17,1,0,0,225,861,596,86,-1,,0.07909860859044163,0.38831615120274915,,,821,947
150,150,4,1,17,1,1,0,225,861,596,26,-1,,0.07909860859044163,0.3754295532646048,,,821,887
151,151,5,1,17,1,1,1,225,861,45,26,96,(62),0.037431941923774956,0.3754295532646048,,,270,887
152,152,5,1,17,1,1,2,286,863,107,18,96,Document,0.05134603750756201,0.3745704467353952,,,393,881
153,153,5,1,17,1,1,3,402,863,105,23,96,number(s),0.06873865698729582,0.3756443298969072,,,507,886
154,154,5,1,17,1,1,4,516,863,20,18,96,of,0.07955232909860858,0.3745704467353952,,,536,881
155,155,5,1,17,1,1,5,542,863,32,18,96,the,0.08439201451905626,0.3745704467353952,,,574,881
156,156,5,1,17,1,1,6,583,863,65,18,96,earlier,0.09308832425892317,0.3745704467353952,,,648,881
157,157,5,1,17,1,1,7,655,863,140,23,94,application(s),0.10964912280701754,0.3756443298969072,,,795,886
158,158,5,1,17,1,1,8,805,863,16,18,96,in,0.12295825771324864,0.3745704467353952,,,821,881
159,159,4,1,17,1,2,0,286,895,308,19,-1,,0.06654567453115548,0.38853092783505155,,,594,914
160,160,5,1,17,1,2,1,286,895,109,19,96,accordance,0.051497277676950996,0.38853092783505155,,,395,914
161,161,5,1,17,1,2,2,395,895,60,19,96,with,0.06427707199032062,0.38853092783505155,,,455,914
162,162,5,1,17,1,2,3,464,895,35,19,96,Art.,0.07282214156079855,0.38853092783505155,,,499,914
163,163,5,1,17,1,2,4,508,895,25,19,96,76,0.07872050816696914,0.38853092783505155,,,533,914
164,164,5,1,17,1,2,5,542,895,52,19,96,EPC:,0.08590441621294616,0.38853092783505155,,,594,914
165,165,4,1,17,1,3,0,286,929,250,18,-1,,0.06215970961887477,0.4029209621993127,,,536,947
166,166,5,1,17,1,3,1,286,929,124,18,92,12846875.8,0.05263157894736842,0.4029209621993127,,,410,947
167,167,5,1,17,1,3,2,417,929,7,18,90,/,0.06359649122807018,0.4029209621993127,,,424,947
168,168,5,1,17,1,3,3,432,929,11,18,85,2,0.066167574107683,0.4029209621993127,,,443,947
169,169,5,1,17,1,3,4,451,929,38,18,85,776,0.07108287961282517,0.4029209621993127,,,489,947
170,170,5,1,17,1,3,5,498,929,38,18,96,205,0.07819116757410768,0.4029209621993127,,,536,947
171,171,2,1,18,0,0,0,225,992,476,58,-1,,0.07002419842710224,0.438573883161512,,,701,1050
172,172,3,1,18,1,0,0,225,992,476,58,-1,,0.07002419842710224,0.438573883161512,,,701,1050
173,173,4,1,18,1,1,0,225,992,476,26,-1,,0.07002419842710224,0.43170103092783507,,,701,1018
174,174,5,1,18,1,1,1,225,992,45,26,96,(71),0.037431941923774956,0.43170103092783507,,,270,1018
175,175,5,1,18,1,1,2,285,994,103,23,92,Applicant:,0.05089231699939504,0.4319158075601375,,,388,1017
176,176,5,1,18,1,1,3,397,994,104,18,92,PICOSYS,0.06790683605565638,0.43084192439862545,applicant_line_1,PICOSYS,501,1012
177,177,5,1,18,1,1,4,510,994,191,18,96,INCORPORATED,0.09157592256503327,0.43084192439862545,applicant_line_1,INCORPORATED,701,1012
178,178,4,1,18,1,2,0,286,1027,336,23,-1,,0.06866303690260134,0.44609106529209624,,,622,1050
179,179,5,1,18,1,2,1,286,1027,63,18,96,Santa,0.04801875378100424,0.44501718213058417,,,349,1045
180,180,5,1,18,1,2,2,358,1027,93,22,96,"Barbara,",0.06117664851784634,0.44587628865979384,,,451,1049
181,181,5,1,18,1,2,3,461,1027,32,18,96,CA,0.0721415607985481,0.44501718213058417,,,493,1045
182,182,5,1,18,1,2,4,501,1027,65,18,96,93103,0.08068663036902601,0.44501718213058417,,,566,1045
183,183,5,1,18,1,2,5,575,1027,47,23,96,(US),0.09051724137931035,0.44609106529209624,,,622,1050
184,184,2,1,19,0,0,0,225,1090,513,157,-1,,0.07282214156079855,0.5019329896907216,,,738,1247
185,185,3,1,19,1,0,0,225,1090,513,157,-1,,0.07282214156079855,0.5019329896907216,,,738,1247
186,186,4,1,19,1,1,0,225,1090,163,26,-1,,0.046355111917725345,0.4737972508591065,,,388,1116
187,187,5,1,19,1,1,1,225,1090,45,26,96,(72),0.037431941923774956,0.4737972508591065,,,270,1116
188,188,5,1,19,1,1,2,287,1092,101,18,96,Inventors:,0.05104355716878403,0.4729381443298969,,,388,1110
189,189,4,1,19,1,2,0,262,1125,309,23,-1,,0.06299153055051422,0.4881872852233677,,,571,1148
190,190,5,1,19,1,2,1,262,1131,7,7,54,*,0.04015426497277677,0.48732817869415807,,,269,1138
191,191,5,1,19,1,2,2,286,1125,93,23,96,"KARAM,",0.05028735632183908,0.4881872852233677,inventor_line_1,"KARAM,",379,1148
192,192,5,1,19,1,2,3,389,1125,104,23,95,"Raymond,",0.06669691470054447,0.4881872852233677,inventor_line_1,"Raymond,",493,1148
193,193,5,1,19,1,2,4,497,1125,74,22,96,Miller,0.08076225045372051,0.4879725085910653,inventor_line_1,Miller,571,1147
194,194,4,1,19,1,3,0,286,1158,452,23,-1,,0.07743496672716274,0.5023625429553265,,,738,1181
195,195,5,1,19,1,3,1,286,1158,63,18,96,Santa,0.04801875378100424,0.5012886597938144,,,349,1176
196,196,5,1,19,1,3,2,358,1158,93,22,96,"Barbara,",0.06117664851784634,0.502147766323024,,,451,1180
197,197,5,1,19,1,3,3,461,1158,32,18,96,CA,0.0721415607985481,0.5012886597938144,,,493,1176
198,198,5,1,19,1,3,4,502,1158,108,18,96,California,0.08408953418027829,0.5012886597938144,,,610,1176
199,199,5,1,19,1,3,5,618,1158,65,18,95,90105,0.0983817301875378,0.5012886597938144,,,683,1176
200,200,5,1,19,1,3,6,691,1158,47,23,96,(US),0.10806110102843315,0.5023625429553265,,,738,1181
201,201,4,1,19,1,4,0,262,1191,251,23,-1,,0.05860556563823351,0.5165378006872853,,,513,1214
202,202,5,1,19,1,4,1,262,1196,7,8,25,*¬´,0.04015426497277677,0.5154639175257731,,,269,1204
203,203,5,1,19,1,4,2,286,1191,117,18,91,"ROUSSOS,",0.052102238354506954,0.5154639175257731,,,403,1209
204,204,5,1,19,1,4,3,406,1191,107,23,96,Georges,0.06949485783424078,0.5165378006872853,,,513,1214
205,205,4,1,19,1,5,0,286,1224,395,23,-1,,0.07312462189957653,0.530713058419244,,,681,1247
206,206,5,1,19,1,5,1,286,1224,40,18,96,San,0.04627949183303085,0.529639175257732,,,326,1242
207,207,5,1,19,1,5,2,336,1224,59,21,96,"Jose,",0.05527828191167574,0.5302835051546392,,,395,1245
208,208,5,1,19,1,5,3,404,1224,33,18,95,CA,0.06359649122807018,0.529639175257732,,,437,1242
209,209,5,1,19,1,5,4,445,1224,108,18,95,California,0.07546884452510587,0.529639175257732,,,553,1242
210,210,5,1,19,1,5,5,561,1224,65,18,96,95119,0.0897610405323654,0.529639175257732,,,626,1242
211,211,5,1,19,1,5,6,635,1224,46,23,96,(US),0.09951603145795523,0.530713058419244,,,681,1247
212,212,2,1,20,0,0,0,845,614,2,665,-1,,0.1279491833030853,0.4065721649484536,,,847,1279
213,213,3,1,20,1,0,0,845,614,2,665,-1,,0.1279491833030853,0.4065721649484536,,,847,1279
214,214,4,1,20,1,1,0,845,614,2,665,-1,,0.1279491833030853,0.4065721649484536,,,847,1279
215,215,5,1,20,1,1,1,845,614,2,665,95, ,0.1279491833030853,0.4065721649484536,,,847,1279
216,216,2,1,21,0,0,0,898,633,477,187,-1,,0.17188445251058682,0.3120704467353952,,,1375,820
217,217,3,1,21,1,0,0,898,633,178,22,-1,,0.14927404718693285,0.2766323024054983,,,1076,655
218,218,4,1,21,1,1,0,898,633,178,22,-1,,0.14927404718693285,0.2766323024054983,,,1076,655
219,219,5,1,21,1,1,1,898,639,7,7,59,¬´,0.13634301270417423,0.2759879725085911,,,905,646
220,220,5,1,21,1,1,2,923,633,90,22,90,"FINKLE,",0.14640048396854205,0.2766323024054983,,,1013,655
221,221,5,1,21,1,1,3,1022,633,54,19,96,Mark,0.15865093768905023,0.2759879725085911,,,1076,652
222,222,3,1,21,2,0,0,898,666,389,55,-1,,0.16522988505747127,0.2978951890034364,,,1287,721
223,223,4,1,21,2,1,0,922,666,365,23,-1,,0.16704476709013913,0.29102233676975947,,,1287,689
224,224,5,1,21,2,1,1,922,666,78,22,95,"Goleta,",0.1453418027828191,0.29080756013745707,,,1000,688
225,225,5,1,21,2,1,2,1010,666,33,18,95,CA,0.15524803387779795,0.28994845360824745,,,1043,684
226,226,5,1,21,2,1,3,1050,666,108,18,96,California,0.16696914700544466,0.28994845360824745,,,1158,684
227,227,5,1,21,2,1,4,1167,666,65,18,96,93117,0.18141258318209316,0.28994845360824745,,,1232,684
228,228,5,1,21,2,1,5,1241,666,46,23,96,(US),0.191167574107683,0.29102233676975947,,,1287,689
229,229,4,1,21,2,2,0,898,699,266,22,-1,,0.1559286146400484,0.30498281786941583,,,1164,721
230,230,5,1,21,2,2,1,898,704,7,8,45,¬´,0.13634301270417423,0.30412371134020616,,,905,712
231,231,5,1,21,2,2,2,923,699,98,18,96,"HARVEY,",0.147005444646098,0.30412371134020616,,,1021,717
232,232,5,1,21,2,2,3,1022,699,109,22,93,"Daniella,",0.16281004234724744,0.30498281786941583,,,1131,721
233,233,5,1,21,2,2,4,1140,699,24,18,92,M.,0.17422867513611615,0.30412371134020616,,,1164,717
234,234,3,1,21,3,0,0,898,732,477,54,-1,,0.17188445251058682,0.32603092783505155,,,1375,786
235,235,4,1,21,3,1,0,922,732,453,23,-1,,0.1736993345432547,0.31937285223367695,,,1375,755
236,236,5,1,21,3,1,1,922,732,63,18,96,Santa,0.1442075015124017,0.31829896907216493,,,985,750
237,237,5,1,21,3,1,2,994,732,94,22,96,"Barbara,",0.15744101633393828,0.31915807560137455,,,1088,754
238,238,5,1,21,3,1,3,1097,732,33,18,96,CA,0.16840592861464004,0.31829896907216493,,,1130,750
239,239,5,1,21,3,1,4,1138,732,109,18,96,California,0.18035390199637025,0.31829896907216493,,,1247,750
240,240,5,1,21,3,1,5,1255,732,64,18,96,93013,0.19464609800362975,0.31829896907216493,,,1319,750
241,241,5,1,21,3,1,6,1328,732,47,23,96,(US),0.2044010889292196,0.31937285223367695,,,1375,755
242,242,4,1,21,3,2,0,898,765,384,21,-1,,0.1648517846339988,0.3331185567010309,,,1282,786
243,243,5,1,21,3,2,1,898,770,7,8,70,¬´,0.13634301270417423,0.3324742268041237,,,905,778
244,244,5,1,21,3,2,2,921,765,234,18,76,"ACKERMAN-KARAM,",0.1569872958257713,0.3324742268041237,,,1155,783
245,245,5,1,21,3,2,3,1159,765,92,21,93,"Pascal,",0.1822444041137326,0.3331185567010309,,,1251,786
246,246,5,1,21,3,2,4,1261,765,21,18,93,R.,0.19230187537810042,0.3324742268041237,,,1282,783
247,247,3,1,21,4,0,0,922,797,453,23,-1,,0.1736993345432547,0.3472938144329897,,,1375,820
248,248,4,1,21,4,1,0,922,797,453,23,-1,,0.1736993345432547,0.3472938144329897,,,1375,820
249,249,5,1,21,4,1,1,922,797,63,19,95,Santa,0.1442075015124017,0.34643470790378006,,,985,816
250,250,5,1,21,4,1,2,994,797,94,23,95,"Barbara,",0.15744101633393828,0.3472938144329897,,,1088,820
251,251,5,1,21,4,1,3,1097,797,33,19,96,CA,0.16840592861464004,0.34643470790378006,,,1130,816
252,252,5,1,21,4,1,4,1138,797,109,19,96,California,0.18035390199637025,0.34643470790378006,,,1247,816
253,253,5,1,21,4,1,5,1255,797,64,19,96,93105,0.19464609800362975,0.34643470790378006,,,1319,816
254,254,5,1,21,4,1,6,1328,797,47,23,96,(US),0.2044010889292196,0.3472938144329897,,,1375,820
255,255,2,1,22,0,0,0,862,861,466,156,-1,,0.16560798548094374,0.40335051546391754,,,1328,1017
256,256,3,1,22,1,0,0,862,861,466,156,-1,,0.16560798548094374,0.40335051546391754,,,1328,1017
257,257,4,1,22,1,1,0,862,861,466,26,-1,,0.16560798548094374,0.3754295532646048,,,1328,887
258,258,5,1,22,1,1,1,862,861,44,26,95,(74),0.1336963097398669,0.3754295532646048,,,906,887
259,259,5,1,22,1,1,2,923,863,163,23,93,Representative:,0.15192075015124018,0.3756443298969072,,,1086,886
260,260,5,1,22,1,1,3,1096,863,106,23,92,Elkington,0.17377495462794917,0.3756443298969072,representative_line_1_eu,Elkington,1202,886
261,261,5,1,22,1,1,4,1211,863,16,18,93,&,0.18436176648517846,0.3745704467353952,representative_line_1_eu,&,1227,881
262,262,5,1,22,1,1,5,1236,863,40,18,96,Fife,0.1899576527525711,0.3745704467353952,representative_line_1_eu,Fife,1276,881
263,263,5,1,22,1,1,6,1285,863,43,18,96,LLP,0.19759528130671505,0.3745704467353952,representative_line_1_eu,LLP,1328,881
264,264,4,1,22,1,2,0,923,895,179,23,-1,,0.1531306715063521,0.3893900343642612,,,1102,918
265,265,5,1,22,1,2,1,923,895,100,23,96,Prospect,0.147156684815487,0.3893900343642612,,,1023,918
266,266,5,1,22,1,2,2,1031,895,71,19,96,House,0.16129764065335753,0.38853092783505155,,,1102,914
267,267,4,1,22,1,3,0,922,929,199,18,-1,,0.15449183303085298,0.4029209621993127,,,1121,947
268,268,5,1,22,1,3,1,922,929,12,18,95,8,0.14035087719298245,0.4029209621993127,,,934,947
269,269,5,1,22,1,3,2,943,929,112,18,95,Pembroke,0.15108892921960074,0.4029209621993127,,,1055,947
270,270,5,1,22,1,3,3,1065,929,56,18,96,Road,0.16530550514216577,0.4029209621993127,,,1121,947
271,271,4,1,22,1,4,0,922,961,122,19,-1,,0.14866908650937688,0.4168814432989691,,,1044,980
272,272,5,1,22,1,4,1,922,961,122,19,96,Sevenoaks,0.14866908650937688,0.4168814432989691,,,1044,980
273,273,4,1,22,1,5,0,923,994,226,23,-1,,0.15668481548699334,0.4319158075601375,,,1149,1017
274,274,5,1,22,1,5,1,923,994,51,18,93,Kent,0.14345130066545675,0.43084192439862545,,,974,1012
275,275,5,1,22,1,5,2,981,994,57,18,87,TN13,0.15267695099818512,0.43084192439862545,,,1038,1012
276,276,5,1,22,1,5,3,1048,994,44,18,91,1XR,0.161826981246219,0.43084192439862545,,,1092,1012
277,277,5,1,22,1,5,4,1100,994,49,23,96,(GB),0.17006957047791893,0.4319158075601375,,,1149,1017
278,278,2,1,23,0,0,0,862,1059,99,19,-1,,0.13785541439806412,0.45897766323024053,,,961,1078
279,279,3,1,23,1,0,0,862,1059,99,19,-1,,0.13785541439806412,0.45897766323024053,,,961,1078
280,280,4,1,23,1,1,0,862,1059,99,19,-1,,0.13785541439806412,0.45897766323024053,,,961,1078
281,281,5,1,23,1,1,1,862,1059,99,19,96,Remarks:,0.13785541439806412,0.45897766323024053,,,961,1078
282,282,2,1,24,0,0,0,922,1092,522,84,-1,,0.17891712038717483,0.48711340206185566,,,1444,1176
283,283,3,1,24,1,0,0,922,1092,522,84,-1,,0.17891712038717483,0.48711340206185566,,,1444,1176
284,284,4,1,24,1,1,0,922,1092,477,23,-1,,0.17551421657592256,0.4740120274914089,,,1399,1115
285,285,5,1,24,1,1,1,922,1092,43,18,96,This,0.1426950998185118,0.4729381443298969,,,965,1110
286,286,5,1,24,1,1,2,973,1092,112,23,96,application,0.15562613430127042,0.4740120274914089,,,1085,1115
287,287,5,1,24,1,1,3,1093,1097,42,13,96,was,0.16848154869933454,0.4740120274914089,,,1135,1110
288,288,5,1,24,1,1,4,1142,1092,43,18,96,filed,0.17596793708408953,0.4729381443298969,,,1185,1110
289,289,5,1,24,1,1,5,1193,1097,25,13,96,on,0.1823200241984271,0.4740120274914089,,,1218,1110
290,290,5,1,24,1,1,6,1228,1092,119,18,96,19-06-2018,0.19472171808832425,0.4729381443298969,,,1347,1110
291,291,5,1,24,1,1,7,1355,1097,24,13,95,as,0.20674531155474893,0.4740120274914089,,,1379,1110
292,292,5,1,24,1,1,8,1388,1097,11,13,95,a,0.21075317604355717,0.4740120274914089,,,1399,1110
293,293,4,1,24,1,2,0,922,1125,522,23,-1,,0.17891712038717483,0.4881872852233677,,,1444,1148
294,294,5,1,24,1,2,1,922,1125,96,19,96,divisional,0.14670296430732002,0.48732817869415807,,,1018,1144
295,295,5,1,24,1,2,2,1026,1125,112,23,96,application,0.16364186327888688,0.4881872852233677,,,1138,1148
296,296,5,1,24,1,2,3,1147,1126,19,18,96,to,0.17490925589836662,0.48754295532646047,,,1166,1144
297,297,5,1,24,1,2,4,1174,1125,31,19,96,the,0.17990018148820328,0.48732817869415807,,,1205,1144
298,298,5,1,24,1,2,5,1214,1125,112,23,96,application,0.19207501512401695,0.4881872852233677,,,1326,1148
299,299,5,1,24,1,2,6,1336,1125,108,19,96,mentioned,0.2102238354506957,0.48732817869415807,,,1444,1144
300,300,4,1,24,1,3,0,923,1158,209,18,-1,,0.15539927404718692,0.5012886597938144,,,1132,1176
301,301,5,1,24,1,3,1,923,1158,50,18,92,under,0.14337568058076225,0.5012886597938144,,,973,1176
302,302,5,1,24,1,3,2,975,1158,61,18,76,INID,0.15207199032062915,0.5012886597938144,,,1036,1176
303,303,5,1,24,1,3,3,1044,1158,50,18,96,code,0.16167574107683,0.5012886597938144,,,1094,1176
304,304,5,1,24,1,3,4,1103,1158,29,18,96,62.,0.16901088929219601,0.5012886597938144,,,1132,1176
305,305,2,1,25,0,0,0,224,1276,1243,4,-1,,0.1278735632183908,0.5489690721649485,,,1467,1280
306,306,3,1,25,1,0,0,224,1276,1243,4,-1,,0.1278735632183908,0.5489690721649485,,,1467,1280
307,307,4,1,25,1,1,0,224,1276,1243,4,-1,,0.1278735632183908,0.5489690721649485,,,1467,1280
308,308,5,1,25,1,1,1,224,1276,1243,4,95, ,0.1278735632183908,0.5489690721649485,,,1467,1280
309,309,2,1,26,0,0,0,225,1296,965,133,-1,,0.10700241984271022,0.585266323024055,,,1190,1429
310,310,3,1,26,1,0,0,225,1296,965,133,-1,,0.10700241984271022,0.585266323024055,,,1190,1429
311,311,4,1,26,1,1,0,225,1296,965,26,-1,,0.10700241984271022,0.5622852233676976,,,1190,1322
312,312,5,1,26,1,1,1,225,1296,45,26,94,(54),0.037431941923774956,0.5622852233676976,,,270,1322
313,313,5,1,26,1,1,2,316,1296,79,21,86,ROOM,0.05376588021778585,0.5612113402061856,title_line_1,ROOM,395,1317
314,314,5,1,26,1,1,3,405,1296,183,21,92,TEMPERATURE,0.0750907441016334,0.5612113402061856,title_line_1,TEMPERATURE,588,1317
315,315,5,1,26,1,1,4,591,1296,267,24,88,"GLASS-TO-GLASS,",0.10957350272232305,0.5618556701030928,title_line_1,"GLASS-TO-GLASS,",858,1320
316,316,5,1,26,1,1,5,867,1296,257,21,91,GLASS-TO-PLASTIC,0.15055958862673927,0.5612113402061856,title_line_1,GLASS-TO-PLASTIC,1124,1317
317,317,5,1,26,1,1,6,1133,1296,57,20,96,AND,0.17566545674531156,0.5609965635738832,title_line_1,AND,1190,1316
318,318,4,1,26,1,2,0,316,1328,644,21,-1,,0.09649122807017543,0.5749570446735395,,,960,1349
319,319,5,1,26,1,2,1,316,1328,513,21,91,GLASS-TO-CERAMIC/SEMICONDUCTOR,0.08658499697519662,0.5749570446735395,,,829,1349
320,320,5,1,26,1,2,2,839,1328,121,21,96,BONDING,0.13604053236539626,0.5749570446735395,,,960,1349
321,321,4,1,26,1,3,0,225,1403,582,26,-1,,0.0780399274047187,0.6082474226804123,,,807,1429
322,322,5,1,26,1,3,1,225,1403,45,26,85,(57),0.037431941923774956,0.6082474226804123,,,270,1429
323,323,5,1,26,1,3,2,0,0,1653,2328,0,‚Äî,0.125,0.5,,,1653,2328
324,324,5,1,26,1,3,3,315,1405,140,23,80,Anapparatus,0.05822746521476104,0.6084621993127147,,,455,1428
325,325,5,1,26,1,3,4,461,1405,28,18,96,for,0.07183908045977011,0.6073883161512027,,,489,1423
326,326,5,1,26,1,3,5,496,1410,52,13,96,room,0.07894736842105263,0.6084621993127147,,,548,1423
327,327,5,1,26,1,3,6,556,1406,127,22,96,temperature,0.09369328493647913,0.6086769759450171,,,683,1428
328,328,5,1,26,1,3,7,691,1405,50,18,93,laser,0.10828796128251664,0.6073883161512027,,,741,1423
329,329,5,1,26,1,3,8,749,1405,58,18,93,bond-,0.117664851784634,0.6073883161512027,,,807,1423
330,330,2,1,27,0,0,0,224,1438,583,351,-1,,0.0779643073200242,0.6930841924398625,,,807,1789
331,331,3,1,27,1,0,0,224,1438,583,351,-1,,0.0779643073200242,0.6930841924398625,,,807,1789
332,332,4,1,27,1,1,0,226,1438,581,23,-1,,0.07811554748941318,0.6226374570446735,,,807,1461
333,333,5,1,27,1,1,1,226,1438,28,23,96,ing,0.036297640653357534,0.6226374570446735,,,254,1461
334,334,5,1,27,1,1,2,265,1438,112,23,96,comprising,0.048548094373865695,0.6226374570446735,,,377,1461
335,335,5,1,27,1,1,3,388,1442,24,14,96,an,0.060496067755595885,0.6224226804123711,,,412,1456
336,336,5,1,27,1,1,4,421,1438,62,18,96,x-axis,0.06836055656382335,0.6215635738831615,,,483,1456
337,337,5,1,27,1,1,5,493,1438,69,18,96,motion,0.07977918935269207,0.6215635738831615,,,562,1456
338,338,5,1,27,1,1,6,572,1438,57,23,96,stage,0.09081972171808833,0.6226374570446735,,,629,1461
339,339,5,1,27,1,1,7,639,1438,39,23,96,(32),0.09959165154264973,0.6226374570446735,,,678,1461
340,340,5,1,27,1,1,8,689,1438,90,18,96,mounted,0.11101028433151845,0.6215635738831615,,,779,1456
341,341,5,1,27,1,1,9,788,1438,19,18,96,to,0.1206140350877193,0.6215635738831615,,,807,1456
342,342,4,1,27,1,2,0,225,1470,582,23,-1,,0.0780399274047187,0.6363831615120275,,,807,1493
343,343,5,1,27,1,2,1,225,1475,11,14,96,a,0.034860859044162126,0.6365979381443299,,,236,1489
344,344,5,1,27,1,2,2,247,1470,49,19,96,base,0.04106170598911071,0.6355240549828178,,,296,1489
345,345,5,1,27,1,2,3,306,1470,45,23,96,(33);,0.049682395644283124,0.6363831615120275,,,351,1493
346,346,5,1,27,1,2,4,362,1475,11,14,96,a,0.05558076225045372,0.6365979381443299,,,373,1489
347,347,5,1,27,1,2,5,382,1470,61,23,96,y-axis,0.06238656987295826,0.6363831615120275,,,443,1493
348,348,5,1,27,1,2,6,454,1470,68,19,96,motion,0.07380520266182698,0.6355240549828178,,,522,1489
349,349,5,1,27,1,2,7,532,1471,56,22,96,stage,0.08469449485783424,0.6365979381443299,,,588,1493
350,350,5,1,27,1,2,8,598,1470,40,23,96,(34),0.09346642468239565,0.6363831615120275,,,638,1493
351,351,5,1,27,1,2,9,649,1470,89,19,96,mounted,0.10488505747126436,0.6355240549828178,,,738,1489
352,352,5,1,27,1,2,10,748,1471,18,18,97,to,0.11448880822746521,0.6357388316151202,,,766,1489
353,353,5,1,27,1,2,11,775,1470,32,19,96,the,0.11963097398669087,0.6355240549828178,,,807,1489
354,354,4,1,27,1,3,0,224,1503,583,23,-1,,0.0779643073200242,0.6505584192439863,,,807,1526
355,355,5,1,27,1,3,1,224,1503,62,18,96,x-axis,0.03856624319419238,0.6494845360824743,,,286,1521
356,356,5,1,27,1,3,2,297,1503,68,18,96,motion,0.050060496067755596,0.6494845360824743,,,365,1521
357,357,5,1,27,1,3,3,377,1504,62,22,96,stage;,0.06170598911070781,0.6507731958762887,,,439,1526
358,358,5,1,27,1,3,4,450,1508,12,13,97,a,0.06896551724137931,0.6505584192439863,,,462,1521
359,359,5,1,27,1,3,5,473,1503,96,18,96,substrate,0.07879612825166364,0.6494845360824743,,,569,1521
360,360,5,1,27,1,3,6,580,1503,95,23,96,alignment,0.09490320629159105,0.6505584192439863,,,675,1526
361,361,5,1,27,1,3,7,677,1503,79,18,96,fixture,0.10836358136721114,0.6494845360824743,,,756,1521
362,362,5,1,27,1,3,8,767,1503,40,23,96,(36),0.11902601330913491,0.6505584192439863,,,807,1526
363,363,4,1,27,1,4,0,226,1536,581,23,-1,,0.07811554748941318,0.664733676975945,,,807,1559
364,364,5,1,27,1,4,1,226,1536,90,18,95,mounted,0.040986085904416214,0.663659793814433,,,316,1554
365,365,5,1,27,1,4,2,324,1540,12,14,96,on,0.0499092558983666,0.6645189003436426,,,336,1554
366,366,5,1,27,1,4,3,339,1536,50,18,96,the,0.055051421657592255,0.663659793814433,,,389,1554
367,367,5,1,27,1,4,4,397,1536,61,23,96,y-axis,0.06465517241379311,0.664733676975945,,,458,1559
368,368,5,1,27,1,4,5,468,1536,68,18,96,motion,0.07592256503327284,0.663659793814433,,,536,1554
369,369,5,1,27,1,4,6,544,1537,63,22,96,"stage,",0.08703871748336359,0.6649484536082474,,,607,1559
370,370,5,1,27,1,4,7,617,1536,41,18,96,said,0.09641560798548095,0.663659793814433,,,658,1554
371,371,5,1,27,1,4,8,667,1536,94,23,93,alignment,0.10798548094373865,0.664733676975945,,,761,1559
372,372,5,1,27,1,4,9,764,1536,43,18,93,fix-,0.11879915305505143,0.663659793814433,,,807,1554
373,373,4,1,27,1,5,0,225,1569,582,23,-1,,0.0780399274047187,0.6789089347079038,,,807,1592
374,374,5,1,27,1,5,1,225,1570,40,17,96,ture,0.03705384150030248,0.6780498281786942,,,265,1587
375,375,5,1,27,1,5,2,272,1569,84,23,96,adapted,0.04748941318814277,0.6789089347079038,,,356,1592
376,376,5,1,27,1,5,3,365,1570,18,17,96,to,0.056563823351482155,0.6780498281786942,,,383,1587
377,377,5,1,27,1,5,4,391,1569,48,23,96,align,0.06276467029643074,0.6789089347079038,,,439,1592
378,378,5,1,27,1,5,5,448,1569,37,18,96,and,0.0705535390199637,0.6778350515463918,,,485,1587
379,379,5,1,27,1,5,6,494,1574,70,13,96,secure,0.08000604960677556,0.6789089347079038,,,564,1587
380,380,5,1,27,1,5,7,572,1574,11,13,96,at,0.08734119782214156,0.6789089347079038,,,583,1587
381,381,5,1,27,1,5,8,585,1569,63,18,96,least,0.09323956442831216,0.6778350515463918,,,648,1587
382,382,5,1,27,1,5,9,655,1570,36,17,96,two,0.10178463399879008,0.6780498281786942,,,691,1587
383,383,5,1,27,1,5,10,698,1569,109,18,96,substrates,0.11380822746521477,0.6778350515463918,,,807,1587
384,384,4,1,27,1,6,0,224,1602,583,23,-1,,0.0779643073200242,0.6930841924398625,,,807,1625
385,385,5,1,27,1,6,1,224,1602,41,18,96,with,0.036978221415607984,0.6920103092783505,,,265,1620
386,386,5,1,27,1,6,2,277,1606,12,14,96,a,0.042800967937084086,0.6928694158075601,,,289,1620
387,387,5,1,27,1,6,3,302,1602,68,18,96,mutual,0.050816696914700546,0.6920103092783505,,,370,1620
388,388,5,1,27,1,6,4,383,1602,89,18,96,interface,0.06465517241379311,0.6920103092783505,,,472,1620
389,389,5,1,27,1,6,5,484,1606,23,14,96,as,0.0749395039322444,0.6928694158075601,,,507,1620
390,390,5,1,27,1,6,6,519,1606,11,14,95,a,0.07932546884452511,0.6928694158075601,,,530,1620
391,391,5,1,27,1,6,7,542,1602,112,23,96,workpiece;,0.09044162129461585,0.6930841924398625,,,654,1625
392,392,5,1,27,1,6,8,667,1606,11,14,96,a,0.10170901391409558,0.6928694158075601,,,678,1620
393,393,5,1,27,1,6,9,690,1602,65,23,96,gantry,0.10927102238354507,0.6930841924398625,,,755,1625
394,394,5,1,27,1,6,10,767,1602,40,23,96,(44),0.11902601330913491,0.6930841924398625,,,807,1625
395,395,4,1,27,1,7,0,226,1634,581,23,-1,,0.07811554748941318,0.7068298969072165,,,807,1657
396,396,5,1,27,1,7,1,226,1634,90,19,96,mounted,0.040986085904416214,0.7059707903780069,,,316,1653
397,397,5,1,27,1,7,2,327,1635,19,18,96,to,0.05089231699939504,0.7061855670103093,,,346,1653
398,398,5,1,27,1,7,3,357,1634,32,19,96,the,0.05641258318209316,0.7059707903780069,,,389,1653
399,399,5,1,27,1,7,4,401,1634,50,19,96,base,0.06442831215970962,0.7059707903780069,,,451,1653
400,400,5,1,27,1,7,5,462,1634,37,19,96,and,0.07267090139140955,0.7059707903780069,,,499,1653
401,401,5,1,27,1,7,6,512,1634,109,23,96,supporting,0.08567755595886267,0.7068298969072165,,,621,1657
402,402,5,1,27,1,7,7,633,1634,103,23,96,alignment,0.10352389594676346,0.7068298969072165,,,736,1657
403,403,5,1,27,1,7,8,746,1634,61,23,96,optics,0.11743799153055051,0.7068298969072165,,,807,1657
404,404,4,1,27,1,8,0,225,1667,582,23,-1,,0.0780399274047187,0.7210051546391752,,,807,1690
405,405,5,1,27,1,8,1,225,1667,33,23,96,(46),0.03652450090744102,0.7210051546391752,,,258,1690
406,406,5,1,27,1,8,2,260,1667,39,23,90,for,0.04227162734422263,0.7210051546391752,,,299,1690
407,407,5,1,27,1,8,3,304,1672,11,13,68,a,0.046808832425892316,0.7210051546391752,,,315,1685
408,408,5,1,27,1,8,4,322,1667,50,18,68,laser,0.05248033877797943,0.7199312714776632,,,372,1685
409,409,5,1,27,1,8,5,378,1667,40,23,95,(14),0.060193587416817906,0.7210051546391752,,,418,1690
410,410,5,1,27,1,8,6,424,1668,18,17,95,to,0.06548699334543255,0.7201460481099656,,,442,1685
411,411,5,1,27,1,8,7,448,1667,56,18,95,focus,0.07199032062915911,0.7199312714776632,,,504,1685
412,412,5,1,27,1,8,8,510,1672,24,13,96,on,0.07894736842105263,0.7210051546391752,,,534,1685
413,413,5,1,27,1,8,9,540,1667,32,18,96,the,0.08408953418027829,0.7199312714776632,,,572,1685
414,414,5,1,27,1,8,10,577,1667,94,23,96,workpiece,0.09437386569872959,0.7210051546391752,,,671,1690
415,415,5,1,27,1,8,11,672,1667,34,18,96,in,0.10420447670901391,0.7199312714776632,,,706,1685
416,416,5,1,27,1,8,12,712,1667,32,18,93,the,0.11010284331518451,0.7199312714776632,,,744,1685
417,417,5,1,27,1,8,13,750,1667,57,23,91,align-,0.1177404718693285,0.7210051546391752,,,807,1690
418,418,4,1,27,1,9,0,226,1700,581,23,-1,,0.07811554748941318,0.7351804123711341,,,807,1723
419,419,5,1,27,1,9,1,226,1704,43,14,96,ment,0.037431941923774956,0.7349656357388317,,,269,1718
420,420,5,1,27,1,9,2,271,1700,84,21,96,fixture;,0.04733817301875378,0.7347508591065293,,,355,1721
421,421,5,1,27,1,9,3,366,1700,38,18,96,and,0.05822746521476104,0.7341065292096219,,,404,1718
422,422,5,1,27,1,9,4,414,1704,12,14,96,a,0.06352087114337568,0.7349656357388317,,,426,1718
423,423,5,1,27,1,9,5,436,1700,97,18,96,controller,0.07327586206896551,0.7341065292096219,,,533,1718
424,424,5,1,27,1,9,6,542,1700,41,23,96,(55),0.08507259528130671,0.7351804123711341,,,583,1723
425,425,5,1,27,1,9,7,592,1700,28,18,96,for,0.09165154264972777,0.7341065292096219,,,620,1718
426,426,5,1,27,1,9,8,629,1700,108,18,96,translation,0.10329703569267998,0.7341065292096219,,,737,1718
427,427,5,1,27,1,9,9,747,1700,20,18,96,of,0.11448880822746521,0.7341065292096219,,,767,1718
428,428,5,1,27,1,9,10,775,1700,32,18,96,the,0.11963097398669087,0.7341065292096219,,,807,1718
429,429,4,1,27,1,10,0,224,1732,583,23,-1,,0.0779643073200242,0.748926116838488,,,807,1755
430,430,5,1,27,1,10,1,224,1732,62,19,94,x-axis,0.03856624319419238,0.7480670103092784,,,286,1751
431,431,5,1,27,1,10,2,295,1732,69,19,96,motion,0.04983363581367211,0.7480670103092784,,,364,1751
432,432,5,1,27,1,10,3,374,1733,56,22,96,stage,0.060798548094373864,0.7491408934707904,,,430,1755
433,433,5,1,27,1,10,4,440,1732,37,19,96,and,0.06934361766485178,0.7480670103092784,,,477,1751
434,434,5,1,27,1,10,5,487,1732,61,23,96,y-axis,0.07826678765880218,0.748926116838488,,,548,1755
435,435,5,1,27,1,10,6,558,1732,68,19,96,motion,0.08953418027828192,0.7480670103092784,,,626,1751
436,436,5,1,27,1,10,7,636,1733,56,22,97,stage,0.10042347247428918,0.7491408934707904,,,692,1755
437,437,5,1,27,1,10,8,701,1732,28,19,96,for,0.10813672111312765,0.7480670103092784,,,729,1751
438,438,5,1,27,1,10,9,738,1732,69,19,97,motion,0.11683303085299455,0.7480670103092784,,,807,1751
439,439,4,1,27,1,11,0,225,1766,399,23,-1,,0.06420145190562614,0.7635309278350515,,,624,1789
440,440,5,1,27,1,11,1,225,1766,20,18,96,of,0.035541439806412584,0.7624570446735395,,,245,1784
441,441,5,1,27,1,11,2,251,1766,32,18,96,the,0.04038112522686026,0.7624570446735395,,,283,1784
442,442,5,1,27,1,11,3,290,1766,82,18,96,focused,0.050060496067755596,0.7624570446735395,,,372,1784
443,443,5,1,27,1,11,4,383,1766,49,18,96,laser,0.06163036902601331,0.7624570446735395,,,432,1784
444,444,5,1,27,1,11,5,440,1770,24,14,96,on,0.06836055656382335,0.7633161512027491,,,464,1784
445,445,5,1,27,1,11,6,473,1766,32,18,96,the,0.07395644283121597,0.7624570446735395,,,505,1784
446,446,5,1,27,1,11,7,512,1766,112,23,96,workpiece.,0.08590441621294616,0.7635309278350515,,,624,1789
447,447,2,1,28,0,0,0,1070,1442,325,673,-1,,0.18640350877192982,0.7639604810996563,,,1395,2115
448,448,3,1,28,1,0,0,1070,1442,325,673,-1,,0.18640350877192982,0.7639604810996563,,,1395,2115
449,449,4,1,28,1,1,0,1070,1442,325,673,-1,,0.18640350877192982,0.7639604810996563,,,1395,2115
450,450,5,1,28,1,1,1,1070,1442,325,673,95, ,0.18640350877192982,0.7639604810996563,,,1395,2115
451,451,2,1,29,0,0,0,1303,1507,6,604,-1,,0.19751966122202058,0.7770618556701031,,,1309,2111
452,452,3,1,29,1,0,0,1303,1507,6,604,-1,,0.19751966122202058,0.7770618556701031,,,1309,2111
453,453,4,1,29,1,1,0,1303,1507,6,604,-1,,0.19751966122202058,0.7770618556701031,,,1309,2111
454,454,5,1,29,1,1,1,1303,1507,6,604,95, ,0.19751966122202058,0.7770618556701031,,,1309,2111
455,455,2,1,30,0,0,0,716,2270,259,16,-1,,0.1278735632183908,0.9785223367697594,,,975,2286
456,456,3,1,30,1,0,0,716,2270,259,16,-1,,0.1278735632183908,0.9785223367697594,,,975,2286
457,457,4,1,30,1,1,0,716,2270,259,16,-1,,0.1278735632183908,0.9785223367697594,,,975,2286
458,458,5,1,30,1,1,1,716,2270,49,12,96,Printed,0.11199334543254688,0.9776632302405498,,,765,2282
459,459,5,1,30,1,1,2,771,2270,15,16,96,by,0.1177404718693285,0.9785223367697594,,,786,2286
460,460,5,1,30,1,1,3,792,2270,45,14,96,"Jouve,",0.12318511796733213,0.9780927835051546,,,837,2284
461,461,5,1,30,1,1,4,843,2270,41,12,96,75001,0.13059588626739263,0.9776632302405498,,,884,2282
462,462,5,1,30,1,1,5,893,2270,46,12,96,PARIS,0.1385359951603146,0.9776632302405498,,,939,2282
463,463,5,1,30,1,1,6,945,2270,30,16,95,(FR),0.14519056261343014,0.9785223367697594,,,975,2286
