,Unnamed: 0,level,page_num,block_num,par_num,line_num,word_num,left,top,width,height,conf,text,x,y,label,target,right,bottom
0,0,1,1,0,0,0,0,0,0,1653,2328,-1,,0.125,0.5,,,1653,2328
1,1,2,1,1,0,0,0,144,1905,31,328,-1,,0.02412280701754386,0.8887457044673539,,,175,2233
2,2,3,1,1,1,0,0,144,1905,31,328,-1,,0.02412280701754386,0.8887457044673539,,,175,2233
3,3,4,1,1,1,1,0,144,1905,31,328,-1,,0.02412280701754386,0.8887457044673539,,,175,2233
4,4,5,1,1,1,1,1,144,2179,30,54,96,EP,0.024047186932849365,0.947594501718213,,,174,2233
5,5,5,1,1,1,1,2,144,2142,31,21,96,3,0.02412280701754386,0.9246134020618557,,,175,2163
6,6,5,1,1,1,1,3,144,2055,31,71,96,398,0.02412280701754386,0.8979810996563574,,,175,2126
7,7,5,1,1,1,1,4,144,1969,31,70,92,549,0.02412280701754386,0.8608247422680413,,,175,2039
8,8,5,1,1,1,1,5,144,1905,30,50,87,A1,0.024047186932849365,0.8290378006872853,,,174,1955
9,9,2,1,2,0,0,0,429,153,88,28,-1,,0.07153660012099214,0.07173539518900343,,,517,181
10,10,3,1,2,1,0,0,429,153,88,28,-1,,0.07153660012099214,0.07173539518900343,,,517,181
11,11,4,1,2,1,1,0,429,153,88,16,-1,,0.07153660012099214,0.06915807560137457,,,517,169
12,12,5,1,2,1,1,1,429,153,88,16,84,Europaisches,0.07153660012099214,0.06915807560137457,,,517,169
13,13,4,1,2,1,2,0,429,170,71,11,-1,,0.07025105868118572,0.07538659793814433,,,500,181
14,14,5,1,2,1,2,1,429,170,71,11,96,Patentamt,0.07025105868118572,0.07538659793814433,,,500,181
15,15,2,1,3,0,0,0,429,196,89,28,-1,,0.07161222020568662,0.09020618556701031,,,518,224
16,16,3,1,3,1,0,0,429,196,89,28,-1,,0.07161222020568662,0.09020618556701031,,,518,224
17,17,4,1,3,1,1,0,429,196,63,15,-1,,0.06964609800362977,0.08741408934707903,,,492,211
18,18,5,1,3,1,1,1,429,196,63,15,95,European,0.06964609800362977,0.08741408934707903,,,492,211
19,19,4,1,3,1,2,0,429,212,89,12,-1,,0.07161222020568662,0.0936426116838488,,,518,224
20,20,5,1,3,1,2,1,429,213,43,11,96,Patent,0.06813369630973987,0.0938573883161512,,,472,224
21,21,5,1,3,1,2,2,478,212,40,12,90,Office,0.07531760435571688,0.0936426116838488,,,518,224
22,22,2,1,4,0,0,0,429,239,109,28,-1,,0.07312462189957653,0.10867697594501718,,,538,267
23,23,3,1,4,1,0,0,429,239,109,28,-1,,0.07312462189957653,0.10867697594501718,,,538,267
24,24,4,1,4,1,1,0,429,239,109,15,-1,,0.07312462189957653,0.10588487972508591,,,538,254
25,25,5,1,4,1,1,1,429,239,40,12,93,Office,0.06790683605565638,0.1052405498281787,,,469,251
26,26,5,1,4,1,1,2,474,239,64,15,93,europ√©en,0.0765275257108288,0.10588487972508591,,,538,254
27,27,4,1,4,1,2,0,429,255,77,12,-1,,0.0707047791893527,0.11211340206185567,,,506,267
28,28,5,1,4,1,2,1,429,255,22,12,95,des,0.06654567453115548,0.11211340206185567,,,451,267
29,29,5,1,4,1,2,2,457,255,49,12,82,brevets,0.07282214156079855,0.11211340206185567,,,506,267
30,30,2,1,5,0,0,0,281,136,274,150,-1,,0.06321839080459771,0.09063573883161512,,,555,286
31,31,3,1,5,1,0,0,281,136,274,150,-1,,0.06321839080459771,0.09063573883161512,,,555,286
32,32,4,1,5,1,1,0,281,136,274,150,-1,,0.06321839080459771,0.09063573883161512,,,555,286
33,33,5,1,5,1,1,1,281,136,274,150,95, ,0.06321839080459771,0.09063573883161512,,,555,286
34,34,2,1,6,0,0,0,225,324,45,26,-1,,0.037431941923774956,0.14475945017182132,,,270,350
35,35,3,1,6,1,0,0,225,324,45,26,-1,,0.037431941923774956,0.14475945017182132,,,270,350
36,36,4,1,6,1,1,0,225,324,45,26,-1,,0.037431941923774956,0.14475945017182132,,,270,350
37,37,5,1,6,1,1,1,225,324,45,26,96,(12),0.037431941923774956,0.14475945017182132,,,270,350
38,38,2,1,7,0,0,0,225,395,378,53,-1,,0.06261343012704174,0.18105670103092783,,,603,448
39,39,3,1,7,1,0,0,225,395,378,53,-1,,0.06261343012704174,0.18105670103092783,,,603,448
40,40,4,1,7,1,1,0,225,395,262,26,-1,,0.05384150030248034,0.17525773195876287,,,487,421
41,41,5,1,7,1,1,1,225,395,45,26,95,(43),0.037431941923774956,0.17525773195876287,,,270,421
42,42,5,1,7,1,1,2,286,397,48,18,95,Date,0.04688445251058681,0.17439862542955326,,,334,415
43,43,5,1,7,1,1,3,342,397,20,18,96,of,0.05323653962492438,0.17439862542955326,,,362,415
44,44,5,1,7,1,1,4,370,397,117,23,96,publication:,0.0648064125831821,0.17547250859106528,,,487,420
45,45,4,1,7,1,2,0,286,430,317,18,-1,,0.06722625529340592,0.18857388316151202,,,603,448
46,46,5,1,7,1,2,1,286,430,117,18,96,07.11.2018,0.052102238354506954,0.18857388316151202,publication_date,07.11.2018,403,448
47,47,5,1,7,1,2,2,426,430,84,18,95,Bulletin,0.07078039927404718,0.18857388316151202,,,510,448
48,48,5,1,7,1,2,3,519,430,84,18,95,2018/45,0.08484573502722323,0.18857388316151202,,,603,448
49,49,2,1,8,0,0,0,225,493,402,26,-1,,0.06442831215970962,0.21735395189003437,,,627,519
50,50,3,1,8,1,0,0,225,493,402,26,-1,,0.06442831215970962,0.21735395189003437,,,627,519
51,51,4,1,8,1,1,0,225,493,402,26,-1,,0.06442831215970962,0.21735395189003437,,,627,519
52,52,5,1,8,1,1,1,225,493,45,26,95,(21),0.037431941923774956,0.21735395189003437,,,270,519
53,53,5,1,8,1,1,2,285,495,115,23,96,Application,0.051799758015728975,0.21756872852233677,,,400,518
54,54,5,1,8,1,1,3,410,495,83,18,93,number:,0.06828493647912885,0.21649484536082475,,,493,513
55,55,5,1,8,1,1,4,505,495,122,18,92,18180538.3,0.08560193587416817,0.21649484536082475,application_number,18180538.3,627,513
56,56,2,1,9,0,0,0,225,559,325,26,-1,,0.05860556563823351,0.24570446735395188,,,550,585
57,57,3,1,9,1,0,0,225,559,325,26,-1,,0.05860556563823351,0.24570446735395188,,,550,585
58,58,4,1,9,1,1,0,225,559,325,26,-1,,0.05860556563823351,0.24570446735395188,,,550,585
59,59,5,1,9,1,1,1,225,559,45,26,96,(22),0.037431941923774956,0.24570446735395188,,,270,585
60,60,5,1,9,1,1,2,286,561,48,18,96,Date,0.04688445251058681,0.24484536082474226,,,334,579
61,61,5,1,9,1,1,3,342,566,12,13,96,of,0.05263157894736842,0.24591924398625428,,,354,579
62,62,5,1,9,1,1,4,355,561,67,23,96,filing:,0.058756805807622506,0.24591924398625428,,,422,584
63,63,5,1,9,1,1,5,433,561,117,18,96,15.09.2014,0.07433454325468844,0.24484536082474226,filing_date,15.09.2014,550,579
64,64,2,1,10,0,0,0,1146,245,314,32,-1,,0.1970659407138536,0.11211340206185567,,,1460,277
65,65,3,1,10,1,0,0,1146,245,314,32,-1,,0.1970659407138536,0.11211340206185567,,,1460,277
66,66,4,1,10,1,1,0,1146,245,314,32,-1,,0.1970659407138536,0.11211340206185567,,,1460,277
67,67,5,1,10,1,1,1,1146,245,52,32,94,EP,0.17725347852389595,0.11211340206185567,number,EP,1198,277
68,68,5,1,10,1,1,2,1214,245,20,32,95,3,0.1851179673321234,0.11211340206185567,number,3,1234,277
69,69,5,1,10,1,1,3,1249,245,68,32,95,398,0.1940411373260738,0.11211340206185567,number,398,1317,277
70,70,5,1,10,1,1,4,1332,245,67,32,90,549,0.20651845130066546,0.11211340206185567,number,549,1399,277
71,71,5,1,10,1,1,5,1413,245,47,32,89,A1,0.21725650332728372,0.11211340206185567,number,A1,1460,277
72,72,2,1,11,0,0,0,1337,142,44,67,-1,,0.205535390199637,0.07538659793814433,,,1381,209
73,73,3,1,11,1,0,0,1337,142,44,67,-1,,0.205535390199637,0.07538659793814433,,,1381,209
74,74,4,1,11,1,1,0,1337,142,44,67,-1,,0.205535390199637,0.07538659793814433,,,1381,209
75,75,5,1,11,1,1,1,1337,142,44,67,95, ,0.205535390199637,0.07538659793814433,,,1381,209
76,76,2,1,12,0,0,0,1002,256,44,27,-1,,0.15486993345432548,0.11576460481099657,,,1046,283
77,77,3,1,12,1,0,0,1002,256,44,27,-1,,0.15486993345432548,0.11576460481099657,,,1046,283
78,78,4,1,12,1,1,0,1002,256,44,27,-1,,0.15486993345432548,0.11576460481099657,,,1046,283
79,79,5,1,12,1,1,1,1002,256,44,27,80,(11),0.15486993345432548,0.11576460481099657,,,1046,283
80,80,2,1,13,0,0,0,577,319,537,26,-1,,0.1278735632183908,0.14261168384879724,,,1114,345
81,81,3,1,13,1,0,0,577,319,537,26,-1,,0.1278735632183908,0.14261168384879724,,,1114,345
82,82,4,1,13,1,1,0,577,319,537,26,-1,,0.1278735632183908,0.14261168384879724,,,1114,345
83,83,5,1,13,1,1,1,577,319,156,26,95,EUROPEAN,0.09906231094978826,0.14261168384879724,,,733,345
84,84,5,1,13,1,1,2,735,320,135,24,95,PATENT,0.12137023593466424,0.14261168384879724,,,870,344
85,85,5,1,13,1,1,3,873,319,241,26,96,APPLICATION,0.1502571082879613,0.14261168384879724,,,1114,345
86,86,2,1,14,0,0,0,862,395,259,81,-1,,0.1499546279491833,0.1870704467353952,,,1121,476
87,87,3,1,14,1,0,0,862,395,259,81,-1,,0.1499546279491833,0.1870704467353952,,,1121,476
88,88,4,1,14,1,1,0,862,395,126,26,-1,,0.13989715668481548,0.17525773195876287,,,988,421
89,89,5,1,14,1,1,1,862,395,44,26,67,(51),0.1336963097398669,0.17525773195876287,,,906,421
90,90,5,1,14,1,1,2,923,397,25,18,93,Int,0.1414851784633999,0.17439862542955326,,,948,415
91,91,5,1,14,1,1,3,955,397,33,18,65,Cl:,0.14692982456140352,0.17439862542955326,,,988,415
92,92,4,1,14,1,2,0,921,425,200,21,-1,,0.1544162129461585,0.1870704467353952,,,1121,446
93,93,5,1,14,1,2,1,921,428,61,18,38,AG61B,0.14390502117362372,0.1877147766323024,,,982,446
94,94,5,1,14,1,2,2,992,428,57,18,89,18/14,0.154340592861464,0.1877147766323024,class_international,18/14,1049,446
95,95,5,1,14,1,2,3,1054,425,67,16,78,(2006.07),0.16447368421052633,0.18599656357388317,,,1121,441
96,96,4,1,14,1,3,0,921,455,200,21,-1,,0.1544162129461585,0.19995704467353953,,,1121,476
97,97,5,1,14,1,3,1,921,458,61,18,78,A61B,0.14390502117362372,0.20060137457044674,class_international,A61B,982,476
98,98,5,1,14,1,3,2,990,458,59,18,90,51042,0.154189352692075,0.20060137457044674,,,1049,476
99,99,5,1,14,1,3,3,1054,455,67,16,66,(2006.07),0.16447368421052633,0.19888316151202748,,,1121,471
100,100,2,1,15,0,0,0,1192,425,187,21,-1,,0.19441923774954628,0.1870704467353952,,,1379,446
101,101,3,1,15,1,0,0,1192,425,187,21,-1,,0.19441923774954628,0.1870704467353952,,,1379,446
102,102,4,1,15,1,1,0,1192,425,187,21,-1,,0.19441923774954628,0.1870704467353952,,,1379,446
103,103,5,1,15,1,1,1,1192,428,61,18,88,A61B,0.18489110707803993,0.1877147766323024,,,1253,446
104,104,5,1,15,1,1,2,1261,428,46,18,88,5/00,0.19419237749546278,0.1877147766323024,,,1307,446
105,105,5,1,15,1,1,3,1312,425,67,16,74,(2006.01),0.20349364791288566,0.18599656357388317,,,1379,441
106,106,2,1,16,0,0,0,224,613,1243,4,-1,,0.1278735632183908,0.26417525773195877,,,1467,617
107,107,3,1,16,1,0,0,224,613,1243,4,-1,,0.1278735632183908,0.26417525773195877,,,1467,617
108,108,4,1,16,1,1,0,224,613,1243,4,-1,,0.1278735632183908,0.26417525773195877,,,1467,617
109,109,5,1,16,1,1,1,224,613,1243,4,95, ,0.1278735632183908,0.26417525773195877,,,1467,617
110,110,2,1,17,0,0,0,225,631,599,119,-1,,0.07932546884452511,0.296606529209622,,,824,750
111,111,3,1,17,1,0,0,225,631,599,119,-1,,0.07932546884452511,0.296606529209622,,,824,750
112,112,4,1,17,1,1,0,225,631,388,27,-1,,0.0633696309739867,0.2768470790378007,,,613,658
113,113,5,1,17,1,1,1,225,631,45,27,96,(84),0.037431941923774956,0.2768470790378007,,,270,658
114,114,5,1,17,1,1,2,286,633,118,23,96,Designated,0.052177858439201454,0.2768470790378007,,,404,656
115,115,5,1,17,1,1,3,413,633,119,23,96,Contracting,0.07146098003629764,0.2768470790378007,,,532,656
116,116,5,1,17,1,1,4,542,633,71,19,96,States:,0.08734119782214156,0.2759879725085911,,,613,652
117,117,4,1,17,1,2,0,285,666,537,18,-1,,0.08371143375680581,0.28994845360824745,,,822,684
118,118,5,1,17,1,2,1,285,666,31,18,94,AL,0.04544767090139141,0.28994845360824745,,,316,684
119,119,5,1,17,1,2,2,323,666,31,18,94,AT,0.05119479733817302,0.28994845360824745,,,354,684
120,120,5,1,17,1,2,3,363,666,30,18,96,BE,0.05716878402903811,0.28994845360824745,,,393,684
121,121,5,1,17,1,2,4,403,666,32,18,96,BG,0.0633696309739867,0.28994845360824745,,,435,684
122,122,5,1,17,1,2,5,445,666,31,18,96,CH,0.06964609800362977,0.28994845360824745,,,476,684
123,123,5,1,17,1,2,6,486,666,32,18,95,CY,0.07592256503327284,0.28994845360824745,,,518,684
124,124,5,1,17,1,2,7,526,666,30,18,93,CZ,0.08182093163944344,0.28994845360824745,,,556,684
125,125,5,1,17,1,2,8,565,666,30,18,93,DE,0.08771929824561403,0.28994845360824745,,,595,684
126,126,5,1,17,1,2,9,605,666,32,18,95,DK,0.09392014519056262,0.28994845360824745,,,637,684
127,127,5,1,17,1,2,10,646,666,29,18,95,EE,0.0998941318814277,0.28994845360824745,,,675,684
128,128,5,1,17,1,2,11,684,666,29,18,93,ES,0.10564125831820932,0.28994845360824745,,,713,684
129,129,5,1,17,1,2,12,723,666,57,18,90,FIFR,0.11365698729582577,0.28994845360824745,,,780,684
130,130,5,1,17,1,2,13,788,666,34,18,95,GB,0.12174833635813673,0.28994845360824745,,,822,684
131,131,4,1,17,1,3,0,285,699,539,18,-1,,0.0838626739261948,0.30412371134020616,,,824,717
132,132,5,1,17,1,3,1,285,699,297,18,83,GRHRHUIEISITLILTLU,0.06556261343012704,0.30412371134020616,,,582,717
133,133,5,1,17,1,3,2,591,699,28,18,85,LV,0.09150030248033877,0.30412371134020616,,,619,717
134,134,5,1,17,1,3,3,627,699,35,18,85,MC,0.09747428917120388,0.30412371134020616,,,662,717
135,135,5,1,17,1,3,4,670,699,35,18,94,MK,0.10397761645493044,0.30412371134020616,,,705,717
136,136,5,1,17,1,3,5,713,699,32,18,91,MT,0.11025408348457351,0.30412371134020616,,,745,717
137,137,5,1,17,1,3,6,753,699,29,18,49,NL,0.11607683000604961,0.30412371134020616,,,782,717
138,138,5,1,17,1,3,7,791,699,33,18,49,NO,0.1221264367816092,0.30412371134020616,,,824,717
139,139,4,1,17,1,4,0,286,732,336,18,-1,,0.06866303690260134,0.31829896907216493,,,622,750
140,140,5,1,17,1,4,1,286,732,28,18,93,PL,0.045372050816696916,0.31829896907216493,,,314,750
141,141,5,1,17,1,4,2,323,732,29,18,92,PT,0.05104355716878403,0.31829896907216493,,,352,750
142,142,5,1,17,1,4,3,360,732,58,18,92,RORS,0.058832425892317,0.31829896907216493,,,418,750
143,143,5,1,17,1,4,4,420,732,52,18,92,SE,0.06745311554748941,0.31829896907216493,,,472,750
144,144,5,1,17,1,4,5,480,732,20,18,95,SI,0.07410768300060495,0.31829896907216493,,,500,750
145,145,5,1,17,1,4,6,510,732,31,18,93,SK,0.0794767090139141,0.31829896907216493,,,541,750
146,146,5,1,17,1,4,7,550,732,72,18,90,SMTR,0.08862673926194797,0.31829896907216493,,,622,750
147,147,2,1,18,0,0,0,225,795,596,152,-1,,0.07909860859044163,0.3741408934707904,,,821,947
148,148,3,1,18,1,0,0,225,795,491,27,-1,,0.07115849969751967,0.3472938144329897,,,716,822
149,149,4,1,18,1,1,0,225,795,491,27,-1,,0.07115849969751967,0.3472938144329897,,,716,822
150,150,5,1,18,1,1,1,225,795,45,27,96,(30),0.037431941923774956,0.3472938144329897,,,270,822
151,151,5,1,18,1,1,2,286,797,77,23,95,Priority:,0.04907743496672716,0.3472938144329897,,,363,820
152,152,5,1,18,1,1,3,384,797,117,19,94,16.09.2013,0.06692377495462795,0.34643470790378006,,,501,816
153,153,5,1,18,1,1,4,520,797,30,19,96,US,0.0809134906231095,0.34643470790378006,,,550,816
154,154,5,1,18,1,1,5,559,797,157,19,93,201314028435,0.09641560798548095,0.34643470790378006,,,716,816
155,155,3,1,18,2,0,0,225,861,596,86,-1,,0.07909860859044163,0.38831615120274915,,,821,947
156,156,4,1,18,2,1,0,225,861,596,26,-1,,0.07909860859044163,0.3754295532646048,,,821,887
157,157,5,1,18,2,1,1,225,861,45,26,96,(62),0.037431941923774956,0.3754295532646048,,,270,887
158,158,5,1,18,2,1,2,286,863,107,18,96,Document,0.05134603750756201,0.3745704467353952,,,393,881
159,159,5,1,18,2,1,3,402,863,105,23,96,number(s),0.06873865698729582,0.3756443298969072,,,507,886
160,160,5,1,18,2,1,4,516,863,20,18,96,of,0.07955232909860858,0.3745704467353952,,,536,881
161,161,5,1,18,2,1,5,542,863,32,18,96,the,0.08439201451905626,0.3745704467353952,,,574,881
162,162,5,1,18,2,1,6,583,863,65,18,96,earlier,0.09308832425892317,0.3745704467353952,,,648,881
163,163,5,1,18,2,1,7,655,863,140,23,94,application(s),0.10964912280701754,0.3756443298969072,,,795,886
164,164,5,1,18,2,1,8,805,863,16,18,96,in,0.12295825771324864,0.3745704467353952,,,821,881
165,165,4,1,18,2,2,0,286,895,308,19,-1,,0.06654567453115548,0.38853092783505155,,,594,914
166,166,5,1,18,2,2,1,286,895,109,19,96,accordance,0.051497277676950996,0.38853092783505155,,,395,914
167,167,5,1,18,2,2,2,395,895,60,19,96,with,0.06427707199032062,0.38853092783505155,,,455,914
168,168,5,1,18,2,2,3,464,895,35,19,96,Art.,0.07282214156079855,0.38853092783505155,,,499,914
169,169,5,1,18,2,2,4,508,895,25,19,96,76,0.07872050816696914,0.38853092783505155,,,533,914
170,170,5,1,18,2,2,5,542,895,52,19,96,EPC:,0.08590441621294616,0.38853092783505155,,,594,914
171,171,4,1,18,2,3,0,286,929,250,18,-1,,0.06215970961887477,0.4029209621993127,,,536,947
172,172,5,1,18,2,3,1,286,929,124,18,90,14184785.5,0.05263157894736842,0.4029209621993127,,,410,947
173,173,5,1,18,2,3,2,417,929,7,18,82,/,0.06359649122807018,0.4029209621993127,,,424,947
174,174,5,1,18,2,3,3,432,929,11,18,92,2,0.066167574107683,0.4029209621993127,,,443,947
175,175,5,1,18,2,3,4,452,929,37,18,92,848,0.07115849969751967,0.4029209621993127,,,489,947
176,176,5,1,18,2,3,5,498,929,38,18,96,226,0.07819116757410768,0.4029209621993127,,,536,947
177,177,2,1,19,0,0,0,225,992,512,58,-1,,0.07274652147610405,0.438573883161512,,,737,1050
178,178,3,1,19,1,0,0,225,992,512,58,-1,,0.07274652147610405,0.438573883161512,,,737,1050
179,179,4,1,19,1,1,0,225,992,512,26,-1,,0.07274652147610405,0.43170103092783507,,,737,1018
180,180,5,1,19,1,1,1,225,992,45,26,96,(71),0.037431941923774956,0.43170103092783507,,,270,1018
181,181,5,1,19,1,1,2,285,994,103,23,93,Applicant:,0.05089231699939504,0.4319158075601375,,,388,1017
182,182,5,1,19,1,1,3,397,994,104,18,91,Biosense,0.06790683605565638,0.43084192439862545,applicant_line_1,Biosense,501,1012
183,183,5,1,19,1,1,4,508,994,85,18,96,Webster,0.08325771324863884,0.43084192439862545,applicant_line_1,Webster,593,1012
184,184,5,1,19,1,1,5,595,994,92,23,96,(Israel),0.0969449485783424,0.4319158075601375,applicant_line_1,(Israel),687,1017
185,185,5,1,19,1,1,6,697,994,40,18,96,Ltd.,0.10843920145190562,0.43084192439862545,applicant_line_1,Ltd.,737,1012
186,186,4,1,19,1,2,0,285,1027,247,23,-1,,0.0617816091954023,0.44609106529209624,,,532,1050
187,187,5,1,19,1,2,1,285,1027,105,18,93,Yokneam,0.05104355716878403,0.44501718213058417,,,390,1045
188,188,5,1,19,1,2,2,398,1027,76,18,83,2066717,0.06594071385359952,0.44501718213058417,,,474,1045
189,189,5,1,19,1,2,3,478,1027,54,23,96,(IL),0.07637628554143981,0.44609106529209624,,,532,1050
190,190,2,1,20,0,0,0,845,614,2,468,-1,,0.1279491833030853,0.3642611683848797,,,847,1082
191,191,3,1,20,1,0,0,845,614,2,468,-1,,0.1279491833030853,0.3642611683848797,,,847,1082
192,192,4,1,20,1,1,0,845,614,2,468,-1,,0.1279491833030853,0.3642611683848797,,,847,1082
193,193,5,1,20,1,1,1,845,614,2,468,95, ,0.1279491833030853,0.3642611683848797,,,847,1082
194,194,2,1,21,0,0,0,862,631,582,58,-1,,0.17437991530550515,0.28350515463917525,,,1444,689
195,195,3,1,21,1,0,0,862,631,582,58,-1,,0.17437991530550515,0.28350515463917525,,,1444,689
196,196,4,1,21,1,1,0,862,631,336,27,-1,,0.1557773744706594,0.2768470790378007,,,1198,658
197,197,5,1,21,1,1,1,862,631,44,27,95,(72),0.1336963097398669,0.2768470790378007,,,906,658
198,198,5,1,21,1,1,2,923,633,89,19,95,Inventor:,0.14632486388384755,0.2759879725085911,,,1012,652
199,199,5,1,21,1,1,3,1022,633,75,22,96,"SOLIS,",0.1602389594676346,0.2766323024054983,inventor_line_1,"SOLIS,",1097,655
200,200,5,1,21,1,1,4,1107,633,61,19,96,Mario,0.1720356926799758,0.2759879725085911,inventor_line_1,Mario,1168,652
201,201,5,1,21,1,1,5,1176,633,22,19,94,A.,0.1795220810647308,0.2759879725085911,inventor_line_1,A.,1198,652
202,202,4,1,21,1,2,0,923,666,521,23,-1,,0.17899274047186933,0.29102233676975947,,,1444,689
203,203,5,1,21,1,2,1,923,666,84,18,96,Rancho,0.14594676346037508,0.28994845360824745,,,1007,684
204,204,5,1,21,1,2,2,1016,666,135,23,95,"Cucamonga,",0.16386872353297036,0.29102233676975947,,,1151,689
205,205,5,1,21,1,2,3,1154,666,45,22,96,CA,0.1779340592861464,0.29080756013745707,,,1199,688
206,206,5,1,21,1,2,4,1207,666,109,18,95,California,0.19078947368421054,0.28994845360824745,,,1316,684
207,207,5,1,21,1,2,5,1323,666,65,18,95,91730,0.20500604960677557,0.28994845360824745,,,1388,684
208,208,5,1,21,1,2,6,1397,666,47,23,96,(US),0.2148366606170599,0.29102233676975947,,,1444,689
209,209,2,1,22,0,0,0,862,730,445,123,-1,,0.16401996370235936,0.3399914089347079,,,1307,853
210,210,3,1,22,1,0,0,862,730,445,123,-1,,0.16401996370235936,0.3399914089347079,,,1307,853
211,211,4,1,22,1,1,0,862,730,445,26,-1,,0.16401996370235936,0.31915807560137455,,,1307,756
212,212,5,1,22,1,1,1,862,730,44,26,96,(74),0.1336963097398669,0.31915807560137455,,,906,756
213,213,5,1,22,1,1,2,923,732,163,23,96,Representative:,0.15192075015124018,0.31937285223367695,,,1086,755
214,214,5,1,22,1,1,3,1096,732,68,22,96,"Small,",0.17090139140955837,0.31915807560137455,representative_line_1_eu,"Small,",1164,754
215,215,5,1,22,1,1,4,1172,732,54,23,96,Gary,0.18133696309739866,0.31937285223367695,representative_line_1_eu,Gary,1226,755
216,216,5,1,22,1,1,5,1234,732,73,18,95,James,0.19215063520871142,0.31829896907216493,representative_line_1_eu,James,1307,750
217,217,4,1,22,1,2,0,922,765,307,23,-1,,0.16265880217785844,0.3335481099656357,,,1229,788
218,218,5,1,22,1,2,1,922,765,120,23,92,Carpmaels,0.1485178463399879,0.3335481099656357,,,1042,788
219,219,5,1,22,1,2,2,1050,765,16,18,92,&,0.1600120992135511,0.3324742268041237,,,1066,783
220,220,5,1,22,1,2,3,1075,765,101,18,96,Ransford,0.17022081064730793,0.3324742268041237,,,1176,783
221,221,5,1,22,1,2,4,1187,765,42,18,94,LLP,0.18269812462189958,0.3324742268041237,,,1229,783
222,222,4,1,22,1,3,0,922,797,263,23,-1,,0.15933151845130067,0.3472938144329897,,,1185,820
223,223,5,1,22,1,3,1,922,797,45,19,95,One,0.14284633998790078,0.34643470790378006,,,967,816
224,224,5,1,22,1,3,2,975,797,151,23,95,Southampton,0.1588777979431337,0.3472938144329897,,,1126,820
225,225,5,1,22,1,3,3,1137,797,48,19,96,Row,0.17558983666061706,0.34643470790378006,,,1185,816
226,226,4,1,22,1,4,0,923,830,274,23,-1,,0.1603145795523291,0.36146907216494845,,,1197,853
227,227,5,1,22,1,4,1,923,830,84,18,93,London,0.14594676346037508,0.3603951890034364,,,1007,848
228,228,5,1,22,1,4,2,1015,830,70,18,64,WC1B,0.1588021778584392,0.3603951890034364,,,1085,848
229,229,5,1,22,1,4,3,1093,830,28,18,92,5HA,0.16742286751361163,0.3603951890034364,,,1121,848
230,230,5,1,22,1,4,4,1123,830,74,23,96,(GB),0.17543859649122806,0.36146907216494845,,,1197,853
231,231,2,1,23,0,0,0,862,895,582,117,-1,,0.17437991530550515,0.4095790378006873,,,1444,1012
232,232,3,1,23,1,0,0,862,895,582,117,-1,,0.17437991530550515,0.4095790378006873,,,1444,1012
233,233,4,1,23,1,1,0,862,895,99,19,-1,,0.13785541439806412,0.38853092783505155,,,961,914
234,234,5,1,23,1,1,1,862,895,99,19,96,Remarks:,0.13785541439806412,0.38853092783505155,,,961,914
235,235,4,1,23,1,2,0,922,929,474,23,-1,,0.1752873563218391,0.40399484536082475,,,1396,952
236,236,5,1,23,1,2,1,922,929,43,18,96,This,0.1426950998185118,0.4029209621993127,,,965,947
237,237,5,1,23,1,2,2,974,929,111,23,96,application,0.15570175438596492,0.40399484536082475,,,1085,952
238,238,5,1,23,1,2,3,1093,933,42,14,96,was,0.16848154869933454,0.40378006872852235,,,1135,947
239,239,5,1,23,1,2,4,1142,929,43,18,96,filed,0.17596793708408953,0.4029209621993127,,,1185,947
240,240,5,1,23,1,2,5,1193,933,25,14,96,on,0.1823200241984271,0.40378006872852235,,,1218,947
241,241,5,1,23,1,2,6,1226,929,119,18,96,28.06.2018,0.19441923774954628,0.4029209621993127,,,1345,947
242,242,5,1,23,1,2,7,1353,933,24,14,95,as,0.20644283121597096,0.40378006872852235,,,1377,947
243,243,5,1,23,1,2,8,1385,933,11,14,95,a,0.2102994555353902,0.40378006872852235,,,1396,947
244,244,4,1,23,1,3,0,922,961,522,23,-1,,0.17891712038717483,0.4177405498281787,,,1444,984
245,245,5,1,23,1,3,1,922,961,96,19,96,divisional,0.14670296430732002,0.4168814432989691,,,1018,980
246,246,5,1,23,1,3,2,1027,961,111,23,96,application,0.16371748336358136,0.4177405498281787,,,1138,984
247,247,5,1,23,1,3,3,1147,962,19,18,96,to,0.17490925589836662,0.4170962199312715,,,1166,980
248,248,5,1,23,1,3,4,1174,961,31,19,96,the,0.17990018148820328,0.4168814432989691,,,1205,980
249,249,5,1,23,1,3,5,1214,961,112,23,96,application,0.19207501512401695,0.4177405498281787,,,1326,984
250,250,5,1,23,1,3,6,1336,961,108,19,96,mentioned,0.2102238354506957,0.4168814432989691,,,1444,980
251,251,4,1,23,1,4,0,923,994,209,18,-1,,0.15539927404718692,0.43084192439862545,,,1132,1012
252,252,5,1,23,1,4,1,923,994,59,18,90,under,0.1440562613430127,0.43084192439862545,,,982,1012
253,253,5,1,23,1,4,2,991,994,45,18,90,INID,0.15328191167574107,0.43084192439862545,,,1036,1012
254,254,5,1,23,1,4,3,1044,994,50,18,96,code,0.16167574107683,0.43084192439862545,,,1094,1012
255,255,5,1,23,1,4,4,1103,994,29,18,96,62.,0.16901088929219601,0.43084192439862545,,,1132,1012
256,256,2,1,24,0,0,0,224,1079,1243,4,-1,,0.1278735632183908,0.4643470790378007,,,1467,1083
257,257,3,1,24,1,0,0,224,1079,1243,4,-1,,0.1278735632183908,0.4643470790378007,,,1467,1083
258,258,4,1,24,1,1,0,224,1079,1243,4,-1,,0.1278735632183908,0.4643470790378007,,,1467,1083
259,259,5,1,24,1,1,1,224,1079,1243,4,95, ,0.1278735632183908,0.4643470790378007,,,1467,1083
260,260,2,1,25,0,0,0,225,1099,45,26,-1,,0.037431941923774956,0.47766323024054985,,,270,1125
261,261,3,1,25,1,0,0,225,1099,45,26,-1,,0.037431941923774956,0.47766323024054985,,,270,1125
262,262,4,1,25,1,1,0,225,1099,45,26,-1,,0.037431941923774956,0.47766323024054985,,,270,1125
263,263,5,1,25,1,1,1,225,1099,45,26,96,(54),0.037431941923774956,0.47766323024054985,,,270,1125
264,264,2,1,26,0,0,0,225,1173,584,255,-1,,0.07819116757410768,0.5586340206185567,,,809,1428
265,265,3,1,26,1,0,0,225,1173,584,255,-1,,0.07819116757410768,0.5586340206185567,,,809,1428
266,266,4,1,26,1,1,0,225,1173,582,27,-1,,0.0780399274047187,0.5096649484536082,,,807,1200
267,267,5,1,26,1,1,1,225,1173,45,27,3,(57),0.037431941923774956,0.5096649484536082,,,270,1200
268,268,5,1,26,1,1,2,315,1175,107,19,3, Acatheter,0.05573200241984271,0.5088058419243986,,,422,1194
269,269,5,1,26,1,1,3,429,1175,84,24,96,adapted,0.07123411978221415,0.5098797250859106,,,513,1199
270,270,5,1,26,1,1,4,520,1175,28,19,96,for,0.08076225045372051,0.5088058419243986,,,548,1194
271,271,5,1,26,1,1,5,556,1175,87,24,96,mapping,0.09066848154869933,0.5098797250859106,,,643,1199
272,272,5,1,26,1,1,6,651,1175,59,19,95,and/or,0.1029189352692075,0.5088058419243986,,,710,1194
273,273,5,1,26,1,1,7,712,1175,95,19,95,ablation,0.11486690865093768,0.5088058419243986,,,807,1194
274,274,4,1,26,1,2,0,226,1208,581,23,-1,,0.07811554748941318,0.523840206185567,,,807,1231
275,275,5,1,26,1,2,1,226,1208,15,19,96,in,0.0353145795523291,0.5229810996563574,,,241,1227
276,276,5,1,26,1,2,2,248,1208,32,19,96,the,0.039927404718693285,0.5229810996563574,,,280,1227
277,277,5,1,26,1,2,3,287,1208,44,19,96,atria,0.04673321234119782,0.5229810996563574,,,331,1227
278,278,5,1,26,1,2,4,339,1208,36,19,96,has,0.053992740471869326,0.5229810996563574,,,375,1227
279,279,5,1,26,1,2,5,382,1213,11,14,93,a,0.05860556563823351,0.5240549828178694,,,393,1227
280,280,5,1,26,1,2,6,401,1208,153,23,92,basket-shaped,0.0722171808832426,0.523840206185567,,,554,1231
281,281,5,1,26,1,2,7,562,1208,96,19,96,electrode,0.09225650332728373,0.5229810996563574,,,658,1227
282,282,5,1,26,1,2,8,665,1213,53,18,97,array,0.10458257713248639,0.5249140893470791,,,718,1231
283,283,5,1,26,1,2,9,723,1208,42,19,96,with,0.11252268602540835,0.5229810996563574,,,765,1227
284,284,5,1,26,1,2,10,771,1209,36,18,96,two,0.11932849364791288,0.5231958762886598,,,807,1227
285,285,4,1,26,1,3,0,225,1241,581,23,-1,,0.0779643073200242,0.5380154639175257,,,806,1264
286,286,5,1,26,1,3,1,225,1246,20,13,96,or,0.035541439806412584,0.5380154639175257,,,245,1259
287,287,5,1,26,1,3,2,257,1246,51,13,95,more,0.04272534785238959,0.5380154639175257,,,308,1259
288,288,5,1,26,1,3,3,320,1241,79,18,96,location,0.054370840895341804,0.5369415807560137,,,399,1259
289,289,5,1,26,1,3,4,410,1246,83,13,96,sensors,0.06828493647912885,0.5380154639175257,,,493,1259
290,290,5,1,26,1,3,5,503,1241,41,18,96,with,0.07917422867513611,0.5369415807560137,,,544,1259
291,291,5,1,26,1,3,6,555,1246,11,13,93,a,0.08477011494252873,0.5380154639175257,,,566,1259
292,292,5,1,26,1,3,7,577,1241,115,18,92,deflectable,0.09596188747731398,0.5369415807560137,,,692,1259
293,293,5,1,26,1,3,8,702,1241,104,23,96,expander.,0.11403508771929824,0.5380154639175257,,,806,1264
294,294,4,1,26,1,4,0,225,1274,583,23,-1,,0.07811554748941318,0.5521907216494846,,,808,1297
295,295,5,1,26,1,4,1,225,1274,40,18,96,The,0.03705384150030248,0.5511168384879725,,,265,1292
296,296,5,1,26,1,4,2,275,1274,85,18,96,catheter,0.04801875378100424,0.5511168384879725,,,360,1292
297,297,5,1,26,1,4,3,370,1274,36,18,96,has,0.05868118572292801,0.5511168384879725,,,406,1292
298,298,5,1,26,1,4,4,417,1274,106,23,96,comprises,0.07108287961282517,0.5521907216494846,,,523,1297
299,299,5,1,26,1,4,5,534,1278,11,14,96,a,0.08159407138535996,0.5519759450171822,,,545,1292
300,300,5,1,26,1,4,6,556,1274,85,18,96,catheter,0.09051724137931035,0.5511168384879725,,,641,1292
301,301,5,1,26,1,4,7,651,1274,54,23,95,"body,",0.10254083484573502,0.5521907216494846,,,705,1297
302,302,5,1,26,1,4,8,716,1278,12,14,96,a,0.10919540229885058,0.5519759450171822,,,728,1292
303,303,5,1,26,1,4,9,739,1274,69,18,97,basket,0.11698427102238354,0.5511168384879725,,,808,1292
304,304,4,1,26,1,5,0,225,1306,581,23,-1,,0.0779643073200242,0.5659364261168385,,,806,1329
305,305,5,1,26,1,5,1,225,1306,96,19,95,electrode,0.04128856624319419,0.5650773195876289,,,321,1325
306,306,5,1,26,1,5,2,330,1306,100,23,95,assembly,0.05747126436781609,0.5659364261168385,,,430,1329
307,307,5,1,26,1,5,3,437,1311,11,14,96,at,0.06692377495462795,0.5661512027491409,,,448,1325
308,308,5,1,26,1,5,4,450,1307,25,18,96,a,0.06994857834240774,0.5652920962199313,,,475,1325
309,309,5,1,26,1,5,5,483,1306,54,19,96,distal,0.07713248638838476,0.5650773195876289,,,537,1325
310,310,5,1,26,1,5,6,545,1306,38,19,96,end,0.0852994555353902,0.5650773195876289,,,583,1325
311,311,5,1,26,1,5,7,591,1306,20,19,96,of,0.09089534180278282,0.5650773195876289,,,611,1325
312,312,5,1,26,1,5,8,617,1306,32,19,96,the,0.09573502722323049,0.5650773195876289,,,649,1325
313,313,5,1,26,1,5,9,658,1306,85,19,96,catheter,0.1059437386569873,0.5650773195876289,,,743,1325
314,314,5,1,26,1,5,10,751,1306,55,23,96,"body,",0.1177404718693285,0.5659364261168385,,,806,1329
315,315,4,1,26,1,6,0,225,1339,583,23,-1,,0.07811554748941318,0.5801116838487973,,,808,1362
316,316,5,1,26,1,6,1,225,1339,38,18,96,and,0.03690260133091349,0.5790378006872853,,,263,1357
317,317,5,1,26,1,6,2,273,1344,12,13,95,a,0.04219600725952813,0.5801116838487973,,,285,1357
318,318,5,1,26,1,6,3,295,1339,70,18,95,control,0.0499092558983666,0.5790378006872853,,,365,1357
319,319,5,1,26,1,6,4,376,1339,69,18,96,handle,0.06208408953418028,0.5790378006872853,,,445,1357
320,320,5,1,26,1,6,5,455,1340,19,17,96,at,0.07025105868118572,0.5792525773195877,,,474,1357
321,321,5,1,26,1,6,6,484,1344,11,13,96,a,0.07403206291591047,0.5801116838487973,,,495,1357
322,322,5,1,26,1,6,7,506,1339,88,23,96,proximal,0.08318209316394434,0.5801116838487973,,,594,1362
323,323,5,1,26,1,6,8,604,1339,37,18,96,end,0.0941470054446461,0.5790378006872853,,,641,1357
324,324,5,1,26,1,6,9,652,1339,20,18,96,of,0.10012099213551119,0.5790378006872853,,,672,1357
325,325,5,1,26,1,6,10,681,1339,31,18,96,the,0.10533877797943134,0.5790378006872853,,,712,1357
326,326,5,1,26,1,6,11,723,1339,85,18,96,catheter,0.11577434966727163,0.5790378006872853,,,808,1357
327,327,4,1,26,1,7,0,226,1372,583,23,-1,,0.07826678765880218,0.594286941580756,,,809,1395
328,328,5,1,26,1,7,1,226,1372,54,23,96,body.,0.0382637628554144,0.594286941580756,,,280,1395
329,329,5,1,26,1,7,2,291,1372,39,19,96,The,0.04696007259528131,0.5934278350515464,,,330,1391
330,330,5,1,26,1,7,3,341,1372,68,19,96,basket,0.05671506352087114,0.5934278350515464,,,409,1391
331,331,5,1,26,1,7,4,418,1372,96,19,96,electrode,0.07047791893526921,0.5934278350515464,,,514,1391
332,332,5,1,26,1,7,5,523,1372,101,23,96,assembly,0.0867362371445856,0.594286941580756,,,624,1395
333,333,5,1,26,1,7,6,633,1372,23,19,96,has,0.09747428917120388,0.5934278350515464,,,656,1391
334,334,5,1,26,1,7,7,659,1377,10,14,96,a,0.10042347247428918,0.5945017182130584,,,669,1391
335,335,5,1,26,1,7,8,678,1372,102,23,96,plurality,0.11025408348457351,0.594286941580756,,,780,1395
336,336,5,1,26,1,7,9,788,1372,21,19,96,of,0.12076527525710828,0.5934278350515464,,,809,1391
337,337,4,1,26,1,8,0,225,1405,582,23,-1,,0.0780399274047187,0.6084621993127147,,,807,1428
338,338,5,1,26,1,8,1,225,1405,189,23,92,electrode-carrying,0.048321234119782216,0.6084621993127147,,,414,1428
339,339,5,1,26,1,8,2,420,1405,68,23,96,spines,0.06866303690260134,0.6084621993127147,,,488,1428
340,340,5,1,26,1,8,3,494,1405,38,18,96,and,0.07758620689655173,0.6073883161512027,,,532,1423
341,341,5,1,26,1,8,4,539,1410,24,13,96,an,0.08333333333333333,0.6084621993127147,,,563,1423
342,342,5,1,26,1,8,5,570,1405,90,23,96,expander,0.09301270417422867,0.6084621993127147,,,660,1428
343,343,5,1,26,1,8,6,662,1405,51,18,59,that,0.10397761645493044,0.6073883161512027,,,713,1423
344,344,5,1,26,1,8,7,720,1405,15,18,59,is,0.11002722323049002,0.6073883161512027,,,735,1423
345,345,5,1,26,1,8,8,741,1405,66,23,92,adapt-,0.11705989110707804,0.6084621993127147,,,807,1428
346,346,2,1,27,0,0,0,385,1476,958,454,-1,,0.1306715063520871,0.7315292096219931,,,1343,1930
347,347,3,1,27,1,0,0,385,1476,958,454,-1,,0.1306715063520871,0.7315292096219931,,,1343,1930
348,348,4,1,27,1,1,0,431,1476,912,332,-1,,0.13415003024803387,0.7053264604810997,,,1343,1808
349,349,5,1,27,1,1,1,431,1476,912,332,95,   ,0.13415003024803387,0.7053264604810997,,,1343,1808
350,350,4,1,27,1,2,0,385,1808,526,122,-1,,0.09800362976406533,0.8028350515463918,,,911,1930
351,351,5,1,27,1,2,1,385,1808,526,122,95,   ,0.09800362976406533,0.8028350515463918,,,911,1930
352,352,2,1,28,0,0,0,655,2067,116,34,-1,,0.10783424077434967,0.8951890034364262,,,771,2101
353,353,3,1,28,1,0,0,655,2067,116,34,-1,,0.10783424077434967,0.8951890034364262,,,771,2101
354,354,4,1,28,1,1,0,655,2067,116,34,-1,,0.10783424077434967,0.8951890034364262,,,771,2101
355,355,5,1,28,1,1,1,655,2067,78,34,94,FIG.,0.10496067755595886,0.8951890034364262,,,733,2101
356,356,5,1,28,1,1,2,748,2069,23,32,95,2,0.11486690865093768,0.895618556701031,,,771,2101
357,357,2,1,29,0,0,0,842,1834,330,155,-1,,0.15229885057471265,0.8210910652920962,,,1172,1989
358,358,3,1,29,1,0,0,842,1834,330,155,-1,,0.15229885057471265,0.8210910652920962,,,1172,1989
359,359,4,1,29,1,1,0,1007,1834,50,13,-1,,0.1560798548094374,0.7905927835051546,,,1057,1847
360,360,5,1,29,1,1,1,1007,1842,5,4,30,oh,0.15267695099818512,0.7920962199312714,,,1012,1846
361,361,5,1,29,1,1,2,1041,1834,16,13,38,<,0.15865093768905023,0.7905927835051546,,,1057,1847
362,362,4,1,29,1,2,0,884,1846,219,24,-1,,0.1502571082879613,0.7981099656357389,,,1103,1870
363,363,5,1,29,1,2,1,884,1848,39,22,27,We,0.1366454930429522,0.7985395189003437,,,923,1870
364,364,5,1,29,1,2,2,1093,1846,10,8,23,¬∞,0.16606170598911071,0.7946735395189003,,,1103,1854
365,365,4,1,29,1,3,0,842,1843,324,73,-1,,0.15184513006654568,0.8073453608247423,,,1166,1916
366,366,5,1,29,1,3,1,842,1843,324,73,34,ed,0.15184513006654568,0.8073453608247423,,,1166,1916
367,367,4,1,29,1,4,0,880,1900,292,40,-1,,0.15517241379310345,0.8247422680412371,,,1172,1940
368,368,5,1,29,1,4,1,880,1909,31,28,50,oN,0.1354355716878403,0.8260309278350515,,,911,1937
369,369,5,1,29,1,4,2,920,1900,178,40,18,Qtr,0.15260133091349062,0.8247422680412371,,,1098,1940
370,370,5,1,29,1,4,3,1113,1907,59,26,30,"Ge,",0.17279189352692076,0.8247422680412371,,,1172,1933
371,371,4,1,29,1,5,0,889,1915,269,57,-1,,0.15479431336963098,0.8348367697594502,,,1158,1972
372,372,5,1,29,1,5,1,889,1915,269,57,15,Qa,0.15479431336963098,0.8348367697594502,,,1158,1972
373,373,4,1,29,1,6,0,929,1969,18,20,-1,,0.14186327888687236,0.8500859106529209,,,947,1989
374,374,5,1,29,1,6,1,929,1969,18,20,52,‚Äú2,0.14186327888687236,0.8500859106529209,,,947,1989
375,375,2,1,30,0,0,0,316,1099,623,21,-1,,0.09490320629159105,0.47658934707903783,,,939,1120
376,376,3,1,30,1,0,0,316,1099,623,21,-1,,0.09490320629159105,0.47658934707903783,,,939,1120
377,377,4,1,30,1,1,0,316,1099,623,21,-1,,0.09490320629159105,0.47658934707903783,,,939,1120
378,378,5,1,30,1,1,1,316,1099,108,21,96,BASKET,0.0559588626739262,0.47658934707903783,title_line_1,BASKET,424,1120
379,379,5,1,30,1,1,2,433,1099,142,21,96,CATHETER,0.07622504537205081,0.47658934707903783,title_line_1,CATHETER,575,1120
380,380,5,1,30,1,1,3,583,1099,66,20,93,WITH,0.09316394434361766,0.47637457044673537,title_line_1,WITH,649,1119
381,381,5,1,30,1,1,4,660,1099,175,21,91,DEFLECTABLE,0.11305202661826981,0.47658934707903783,title_line_1,DEFLECTABLE,835,1120
382,382,5,1,30,1,1,5,837,1099,102,21,96,SPINE,0.13430127041742287,0.47658934707903783,title_line_1,SPINE,939,1120
383,383,2,1,31,0,0,0,883,1175,584,253,-1,,0.17770719903206292,0.5590635738831615,,,1467,1428
384,384,3,1,31,1,0,0,883,1175,584,253,-1,,0.17770719903206292,0.5590635738831615,,,1467,1428
385,385,4,1,31,1,1,0,884,1175,583,24,-1,,0.17778281911675742,0.5098797250859106,,,1467,1199
386,386,5,1,31,1,1,1,884,1175,24,19,95,ed,0.1355111917725348,0.5088058419243986,,,908,1194
387,387,5,1,31,1,1,2,913,1175,28,19,95,for,0.14019963702359348,0.5088058419243986,,,941,1194
388,388,5,1,31,1,1,3,947,1175,117,24,95,longitudinal,0.15207199032062915,0.5098797250859106,,,1064,1199
389,389,5,1,31,1,1,4,1071,1180,102,14,44,movement,0.16969147005444646,0.5098797250859106,,,1173,1194
390,390,5,1,31,1,1,5,1175,1175,86,19,44,relative,0.18421052631578946,0.5088058419243986,,,1261,1194
391,391,5,1,31,1,1,6,1265,1176,19,18,96,to,0.1927555958862674,0.509020618556701,,,1284,1194
392,392,5,1,31,1,1,7,1289,1175,32,19,96,the,0.19736842105263158,0.5088058419243986,,,1321,1194
393,393,5,1,31,1,1,8,1327,1175,85,19,96,catheter,0.20712341197822143,0.5088058419243986,,,1412,1194
394,394,5,1,31,1,1,9,1417,1175,50,24,96,body,0.21808832425892316,0.5098797250859106,,,1467,1199
395,395,4,1,31,1,2,0,883,1208,583,23,-1,,0.17763157894736842,0.523840206185567,,,1466,1231
396,396,5,1,31,1,2,1,883,1208,28,19,96,for,0.13566243194192376,0.5229810996563574,,,911,1227
397,397,5,1,31,1,2,2,916,1208,107,23,96,expanding,0.14662734422262552,0.523840206185567,,,1023,1231
398,398,5,1,31,1,2,3,1030,1208,37,19,96,and,0.15857531760435573,0.5229810996563574,,,1067,1227
399,399,5,1,31,1,2,4,1074,1208,104,23,96,collapsing,0.17029643073200243,0.523840206185567,,,1178,1231
400,400,5,1,31,1,2,5,1184,1208,31,19,96,the,0.18141258318209316,0.5229810996563574,,,1215,1227
401,401,5,1,31,1,2,6,1221,1208,100,23,96,assembly,0.19222625529340592,0.523840206185567,,,1321,1231
402,402,5,1,31,1,2,7,1325,1208,29,19,79,via,0.2025862068965517,0.5229810996563574,,,1354,1227
403,403,5,1,31,1,2,8,1360,1213,11,14,79,a,0.20651845130066546,0.5240549828178694,,,1371,1227
404,404,5,1,31,1,2,9,1378,1208,88,23,96,proximal,0.2150635208711434,0.523840206185567,,,1466,1231
405,405,4,1,31,1,3,0,884,1241,581,23,-1,,0.17763157894736842,0.5380154639175257,,,1465,1264
406,406,5,1,31,1,3,1,884,1241,37,18,96,end,0.13649425287356323,0.5369415807560137,,,921,1259
407,407,5,1,31,1,3,2,933,1241,70,23,96,portion,0.14640048396854205,0.5380154639175257,,,1003,1264
408,408,5,1,31,1,3,3,1013,1241,102,23,96,extending,0.16091954022988506,0.5380154639175257,,,1115,1264
409,409,5,1,31,1,3,4,1126,1242,44,22,96,past,0.1736237144585602,0.5382302405498282,,,1170,1264
410,410,5,1,31,1,3,5,1179,1241,32,18,96,the,0.18073200241984272,0.5369415807560137,,,1211,1259
411,411,5,1,31,1,3,6,1221,1241,70,18,94,control,0.1899576527525711,0.5369415807560137,,,1291,1259
412,412,5,1,31,1,3,7,1302,1241,69,18,96,handle,0.20213248638838474,0.5369415807560137,,,1371,1259
413,413,5,1,31,1,3,8,1381,1241,39,18,96,that,0.2118118572292801,0.5369415807560137,,,1420,1259
414,414,5,1,31,1,3,9,1430,1246,35,13,96,can,0.2189201451905626,0.5380154639175257,,,1465,1259
415,415,4,1,31,1,4,0,885,1274,581,23,-1,,0.17778281911675742,0.5521907216494846,,,1466,1297
416,416,5,1,31,1,4,1,885,1274,24,18,96,be,0.13566243194192376,0.5511168384879725,,,909,1292
417,417,5,1,31,1,4,2,922,1274,75,23,96,pushed,0.14511494252873564,0.5521907216494846,,,997,1297
418,418,5,1,31,1,4,3,1009,1278,20,14,96,or,0.1541137326073805,0.5519759450171822,,,1029,1292
419,419,5,1,31,1,4,4,1042,1274,60,23,95,pulled,0.16212946158499697,0.5521907216494846,,,1102,1297
420,420,5,1,31,1,4,5,1115,1274,23,23,96,by,0.1703720508166969,0.5521907216494846,,,1138,1297
421,421,5,1,31,1,4,6,1150,1278,11,14,96,a,0.17475801572897762,0.5519759450171822,,,1161,1292
422,422,5,1,31,1,4,7,1174,1278,49,14,95,user.,0.18126134301270416,0.5519759450171822,,,1223,1292
423,423,5,1,31,1,4,8,1235,1274,40,18,96,The,0.1898064125831821,0.5511168384879725,,,1275,1292
424,424,5,1,31,1,4,9,1287,1274,90,23,96,expander,0.2014519056261343,0.5521907216494846,,,1377,1297
425,425,5,1,31,1,4,10,1379,1274,33,18,96,is,0.21105565638233514,0.5511168384879725,,,1412,1292
426,426,5,1,31,1,4,11,1424,1274,42,18,96,also,0.21854204476709013,0.5511168384879725,,,1466,1292
427,427,4,1,31,1,5,0,884,1306,582,23,-1,,0.17770719903206292,0.5659364261168385,,,1466,1329
428,428,5,1,31,1,5,1,884,1306,84,23,96,adapted,0.14004839685420448,0.5659364261168385,,,968,1329
429,429,5,1,31,1,5,2,974,1306,28,19,96,for,0.14942528735632185,0.5650773195876289,,,1002,1325
430,430,5,1,31,1,5,3,1007,1306,100,19,96,deflection,0.15986085904416214,0.5650773195876289,,,1107,1325
431,431,5,1,31,1,5,4,1115,1306,16,19,93,in,0.16984271022383546,0.5650773195876289,,,1131,1325
432,432,5,1,31,1,5,5,1137,1306,101,23,93,responsive,0.17959770114942528,0.5659364261168385,,,1238,1329
433,433,5,1,31,1,5,6,1240,1307,35,18,96,to,0.19018451300665457,0.5652920962199313,,,1275,1325
434,434,5,1,31,1,5,7,1281,1311,25,14,96,an,0.1956291591046582,0.5661512027491409,,,1306,1325
435,435,5,1,31,1,5,8,1313,1307,85,18,96,actuator,0.20500604960677557,0.5652920962199313,,,1398,1325
436,436,5,1,31,1,5,9,1403,1311,25,14,96,on,0.21408045977011494,0.5661512027491409,,,1428,1325
437,437,5,1,31,1,5,10,1434,1306,32,19,96,the,0.21929824561403508,0.5650773195876289,,,1466,1325
438,438,4,1,31,1,6,0,885,1339,581,18,-1,,0.17778281911675742,0.5790378006872853,,,1466,1357
439,439,5,1,31,1,6,1,885,1339,69,18,96,control,0.13906533575317603,0.5790378006872853,,,954,1357
440,440,5,1,31,1,6,2,964,1339,69,18,96,handle,0.15101330913490624,0.5790378006872853,,,1033,1357
441,441,5,1,31,1,6,3,1042,1339,31,18,96,that,0.1599364791288566,0.5790378006872853,,,1073,1357
442,442,5,1,31,1,6,4,1075,1339,79,18,96,allows,0.16855716878402904,0.5790378006872853,,,1154,1357
443,443,5,1,31,1,6,5,1162,1344,12,13,96,a,0.17664851784633998,0.5801116838487973,,,1174,1357
444,444,5,1,31,1,6,6,1184,1344,36,13,96,user,0.18179068360556563,0.5801116838487973,,,1220,1357
445,445,5,1,31,1,6,7,1222,1340,33,17,96,to,0.18731094978826376,0.5792525773195877,,,1255,1357
446,446,5,1,31,1,6,8,1265,1339,69,18,96,control,0.19653660012099214,0.5790378006872853,,,1334,1357
447,447,5,1,31,1,6,9,1343,1340,19,17,96,at,0.2045523290986086,0.5792525773195877,,,1362,1357
448,448,5,1,31,1,6,10,1371,1339,49,18,96,least,0.21105565638233514,0.5790378006872853,,,1420,1357
449,449,5,1,31,1,6,11,1427,1344,39,13,96,one,0.21876890502117363,0.5801116838487973,,,1466,1357
450,450,4,1,31,1,7,0,885,1372,581,23,-1,,0.17778281911675742,0.594286941580756,,,1466,1395
451,451,5,1,31,1,7,1,885,1372,57,23,96,puller,0.13815789473684212,0.594286941580756,,,942,1395
452,452,5,1,31,1,7,2,948,1372,43,19,96,wire,0.14662734422262552,0.5934278350515464,,,991,1391
453,453,5,1,31,1,7,3,999,1372,102,23,96,extending,0.1588021778584392,0.594286941580756,,,1101,1395
454,454,5,1,31,1,7,4,1109,1372,79,23,96,through,0.1736993345432547,0.594286941580756,,,1188,1395
455,455,5,1,31,1,7,5,1197,1372,32,19,96,the,0.18345432546884452,0.5934278350515464,,,1229,1391
456,456,5,1,31,1,7,6,1237,1372,86,19,96,catheter,0.19358741681790684,0.5934278350515464,,,1323,1391
457,457,5,1,31,1,7,7,1331,1372,50,23,96,body,0.20508166969147004,0.594286941580756,,,1381,1395
458,458,5,1,31,1,7,8,1388,1372,38,19,96,and,0.21279491833030853,0.5934278350515464,,,1426,1391
459,459,5,1,31,1,7,9,1434,1372,32,19,96,the,0.21929824561403508,0.5934278350515464,,,1466,1391
460,460,4,1,31,1,8,0,884,1405,104,23,-1,,0.14156079854809436,0.6084621993127147,,,988,1428
461,461,5,1,31,1,8,1,884,1405,104,23,96,expander.,0.14156079854809436,0.6084621993127147,,,988,1428
462,462,2,1,32,0,0,0,928,1777,193,39,-1,,0.15494555353901995,0.771692439862543,,,1121,1816
463,463,3,1,32,1,0,0,928,1777,193,39,-1,,0.15494555353901995,0.771692439862543,,,1121,1816
464,464,4,1,32,1,1,0,928,1777,193,17,-1,,0.15494555353901995,0.7669673539518901,,,1121,1794
465,465,5,1,32,1,1,1,928,1777,193,17,95, ,0.15494555353901995,0.7669673539518901,,,1121,1794
466,466,4,1,32,1,2,0,928,1794,193,22,-1,,0.15494555353901995,0.7753436426116839,,,1121,1816
467,467,5,1,32,1,2,1,928,1794,10,22,95, ,0.1411070780399274,0.7753436426116839,,,938,1816
468,468,5,1,32,1,2,2,1057,1794,64,22,95,  ,0.1647005444646098,0.7753436426116839,,,1121,1816
469,469,2,1,33,0,0,0,930,1815,418,231,-1,,0.1722625529340593,0.8292525773195877,,,1348,2046
470,470,3,1,33,1,0,0,930,1815,418,231,-1,,0.1722625529340593,0.8292525773195877,,,1348,2046
471,471,4,1,33,1,1,0,1168,1815,180,130,-1,,0.19026013309134907,0.8075601374570447,,,1348,1945
472,472,5,1,33,1,1,1,1168,1815,180,130,95,   ,0.19026013309134907,0.8075601374570447,,,1348,1945
473,473,4,1,33,1,2,0,1164,1945,170,28,-1,,0.18889897156684815,0.8414948453608248,,,1334,1973
474,474,5,1,33,1,2,1,1164,1945,170,28,95,  ,0.18889897156684815,0.8414948453608248,,,1334,1973
475,475,4,1,33,1,3,0,1146,1973,178,34,-1,,0.1867816091954023,0.8548109965635738,,,1324,2007
476,476,5,1,33,1,3,1,1146,1973,178,34,95,   ,0.1867816091954023,0.8548109965635738,,,1324,2007
477,477,4,1,33,1,4,0,1146,2007,126,18,-1,,0.18284936479128858,0.865979381443299,,,1272,2025
478,478,5,1,33,1,4,1,1146,2007,126,18,95,  ,0.18284936479128858,0.865979381443299,,,1272,2025
479,479,4,1,33,1,5,0,930,2025,335,21,-1,,0.16598608590441621,0.8743556701030928,,,1265,2046
480,480,5,1,33,1,5,1,930,2025,335,21,95, ,0.16598608590441621,0.8743556701030928,,,1265,2046
481,481,2,1,34,0,0,0,904,1814,7,12,-1,,0.13725045372050818,0.781786941580756,,,911,1826
482,482,3,1,34,1,0,0,904,1814,7,12,-1,,0.13725045372050818,0.781786941580756,,,911,1826
483,483,4,1,34,1,1,0,904,1814,7,12,-1,,0.13725045372050818,0.781786941580756,,,911,1826
484,484,5,1,34,1,1,1,904,1814,7,12,95, ,0.13725045372050818,0.781786941580756,,,911,1826
485,485,2,1,35,0,0,0,1121,1824,63,86,-1,,0.17430429522081065,0.8019759450171822,,,1184,1910
486,486,3,1,35,1,0,0,1121,1824,63,86,-1,,0.17430429522081065,0.8019759450171822,,,1184,1910
487,487,4,1,35,1,1,0,1121,1824,63,86,-1,,0.17430429522081065,0.8019759450171822,,,1184,1910
488,488,5,1,35,1,1,1,1121,1824,63,86,0,z),0.17430429522081065,0.8019759450171822,,,1184,1910
489,489,2,1,36,0,0,0,865,1923,281,98,-1,,0.15207199032062915,0.8470790378006873,,,1146,2021
490,490,3,1,36,1,0,0,1099,1923,15,15,-1,,0.16734724742891713,0.8292525773195877,,,1114,1938
491,491,4,1,36,1,1,0,1099,1923,15,15,-1,,0.16734724742891713,0.8292525773195877,,,1114,1938
492,492,5,1,36,1,1,1,1099,1923,15,15,0,¬£,0.16734724742891713,0.8292525773195877,,,1114,1938
493,493,3,1,36,2,0,0,1110,1936,36,21,-1,,0.1705989110707804,0.8361254295532646,,,1146,1957
494,494,4,1,36,2,1,0,1110,1936,36,21,-1,,0.1705989110707804,0.8361254295532646,,,1146,1957
495,495,5,1,36,2,1,1,1110,1936,36,21,38,SO,0.1705989110707804,0.8361254295532646,,,1146,1957
496,496,3,1,36,3,0,0,865,1947,275,74,-1,,0.15161826981246218,0.852233676975945,,,1140,2021
497,497,4,1,36,3,1,0,912,1947,228,35,-1,,0.15517241379310345,0.8438573883161512,,,1140,1982
498,498,5,1,36,3,1,1,912,1955,134,27,0,Sona,0.14806412583182094,0.8455756013745704,,,1046,1982
499,499,5,1,36,3,1,2,1076,1947,64,26,18,ee?,0.1675741076830006,0.8419243986254296,,,1140,1973
500,500,4,1,36,3,2,0,865,1965,262,56,-1,,0.15063520871143377,0.8560996563573883,,,1127,2021
501,501,5,1,36,3,2,1,865,1965,262,56,43,SOE,0.15063520871143377,0.8560996563573883,,,1127,2021
502,502,2,1,37,0,0,0,930,2007,168,18,-1,,0.15335753176043557,0.865979381443299,,,1098,2025
503,503,3,1,37,1,0,0,930,2007,168,18,-1,,0.15335753176043557,0.865979381443299,,,1098,2025
504,504,4,1,37,1,1,0,1015,2007,16,7,-1,,0.15471869328493648,0.8636168384879725,,,1031,2014
505,505,5,1,37,1,1,1,1015,2007,16,7,95, ,0.15471869328493648,0.8636168384879725,,,1031,2014
506,506,4,1,37,1,2,0,930,2014,168,11,-1,,0.15335753176043557,0.8674828178694158,,,1098,2025
507,507,5,1,37,1,2,1,930,2014,168,11,95,    ,0.15335753176043557,0.8674828178694158,,,1098,2025
508,508,2,1,38,0,0,0,716,2270,259,16,-1,,0.1278735632183908,0.9785223367697594,,,975,2286
509,509,3,1,38,1,0,0,716,2270,259,16,-1,,0.1278735632183908,0.9785223367697594,,,975,2286
510,510,4,1,38,1,1,0,716,2270,259,16,-1,,0.1278735632183908,0.9785223367697594,,,975,2286
511,511,5,1,38,1,1,1,716,2270,49,12,96,Printed,0.11199334543254688,0.9776632302405498,,,765,2282
512,512,5,1,38,1,1,2,771,2270,15,16,96,by,0.1177404718693285,0.9785223367697594,,,786,2286
513,513,5,1,38,1,1,3,792,2270,45,14,96,"Jouve,",0.12318511796733213,0.9780927835051546,,,837,2284
514,514,5,1,38,1,1,4,843,2270,41,12,96,75001,0.13059588626739263,0.9776632302405498,,,884,2282
515,515,5,1,38,1,1,5,893,2270,46,12,96,PARIS,0.1385359951603146,0.9776632302405498,,,939,2282
516,516,5,1,38,1,1,6,945,2270,30,16,95,(FR),0.14519056261343014,0.9785223367697594,,,975,2286
