,Unnamed: 0,level,page_num,block_num,par_num,line_num,word_num,left,top,width,height,conf,text,x,y,label,target,right,bottom
0,0,1,1,0,0,0,0,0,0,1653,2328,-1,,0.125,0.5,,,1653,2328
1,1,2,1,1,0,0,0,144,1905,31,328,-1,,0.02412280701754386,0.8887457044673539,,,175,2233
2,2,3,1,1,1,0,0,144,1905,31,328,-1,,0.02412280701754386,0.8887457044673539,,,175,2233
3,3,4,1,1,1,1,0,144,1905,31,328,-1,,0.02412280701754386,0.8887457044673539,,,175,2233
4,4,5,1,1,1,1,1,144,2179,30,54,96,EP,0.024047186932849365,0.947594501718213,,,174,2233
5,5,5,1,1,1,1,2,144,2142,31,21,96,3,0.02412280701754386,0.9246134020618557,,,175,2163
6,6,5,1,1,1,1,3,144,2055,31,71,95,382,0.02412280701754386,0.8979810996563574,,,175,2126
7,7,5,1,1,1,1,4,144,1969,31,70,93,793,0.02412280701754386,0.8608247422680413,,,175,2039
8,8,5,1,1,1,1,5,144,1905,30,50,87,A1,0.024047186932849365,0.8290378006872853,,,174,1955
9,9,2,1,2,0,0,0,429,153,88,28,-1,,0.07153660012099214,0.07173539518900343,,,517,181
10,10,3,1,2,1,0,0,429,153,88,28,-1,,0.07153660012099214,0.07173539518900343,,,517,181
11,11,4,1,2,1,1,0,429,153,88,16,-1,,0.07153660012099214,0.06915807560137457,,,517,169
12,12,5,1,2,1,1,1,429,153,88,16,84,Europaisches,0.07153660012099214,0.06915807560137457,,,517,169
13,13,4,1,2,1,2,0,429,170,71,11,-1,,0.07025105868118572,0.07538659793814433,,,500,181
14,14,5,1,2,1,2,1,429,170,71,11,96,Patentamt,0.07025105868118572,0.07538659793814433,,,500,181
15,15,2,1,3,0,0,0,429,196,89,28,-1,,0.07161222020568662,0.09020618556701031,,,518,224
16,16,3,1,3,1,0,0,429,196,89,28,-1,,0.07161222020568662,0.09020618556701031,,,518,224
17,17,4,1,3,1,1,0,429,196,63,15,-1,,0.06964609800362977,0.08741408934707903,,,492,211
18,18,5,1,3,1,1,1,429,196,63,15,95,European,0.06964609800362977,0.08741408934707903,,,492,211
19,19,4,1,3,1,2,0,429,212,89,12,-1,,0.07161222020568662,0.0936426116838488,,,518,224
20,20,5,1,3,1,2,1,429,213,43,11,96,Patent,0.06813369630973987,0.0938573883161512,,,472,224
21,21,5,1,3,1,2,2,478,212,40,12,90,Office,0.07531760435571688,0.0936426116838488,,,518,224
22,22,2,1,4,0,0,0,429,239,109,28,-1,,0.07312462189957653,0.10867697594501718,,,538,267
23,23,3,1,4,1,0,0,429,239,109,28,-1,,0.07312462189957653,0.10867697594501718,,,538,267
24,24,4,1,4,1,1,0,429,239,109,15,-1,,0.07312462189957653,0.10588487972508591,,,538,254
25,25,5,1,4,1,1,1,429,239,40,12,93,Office,0.06790683605565638,0.1052405498281787,,,469,251
26,26,5,1,4,1,1,2,474,239,64,15,93,europ√©en,0.0765275257108288,0.10588487972508591,,,538,254
27,27,4,1,4,1,2,0,429,255,77,12,-1,,0.0707047791893527,0.11211340206185567,,,506,267
28,28,5,1,4,1,2,1,429,255,22,12,95,des,0.06654567453115548,0.11211340206185567,,,451,267
29,29,5,1,4,1,2,2,457,255,49,12,82,brevets,0.07282214156079855,0.11211340206185567,,,506,267
30,30,2,1,5,0,0,0,281,136,274,150,-1,,0.06321839080459771,0.09063573883161512,,,555,286
31,31,3,1,5,1,0,0,281,136,274,150,-1,,0.06321839080459771,0.09063573883161512,,,555,286
32,32,4,1,5,1,1,0,281,136,274,150,-1,,0.06321839080459771,0.09063573883161512,,,555,286
33,33,5,1,5,1,1,1,281,136,274,150,95, ,0.06321839080459771,0.09063573883161512,,,555,286
34,34,2,1,6,0,0,0,225,324,45,26,-1,,0.037431941923774956,0.14475945017182132,,,270,350
35,35,3,1,6,1,0,0,225,324,45,26,-1,,0.037431941923774956,0.14475945017182132,,,270,350
36,36,4,1,6,1,1,0,225,324,45,26,-1,,0.037431941923774956,0.14475945017182132,,,270,350
37,37,5,1,6,1,1,1,225,324,45,26,96,(12),0.037431941923774956,0.14475945017182132,,,270,350
38,38,2,1,7,0,0,0,225,395,415,53,-1,,0.06541137326073805,0.18105670103092783,,,640,448
39,39,3,1,7,1,0,0,225,395,415,53,-1,,0.06541137326073805,0.18105670103092783,,,640,448
40,40,4,1,7,1,1,0,225,395,282,26,-1,,0.05535390199637023,0.17525773195876287,,,507,421
41,41,5,1,7,1,1,1,225,395,45,26,92,(43),0.037431941923774956,0.17525773195876287,,,270,421
42,42,5,1,7,1,1,2,285,397,222,23,90,Verdffentlichungstag:,0.05989110707803993,0.17547250859106528,,,507,420
43,43,4,1,7,1,2,0,286,430,354,18,-1,,0.07002419842710224,0.18857388316151202,,,640,448
44,44,5,1,7,1,2,1,286,430,117,18,92,03.10.2018,0.052102238354506954,0.18857388316151202,publication_date,03.10.2018,403,448
45,45,5,1,7,1,2,2,426,430,121,18,90,Patentblatt,0.0735783424077435,0.18857388316151202,,,547,448
46,46,5,1,7,1,2,3,555,430,85,18,96,2018/40,0.09036600120992136,0.18857388316151202,,,640,448
47,47,2,1,8,0,0,0,225,493,377,26,-1,,0.06253781004234725,0.21735395189003437,,,602,519
48,48,3,1,8,1,0,0,225,493,377,26,-1,,0.06253781004234725,0.21735395189003437,,,602,519
49,49,4,1,8,1,1,0,225,493,377,26,-1,,0.06253781004234725,0.21735395189003437,,,602,519
50,50,5,1,8,1,1,1,225,493,45,26,91,(21),0.037431941923774956,0.21735395189003437,,,270,519
51,51,5,1,8,1,1,2,285,495,186,18,91,Anmeldenummer:,0.05716878402903811,0.21649484536082475,,,471,513
52,52,5,1,8,1,1,3,481,495,121,18,88,18164695.1,0.08189655172413793,0.21649484536082475,application_number,18164695.1,602,513
53,53,2,1,9,0,0,0,225,559,319,26,-1,,0.05815184513006655,0.24570446735395188,,,544,585
54,54,3,1,9,1,0,0,225,559,319,26,-1,,0.05815184513006655,0.24570446735395188,,,544,585
55,55,4,1,9,1,1,0,225,559,319,26,-1,,0.05815184513006655,0.24570446735395188,,,544,585
56,56,5,1,9,1,1,1,225,559,45,26,93,(22),0.037431941923774956,0.24570446735395188,,,270,585
57,57,5,1,9,1,1,2,285,561,131,23,92,Anmeldetag:,0.0530096793708409,0.24591924398625428,,,416,584
58,58,5,1,9,1,1,3,426,561,118,18,96,28.03.2018,0.07335148215366001,0.24484536082474226,filing_date,28.03.2018,544,579
59,59,2,1,10,0,0,0,1002,245,458,38,-1,,0.18617664851784635,0.1134020618556701,,,1460,283
60,60,3,1,10,1,0,0,1002,245,458,38,-1,,0.18617664851784635,0.1134020618556701,,,1460,283
61,61,4,1,10,1,1,0,1002,245,458,38,-1,,0.18617664851784635,0.1134020618556701,,,1460,283
62,62,5,1,10,1,1,1,1002,256,44,27,74,(11),0.15486993345432548,0.11576460481099657,,,1046,283
63,63,5,1,10,1,1,2,1146,245,52,32,96,EP,0.17725347852389595,0.11211340206185567,number,EP,1198,277
64,64,5,1,10,1,1,3,1214,245,20,32,96,3,0.1851179673321234,0.11211340206185567,number,3,1234,277
65,65,5,1,10,1,1,4,1249,245,68,32,96,382,0.1940411373260738,0.11211340206185567,number,382,1317,277
66,66,5,1,10,1,1,5,1332,245,67,32,90,793,0.20651845130066546,0.11211340206185567,number,793,1399,277
67,67,5,1,10,1,1,6,1413,245,47,32,88,A1,0.21725650332728372,0.11211340206185567,number,A1,1460,277
68,68,2,1,11,0,0,0,559,314,573,31,-1,,0.1278735632183908,0.14153780068728522,,,1132,345
69,69,3,1,11,1,0,0,559,314,573,31,-1,,0.1278735632183908,0.14153780068728522,,,1132,345
70,70,4,1,11,1,1,0,559,314,573,31,-1,,0.1278735632183908,0.14153780068728522,,,1132,345
71,71,5,1,11,1,1,1,559,314,230,31,92,EUROPAISCHE,0.10193587416817906,0.14153780068728522,,,789,345
72,72,5,1,11,1,1,2,802,319,330,26,91,PATENTANMELDUNG,0.14624924379915305,0.14261168384879724,,,1132,345
73,73,2,1,12,0,0,0,862,395,260,83,-1,,0.1500302480338778,0.1875,,,1122,478
74,74,3,1,12,1,0,0,862,395,260,83,-1,,0.1500302480338778,0.1875,,,1122,478
75,75,4,1,12,1,1,0,862,395,126,26,-1,,0.13989715668481548,0.17525773195876287,,,988,421
76,76,5,1,12,1,1,1,862,395,44,26,67,(51),0.1336963097398669,0.17525773195876287,,,906,421
77,77,5,1,12,1,1,2,923,397,25,18,93,Int,0.1414851784633999,0.17439862542955326,,,948,415
78,78,5,1,12,1,1,3,955,397,33,18,65,Cl:,0.14692982456140352,0.17439862542955326,,,988,415
79,79,4,1,12,1,2,0,922,425,187,23,-1,,0.15358439201451907,0.1875,,,1109,448
80,80,5,1,12,1,2,1,922,428,61,20,73,H01Q,0.1440562613430127,0.18814432989690721,class_international,H01Q,983,448
81,81,5,1,12,1,2,2,993,428,44,18,93,1122,0.15350877192982457,0.1877147766323024,class_international,1/22,1037,446
82,82,5,1,12,1,2,3,1042,425,67,16,91,(2006.01),0.16265880217785844,0.18599656357388317,,,1109,441
83,83,4,1,12,1,3,0,922,455,200,23,-1,,0.15456745311554748,0.20038659793814434,,,1122,478
84,84,5,1,12,1,3,1,922,458,61,20,46,HO1Q,0.1440562613430127,0.20103092783505155,,,983,478
85,85,5,1,12,1,3,2,993,458,57,18,95,13/18,0.15449183303085298,0.20060137457044674,,,1050,476
86,86,5,1,12,1,3,3,1056,455,66,16,68,(2006.07),0.1647005444646098,0.19888316151202748,,,1122,471
87,87,2,1,13,0,0,0,1193,425,200,53,-1,,0.1955535390199637,0.19394329896907217,,,1393,478
88,88,3,1,13,1,0,0,1193,425,200,53,-1,,0.1955535390199637,0.19394329896907217,,,1393,478
89,89,4,1,13,1,1,0,1193,425,200,23,-1,,0.1955535390199637,0.1875,,,1393,448
90,90,5,1,13,1,1,1,1193,428,61,20,42,H0O1Q,0.1850423472474289,0.18814432989690721,,,1254,448
91,91,5,1,13,1,1,2,1264,428,44,18,93,13106,0.19449485783424078,0.1877147766323024,,,1308,446
92,92,5,1,13,1,1,3,1309,425,84,21,74,(2006.97),0.2043254688445251,0.1870704467353952,,,1393,446
93,93,4,1,13,1,2,0,1193,455,187,23,-1,,0.19457047791893528,0.20038659793814434,,,1380,478
94,94,5,1,13,1,2,1,1193,458,61,20,85,HO1Q,0.1850423472474289,0.20103092783505155,,,1254,478
95,95,5,1,13,1,2,2,1264,458,43,18,89,1144,0.19441923774954628,0.20060137457044674,,,1307,476
96,96,5,1,13,1,2,3,1313,455,67,16,88,(2006.01),0.20364488808227466,0.19888316151202748,,,1380,471
97,97,2,1,14,0,0,0,224,611,1243,8,-1,,0.1278735632183908,0.26417525773195877,,,1467,619
98,98,3,1,14,1,0,0,224,611,1243,8,-1,,0.1278735632183908,0.26417525773195877,,,1467,619
99,99,4,1,14,1,1,0,224,611,1243,8,-1,,0.1278735632183908,0.26417525773195877,,,1467,619
100,100,5,1,14,1,1,1,224,611,1243,8,95, ,0.1278735632183908,0.26417525773195877,,,1467,619
101,101,2,1,15,0,0,0,225,631,599,250,-1,,0.07932546884452511,0.3247422680412371,,,824,881
102,102,3,1,15,1,0,0,225,631,599,250,-1,,0.07932546884452511,0.3247422680412371,,,824,881
103,103,4,1,15,1,1,0,225,631,342,27,-1,,0.05989110707803993,0.2768470790378007,,,567,658
104,104,5,1,15,1,1,1,225,631,45,27,93,(84),0.037431941923774956,0.2768470790378007,,,270,658
105,105,5,1,15,1,1,2,286,633,100,19,93,Benannte,0.050816696914700546,0.2759879725085911,,,386,652
106,106,5,1,15,1,1,3,393,633,174,23,92,Vertragsstaaten:,0.07259528130671507,0.2768470790378007,,,567,656
107,107,4,1,15,1,2,0,285,666,537,18,-1,,0.08371143375680581,0.28994845360824745,,,822,684
108,108,5,1,15,1,2,1,285,666,31,18,94,AL,0.04544767090139141,0.28994845360824745,,,316,684
109,109,5,1,15,1,2,2,323,666,31,18,94,AT,0.05119479733817302,0.28994845360824745,,,354,684
110,110,5,1,15,1,2,3,363,666,30,18,95,BE,0.05716878402903811,0.28994845360824745,,,393,684
111,111,5,1,15,1,2,4,403,666,32,18,95,BG,0.0633696309739867,0.28994845360824745,,,435,684
112,112,5,1,15,1,2,5,445,666,31,18,95,CH,0.06964609800362977,0.28994845360824745,,,476,684
113,113,5,1,15,1,2,6,486,666,32,18,96,CY,0.07592256503327284,0.28994845360824745,,,518,684
114,114,5,1,15,1,2,7,526,666,30,18,96,CZ,0.08182093163944344,0.28994845360824745,,,556,684
115,115,5,1,15,1,2,8,565,666,30,18,96,DE,0.08771929824561403,0.28994845360824745,,,595,684
116,116,5,1,15,1,2,9,605,666,32,18,93,DK,0.09392014519056262,0.28994845360824745,,,637,684
117,117,5,1,15,1,2,10,646,666,29,18,93,EE,0.0998941318814277,0.28994845360824745,,,675,684
118,118,5,1,15,1,2,11,684,666,29,18,93,ES,0.10564125831820932,0.28994845360824745,,,713,684
119,119,5,1,15,1,2,12,723,666,99,18,86,FIFRGB,0.11683303085299455,0.28994845360824745,,,822,684
120,120,4,1,15,1,3,0,285,699,539,18,-1,,0.0838626739261948,0.30412371134020616,,,824,717
121,121,5,1,15,1,3,1,285,699,35,18,94,GR,0.04575015124016939,0.30412371134020616,,,320,717
122,122,5,1,15,1,3,2,328,699,32,18,94,HR,0.05202661826981246,0.30412371134020616,,,360,717
123,123,5,1,15,1,3,3,368,699,14,18,41,HU,0.05671506352087114,0.30412371134020616,,,382,717
124,124,5,1,15,1,3,4,385,699,43,18,41,IE,0.06147912885662432,0.30412371134020616,,,428,717
125,125,5,1,15,1,3,5,436,699,20,18,47,IS,0.06745311554748941,0.30412371134020616,,,456,717
126,126,5,1,15,1,3,6,464,699,20,18,47,IT,0.07168784029038112,0.30412371134020616,,,484,717
127,127,5,1,15,1,3,7,492,699,54,18,83,LILT,0.07849364791288566,0.30412371134020616,,,546,717
128,128,5,1,15,1,3,8,554,699,28,18,75,LU,0.08590441621294616,0.30412371134020616,,,582,717
129,129,5,1,15,1,3,9,591,699,28,18,75,LV,0.09150030248033877,0.30412371134020616,,,619,717
130,130,5,1,15,1,3,10,627,699,35,18,95,MC,0.09747428917120388,0.30412371134020616,,,662,717
131,131,5,1,15,1,3,11,670,699,35,18,94,MK,0.10397761645493044,0.30412371134020616,,,705,717
132,132,5,1,15,1,3,12,713,699,32,18,93,MT,0.11025408348457351,0.30412371134020616,,,745,717
133,133,5,1,15,1,3,13,753,699,29,18,20,NL,0.11607683000604961,0.30412371134020616,,,782,717
134,134,5,1,15,1,3,14,791,699,33,18,20,NO,0.1221264367816092,0.30412371134020616,,,824,717
135,135,4,1,15,1,4,0,286,732,336,18,-1,,0.06866303690260134,0.31829896907216493,,,622,750
136,136,5,1,15,1,4,1,286,732,28,18,95,PL,0.045372050816696916,0.31829896907216493,,,314,750
137,137,5,1,15,1,4,2,323,732,29,18,92,PT,0.05104355716878403,0.31829896907216493,,,352,750
138,138,5,1,15,1,4,3,360,732,58,18,92,RORS,0.058832425892317,0.31829896907216493,,,418,750
139,139,5,1,15,1,4,4,420,732,52,18,96,SE,0.06745311554748941,0.31829896907216493,,,472,750
140,140,5,1,15,1,4,5,480,732,20,18,91,SI,0.07410768300060495,0.31829896907216493,,,500,750
141,141,5,1,15,1,4,6,510,732,31,18,91,SK,0.0794767090139141,0.31829896907216493,,,541,750
142,142,5,1,15,1,4,7,550,732,72,18,91,SMTR,0.08862673926194797,0.31829896907216493,,,622,750
143,143,4,1,15,1,5,0,286,765,330,23,-1,,0.06820931639443437,0.3335481099656357,,,616,788
144,144,5,1,15,1,5,1,286,765,100,18,92,Benannte,0.050816696914700546,0.3324742268041237,,,386,783
145,145,5,1,15,1,5,2,395,765,221,23,91,Erstreckungsstaaten:,0.0764519056261343,0.3335481099656357,,,616,788
146,146,4,1,15,1,6,0,286,797,74,19,-1,,0.04885057471264368,0.34643470790378006,,,360,816
147,147,5,1,15,1,6,1,286,797,33,19,96,BA,0.04575015124016939,0.34643470790378006,,,319,816
148,148,5,1,15,1,6,2,327,797,33,19,96,ME,0.05195099818511797,0.34643470790378006,,,360,816
149,149,4,1,15,1,7,0,286,830,322,23,-1,,0.06760435571687841,0.36146907216494845,,,608,853
150,150,5,1,15,1,7,1,286,830,100,18,92,Benannte,0.050816696914700546,0.3603951890034364,,,386,848
151,151,5,1,15,1,7,2,393,830,215,23,92,Validierungsstaaten:,0.07569570477918935,0.36146907216494845,,,608,853
152,152,4,1,15,1,8,0,286,863,157,18,-1,,0.055127041742286755,0.3745704467353952,,,443,881
153,153,5,1,15,1,8,1,286,863,31,18,95,KH,0.0455989110707804,0.3745704467353952,,,317,881
154,154,5,1,15,1,8,2,327,863,35,18,96,MA,0.052102238354506954,0.3745704467353952,,,362,881
155,155,5,1,15,1,8,3,371,863,34,18,95,MD,0.05868118572292801,0.3745704467353952,,,405,881
156,156,5,1,15,1,8,4,413,863,30,18,95,TN,0.0647307924984876,0.3745704467353952,,,443,881
157,157,2,1,16,0,0,0,225,927,491,53,-1,,0.07115849969751967,0.4095790378006873,,,716,980
158,158,3,1,16,1,0,0,225,927,491,53,-1,,0.07115849969751967,0.4095790378006873,,,716,980
159,159,4,1,16,1,1,0,225,927,491,26,-1,,0.07115849969751967,0.40378006872852235,,,716,953
160,160,5,1,16,1,1,1,225,927,45,26,91,(30),0.037431941923774956,0.40378006872852235,,,270,953
161,161,5,1,16,1,1,2,286,929,86,18,64,Prioritat:,0.04975801572897762,0.4029209621993127,,,372,947
162,162,5,1,16,1,1,3,383,929,118,18,92,31.03.2017,0.06684815486993345,0.4029209621993127,priority_date_eu,31.03.2017,501,947
163,163,5,1,16,1,1,4,520,929,30,18,92,DE,0.0809134906231095,0.4029209621993127,,,550,947
164,164,5,1,16,1,1,5,559,929,157,18,96,102017106956,0.09641560798548095,0.4029209621993127,,,716,947
165,165,4,1,16,1,2,0,385,961,328,19,-1,,0.08303085299455536,0.4168814432989691,,,713,980
166,166,5,1,16,1,2,1,385,961,116,19,96,15.11.2017,0.06699939503932244,0.4168814432989691,,,501,980
167,167,5,1,16,1,2,2,520,961,30,19,96,DE,0.0809134906231095,0.4168814432989691,,,550,980
168,168,5,1,16,1,2,3,559,961,154,19,96,102017126921,0.09618874773139746,0.4168814432989691,,,713,980
169,169,2,1,17,0,0,0,225,1025,477,90,-1,,0.07009981851179674,0.45962199312714774,,,702,1115
170,170,3,1,17,1,0,0,225,1025,477,90,-1,,0.07009981851179674,0.45962199312714774,,,702,1115
171,171,4,1,17,1,1,0,225,1025,477,26,-1,,0.07009981851179674,0.44587628865979384,,,702,1051
172,172,5,1,17,1,1,1,225,1025,45,26,93,(71),0.037431941923774956,0.44587628865979384,,,270,1051
173,173,5,1,17,1,1,2,285,1027,106,18,92,Anmelder:,0.051119177253478525,0.44501718213058417,,,391,1045
174,174,5,1,17,1,1,3,400,1027,194,18,91,Antennentechnik,0.07516636418632788,0.44501718213058417,applicant_line_1,Antennentechnik,594,1045
175,175,5,1,17,1,1,4,600,1027,51,18,96,ABB,0.09460072595281306,0.44501718213058417,applicant_line_1,ABB,651,1045
176,176,5,1,17,1,1,5,660,1027,42,18,96,Bad,0.10299455535390199,0.44501718213058417,applicant_line_1,Bad,702,1045
177,177,4,1,17,1,2,0,286,1059,221,23,-1,,0.05996672716273442,0.45983676975945015,,,507,1082
178,178,5,1,17,1,2,1,286,1059,143,23,92,Blankenburg,0.054068360556563826,0.45983676975945015,,,429,1082
179,179,5,1,17,1,2,2,438,1059,69,19,95,GmbH,0.07146098003629764,0.45897766323024053,,,507,1078
180,180,4,1,17,1,3,0,285,1092,213,23,-1,,0.05921052631578947,0.4740120274914089,,,498,1115
181,181,5,1,17,1,3,1,285,1092,65,18,96,99428,0.04801875378100424,0.4729381443298969,,,350,1110
182,182,5,1,17,1,3,2,357,1092,77,18,96,Weimar,0.059815486993345435,0.4729381443298969,,,434,1110
183,183,5,1,17,1,3,3,436,1092,62,23,96,(DE),0.0706291591046582,0.4740120274914089,,,498,1115
184,184,2,1,18,0,0,0,844,614,4,533,-1,,0.1279491833030853,0.37822164948453607,,,848,1147
185,185,3,1,18,1,0,0,844,614,4,533,-1,,0.1279491833030853,0.37822164948453607,,,848,1147
186,186,4,1,18,1,1,0,844,614,4,533,-1,,0.1279491833030853,0.37822164948453607,,,848,1147
187,187,5,1,18,1,1,1,844,614,4,533,95, ,0.1279491833030853,0.37822164948453607,,,848,1147
188,188,2,1,19,0,0,0,862,631,311,222,-1,,0.15388687235329704,0.31872852233676974,,,1173,853
189,189,3,1,19,1,0,0,862,631,311,222,-1,,0.15388687235329704,0.31872852233676974,,,1173,853
190,190,4,1,19,1,1,0,862,631,147,27,-1,,0.1414851784633999,0.2768470790378007,,,1009,658
191,191,5,1,19,1,1,1,862,631,44,27,90,(72),0.1336963097398669,0.2768470790378007,,,906,658
192,192,5,1,19,1,1,2,923,633,86,19,89,Erfinder:,0.14609800362976408,0.2759879725085911,,,1009,652
193,193,4,1,19,1,2,0,898,666,178,22,-1,,0.14927404718693285,0.29080756013745707,,,1076,688
194,194,5,1,19,1,2,1,898,671,7,8,45,¬¢,0.13634301270417423,0.28994845360824745,,,905,679
195,195,5,1,19,1,2,2,923,666,55,22,96,"Harz,",0.14375378100423472,0.29080756013745707,inventor_line_1,"Harz,",978,688
196,196,5,1,19,1,2,3,987,666,89,18,96,Thomas,0.1560042347247429,0.28994845360824745,inventor_line_1,Thomas,1076,684
197,197,4,1,19,1,3,0,922,699,217,23,-1,,0.1558529945553539,0.30519759450171824,,,1139,722
198,198,5,1,19,1,3,1,922,699,64,18,93,98693,0.1442831215970962,0.30412371134020616,,,986,717
199,199,5,1,19,1,3,2,996,699,87,18,71,Ilmenau,0.1572141560798548,0.30412371134020616,,,1083,717
200,200,5,1,19,1,3,3,1092,699,47,23,96,(DE),0.16870840895341802,0.30519759450171824,,,1139,722
201,201,4,1,19,1,4,0,898,732,196,22,-1,,0.15063520871143377,0.31915807560137455,,,1094,754
202,202,5,1,19,1,4,1,898,737,7,8,80,¬¢,0.13634301270417423,0.31829896907216493,,,905,745
203,203,5,1,19,1,4,2,923,732,30,18,93,Dr.,0.14186327888687236,0.31829896907216493,,,953,750
204,204,5,1,19,1,4,3,962,732,79,22,91,"Bulbin,",0.1514670296430732,0.31915807560137455,,,1041,754
205,205,5,1,19,1,4,4,1048,732,46,18,96,Yuri,0.161978221415608,0.31829896907216493,,,1094,750
206,206,4,1,19,1,5,0,922,765,251,23,-1,,0.15842407743496673,0.3335481099656357,,,1173,788
207,207,5,1,19,1,5,1,922,765,64,18,93,07407,0.1442831215970962,0.3324742268041237,,,986,783
208,208,5,1,19,1,5,2,996,765,122,18,92,Rudolstadt,0.15986085904416214,0.3324742268041237,,,1118,783
209,209,5,1,19,1,5,3,1126,765,47,23,96,(DE),0.17385057471264367,0.3335481099656357,,,1173,788
210,210,4,1,19,1,6,0,898,797,235,22,-1,,0.15358439201451907,0.3470790378006873,,,1133,819
211,211,5,1,19,1,6,1,898,803,7,7,35,¬´,0.13634301270417423,0.34643470790378006,,,905,810
212,212,5,1,19,1,6,2,923,797,30,19,95,Dr.,0.14186327888687236,0.34643470790378006,,,953,816
213,213,5,1,19,1,6,3,961,797,78,22,96,"Weber,",0.1512401693889897,0.3470790378006873,,,1039,819
214,214,5,1,19,1,6,4,1049,797,84,19,96,Michael,0.16500302480338777,0.34643470790378006,,,1133,816
215,215,4,1,19,1,7,0,922,830,231,23,-1,,0.15691167574107684,0.36146907216494845,,,1153,853
216,216,5,1,19,1,7,1,922,830,64,18,93,81929,0.1442831215970962,0.3603951890034364,,,986,848
217,217,5,1,19,1,7,2,996,830,101,18,74,Miinchen,0.15827283726557773,0.3603951890034364,,,1097,848
218,218,5,1,19,1,7,3,1107,830,46,23,95,(DE),0.17090139140955837,0.36146907216494845,,,1153,853
219,219,2,1,20,0,0,0,862,893,445,157,-1,,0.16401996370235936,0.4173109965635739,,,1307,1050
220,220,3,1,20,1,0,0,862,893,445,157,-1,,0.16401996370235936,0.4173109965635739,,,1307,1050
221,221,4,1,20,1,1,0,862,893,416,27,-1,,0.161826981246219,0.3893900343642612,,,1278,920
222,222,5,1,20,1,1,1,862,893,44,27,92,(74),0.1336963097398669,0.3893900343642612,,,906,920
223,223,5,1,20,1,1,2,921,895,97,19,92,Vertreter:,0.14662734422262552,0.38853092783505155,,,1018,914
224,224,5,1,20,1,1,3,1029,895,94,23,92,"Kruspig,",0.16273442226255294,0.3893900343642612,representative_line_1_eu,"Kruspig,",1123,918
225,225,5,1,20,1,1,4,1130,895,84,19,96,Volkmar,0.17725347852389595,0.38853092783505155,representative_line_1_eu,Volkmar,1214,914
226,226,5,1,20,1,1,5,1218,896,34,18,95,et,0.1867816091954023,0.38874570446735396,representative_line_1_eu,et,1252,914
227,227,5,1,20,1,1,6,1260,895,18,19,95,al,0.19192377495462795,0.38853092783505155,representative_line_1_eu,al,1278,914
228,228,4,1,20,1,2,0,923,929,334,18,-1,,0.1648517846339988,0.4029209621993127,,,1257,947
229,229,5,1,20,1,2,1,923,929,102,18,96,Meissner,0.147307924984876,0.4029209621993127,,,1025,947
230,230,5,1,20,1,2,2,1033,929,57,18,93,Bolte,0.16054143980641258,0.4029209621993127,,,1090,947
231,231,5,1,20,1,2,3,1099,929,158,18,87,Patentanwalte,0.1781609195402299,0.4029209621993127,,,1257,947
232,232,4,1,20,1,3,0,923,961,384,19,-1,,0.16863278886872354,0.4168814432989691,,,1307,980
233,233,5,1,20,1,3,1,923,961,164,19,88,Rechtsanwalte,0.15199637023593465,0.4168814432989691,,,1087,980
234,234,5,1,20,1,3,2,1096,961,153,19,91,Partnerschaft,0.17732909860859045,0.4168814432989691,,,1249,980
235,235,5,1,20,1,3,3,1256,961,51,19,92,mbB,0.1938142770719903,0.4168814432989691,,,1307,980
236,236,4,1,20,1,4,0,923,994,185,18,-1,,0.15358439201451907,0.43084192439862545,,,1108,1012
237,237,5,1,20,1,4,1,923,994,89,18,93,Berliner,0.14632486388384755,0.43084192439862545,,,1012,1012
238,238,5,1,20,1,4,2,1019,994,72,18,43,StraRe,0.15955837870538414,0.43084192439862545,,,1091,1012
239,239,5,1,20,1,4,3,1101,994,7,18,95,1,0.16704476709013913,0.43084192439862545,,,1108,1012
240,240,4,1,20,1,5,0,922,1027,180,23,-1,,0.1530550514216576,0.44609106529209624,,,1102,1050
241,241,5,1,20,1,5,1,922,1027,64,18,96,07545,0.1442831215970962,0.44501718213058417,,,986,1045
242,242,5,1,20,1,5,2,995,1027,53,18,96,Gera,0.15449183303085298,0.44501718213058417,,,1048,1045
243,243,5,1,20,1,5,3,1056,1027,46,23,97,(DE),0.1631881427707199,0.44609106529209624,,,1102,1050
244,244,2,1,21,0,0,0,224,1142,1243,8,-1,,0.1278735632183908,0.49226804123711343,,,1467,1150
245,245,3,1,21,1,0,0,224,1142,1243,8,-1,,0.1278735632183908,0.49226804123711343,,,1467,1150
246,246,4,1,21,1,1,0,224,1142,1243,8,-1,,0.1278735632183908,0.49226804123711343,,,1467,1150
247,247,5,1,21,1,1,1,224,1142,1243,8,95, ,0.1278735632183908,0.49226804123711343,,,1467,1150
248,248,2,1,22,0,0,0,225,1165,583,361,-1,,0.07811554748941318,0.5779639175257731,,,808,1526
249,249,3,1,22,1,0,0,225,1165,583,361,-1,,0.07811554748941318,0.5779639175257731,,,808,1526
250,250,4,1,22,1,1,0,225,1165,579,26,-1,,0.07781306715063521,0.5060137457044673,,,804,1191
251,251,5,1,22,1,1,1,225,1165,45,26,74,(54),0.037431941923774956,0.5060137457044673,,,270,1191
252,252,5,1,22,1,1,2,316,1165,297,21,74,ELEKTROTECHNISCHE,0.07025105868118572,0.5049398625429553,title_line_1,ELEKTROTECHNISCHE,613,1186
253,253,5,1,22,1,1,3,623,1165,181,21,91,EINRICHTUNG,0.10790986085904417,0.5049398625429553,title_line_1,EINRICHTUNG,804,1186
254,254,4,1,22,1,2,0,225,1239,582,26,-1,,0.0780399274047187,0.5378006872852233,,,807,1265
255,255,5,1,22,1,2,1,225,1239,45,26,90,(57),0.037431941923774956,0.5378006872852233,,,270,1265
256,256,5,1,22,1,2,2,316,1241,33,18,35,Die,0.05028735632183908,0.5369415807560137,,,349,1259
257,257,5,1,22,1,2,3,367,1241,98,23,91,Erfindung,0.06291591046581972,0.5380154639175257,,,465,1264
258,258,5,1,22,1,2,4,484,1241,64,18,87,betrifft,0.0780399274047187,0.5369415807560137,,,548,1259
259,259,5,1,22,1,2,5,564,1241,42,18,91,eine,0.08847549909255899,0.5369415807560137,,,606,1259
260,260,5,1,22,1,2,6,623,1241,184,18,91,elektrotechnische,0.10813672111312765,0.5369415807560137,,,807,1259
261,261,4,1,22,1,3,0,226,1274,581,23,-1,,0.07811554748941318,0.5521907216494846,,,807,1297
262,262,5,1,22,1,3,1,226,1274,122,23,92,"Einrichtung,",0.04340592861464005,0.5521907216494846,,,348,1297
263,263,5,1,22,1,3,2,362,1274,109,18,91,bestehend,0.06299153055051422,0.5511168384879725,,,471,1292
264,264,5,1,22,1,3,3,483,1278,37,14,96,aus,0.07584694494857834,0.5519759450171822,,,520,1292
265,265,5,1,22,1,3,4,531,1274,63,18,92,einem,0.08507259528130671,0.5511168384879725,,,594,1292
266,266,5,1,22,1,3,5,607,1274,112,23,87,"leitfahigen,",0.10027223230490018,0.5521907216494846,,,719,1297
267,267,5,1,22,1,3,6,733,1274,74,18,90,metalli-,0.11645493042952208,0.5511168384879725,,,807,1292
268,268,4,1,22,1,4,0,225,1306,582,19,-1,,0.0780399274047187,0.5650773195876289,,,807,1325
269,269,5,1,22,1,4,1,225,1306,61,19,92,schen,0.03864186327888687,0.5650773195876289,,,286,1325
270,270,5,1,22,1,4,2,294,1306,95,19,82,Gehause,0.05164851784633999,0.5650773195876289,,,389,1325
271,271,5,1,22,1,4,3,396,1311,32,14,93,zur,0.062310949788263764,0.5661512027491409,,,428,1325
272,272,5,1,22,1,4,4,434,1306,93,19,91,Aufnahme,0.07267090139140955,0.5650773195876289,,,527,1325
273,273,5,1,22,1,4,5,531,1311,41,14,93,von,0.08340895341802783,0.5661512027491409,,,572,1325
274,274,5,1,22,1,4,6,575,1306,169,19,91,elektronischen,0.09974289171203872,0.5650773195876289,,,744,1325
275,275,5,1,22,1,4,7,753,1306,54,19,74,Kom-,0.11796733212341198,0.5650773195876289,,,807,1325
276,276,4,1,22,1,5,0,226,1339,581,23,-1,,0.07811554748941318,0.5801116838487973,,,807,1362
277,277,5,1,22,1,5,1,226,1340,102,22,92,"ponenten,",0.04189352692075015,0.5803264604810997,,,328,1362
278,278,5,1,22,1,5,2,343,1339,61,18,92,wobei,0.05648820326678766,0.5790378006872853,,,404,1357
279,279,5,1,22,1,5,3,419,1339,37,18,93,das,0.066167574107683,0.5790378006872853,,,456,1357
280,280,5,1,22,1,5,4,471,1339,95,18,86,Gehause,0.07841802782819117,0.5790378006872853,,,566,1357
281,281,5,1,22,1,5,5,581,1339,120,18,91,mindestens,0.0969449485783424,0.5790378006872853,,,701,1357
282,282,5,1,22,1,5,6,714,1339,44,18,92,eine,0.11131276467029642,0.5790378006872853,,,758,1357
283,283,5,1,22,1,5,7,772,1339,35,18,92,Zu-,0.11940411373260738,0.5790378006872853,,,807,1357
284,284,4,1,22,1,6,0,225,1372,583,23,-1,,0.07811554748941318,0.594286941580756,,,808,1395
285,285,5,1,22,1,6,1,225,1372,142,23,40,gangs√©ffnung,0.04476709013914096,0.594286941580756,,,367,1395
286,286,5,1,22,1,6,2,378,1372,91,22,92,"aufweist,",0.06405021173623715,0.5940721649484536,,,469,1394
287,287,5,1,22,1,6,3,479,1372,74,19,96,welche,0.0780399274047187,0.5934278350515464,,,553,1391
288,288,5,1,22,1,6,4,563,1372,57,19,96,durch,0.08945856019358742,0.5934278350515464,,,620,1391
289,289,5,1,22,1,6,5,631,1372,43,19,93,eine,0.09868421052631579,0.5934278350515464,,,674,1391
290,290,5,1,22,1,6,6,684,1372,78,23,92,"Klappe,",0.10934664246823957,0.594286941580756,,,762,1395
291,291,5,1,22,1,6,7,772,1372,36,19,92,Tur,0.11947973381730187,0.5934278350515464,,,808,1391
292,292,4,1,22,1,7,0,225,1405,582,23,-1,,0.0780399274047187,0.6084621993127147,,,807,1428
293,293,5,1,22,1,7,1,225,1405,47,18,93,oder,0.03758318209316394,0.6073883161512027,,,272,1423
294,294,5,1,22,1,7,2,279,1405,121,23,92,dergleichen,0.05134603750756201,0.6084621993127147,,,400,1428
295,295,5,1,22,1,7,3,410,1405,54,18,93,Mittel,0.06609195402298851,0.6073883161512027,,,464,1423
296,296,5,1,22,1,7,4,473,1405,133,18,68,verschlieRbar,0.08159407138535996,0.6073883161512027,,,606,1423
297,297,5,1,22,1,7,5,609,1405,42,18,93,ist.,0.09528130671506352,0.6073883161512027,,,651,1423
298,298,5,1,22,1,7,6,661,1405,146,23,91,Erfindungsge-,0.11101028433151845,0.6084621993127147,,,807,1428
299,299,4,1,22,1,8,0,226,1438,581,23,-1,,0.07811554748941318,0.6226374570446735,,,807,1461
300,300,5,1,22,1,8,1,226,1438,30,18,35,mak,0.03644888082274652,0.6215635738831615,,,256,1456
301,301,5,1,22,1,8,2,259,1438,43,18,92,ist,0.042422867513611615,0.6215635738831615,,,302,1456
302,302,5,1,22,1,8,3,309,1438,107,18,91,mindestens,0.05482456140350877,0.6215635738831615,,,416,1456
303,303,5,1,22,1,8,4,418,1438,61,18,96,eine,0.06783121597096188,0.6215635738831615,,,479,1456
304,304,5,1,22,1,8,5,485,1438,35,18,93,der,0.07599818511796733,0.6215635738831615,,,520,1456
305,305,5,1,22,1,8,6,526,1438,151,18,91,elektronischen,0.09097096188747732,0.6215635738831615,,,677,1456
306,306,5,1,22,1,8,7,686,1438,121,23,90,Komponen-,0.11290078644888082,0.6226374570446735,,,807,1461
307,307,4,1,22,1,9,0,225,1470,582,23,-1,,0.0780399274047187,0.6363831615120275,,,807,1493
308,308,5,1,22,1,9,1,225,1471,31,18,96,ten,0.03637326073805203,0.6357388316151202,,,256,1489
309,309,5,1,22,1,9,2,267,1470,29,19,93,als,0.04257410768300061,0.6355240549828178,,,296,1489
310,310,5,1,22,1,9,3,307,1470,63,19,92,Mess-,0.05119479733817302,0.6355240549828178,,,370,1489
311,311,5,1,22,1,9,4,381,1470,36,19,92,und,0.0603448275862069,0.6355240549828178,,,417,1489
312,312,5,1,22,1,9,5,429,1470,295,23,91,Messdatensendeeinrichtung,0.08718995765275257,0.6363831615120275,,,724,1493
313,313,5,1,22,1,9,6,736,1475,71,18,92,ausge-,0.11668179068360557,0.6374570446735395,,,807,1493
314,314,4,1,22,1,10,0,226,1503,581,23,-1,,0.07811554748941318,0.6505584192439863,,,807,1526
315,315,5,1,22,1,10,1,226,1503,60,22,93,"bildet,",0.03871748336358137,0.6503436426116839,,,286,1525
316,316,5,1,22,1,10,2,293,1503,61,18,92,wobei,0.048926194797338174,0.6494845360824743,,,354,1521
317,317,5,1,22,1,10,3,361,1503,30,18,96,die,0.056866303690260134,0.6494845360824743,,,391,1521
318,318,5,1,22,1,10,4,398,1508,23,13,92,zu,0.061932849364791286,0.6505584192439863,,,421,1521
319,319,5,1,22,1,10,5,428,1503,116,18,91,sendenden,0.073502722323049,0.6494845360824743,,,544,1521
320,320,5,1,22,1,10,6,552,1503,93,18,92,und/oder,0.09051724137931035,0.6494845360824743,,,645,1521
321,321,5,1,22,1,10,7,651,1508,23,13,93,zu,0.10019661222020569,0.6505584192439863,,,674,1521
322,322,5,1,22,1,10,8,681,1503,126,23,92,empfangen-,0.11252268602540835,0.6505584192439863,,,807,1526
323,323,2,1,23,0,0,0,884,1241,583,285,-1,,0.17778281911675742,0.594286941580756,,,1467,1526
324,324,3,1,23,1,0,0,884,1241,583,285,-1,,0.17778281911675742,0.594286941580756,,,1467,1526
325,325,4,1,23,1,1,0,884,1241,582,23,-1,,0.17770719903206292,0.5380154639175257,,,1466,1264
326,326,5,1,23,1,1,1,884,1241,37,18,96,den,0.13649425287356323,0.5369415807560137,,,921,1259
327,327,5,1,23,1,1,2,931,1241,60,18,93,Daten,0.1453418027828191,0.5369415807560137,,,991,1259
328,328,5,1,23,1,1,3,999,1241,83,18,92,drahtlos,0.1573653962492438,0.5369415807560137,,,1082,1259
329,329,5,1,23,1,1,4,1091,1241,112,23,73,tibertragen,0.1734724742891712,0.5380154639175257,,,1203,1264
330,330,5,1,23,1,1,5,1210,1241,83,18,96,werden.,0.18927707199032062,0.5369415807560137,,,1293,1259
331,331,5,1,23,1,1,6,1302,1241,34,18,93,Die,0.19948578342407744,0.5369415807560137,,,1336,1259
332,332,5,1,23,1,1,7,1344,1241,122,18,92,Messdaten-,0.21249243799153056,0.5369415807560137,,,1466,1259
333,333,4,1,23,1,2,0,884,1274,582,23,-1,,0.17770719903206292,0.5521907216494846,,,1466,1297
334,334,5,1,23,1,2,1,884,1274,180,23,91,sendeeinrichtung,0.147307924984876,0.5521907216494846,,,1064,1297
335,335,5,1,23,1,2,2,1074,1274,51,18,96,steht,0.16628856624319419,0.5511168384879725,,,1125,1292
336,336,5,1,23,1,2,3,1136,1274,30,18,97,mit,0.17407743496672717,0.5511168384879725,,,1166,1292
337,337,5,1,23,1,2,4,1175,1274,52,18,93,einer,0.18163944343617666,0.5511168384879725,,,1227,1292
338,338,5,1,23,1,2,5,1238,1274,85,23,92,Erreger-,0.19366303690260134,0.5521907216494846,,,1323,1297
339,339,5,1,23,1,2,6,1334,1274,36,18,92,und,0.2044767090139141,0.5511168384879725,,,1370,1292
340,340,5,1,23,1,2,7,1383,1274,83,23,91,Einspei-,0.21544162129461586,0.5521907216494846,,,1466,1297
341,341,4,1,23,1,3,0,884,1306,582,23,-1,,0.17770719903206292,0.5659364261168385,,,1466,1329
342,342,5,1,23,1,3,1,884,1306,139,23,88,seeinrichtung,0.1442075015124017,0.5659364261168385,,,1023,1329
343,343,5,1,23,1,3,2,1033,1306,15,19,93,in,0.1573653962492438,0.5650773195876289,,,1048,1325
344,344,5,1,23,1,3,3,1055,1306,127,23,92,"Verbindung,",0.169162129461585,0.5659364261168385,,,1182,1329
345,345,5,1,23,1,3,4,1189,1306,56,19,92,wobei,0.1840592861464005,0.5650773195876289,,,1245,1325
346,346,5,1,23,1,3,5,1248,1306,26,19,95,in,0.19071385359951604,0.5650773195876289,,,1274,1325
347,347,5,1,23,1,3,6,1281,1306,35,19,93,der,0.19638535995160314,0.5650773195876289,,,1316,1325
348,348,5,1,23,1,3,7,1321,1306,100,23,91,Wandung,0.2073502722323049,0.5659364261168385,,,1421,1329
349,349,5,1,23,1,3,8,1429,1306,37,19,96,des,0.2189201451905626,0.5650773195876289,,,1466,1325
350,350,4,1,23,1,4,0,885,1339,581,23,-1,,0.17778281911675742,0.5801116838487973,,,1466,1362
351,351,5,1,23,1,4,1,885,1339,107,18,72,Gehauses,0.14193889897156683,0.5790378006872853,,,992,1357
352,352,5,1,23,1,4,2,1000,1339,44,18,95,eine,0.15456745311554748,0.5790378006872853,,,1044,1357
353,353,5,1,23,1,4,3,1054,1339,77,23,96,Gruppe,0.16522988505747127,0.5801116838487973,,,1131,1362
354,354,5,1,23,1,4,4,1140,1344,36,13,93,von,0.1751361161524501,0.5801116838487973,,,1176,1357
355,355,5,1,23,1,4,5,1188,1339,142,18,91,benachbarten,0.19041137326073806,0.5790378006872853,,,1330,1357
356,356,5,1,23,1,4,6,1340,1339,126,18,81,schlitzformi-,0.21218995765275256,0.5790378006872853,,,1466,1357
357,357,4,1,23,1,5,0,884,1372,581,23,-1,,0.17763157894736842,0.594286941580756,,,1465,1395
358,358,5,1,23,1,5,1,884,1377,37,18,91,gen,0.13649425287356323,0.595360824742268,,,921,1395
359,359,5,1,23,1,5,2,929,1372,140,23,89,Aussparungen,0.15108892921960074,0.594286941580756,,,1069,1395
360,360,5,1,23,1,5,3,1072,1372,133,23,89,eingebracht,0.1721869328493648,0.594286941580756,,,1205,1395
361,361,5,1,23,1,5,4,1207,1372,40,22,96,"ist,",0.18557168784029038,0.5940721649484536,,,1247,1394
362,362,5,1,23,1,5,5,1256,1372,30,19,93,die,0.19222625529340592,0.5934278350515464,,,1286,1391
363,363,5,1,23,1,5,6,1294,1372,127,23,73,Schlitzlange,0.20530852994555354,0.594286941580756,,,1421,1395
364,364,5,1,23,1,5,7,1429,1372,36,19,96,und,0.21884452510586813,0.5934278350515464,,,1465,1391
365,365,4,1,23,1,6,0,885,1405,581,23,-1,,0.17778281911675742,0.6084621993127147,,,1466,1428
366,366,5,1,23,1,6,1,885,1405,128,18,92,Schlitzbreite,0.14352692075015125,0.6073883161512027,,,1013,1423
367,367,5,1,23,1,6,2,1020,1405,33,18,96,auf,0.15676043557168784,0.6073883161512027,,,1053,1423
368,368,5,1,23,1,6,3,1059,1405,37,18,93,das,0.1629612825166364,0.6073883161512027,,,1096,1423
369,369,5,1,23,1,6,4,1104,1405,94,23,91,gewahlte,0.17407743496672717,0.6084621993127147,,,1198,1428
370,370,5,1,23,1,6,5,1207,1405,137,23,92,Frequenzband,0.1929068360556564,0.6084621993127147,,,1344,1428
371,371,5,1,23,1,6,6,1346,1405,43,18,92,zur,0.20682093163944343,0.6073883161512027,,,1389,1423
372,372,5,1,23,1,6,7,1392,1405,74,18,91,draht-,0.2161222020568663,0.6073883161512027,,,1466,1423
373,373,4,1,23,1,7,0,885,1434,580,27,-1,,0.17770719903206292,0.6217783505154639,,,1465,1461
374,374,5,1,23,1,7,1,885,1438,54,18,93,losen,0.13793103448275862,0.6215635738831615,,,939,1456
375,375,5,1,23,1,7,2,946,1434,130,27,92,Ubertragung,0.1529038112522686,0.6217783505154639,,,1076,1461
376,376,5,1,23,1,7,3,1082,1438,114,23,68,abgestimmt,0.1722625529340593,0.6226374570446735,,,1196,1461
377,377,5,1,23,1,7,4,1198,1438,52,18,68,sind,0.1851179673321234,0.6215635738831615,,,1250,1456
378,378,5,1,23,1,7,5,1258,1438,36,18,96,und,0.19298245614035087,0.6215635738831615,,,1294,1456
379,379,5,1,23,1,7,6,1300,1438,31,18,93,die,0.19895644283121597,0.6215635738831615,,,1331,1456
380,380,5,1,23,1,7,7,1337,1438,86,23,92,Erreger-,0.20871143375680581,0.6226374570446735,,,1423,1461
381,381,5,1,23,1,7,8,1429,1438,36,18,96,und,0.21884452510586813,0.6215635738831615,,,1465,1456
382,382,4,1,23,1,8,0,885,1470,582,23,-1,,0.17785843920145192,0.6363831615120275,,,1467,1493
383,383,5,1,23,1,8,1,885,1470,217,23,91,Einspeiseeinrichtung,0.1502571082879613,0.6363831615120275,,,1102,1493
384,384,5,1,23,1,8,2,1109,1470,203,23,84,gehauseinnenseitig,0.18307622504537205,0.6363831615120275,,,1312,1493
385,385,5,1,23,1,8,3,1320,1470,21,19,96,im,0.20122504537205083,0.6355240549828178,,,1341,1489
386,386,5,1,23,1,8,4,1349,1470,77,19,96,Bereich,0.20984573502722323,0.6355240549828178,,,1426,1489
387,387,5,1,23,1,8,5,1433,1470,34,19,96,der,0.21929824561403508,0.6355240549828178,,,1467,1489
388,388,4,1,23,1,9,0,885,1503,244,23,-1,,0.15229885057471265,0.6505584192439863,,,1129,1526
389,389,5,1,23,1,9,1,885,1503,81,18,92,Schlitze,0.13997277676950998,0.6494845360824743,,,966,1521
390,390,5,1,23,1,9,2,975,1503,112,23,90,angeordnet,0.1559286146400484,0.6505584192439863,,,1087,1526
391,391,5,1,23,1,9,3,1088,1503,41,18,94,ist.,0.1676497277676951,0.6494845360824743,,,1129,1521
392,392,2,1,24,0,0,0,716,2270,259,16,-1,,0.1278735632183908,0.9785223367697594,,,975,2286
393,393,3,1,24,1,0,0,716,2270,259,16,-1,,0.1278735632183908,0.9785223367697594,,,975,2286
394,394,4,1,24,1,1,0,716,2270,259,16,-1,,0.1278735632183908,0.9785223367697594,,,975,2286
395,395,5,1,24,1,1,1,716,2270,49,12,96,Printed,0.11199334543254688,0.9776632302405498,,,765,2282
396,396,5,1,24,1,1,2,771,2270,15,16,96,by,0.1177404718693285,0.9785223367697594,,,786,2286
397,397,5,1,24,1,1,3,792,2270,45,14,96,"Jouve,",0.12318511796733213,0.9780927835051546,,,837,2284
398,398,5,1,24,1,1,4,843,2270,41,12,96,75001,0.13059588626739263,0.9776632302405498,,,884,2282
399,399,5,1,24,1,1,5,893,2270,46,12,96,PARIS,0.1385359951603146,0.9776632302405498,,,939,2282
400,400,5,1,24,1,1,6,945,2270,30,16,95,(FR),0.14519056261343014,0.9785223367697594,,,975,2286
