,Unnamed: 0,level,page_num,block_num,par_num,line_num,word_num,left,top,width,height,conf,text,x,y,label,target,right,bottom
0,0,1,1,0,0,0,0,0,0,1653,2328,-1,,0.125,0.5,,,1653,2328
1,1,2,1,1,0,0,0,144,1905,31,328,-1,,0.02412280701754386,0.8887457044673539,,,175,2233
2,2,3,1,1,1,0,0,144,1905,31,328,-1,,0.02412280701754386,0.8887457044673539,,,175,2233
3,3,4,1,1,1,1,0,144,1905,31,328,-1,,0.02412280701754386,0.8887457044673539,,,175,2233
4,4,5,1,1,1,1,1,144,2179,30,54,96,EP,0.024047186932849365,0.947594501718213,,,174,2233
5,5,5,1,1,1,1,2,144,2142,31,21,94,3,0.02412280701754386,0.9246134020618557,,,175,2163
6,6,5,1,1,1,1,3,144,2055,31,71,94,382,0.02412280701754386,0.8979810996563574,,,175,2126
7,7,5,1,1,1,1,4,144,1968,31,71,92,675,0.02412280701754386,0.8606099656357389,,,175,2039
8,8,5,1,1,1,1,5,144,1905,30,50,89,A1,0.024047186932849365,0.8290378006872853,,,174,1955
9,9,2,1,2,0,0,0,429,153,88,28,-1,,0.07153660012099214,0.07173539518900343,,,517,181
10,10,3,1,2,1,0,0,429,153,88,28,-1,,0.07153660012099214,0.07173539518900343,,,517,181
11,11,4,1,2,1,1,0,429,153,88,16,-1,,0.07153660012099214,0.06915807560137457,,,517,169
12,12,5,1,2,1,1,1,429,153,88,16,84,Europaisches,0.07153660012099214,0.06915807560137457,,,517,169
13,13,4,1,2,1,2,0,429,170,71,11,-1,,0.07025105868118572,0.07538659793814433,,,500,181
14,14,5,1,2,1,2,1,429,170,71,11,96,Patentamt,0.07025105868118572,0.07538659793814433,,,500,181
15,15,2,1,3,0,0,0,429,196,89,28,-1,,0.07161222020568662,0.09020618556701031,,,518,224
16,16,3,1,3,1,0,0,429,196,89,28,-1,,0.07161222020568662,0.09020618556701031,,,518,224
17,17,4,1,3,1,1,0,429,196,63,15,-1,,0.06964609800362977,0.08741408934707903,,,492,211
18,18,5,1,3,1,1,1,429,196,63,15,95,European,0.06964609800362977,0.08741408934707903,,,492,211
19,19,4,1,3,1,2,0,429,212,89,12,-1,,0.07161222020568662,0.0936426116838488,,,518,224
20,20,5,1,3,1,2,1,429,213,43,11,96,Patent,0.06813369630973987,0.0938573883161512,,,472,224
21,21,5,1,3,1,2,2,478,212,40,12,90,Office,0.07531760435571688,0.0936426116838488,,,518,224
22,22,2,1,4,0,0,0,429,239,109,28,-1,,0.07312462189957653,0.10867697594501718,,,538,267
23,23,3,1,4,1,0,0,429,239,109,28,-1,,0.07312462189957653,0.10867697594501718,,,538,267
24,24,4,1,4,1,1,0,429,239,109,15,-1,,0.07312462189957653,0.10588487972508591,,,538,254
25,25,5,1,4,1,1,1,429,239,40,12,93,Office,0.06790683605565638,0.1052405498281787,,,469,251
26,26,5,1,4,1,1,2,474,239,64,15,93,europ√©en,0.0765275257108288,0.10588487972508591,,,538,254
27,27,4,1,4,1,2,0,429,255,77,12,-1,,0.0707047791893527,0.11211340206185567,,,506,267
28,28,5,1,4,1,2,1,429,255,22,12,95,des,0.06654567453115548,0.11211340206185567,,,451,267
29,29,5,1,4,1,2,2,457,255,49,12,82,brevets,0.07282214156079855,0.11211340206185567,,,506,267
30,30,2,1,5,0,0,0,281,136,274,150,-1,,0.06321839080459771,0.09063573883161512,,,555,286
31,31,3,1,5,1,0,0,281,136,274,150,-1,,0.06321839080459771,0.09063573883161512,,,555,286
32,32,4,1,5,1,1,0,281,136,274,150,-1,,0.06321839080459771,0.09063573883161512,,,555,286
33,33,5,1,5,1,1,1,281,136,274,150,95, ,0.06321839080459771,0.09063573883161512,,,555,286
34,34,2,1,6,0,0,0,225,324,45,26,-1,,0.037431941923774956,0.14475945017182132,,,270,350
35,35,3,1,6,1,0,0,225,324,45,26,-1,,0.037431941923774956,0.14475945017182132,,,270,350
36,36,4,1,6,1,1,0,225,324,45,26,-1,,0.037431941923774956,0.14475945017182132,,,270,350
37,37,5,1,6,1,1,1,225,324,45,26,96,(12),0.037431941923774956,0.14475945017182132,,,270,350
38,38,2,1,7,0,0,0,225,395,415,53,-1,,0.06541137326073805,0.18105670103092783,,,640,448
39,39,3,1,7,1,0,0,225,395,415,53,-1,,0.06541137326073805,0.18105670103092783,,,640,448
40,40,4,1,7,1,1,0,225,395,282,26,-1,,0.05535390199637023,0.17525773195876287,,,507,421
41,41,5,1,7,1,1,1,225,395,45,26,92,(43),0.037431941923774956,0.17525773195876287,,,270,421
42,42,5,1,7,1,1,2,285,397,222,23,90,Verdffentlichungstag:,0.05989110707803993,0.17547250859106528,,,507,420
43,43,4,1,7,1,2,0,286,430,354,18,-1,,0.07002419842710224,0.18857388316151202,,,640,448
44,44,5,1,7,1,2,1,286,430,117,18,92,03.10.2018,0.052102238354506954,0.18857388316151202,publication_date,03.10.2018,403,448
45,45,5,1,7,1,2,2,426,430,121,18,90,Patentblatt,0.0735783424077435,0.18857388316151202,,,547,448
46,46,5,1,7,1,2,3,555,430,85,18,96,2018/40,0.09036600120992136,0.18857388316151202,,,640,448
47,47,2,1,8,0,0,0,225,493,379,26,-1,,0.06268905021173624,0.21735395189003437,,,604,519
48,48,3,1,8,1,0,0,225,493,379,26,-1,,0.06268905021173624,0.21735395189003437,,,604,519
49,49,4,1,8,1,1,0,225,493,379,26,-1,,0.06268905021173624,0.21735395189003437,,,604,519
50,50,5,1,8,1,1,1,225,493,45,26,93,(21),0.037431941923774956,0.21735395189003437,,,270,519
51,51,5,1,8,1,1,2,285,495,186,18,91,Anmeldenummer:,0.05716878402903811,0.21649484536082475,,,471,513
52,52,5,1,8,1,1,3,481,495,123,18,93,18162935.3,0.08204779189352691,0.21649484536082475,application_number,18162935.3,604,513
53,53,2,1,9,0,0,0,225,559,319,26,-1,,0.05815184513006655,0.24570446735395188,,,544,585
54,54,3,1,9,1,0,0,225,559,319,26,-1,,0.05815184513006655,0.24570446735395188,,,544,585
55,55,4,1,9,1,1,0,225,559,319,26,-1,,0.05815184513006655,0.24570446735395188,,,544,585
56,56,5,1,9,1,1,1,225,559,45,26,93,(22),0.037431941923774956,0.24570446735395188,,,270,585
57,57,5,1,9,1,1,2,285,561,131,23,92,Anmeldetag:,0.0530096793708409,0.24591924398625428,,,416,584
58,58,5,1,9,1,1,3,426,561,118,18,95,20.03.2018,0.07335148215366001,0.24484536082474226,filing_date,20.03.2018,544,579
59,59,2,1,10,0,0,0,1002,245,458,38,-1,,0.18617664851784635,0.1134020618556701,,,1460,283
60,60,3,1,10,1,0,0,1002,245,458,38,-1,,0.18617664851784635,0.1134020618556701,,,1460,283
61,61,4,1,10,1,1,0,1002,245,458,38,-1,,0.18617664851784635,0.1134020618556701,,,1460,283
62,62,5,1,10,1,1,1,1002,256,44,27,74,(11),0.15486993345432548,0.11576460481099657,,,1046,283
63,63,5,1,10,1,1,2,1146,245,52,32,96,EP,0.17725347852389595,0.11211340206185567,number,EP,1198,277
64,64,5,1,10,1,1,3,1214,245,20,32,96,3,0.1851179673321234,0.11211340206185567,number,3,1234,277
65,65,5,1,10,1,1,4,1249,245,68,32,96,382,0.1940411373260738,0.11211340206185567,number,382,1317,277
66,66,5,1,10,1,1,5,1332,245,68,32,90,675,0.20659407138535996,0.11211340206185567,number,675,1400,277
67,67,5,1,10,1,1,6,1413,245,47,32,85,A1,0.21725650332728372,0.11211340206185567,number,A1,1460,277
68,68,2,1,11,0,0,0,559,314,573,31,-1,,0.1278735632183908,0.14153780068728522,,,1132,345
69,69,3,1,11,1,0,0,559,314,573,31,-1,,0.1278735632183908,0.14153780068728522,,,1132,345
70,70,4,1,11,1,1,0,559,314,573,31,-1,,0.1278735632183908,0.14153780068728522,,,1132,345
71,71,5,1,11,1,1,1,559,314,230,31,92,EUROPAISCHE,0.10193587416817906,0.14153780068728522,,,789,345
72,72,5,1,11,1,1,2,802,319,330,26,91,PATENTANMELDUNG,0.14624924379915305,0.14261168384879724,,,1132,345
73,73,2,1,12,0,0,0,862,395,264,81,-1,,0.15033272837265577,0.1870704467353952,,,1126,476
74,74,3,1,12,1,0,0,862,395,264,81,-1,,0.15033272837265577,0.1870704467353952,,,1126,476
75,75,4,1,12,1,1,0,862,395,126,26,-1,,0.13989715668481548,0.17525773195876287,,,988,421
76,76,5,1,12,1,1,1,862,395,44,26,67,(51),0.1336963097398669,0.17525773195876287,,,906,421
77,77,5,1,12,1,1,2,923,397,25,18,93,Int,0.1414851784633999,0.17439862542955326,,,948,415
78,78,5,1,12,1,1,3,955,397,33,18,65,Cl:,0.14692982456140352,0.17439862542955326,,,988,415
79,79,4,1,12,1,2,0,923,425,186,21,-1,,0.15366001209921354,0.1870704467353952,,,1109,446
80,80,5,1,12,1,2,1,923,428,60,18,59,GO9B,0.1441318814277072,0.1877147766323024,class_international,G09B,983,446
81,81,5,1,12,1,2,2,992,428,44,18,84,9104,0.15335753176043557,0.1877147766323024,class_international,9/04,1036,446
82,82,5,1,12,1,2,3,1042,425,67,16,63,(2026.07),0.16265880217785844,0.18599656357388317,,,1109,441
83,83,4,1,12,1,3,0,922,455,204,21,-1,,0.15486993345432548,0.19995704467353953,,,1126,476
84,84,5,1,12,1,3,1,922,458,68,18,71,B60W,0.14458560193587416,0.20060137457044674,,,990,476
85,85,5,1,12,1,3,2,995,458,59,18,85,50/14,0.15494555353901995,0.20060137457044674,,,1054,476
86,86,5,1,12,1,3,3,1059,455,67,16,88,(2072.01),0.16522988505747127,0.19888316151202748,,,1126,471
87,87,2,1,13,0,0,0,1193,425,204,21,-1,,0.1958560193587417,0.1870704467353952,,,1397,446
88,88,3,1,13,1,0,0,1193,425,204,21,-1,,0.1958560193587417,0.1870704467353952,,,1397,446
89,89,4,1,13,1,1,0,1193,425,204,21,-1,,0.1958560193587417,0.1870704467353952,,,1397,446
90,90,5,1,13,1,1,1,1193,428,68,18,79,B6OW,0.18557168784029038,0.1877147766323024,,,1261,446
91,91,5,1,13,1,1,2,1266,428,59,18,91,50/10,0.19593163944343617,0.1877147766323024,,,1325,446
92,92,5,1,13,1,1,3,1330,425,67,16,78,(2072.01),0.20621597096188748,0.18599656357388317,,,1397,441
93,93,2,1,14,0,0,0,224,613,1243,4,-1,,0.1278735632183908,0.26417525773195877,,,1467,617
94,94,3,1,14,1,0,0,224,613,1243,4,-1,,0.1278735632183908,0.26417525773195877,,,1467,617
95,95,4,1,14,1,1,0,224,613,1243,4,-1,,0.1278735632183908,0.26417525773195877,,,1467,617
96,96,5,1,14,1,1,1,224,613,1243,4,95, ,0.1278735632183908,0.26417525773195877,,,1467,617
97,97,2,1,15,0,0,0,225,631,599,250,-1,,0.07932546884452511,0.3247422680412371,,,824,881
98,98,3,1,15,1,0,0,225,631,599,250,-1,,0.07932546884452511,0.3247422680412371,,,824,881
99,99,4,1,15,1,1,0,225,631,342,27,-1,,0.05989110707803993,0.2768470790378007,,,567,658
100,100,5,1,15,1,1,1,225,631,45,27,93,(84),0.037431941923774956,0.2768470790378007,,,270,658
101,101,5,1,15,1,1,2,286,633,100,19,93,Benannte,0.050816696914700546,0.2759879725085911,,,386,652
102,102,5,1,15,1,1,3,393,633,174,23,92,Vertragsstaaten:,0.07259528130671507,0.2768470790378007,,,567,656
103,103,4,1,15,1,2,0,285,666,537,18,-1,,0.08371143375680581,0.28994845360824745,,,822,684
104,104,5,1,15,1,2,1,285,666,31,18,94,AL,0.04544767090139141,0.28994845360824745,,,316,684
105,105,5,1,15,1,2,2,323,666,31,18,94,AT,0.05119479733817302,0.28994845360824745,,,354,684
106,106,5,1,15,1,2,3,363,666,30,18,95,BE,0.05716878402903811,0.28994845360824745,,,393,684
107,107,5,1,15,1,2,4,403,666,32,18,95,BG,0.0633696309739867,0.28994845360824745,,,435,684
108,108,5,1,15,1,2,5,445,666,31,18,95,CH,0.06964609800362977,0.28994845360824745,,,476,684
109,109,5,1,15,1,2,6,486,666,32,18,96,CY,0.07592256503327284,0.28994845360824745,,,518,684
110,110,5,1,15,1,2,7,526,666,30,18,96,CZ,0.08182093163944344,0.28994845360824745,,,556,684
111,111,5,1,15,1,2,8,565,666,30,18,96,DE,0.08771929824561403,0.28994845360824745,,,595,684
112,112,5,1,15,1,2,9,605,666,32,18,93,DK,0.09392014519056262,0.28994845360824745,,,637,684
113,113,5,1,15,1,2,10,646,666,29,18,93,EE,0.0998941318814277,0.28994845360824745,,,675,684
114,114,5,1,15,1,2,11,684,666,29,18,93,ES,0.10564125831820932,0.28994845360824745,,,713,684
115,115,5,1,15,1,2,12,723,666,99,18,86,FIFRGB,0.11683303085299455,0.28994845360824745,,,822,684
116,116,4,1,15,1,3,0,285,699,539,18,-1,,0.0838626739261948,0.30412371134020616,,,824,717
117,117,5,1,15,1,3,1,285,699,35,18,94,GR,0.04575015124016939,0.30412371134020616,,,320,717
118,118,5,1,15,1,3,2,328,699,32,18,94,HR,0.05202661826981246,0.30412371134020616,,,360,717
119,119,5,1,15,1,3,3,368,699,14,18,41,HU,0.05671506352087114,0.30412371134020616,,,382,717
120,120,5,1,15,1,3,4,385,699,43,18,41,IE,0.06147912885662432,0.30412371134020616,,,428,717
121,121,5,1,15,1,3,5,436,699,20,18,47,IS,0.06745311554748941,0.30412371134020616,,,456,717
122,122,5,1,15,1,3,6,464,699,20,18,47,IT,0.07168784029038112,0.30412371134020616,,,484,717
123,123,5,1,15,1,3,7,492,699,54,18,83,LILT,0.07849364791288566,0.30412371134020616,,,546,717
124,124,5,1,15,1,3,8,554,699,28,18,75,LU,0.08590441621294616,0.30412371134020616,,,582,717
125,125,5,1,15,1,3,9,591,699,28,18,75,LV,0.09150030248033877,0.30412371134020616,,,619,717
126,126,5,1,15,1,3,10,627,699,35,18,95,MC,0.09747428917120388,0.30412371134020616,,,662,717
127,127,5,1,15,1,3,11,670,699,35,18,94,MK,0.10397761645493044,0.30412371134020616,,,705,717
128,128,5,1,15,1,3,12,713,699,32,18,93,MT,0.11025408348457351,0.30412371134020616,,,745,717
129,129,5,1,15,1,3,13,753,699,29,18,20,NL,0.11607683000604961,0.30412371134020616,,,782,717
130,130,5,1,15,1,3,14,791,699,33,18,20,NO,0.1221264367816092,0.30412371134020616,,,824,717
131,131,4,1,15,1,4,0,286,732,336,18,-1,,0.06866303690260134,0.31829896907216493,,,622,750
132,132,5,1,15,1,4,1,286,732,28,18,95,PL,0.045372050816696916,0.31829896907216493,,,314,750
133,133,5,1,15,1,4,2,323,732,29,18,92,PT,0.05104355716878403,0.31829896907216493,,,352,750
134,134,5,1,15,1,4,3,360,732,58,18,92,RORS,0.058832425892317,0.31829896907216493,,,418,750
135,135,5,1,15,1,4,4,420,732,52,18,96,SE,0.06745311554748941,0.31829896907216493,,,472,750
136,136,5,1,15,1,4,5,480,732,20,18,91,SI,0.07410768300060495,0.31829896907216493,,,500,750
137,137,5,1,15,1,4,6,510,732,31,18,91,SK,0.0794767090139141,0.31829896907216493,,,541,750
138,138,5,1,15,1,4,7,550,732,72,18,91,SMTR,0.08862673926194797,0.31829896907216493,,,622,750
139,139,4,1,15,1,5,0,286,765,330,23,-1,,0.06820931639443437,0.3335481099656357,,,616,788
140,140,5,1,15,1,5,1,286,765,100,18,92,Benannte,0.050816696914700546,0.3324742268041237,,,386,783
141,141,5,1,15,1,5,2,395,765,221,23,91,Erstreckungsstaaten:,0.0764519056261343,0.3335481099656357,,,616,788
142,142,4,1,15,1,6,0,286,797,74,19,-1,,0.04885057471264368,0.34643470790378006,,,360,816
143,143,5,1,15,1,6,1,286,797,33,19,96,BA,0.04575015124016939,0.34643470790378006,,,319,816
144,144,5,1,15,1,6,2,327,797,33,19,96,ME,0.05195099818511797,0.34643470790378006,,,360,816
145,145,4,1,15,1,7,0,286,830,322,23,-1,,0.06760435571687841,0.36146907216494845,,,608,853
146,146,5,1,15,1,7,1,286,830,100,18,92,Benannte,0.050816696914700546,0.3603951890034364,,,386,848
147,147,5,1,15,1,7,2,393,830,215,23,92,Validierungsstaaten:,0.07569570477918935,0.36146907216494845,,,608,853
148,148,4,1,15,1,8,0,286,863,157,18,-1,,0.055127041742286755,0.3745704467353952,,,443,881
149,149,5,1,15,1,8,1,286,863,31,18,95,KH,0.0455989110707804,0.3745704467353952,,,317,881
150,150,5,1,15,1,8,2,327,863,35,18,96,MA,0.052102238354506954,0.3745704467353952,,,362,881
151,151,5,1,15,1,8,3,371,863,34,18,95,MD,0.05868118572292801,0.3745704467353952,,,405,881
152,152,5,1,15,1,8,4,413,863,30,18,95,TN,0.0647307924984876,0.3745704467353952,,,443,881
153,153,2,1,16,0,0,0,225,927,491,26,-1,,0.07115849969751967,0.40378006872852235,,,716,953
154,154,3,1,16,1,0,0,225,927,491,26,-1,,0.07115849969751967,0.40378006872852235,,,716,953
155,155,4,1,16,1,1,0,225,927,491,26,-1,,0.07115849969751967,0.40378006872852235,,,716,953
156,156,5,1,16,1,1,1,225,927,45,26,91,(30),0.037431941923774956,0.40378006872852235,,,270,953
157,157,5,1,16,1,1,2,286,929,86,18,62,Prioritat:,0.04975801572897762,0.4029209621993127,,,372,947
158,158,5,1,16,1,1,3,383,929,118,18,93,31.03.2017,0.06684815486993345,0.4029209621993127,priority_date_eu,31.03.2017,501,947
159,159,5,1,16,1,1,4,520,929,30,18,93,DE,0.0809134906231095,0.4029209621993127,,,550,947
160,160,5,1,16,1,1,5,559,929,157,18,95,102017003079,0.09641560798548095,0.4029209621993127,,,716,947
161,161,2,1,17,0,0,0,225,992,417,58,-1,,0.06556261343012704,0.438573883161512,,,642,1050
162,162,3,1,17,1,0,0,225,992,417,58,-1,,0.06556261343012704,0.438573883161512,,,642,1050
163,163,4,1,17,1,1,0,225,992,417,26,-1,,0.06556261343012704,0.43170103092783507,,,642,1018
164,164,5,1,17,1,1,1,225,992,45,26,93,(71),0.037431941923774956,0.43170103092783507,,,270,1018
165,165,5,1,17,1,1,2,285,994,106,18,92,Anmelder:,0.051119177253478525,0.43084192439862545,,,391,1012
166,166,5,1,17,1,1,3,402,994,51,18,96,MAN,0.06465517241379311,0.43084192439862545,applicant_line_1,MAN,453,1012
167,167,5,1,17,1,1,4,461,994,64,18,93,Truck,0.07456140350877193,0.43084192439862545,applicant_line_1,Truck,525,1012
168,168,5,1,17,1,1,5,534,994,15,18,93,&,0.08189655172413793,0.43084192439862545,applicant_line_1,&,549,1012
169,169,5,1,17,1,1,6,558,994,43,18,96,Bus,0.08764367816091954,0.43084192439862545,applicant_line_1,Bus,601,1012
170,170,5,1,17,1,1,7,608,994,34,18,96,AG,0.09452510586811858,0.43084192439862545,applicant_line_1,AG,642,1012
171,171,4,1,17,1,2,0,286,1027,230,23,-1,,0.06064730792498488,0.44609106529209624,,,516,1050
172,172,5,1,17,1,2,1,286,1027,64,18,93,80995,0.04809437386569873,0.44501718213058417,,,350,1045
173,173,5,1,17,1,2,2,359,1027,88,18,45,Miinchen,0.06094978826376286,0.44501718213058417,,,447,1045
174,174,5,1,17,1,2,3,450,1027,66,23,97,(DE),0.07304900181488204,0.44609106529209624,,,516,1050
175,175,2,1,18,0,0,0,225,1090,291,91,-1,,0.05603448275862069,0.4877577319587629,,,516,1181
176,176,3,1,18,1,0,0,225,1090,291,91,-1,,0.05603448275862069,0.4877577319587629,,,516,1181
177,177,4,1,18,1,1,0,225,1090,148,26,-1,,0.04522081064730792,0.4737972508591065,,,373,1116
178,178,5,1,18,1,1,1,225,1090,45,26,90,(72),0.037431941923774956,0.4737972508591065,,,270,1116
179,179,5,1,18,1,1,2,286,1092,87,18,75,Erfinder:,0.04983363581367211,0.4729381443298969,,,373,1110
180,180,4,1,18,1,2,0,262,1125,184,23,-1,,0.05353901996370236,0.4881872852233677,,,446,1148
181,181,5,1,18,1,2,1,262,1131,7,7,43,*,0.04015426497277677,0.48732817869415807,,,269,1138
182,182,5,1,18,1,2,2,286,1125,75,22,93,"Mohra,",0.048926194797338174,0.4879725085910653,inventor_line_1,"Mohra,",361,1147
183,183,5,1,18,1,2,3,371,1125,75,23,96,Holger,0.0617816091954023,0.4881872852233677,inventor_line_1,Holger,446,1148
184,184,4,1,18,1,3,0,286,1158,230,23,-1,,0.06064730792498488,0.5023625429553265,,,516,1181
185,185,5,1,18,1,3,1,286,1158,64,18,93,80805,0.04809437386569873,0.5012886597938144,,,350,1176
186,186,5,1,18,1,3,2,359,1158,102,18,92,Miinchen,0.062008469449485785,0.5012886597938144,,,461,1176
187,187,5,1,18,1,3,3,470,1158,46,23,96,(DE),0.07456140350877193,0.5023625429553265,,,516,1181
188,188,2,1,19,0,0,0,845,614,2,599,-1,,0.1279491833030853,0.39239690721649484,,,847,1213
189,189,3,1,19,1,0,0,845,614,2,599,-1,,0.1279491833030853,0.39239690721649484,,,847,1213
190,190,4,1,19,1,1,0,845,614,2,599,-1,,0.1279491833030853,0.39239690721649484,,,847,1213
191,191,5,1,19,1,1,1,845,614,2,599,95, ,0.1279491833030853,0.39239690721649484,,,847,1213
192,192,2,1,20,0,0,0,898,633,338,253,-1,,0.16137326073805203,0.32624570446735396,,,1236,886
193,193,3,1,20,1,0,0,898,633,338,253,-1,,0.16137326073805203,0.32624570446735396,,,1236,886
194,194,4,1,20,1,1,0,898,633,177,22,-1,,0.14919842710223835,0.2766323024054983,,,1075,655
195,195,5,1,20,1,1,1,898,639,7,7,43,+,0.13634301270417423,0.2759879725085911,,,905,646
196,196,5,1,20,1,1,2,921,633,82,22,96,"Arnold,",0.1454930429522081,0.2766323024054983,,,1003,655
197,197,5,1,20,1,1,3,1012,633,63,19,96,Claus,0.15781911675741075,0.2759879725085911,,,1075,652
198,198,4,1,20,1,2,0,922,666,211,23,-1,,0.15539927404718692,0.29102233676975947,,,1133,689
199,199,5,1,20,1,2,1,922,666,62,18,93,93161,0.1441318814277072,0.28994845360824745,,,984,684
200,200,5,1,20,1,2,2,995,666,82,23,91,Sinzing,0.15668481548699334,0.29102233676975947,,,1077,689
201,201,5,1,20,1,2,3,1087,666,46,23,96,(DE),0.16787658802177857,0.29102233676975947,,,1133,689
202,202,4,1,20,1,3,0,898,699,224,22,-1,,0.15275257108287962,0.30498281786941583,,,1122,721
203,203,5,1,20,1,3,1,898,704,7,8,35,¬´,0.13634301270417423,0.30412371134020616,,,905,712
204,204,5,1,20,1,3,2,921,699,116,18,92,"Zademach,",0.14806412583182094,0.30412371134020616,,,1037,717
205,205,5,1,20,1,3,3,1041,699,81,22,96,Martin,0.16356624319419238,0.30498281786941583,,,1122,721
206,206,4,1,20,1,4,0,922,732,266,23,-1,,0.15955837870538414,0.31937285223367695,,,1188,755
207,207,5,1,20,1,4,1,922,732,64,18,93,85232,0.1442831215970962,0.31829896907216493,,,986,750
208,208,5,1,20,1,4,2,996,732,136,23,92,Bergkirchen,0.16091954022988506,0.31937285223367695,,,1132,755
209,209,5,1,20,1,4,3,1141,732,47,23,96,(DE),0.17611917725347853,0.31937285223367695,,,1188,755
210,210,4,1,20,1,5,0,898,765,227,21,-1,,0.1529794313369631,0.3331185567010309,,,1125,786
211,211,5,1,20,1,5,1,898,770,7,8,47,¬¢,0.13634301270417423,0.3324742268041237,,,905,778
212,212,5,1,20,1,5,2,922,765,85,21,90,"Gillich,",0.14587114337568058,0.3331185567010309,,,1007,786
213,213,5,1,20,1,5,3,1015,765,110,18,96,Johannes,0.161826981246219,0.3324742268041237,,,1125,783
214,214,4,1,20,1,6,0,922,797,314,23,-1,,0.1631881427707199,0.3472938144329897,,,1236,820
215,215,5,1,20,1,6,1,922,797,64,19,96,85229,0.1442831215970962,0.34643470790378006,,,986,816
216,216,5,1,20,1,6,2,996,797,62,19,93,Markt,0.15532365396249243,0.34643470790378006,,,1058,816
217,217,5,1,20,1,6,3,1066,797,117,19,92,Indersdorf,0.17006957047791893,0.34643470790378006,,,1183,816
218,218,5,1,20,1,6,4,1190,797,46,23,96,(DE),0.18345432546884452,0.3472938144329897,,,1236,820
219,219,4,1,20,1,7,0,898,830,212,23,-1,,0.15184513006654568,0.36146907216494845,,,1110,853
220,220,5,1,20,1,7,1,898,835,7,8,56,¬¢,0.13634301270417423,0.3603951890034364,,,905,843
221,221,5,1,20,1,7,2,923,830,69,22,90,"Laber,",0.14481246218995766,0.36125429553264604,,,992,852
222,222,5,1,20,1,7,3,1000,830,110,23,96,Christoph,0.15955837870538414,0.36146907216494845,,,1110,853
223,223,4,1,20,1,8,0,922,863,239,23,-1,,0.15751663641863278,0.3756443298969072,,,1161,886
224,224,5,1,20,1,8,1,922,863,64,18,96,86150,0.1442831215970962,0.3745704467353952,,,986,881
225,225,5,1,20,1,8,2,994,863,111,23,96,Augsburg,0.1587265577737447,0.3756443298969072,,,1105,886
226,226,5,1,20,1,8,3,1114,863,47,23,96,(DE),0.1720356926799758,0.3756443298969072,,,1161,886
227,227,2,1,21,0,0,0,862,927,565,123,-1,,0.17309437386569873,0.42461340206185566,,,1427,1050
228,228,3,1,21,1,0,0,862,927,565,123,-1,,0.17309437386569873,0.42461340206185566,,,1427,1050
229,229,4,1,21,1,1,0,862,927,565,26,-1,,0.17309437386569873,0.40378006872852235,,,1427,953
230,230,5,1,21,1,1,1,862,927,44,26,93,(74),0.1336963097398669,0.40378006872852235,,,906,953
231,231,5,1,21,1,1,2,921,929,97,18,92,Vertreter:,0.14662734422262552,0.4029209621993127,,,1018,947
232,232,5,1,21,1,1,3,1027,933,19,14,92,v.,0.15676043557168784,0.40378006872852235,representative_line_1_eu,v.,1046,947
233,233,5,1,21,1,1,4,1056,929,75,18,93,Bezold,0.16538112522686024,0.4029209621993127,representative_line_1_eu,Bezold,1131,947
234,234,5,1,21,1,1,5,1140,929,15,18,93,&,0.1735480943738657,0.4029209621993127,representative_line_1_eu,&,1155,947
235,235,5,1,21,1,1,6,1164,929,83,18,93,Partner,0.1823200241984271,0.4029209621993127,representative_line_1_eu,Partner,1247,947
236,236,5,1,21,1,1,7,1255,929,157,18,87,Patentanwalte,0.2016787658802178,0.4029209621993127,representative_line_1_eu,Patentanw‚àö¬ßlte,1412,947
237,237,5,1,21,1,1,8,1420,939,7,3,92,-,0.21529038112522686,0.40399484536082475,,,1427,942
238,238,4,1,21,1,2,0,923,961,121,19,-1,,0.14874470659407138,0.4168814432989691,,,1044,980
239,239,5,1,21,1,2,1,923,961,61,19,92,PartG,0.1442075015124017,0.4168814432989691,,,984,980
240,240,5,1,21,1,2,2,994,961,50,19,93,mbB,0.1541137326073805,0.4168814432989691,,,1044,980
241,241,4,1,21,1,3,0,921,994,203,18,-1,,0.15464307320024198,0.43084192439862545,,,1124,1012
242,242,5,1,21,1,3,1,921,994,183,18,16,Akademiestrake,0.1531306715063521,0.43084192439862545,,,1104,1012
243,243,5,1,21,1,3,2,1113,995,11,17,96,7,0.169162129461585,0.43105670103092786,,,1124,1012
244,244,4,1,21,1,4,0,922,1027,231,23,-1,,0.15691167574107684,0.44609106529209624,,,1153,1050
245,245,5,1,21,1,4,1,922,1027,64,18,93,80799,0.1442831215970962,0.44501718213058417,,,986,1045
246,246,5,1,21,1,4,2,996,1027,101,18,78,Miinchen,0.15827283726557773,0.44501718213058417,,,1097,1045
247,247,5,1,21,1,4,3,1107,1027,46,23,96,(DE),0.17090139140955837,0.44609106529209624,,,1153,1050
248,248,2,1,22,0,0,0,224,1210,1243,5,-1,,0.1278735632183908,0.5208333333333334,,,1467,1215
249,249,3,1,22,1,0,0,224,1210,1243,5,-1,,0.1278735632183908,0.5208333333333334,,,1467,1215
250,250,4,1,22,1,1,0,224,1210,1243,5,-1,,0.1278735632183908,0.5208333333333334,,,1467,1215
251,251,5,1,22,1,1,1,224,1210,1243,5,95, ,0.1278735632183908,0.5208333333333334,,,1467,1215
252,252,2,1,23,0,0,0,225,1230,395,54,-1,,0.06389897156684815,0.5399484536082474,,,620,1284
253,253,3,1,23,1,0,0,225,1230,395,54,-1,,0.06389897156684815,0.5399484536082474,,,620,1284
254,254,4,1,23,1,1,0,225,1230,45,27,-1,,0.037431941923774956,0.5341494845360825,,,270,1257
255,255,5,1,23,1,1,1,225,1230,45,27,93,(54),0.037431941923774956,0.5341494845360825,,,270,1257
256,256,4,1,23,1,2,0,316,1263,304,21,-1,,0.07078039927404718,0.5470360824742269,,,620,1284
257,257,5,1,23,1,2,1,316,1263,304,21,90,FAHRZEUGBEDIENUNG,0.07078039927404718,0.5470360824742269,,,620,1284
258,258,2,1,24,0,0,0,224,1337,584,779,-1,,0.0780399274047187,0.7416237113402062,,,808,2116
259,259,3,1,24,1,0,0,224,1337,584,779,-1,,0.0780399274047187,0.7416237113402062,,,808,2116
260,260,4,1,24,1,1,0,225,1337,582,26,-1,,0.0780399274047187,0.5798969072164949,,,807,1363
261,261,5,1,24,1,1,1,225,1337,45,26,81,(57),0.037431941923774956,0.5798969072164949,,,270,1363
262,262,5,1,24,1,1,2,0,0,1653,2328,20,‚Äî,0.125,0.5,,,1653,2328
263,263,5,1,24,1,1,3,316,1339,45,18,92,Eine,0.05119479733817302,0.5790378006872853,,,361,1357
264,264,5,1,24,1,1,4,375,1339,83,18,96,Technik,0.06299153055051422,0.5790378006872853,,,458,1357
265,265,5,1,24,1,1,5,471,1344,33,13,93,zur,0.07372958257713248,0.5801116838487973,,,504,1357
266,266,5,1,24,1,1,6,518,1339,141,23,91,Einbeziehung,0.08900483968542044,0.5801116838487973,,,659,1362
267,267,5,1,24,1,1,7,675,1339,51,18,93,einer,0.1059437386569873,0.5790378006872853,,,726,1357
268,268,5,1,24,1,1,8,740,1339,67,18,92,Bedie-,0.11698427102238354,0.5790378006872853,,,807,1357
269,269,4,1,24,1,2,0,226,1372,581,23,-1,,0.07811554748941318,0.594286941580756,,,807,1395
270,270,5,1,24,1,2,1,226,1372,158,23,92,nungsanleitung,0.046128251663641866,0.594286941580756,,,384,1395
271,271,5,1,24,1,2,2,392,1372,54,23,96,(128),0.0633696309739867,0.594286941580756,,,446,1395
272,272,5,1,24,1,2,3,454,1372,15,19,96,in,0.06979733817301875,0.5934278350515464,,,469,1391
273,273,5,1,24,1,2,4,477,1372,30,19,92,die,0.07441016333938294,0.5934278350515464,,,507,1391
274,274,5,1,24,1,2,5,515,1372,111,23,91,Bedienung,0.08628251663641863,0.594286941580756,,,626,1395
275,275,5,1,24,1,2,6,634,1372,55,19,93,eines,0.10004537205081669,0.5934278350515464,,,689,1391
276,276,5,1,24,1,2,7,697,1372,110,23,87,Fahrzeugs,0.11373260738052027,0.594286941580756,,,807,1395
277,277,4,1,24,1,3,0,224,1405,584,23,-1,,0.0780399274047187,0.6084621993127147,,,808,1428
278,278,5,1,24,1,3,1,224,1405,42,18,93,wird,0.03705384150030248,0.6073883161512027,,,266,1423
279,279,5,1,24,1,3,2,279,1405,133,18,92,beschrieben.,0.052253478523895946,0.6073883161512027,,,412,1423
280,280,5,1,24,1,3,3,425,1405,31,18,93,Ein,0.06662129461584997,0.6073883161512027,,,456,1423
281,281,5,1,24,1,3,4,467,1405,204,23,92,Vorrichtungsaspekt,0.08605565638233514,0.6084621993127147,,,671,1428
282,282,5,1,24,1,3,5,681,1405,34,18,96,der,0.10556563823351482,0.6073883161512027,,,715,1423
283,283,5,1,24,1,3,6,725,1405,83,18,96,Technik,0.11592558983666061,0.6073883161512027,,,808,1423
284,284,4,1,24,1,4,0,226,1438,581,23,-1,,0.07811554748941318,0.6226374570446735,,,807,1461
285,285,5,1,24,1,4,1,226,1438,82,18,92,umfasst,0.04038112522686026,0.6215635738831615,,,308,1456
286,286,5,1,24,1,4,2,315,1438,43,18,93,eine,0.05089231699939504,0.6215635738831615,,,358,1456
287,287,5,1,24,1,4,3,365,1438,157,23,91,Anzeigeeinheit,0.06707501512401694,0.6226374570446735,,,522,1461
288,288,5,1,24,1,4,4,529,1438,59,23,96,"(102),",0.08446763460375076,0.6226374570446735,,,588,1461
289,289,5,1,24,1,4,5,597,1438,31,18,96,die,0.0926346037507562,0.6215635738831615,,,628,1456
290,290,5,1,24,1,4,6,637,1438,21,18,93,im,0.09792800967937085,0.6215635738831615,,,658,1456
291,291,5,1,24,1,4,7,668,1438,98,23,92,Fahrzeug,0.10843920145190562,0.6226374570446735,,,766,1461
292,292,5,1,24,1,4,8,774,1442,33,14,92,an-,0.11955535390199637,0.6224226804123711,,,807,1456
293,293,4,1,24,1,5,0,225,1470,582,23,-1,,0.0780399274047187,0.6363831615120275,,,807,1493
294,294,5,1,24,1,5,1,225,1470,93,23,92,geordnet,0.04106170598911071,0.6363831615120275,,,318,1493
295,295,5,1,24,1,5,2,327,1470,47,19,93,oder,0.0530096793708409,0.6355240549828178,,,374,1489
296,296,5,1,24,1,5,3,383,1470,112,19,91,anordenbar,0.06639443436176648,0.6355240549828178,,,495,1489
297,297,5,1,24,1,5,4,498,1470,43,22,96,ist;,0.07856926799758016,0.636168384879725,,,541,1492
298,298,5,1,24,1,5,5,551,1470,44,19,93,eine,0.0866606170598911,0.6355240549828178,,,595,1489
299,299,5,1,24,1,5,6,605,1470,161,23,92,"Eingabeeinheit,",0.10367513611615245,0.6363831615120275,,,766,1493
300,300,5,1,24,1,5,7,776,1470,31,19,96,die,0.11970659407138536,0.6355240549828178,,,807,1489
301,301,4,1,24,1,6,0,226,1503,581,23,-1,,0.07811554748941318,0.6505584192439863,,,807,1526
302,302,5,1,24,1,6,1,226,1503,21,18,93,im,0.03576830006049607,0.6494845360824743,,,247,1521
303,303,5,1,24,1,6,2,258,1503,98,23,92,Fahrzeug,0.046430732002419844,0.6505584192439863,,,356,1526
304,304,5,1,24,1,6,3,366,1503,120,23,91,angeordnet,0.06442831215970962,0.6505584192439863,,,486,1526
305,305,5,1,24,1,6,4,494,1503,47,18,93,oder,0.07826678765880218,0.6494845360824743,,,541,1521
306,306,5,1,24,1,6,5,549,1503,112,18,92,anordenbar,0.09150030248033877,0.6494845360824743,,,661,1521
307,307,5,1,24,1,6,6,663,1503,43,22,96,ist;,0.10352389594676346,0.6503436426116839,,,706,1525
308,308,5,1,24,1,6,7,718,1503,36,18,96,und,0.11131276467029642,0.6494845360824743,,,754,1521
309,309,5,1,24,1,6,8,764,1503,43,18,95,eine,0.11879915305505143,0.6494845360824743,,,807,1521
310,310,4,1,24,1,7,0,226,1536,581,23,-1,,0.07811554748941318,0.664733676975945,,,807,1559
311,311,5,1,24,1,7,1,226,1536,30,18,96,mit,0.03644888082274652,0.663659793814433,,,256,1554
312,312,5,1,24,1,7,2,264,1536,34,18,93,der,0.04249848759830611,0.663659793814433,,,298,1554
313,313,5,1,24,1,7,3,306,1536,157,23,92,Anzeigeeinheit,0.05815184513006655,0.664733676975945,,,463,1559
314,314,5,1,24,1,7,4,471,1536,54,23,96,(102),0.07531760435571688,0.664733676975945,,,525,1559
315,315,5,1,24,1,7,5,536,1536,36,18,96,und,0.0837870538415003,0.663659793814433,,,572,1554
316,316,5,1,24,1,7,6,582,1536,34,18,93,der,0.09059286146400485,0.663659793814433,,,616,1554
317,317,5,1,24,1,7,7,625,1536,157,23,92,Eingabeeinheit,0.10639745916515427,0.664733676975945,,,782,1559
318,318,5,1,24,1,7,8,791,1536,16,18,96,in,0.12084089534180278,0.663659793814433,,,807,1554
319,319,4,1,24,1,8,0,225,1569,582,23,-1,,0.0780399274047187,0.6789089347079038,,,807,1592
320,320,5,1,24,1,8,1,225,1569,182,23,91,Signalverbindung,0.04779189352692075,0.6789089347079038,,,407,1592
321,321,5,1,24,1,8,2,415,1569,96,18,92,stehende,0.07002419842710224,0.6778350515463918,,,511,1587
322,322,5,1,24,1,8,3,519,1569,47,18,93,oder,0.08204779189352691,0.6778350515463918,,,566,1587
323,323,5,1,24,1,8,4,573,1569,98,23,92,bringbare,0.0940713853599516,0.6789089347079038,,,671,1592
324,324,5,1,24,1,8,5,679,1569,128,23,91,Steuerungs-,0.11237144585601935,0.6789089347079038,,,807,1592
325,325,4,1,24,1,9,0,225,1602,582,23,-1,,0.0780399274047187,0.6930841924398625,,,807,1625
326,326,5,1,24,1,9,1,225,1602,74,18,91,einheit.,0.039624924379915306,0.6920103092783505,,,299,1620
327,327,5,1,24,1,9,2,312,1602,191,23,91,Steuerungseinheit,0.06163036902601331,0.6930841924398625,,,503,1625
328,328,5,1,24,1,9,3,514,1602,96,23,92,speichert,0.08499697519661222,0.6930841924398625,,,610,1625
329,329,5,1,24,1,9,4,619,1602,44,18,93,eine,0.0969449485783424,0.6920103092783505,,,663,1620
330,330,5,1,24,1,9,5,675,1602,132,23,92,Bedienungs-,0.11206896551724138,0.6930841924398625,,,807,1625
331,331,4,1,24,1,10,0,225,1634,581,23,-1,,0.0779643073200242,0.7068298969072165,,,806,1657
332,332,5,1,24,1,10,1,225,1634,94,23,92,anleitung,0.0411373260738052,0.7068298969072165,,,319,1657
333,333,5,1,24,1,10,2,327,1634,54,23,96,(128),0.05353901996370236,0.7068298969072165,,,381,1657
334,334,5,1,24,1,10,3,389,1634,30,19,96,mit,0.06110102843315184,0.7059707903780069,,,419,1653
335,335,5,1,24,1,10,4,426,1634,52,19,93,einer,0.06836055656382335,0.7059707903780069,,,478,1653
336,336,5,1,24,1,10,5,483,1634,82,19,84,Vielzahl,0.07924984875983061,0.7059707903780069,,,565,1653
337,337,5,1,24,1,10,6,572,1639,37,14,93,von,0.08930732002419843,0.7070446735395189,,,609,1653
338,338,5,1,24,1,10,7,616,1634,123,19,92,Abschnitten,0.10246521476104054,0.7059707903780069,,,739,1653
339,339,5,1,24,1,10,8,747,1634,59,23,96,"(130),",0.11743799153055051,0.7068298969072165,,,806,1657
340,340,4,1,24,1,11,0,224,1667,583,23,-1,,0.0779643073200242,0.7210051546391752,,,807,1690
341,341,5,1,24,1,11,1,224,1667,62,18,87,wobei,0.03856624319419238,0.7199312714776632,,,286,1685
342,342,5,1,24,1,11,2,292,1667,64,23,89,jedem,0.04900181488203267,0.7210051546391752,,,356,1690
343,343,5,1,24,1,11,3,365,1667,98,18,92,Abschnitt,0.06261343012704174,0.7199312714776632,,,463,1685
344,344,5,1,24,1,11,4,471,1667,53,23,93,(130),0.07524198427102238,0.7210051546391752,,,524,1690
345,345,5,1,24,1,11,5,534,1667,119,18,91,mindestens,0.0897610405323654,0.7199312714776632,,,653,1685
346,346,5,1,24,1,11,6,661,1667,30,18,93,ein,0.10223835450695705,0.7199312714776632,,,691,1685
347,347,5,1,24,1,11,7,701,1667,106,23,92,Fahrzeug-,0.11403508771929824,0.7210051546391752,,,807,1690
348,348,4,1,24,1,12,0,226,1700,581,23,-1,,0.07811554748941318,0.7351804123711341,,,807,1723
349,349,5,1,24,1,12,1,226,1700,61,23,92,bezug,0.03879310344827586,0.7351804123711341,,,287,1723
350,350,5,1,24,1,12,2,299,1700,111,23,91,zugeordnet,0.053614640048396854,0.7351804123711341,,,410,1723
351,351,5,1,24,1,12,3,411,1700,44,21,93,"ist,",0.06548699334543255,0.7347508591065293,,,455,1721
352,352,5,1,24,1,12,4,467,1700,71,18,92,erfasst,0.07599818511796733,0.7341065292096219,,,538,1718
353,353,5,1,24,1,12,5,549,1700,77,23,92,Signale,0.08885359951603146,0.7351804123711341,,,626,1723
354,354,5,1,24,1,12,6,638,1700,30,18,96,mit,0.09875983061101029,0.7341065292096219,,,668,1718
355,355,5,1,24,1,12,7,677,1700,63,18,92,einem,0.10715366001209921,0.7341065292096219,,,740,1718
356,356,5,1,24,1,12,8,753,1700,54,18,92,Fahr-,0.11796733212341198,0.7341065292096219,,,807,1718
357,357,4,1,24,1,13,0,225,1732,582,23,-1,,0.0780399274047187,0.748926116838488,,,807,1755
358,358,5,1,24,1,13,1,225,1732,121,23,92,"zeugbezug,",0.043179068360556565,0.748926116838488,,,346,1755
359,359,5,1,24,1,13,2,355,1732,49,23,96,zeigt,0.0573956442831216,0.748926116838488,,,404,1755
360,360,5,1,24,1,13,3,412,1737,24,14,96,an,0.06412583182093164,0.7491408934707904,,,436,1751
361,361,5,1,24,1,13,4,444,1732,34,19,93,der,0.06972171808832425,0.7480670103092784,,,478,1751
362,362,5,1,24,1,13,5,484,1732,157,23,92,Anzeigeeinheit,0.08507259528130671,0.748926116838488,,,641,1755
363,363,5,1,24,1,13,6,648,1732,44,19,93,eine,0.1013309134906231,0.7480670103092784,,,692,1751
364,364,5,1,24,1,13,7,701,1732,106,23,91,Fahrzeug-,0.11403508771929824,0.748926116838488,,,807,1755
365,365,4,1,24,1,14,0,226,1766,581,23,-1,,0.07811554748941318,0.7635309278350515,,,807,1789
366,366,5,1,24,1,14,1,226,1766,88,23,92,meldung,0.04083484573502722,0.7635309278350515,,,314,1789
367,367,5,1,24,1,14,2,322,1766,45,23,96,(122),0.052102238354506954,0.7635309278350515,,,367,1789
368,368,5,1,24,1,14,3,369,1766,43,23,96,"an,",0.059059286146400485,0.7635309278350515,,,412,1789
369,369,5,1,24,1,14,4,419,1766,30,18,96,die,0.06563823351482154,0.7624570446735395,,,449,1784
370,370,5,1,24,1,14,5,456,1766,37,18,93,den,0.07176346037507562,0.7624570446735395,,,493,1784
371,371,5,1,24,1,14,6,500,1766,97,18,92,erfassten,0.08295523290986086,0.7624570446735395,,,597,1784
372,372,5,1,24,1,14,7,605,1766,162,23,91,Fahrzeugbezug,0.10375075620084695,0.7635309278350515,,,767,1789
373,373,5,1,24,1,14,8,774,1770,33,14,91,an-,0.11955535390199637,0.7633161512027491,,,807,1784
374,374,4,1,24,1,15,0,225,1799,582,23,-1,,0.0780399274047187,0.7777061855670103,,,807,1822
375,375,5,1,24,1,15,1,225,1799,38,23,96,gibt,0.03690260133091349,0.7777061855670103,,,263,1822
376,376,5,1,24,1,15,2,277,1799,36,18,96,und,0.044615849969751965,0.7766323024054983,,,313,1817
377,377,5,1,24,1,15,3,328,1799,56,18,93,einen,0.05384150030248034,0.7766323024054983,,,384,1817
378,378,5,1,24,1,15,4,398,1799,84,18,91,Verweis,0.06654567453115548,0.7766323024054983,,,482,1817
379,379,5,1,24,1,15,5,496,1799,33,18,96,auf,0.07751058681185723,0.7766323024054983,,,529,1817
380,380,5,1,24,1,15,6,541,1799,31,18,93,die,0.08416515426497277,0.7766323024054983,,,572,1817
381,381,5,1,24,1,15,7,587,1799,220,23,92,Bedienungsanleitung,0.10541439806412584,0.7777061855670103,,,807,1822
382,382,4,1,24,1,16,0,225,1831,582,23,-1,,0.0780399274047187,0.7914518900343642,,,807,1854
383,383,5,1,24,1,16,1,225,1831,54,23,93,(128),0.038112522686025406,0.7914518900343642,,,279,1854
384,384,5,1,24,1,16,2,288,1831,87,22,92,"umfasst,",0.05013611615245009,0.7912371134020618,,,375,1853
385,385,5,1,24,1,16,3,384,1831,34,19,96,der,0.06064730792498488,0.7905927835051546,,,418,1850
386,386,5,1,24,1,16,4,426,1831,57,19,96,durch,0.06873865698729582,0.7905927835051546,,,483,1850
387,387,5,1,24,1,16,5,492,1831,44,19,96,eine,0.07773744706594071,0.7905927835051546,,,536,1850
388,388,5,1,24,1,16,6,545,1832,51,18,93,erste,0.08628251663641863,0.790807560137457,,,596,1850
389,389,5,1,24,1,16,7,604,1831,112,23,90,Betatigung,0.0998185117967332,0.7914518900343642,,,716,1854
390,390,5,1,24,1,16,8,725,1831,34,19,93,der,0.11222020568663037,0.7905927835051546,,,759,1850
391,391,5,1,24,1,16,9,767,1831,40,19,89,Ein-,0.11902601330913491,0.7905927835051546,,,807,1850
392,392,4,1,24,1,17,0,225,1864,582,23,-1,,0.0780399274047187,0.805627147766323,,,807,1887
393,393,5,1,24,1,17,1,225,1864,122,23,92,gabeeinheit,0.04325468844525106,0.805627147766323,,,347,1887
394,394,5,1,24,1,17,2,355,1864,100,18,81,anwahlbar,0.061252268602540835,0.804553264604811,,,455,1882
395,395,5,1,24,1,17,3,457,1864,43,22,96,"ist,",0.07236842105263158,0.8054123711340206,,,500,1886
396,396,5,1,24,1,17,4,510,1869,23,13,96,und,0.07887174833635814,0.805627147766323,,,533,1882
397,397,5,1,24,1,17,5,535,1864,69,18,96,stellt,0.08613127646702964,0.804553264604811,,,604,1882
398,398,5,1,24,1,17,6,612,1864,15,18,93,in,0.09369328493647913,0.804553264604811,,,627,1882
399,399,5,1,24,1,17,7,637,1864,91,18,92,Reaktion,0.10322141560798548,0.804553264604811,,,728,1882
400,400,5,1,24,1,17,8,737,1864,33,18,96,auf,0.11395946763460375,0.804553264604811,,,770,1882
401,401,5,1,24,1,17,9,776,1864,31,18,96,die,0.11970659407138536,0.804553264604811,,,807,1882
402,402,4,1,24,1,18,0,225,1897,582,23,-1,,0.0780399274047187,0.8198024054982818,,,807,1920
403,403,5,1,24,1,18,1,225,1897,51,18,92,erste,0.03788566243194193,0.8187285223367697,,,276,1915
404,404,5,1,24,1,18,2,285,1897,111,23,86,Betatigung,0.051497277676950996,0.8198024054982818,,,396,1920
405,405,5,1,24,1,18,3,404,1897,35,18,93,der,0.06374773139745916,0.8187285223367697,,,439,1915
406,406,5,1,24,1,18,4,447,1897,156,23,92,Eingabeeinheit,0.0794010889292196,0.8198024054982818,,,603,1920
407,407,5,1,24,1,18,5,610,1897,30,18,93,die,0.09452510586811858,0.8187285223367697,,,640,1915
408,408,5,1,24,1,18,6,649,1897,158,23,91,Bedienungsan-,0.11010284331518451,0.8198024054982818,,,807,1920
409,409,4,1,24,1,19,0,226,1929,581,23,-1,,0.07811554748941318,0.8335481099656358,,,807,1952
410,410,5,1,24,1,19,1,226,1929,67,23,93,leitung,0.03924682395644283,0.8335481099656358,,,293,1952
411,411,5,1,24,1,19,2,303,1929,53,23,93,(128),0.04983363581367211,0.8335481099656358,,,356,1952
412,412,5,1,24,1,19,3,367,1929,67,19,92,mittels,0.06057168784029038,0.8326890034364262,,,434,1948
413,413,5,1,24,1,19,4,443,1929,34,19,93,der,0.06957047791893527,0.8326890034364262,,,477,1948
414,414,5,1,24,1,19,5,485,1929,156,23,91,Anzeigeeinheit,0.08514821536600121,0.8335481099656358,,,641,1952
415,415,5,1,24,1,19,6,651,1929,36,19,96,und,0.10117967332123412,0.8326890034364262,,,687,1948
416,416,5,1,24,1,19,7,697,1929,34,19,93,der,0.10798548094373865,0.8326890034364262,,,731,1948
417,417,5,1,24,1,19,8,741,1929,66,23,92,Einga-,0.11705989110707804,0.8335481099656358,,,807,1952
418,418,4,1,24,1,20,0,226,1963,581,23,-1,,0.07811554748941318,0.8481529209621993,,,807,1986
419,419,5,1,24,1,20,1,226,1963,95,18,92,beeinheit,0.041364186327888686,0.8470790378006873,,,321,1981
420,420,5,1,24,1,20,2,333,1963,63,21,92,"bereit,",0.055127041742286755,0.8477233676975945,,,396,1984
421,421,5,1,24,1,20,3,408,1963,61,18,92,wobei,0.066318814277072,0.8470790378006873,,,469,1981
422,422,5,1,24,1,20,4,482,1963,30,18,93,die,0.07516636418632788,0.8470790378006873,,,512,1981
423,423,5,1,24,1,20,5,523,1963,157,23,91,Anzeigeeinheit,0.09097096188747732,0.8481529209621993,,,680,1986
424,424,5,1,24,1,20,6,691,1963,56,18,93,einen,0.10874168179068361,0.8470790378006873,,,747,1981
425,425,5,1,24,1,20,7,758,1963,49,18,93,Aus-,0.11834543254688445,0.8470790378006873,,,807,1981
426,426,4,1,24,1,21,0,225,1995,582,23,-1,,0.0780399274047187,0.8618986254295533,,,807,2018
427,427,5,1,24,1,21,1,225,1995,68,19,92,schnitt,0.039171203871748335,0.8610395189003437,,,293,2014
428,428,5,1,24,1,21,2,299,1995,34,19,93,der,0.04779189352692075,0.8610395189003437,,,333,2014
429,429,5,1,24,1,21,3,339,1995,220,23,91,Bedienungsanleitung,0.06790683605565638,0.8618986254295533,,,559,2018
430,430,5,1,24,1,21,4,567,1995,53,23,93,(128),0.0897610405323654,0.8618986254295533,,,620,2018
431,431,5,1,24,1,21,5,628,1995,67,19,92,mittels,0.10004537205081669,0.8610395189003437,,,695,2014
432,432,5,1,24,1,21,6,701,1995,34,19,93,der,0.10859044162129462,0.8610395189003437,,,735,2014
433,433,5,1,24,1,21,7,740,1995,67,19,92,Anzei-,0.11698427102238354,0.8610395189003437,,,807,2014
434,434,4,1,24,1,22,0,225,2028,582,23,-1,,0.0780399274047187,0.876073883161512,,,807,2051
435,435,5,1,24,1,22,1,225,2028,96,23,92,geeinheit,0.04128856624319419,0.876073883161512,,,321,2051
436,436,5,1,24,1,22,2,333,2028,80,23,92,"anzeigt,",0.05641258318209316,0.876073883161512,,,413,2051
437,437,5,1,24,1,22,3,426,2028,82,18,91,welcher,0.0706291591046582,0.875,,,508,2046
438,438,5,1,24,1,22,4,521,2028,119,18,91,mindestens,0.08779491833030853,0.875,,,640,2046
439,439,5,1,24,1,22,5,653,2028,55,18,96,einen,0.1029189352692075,0.875,,,708,2046
440,440,5,1,24,1,22,6,721,2028,36,18,96,Teil,0.1117664851784634,0.875,,,757,2046
441,441,5,1,24,1,22,7,770,2028,37,18,96,des,0.11925287356321838,0.875,,,807,2046
442,442,4,1,24,1,23,0,225,2061,582,23,-1,,0.0780399274047187,0.8902491408934707,,,807,2084
443,443,5,1,24,1,23,1,225,2061,25,18,93,dem,0.035919540229885055,0.8891752577319587,,,250,2079
444,444,5,1,24,1,23,2,253,2061,119,18,92,erfassten,0.04726255293405929,0.8891752577319587,,,372,2079
445,445,5,1,24,1,23,3,379,2061,163,23,91,Fahrzeugbezug,0.06964609800362977,0.8902491408934707,,,542,2084
446,446,5,1,24,1,23,4,548,2061,144,23,91,zugeordneten,0.09376890502117362,0.8902491408934707,,,692,2084
447,447,5,1,24,1,23,5,698,2061,109,18,92,Abschnitts,0.11380822746521477,0.8891752577319587,,,807,2079
448,448,4,1,24,1,24,0,225,2093,150,23,-1,,0.045372050816696916,0.9039948453608248,,,375,2116
449,449,5,1,24,1,24,1,225,2093,54,23,93,(130),0.038112522686025406,0.9039948453608248,,,279,2116
450,450,5,1,24,1,24,2,288,2093,87,19,89,umfasst.,0.05013611615245009,0.9031357388316151,,,375,2112
451,451,2,1,25,0,0,0,315,1230,900,21,-1,,0.11569872958257713,0.532860824742268,,,1215,1251
452,452,3,1,25,1,0,0,315,1230,900,21,-1,,0.11569872958257713,0.532860824742268,,,1215,1251
453,453,4,1,25,1,1,0,315,1230,900,21,-1,,0.11569872958257713,0.532860824742268,,,1215,1251
454,454,5,1,25,1,1,1,315,1230,117,21,96,TECHNIK,0.05648820326678766,0.532860824742268,title_line_1,TECHNIK,432,1251
455,455,5,1,25,1,1,2,440,1231,54,20,91,ZUR,0.0706291591046582,0.5330756013745704,title_line_1,ZUR,494,1251
456,456,5,1,25,1,1,3,504,1230,197,21,90,EINBEZIEHUNG,0.0911222020568663,0.532860824742268,title_line_1,EINBEZIEHUNG,701,1251
457,457,5,1,25,1,1,4,712,1231,78,20,93,EINER,0.11358136721113128,0.5330756013745704,title_line_1,EINER,790,1251
458,458,5,1,25,1,1,5,800,1230,308,21,88,BEDIENUNGSANLEITUNG,0.1442831215970962,0.532860824742268,title_line_1,BEDIENUNGSANLEITUNG,1108,1251
459,459,5,1,25,1,1,6,1111,1230,51,21,95,IN,0.17188445251058682,0.532860824742268,title_line_1,IN,1162,1251
460,460,5,1,25,1,1,7,1174,1231,41,20,96,DIE,0.18065638233514822,0.5330756013745704,title_line_1,DIE,1215,1251
461,461,2,1,26,0,0,0,1227,1377,32,16,-1,,0.1879915305505142,0.5949312714776632,,,1259,1393
462,462,3,1,26,1,0,0,1227,1377,32,16,-1,,0.1879915305505142,0.5949312714776632,,,1259,1393
463,463,4,1,26,1,1,0,1227,1377,32,16,-1,,0.1879915305505142,0.5949312714776632,,,1259,1393
464,464,5,1,26,1,1,1,1227,1377,32,16,95,102,0.1879915305505142,0.5949312714776632,,,1259,1393
465,465,2,1,27,0,0,0,902,1448,546,2,-1,,0.17770719903206292,0.6224226804123711,,,1448,1450
466,466,3,1,27,1,0,0,902,1448,546,2,-1,,0.17770719903206292,0.6224226804123711,,,1448,1450
467,467,4,1,27,1,1,0,902,1448,546,2,-1,,0.17770719903206292,0.6224226804123711,,,1448,1450
468,468,5,1,27,1,1,1,902,1448,546,2,95, ,0.17770719903206292,0.6224226804123711,,,1448,1450
469,469,2,1,28,0,0,0,913,1460,525,2,-1,,0.17778281911675742,0.6275773195876289,,,1438,1462
470,470,3,1,28,1,0,0,913,1460,525,2,-1,,0.17778281911675742,0.6275773195876289,,,1438,1462
471,471,4,1,28,1,1,0,913,1460,525,2,-1,,0.17778281911675742,0.6275773195876289,,,1438,1462
472,472,5,1,28,1,1,1,913,1460,525,2,95, ,0.17778281911675742,0.6275773195876289,,,1438,1462
473,473,2,1,29,0,0,0,917,1468,443,41,-1,,0.1721869328493648,0.6393900343642611,,,1360,1509
474,474,3,1,29,1,0,0,917,1468,443,41,-1,,0.1721869328493648,0.6393900343642611,,,1360,1509
475,475,4,1,29,1,1,0,917,1468,443,41,-1,,0.1721869328493648,0.6393900343642611,,,1360,1509
476,476,5,1,29,1,1,1,917,1468,443,41,31,oe,0.1721869328493648,0.6393900343642611,,,1360,1509
477,477,2,1,30,0,0,0,946,1522,468,36,-1,,0.17846339987900786,0.6615120274914089,,,1414,1558
478,478,3,1,30,1,0,0,946,1522,468,36,-1,,0.17846339987900786,0.6615120274914089,,,1414,1558
479,479,4,1,30,1,1,0,946,1522,468,36,-1,,0.17846339987900786,0.6615120274914089,,,1414,1558
480,480,5,1,30,1,1,1,946,1533,66,25,93,Digitale,0.14806412583182094,0.6638745704467354,,,1012,1558
481,481,5,1,30,1,1,2,1019,1533,159,25,71,Betriebsanteitung,0.1661373260738052,0.6638745704467354,,,1178,1558
482,482,5,1,30,1,1,3,1391,1522,23,23,72,¬Æ),0.2121143375680581,0.6587199312714777,,,1414,1545
483,483,2,1,31,0,0,0,938,1567,200,27,-1,,0.1569872958257713,0.6789089347079038,,,1138,1594
484,484,3,1,31,1,0,0,938,1567,200,27,-1,,0.1569872958257713,0.6789089347079038,,,1138,1594
485,485,4,1,31,1,1,0,938,1567,200,27,-1,,0.1569872958257713,0.6789089347079038,,,1138,1594
486,486,5,1,31,1,1,1,938,1576,111,18,79,Fehlermeldungen,0.1502571082879613,0.6808419243986255,,,1049,1594
487,487,5,1,31,1,1,2,1106,1567,32,16,95,130,0.16969147005444646,0.6765463917525774,,,1138,1583
488,488,2,1,32,0,0,0,931,1605,100,14,-1,,0.1483666061705989,0.6924398625429553,,,1031,1619
489,489,3,1,32,1,0,0,931,1605,100,14,-1,,0.1483666061705989,0.6924398625429553,,,1031,1619
490,490,4,1,32,1,1,0,931,1605,100,14,-1,,0.1483666061705989,0.6924398625429553,,,1031,1619
491,491,5,1,32,1,1,1,931,1605,55,14,86,Bremsen,0.14496370235934664,0.6924398625429553,,,986,1619
492,492,5,1,32,1,1,2,991,1605,40,14,95,defekt,0.1529038112522686,0.6924398625429553,,,1031,1619
493,493,2,1,33,0,0,0,1282,1581,94,14,-1,,0.20099818511796733,0.6821305841924399,,,1376,1595
494,494,3,1,33,1,0,0,1282,1581,94,14,-1,,0.20099818511796733,0.6821305841924399,,,1376,1595
495,495,4,1,33,1,1,0,1282,1581,94,14,-1,,0.20099818511796733,0.6821305841924399,,,1376,1595
496,496,5,1,33,1,1,1,1282,1581,94,14,92,Stichworsuche,0.20099818511796733,0.6821305841924399,,,1376,1595
497,497,2,1,34,0,0,0,1087,1626,320,57,-1,,0.18859649122807018,0.7106958762886598,,,1407,1683
498,498,3,1,34,1,0,0,1087,1626,320,57,-1,,0.18859649122807018,0.7106958762886598,,,1407,1683
499,499,4,1,34,1,1,0,1088,1626,319,18,-1,,0.18867211131276468,0.7023195876288659,,,1407,1644
500,500,5,1,34,1,1,1,1088,1626,21,15,96,Hier,0.1661373260738052,0.7016752577319587,,,1109,1641
501,501,5,1,34,1,1,2,1110,1626,47,15,92,finden,0.17143073200241984,0.7016752577319587,,,1157,1641
502,502,5,1,34,1,1,3,1161,1626,12,15,92,Sie,0.176497277676951,0.7016752577319587,,,1173,1641
503,503,5,1,34,1,1,4,1174,1626,99,15,94,Informationen,0.1850423472474289,0.7016752577319587,,,1273,1641
504,504,5,1,34,1,1,5,1278,1630,20,11,95,zur,0.19479733817301875,0.7025343642611683,,,1298,1641
505,505,5,1,34,1,1,6,1302,1626,24,15,93,den,0.1987295825771325,0.7016752577319587,,,1326,1641
506,506,5,1,34,1,1,7,1331,1626,76,18,6,mdglichen.,0.20704779189352693,0.7023195876288659,,,1407,1644
507,507,4,1,34,1,2,0,1088,1648,252,17,-1,,0.18360556563823352,0.7115549828178694,,,1340,1665
508,508,5,1,34,1,2,1,1088,1648,60,14,48,‚ÄòUrsachen,0.16908650937689051,0.7109106529209622,,,1148,1662
509,509,5,1,34,1,2,2,1153,1648,21,14,88,der,0.17596793708408953,0.7109106529209622,,,1174,1662
510,510,5,1,34,1,2,3,1179,1648,94,17,81,Fehlermeldung,0.18542044767090138,0.7115549828178694,,,1273,1665
511,511,5,1,34,1,2,4,1279,1648,61,16,82,",Bremsen",0.19804900181488203,0.711340206185567,,,1340,1664
512,512,4,1,34,1,3,0,1087,1669,195,14,-1,,0.1791439806412583,0.7199312714776632,,,1282,1683
513,513,5,1,34,1,3,1,1087,1669,47,14,53,"defekt‚Äô,",0.16795220810647307,0.7199312714776632,,,1134,1683
514,514,5,1,34,1,3,2,1140,1669,25,14,90,Das,0.17430429522081065,0.7199312714776632,,,1165,1683
515,515,5,1,34,1,3,3,1170,1670,14,13,96,ist,0.1780096793708409,0.7201460481099656,,,1184,1683
516,516,5,1,34,1,3,4,1188,1672,18,11,93,ein,0.1810344827586207,0.7205756013745704,,,1206,1683
517,517,5,1,34,1,3,5,1212,1669,70,14,90,Mustertext:,0.18859649122807018,0.7199312714776632,,,1282,1683
518,518,2,1,35,0,0,0,1087,1690,327,124,-1,,0.18912583182093165,0.7525773195876289,,,1414,1814
519,519,3,1,35,1,0,0,928,1685,486,129,-1,,0.17710223835450695,0.7515034364261168,,,1414,1814
520,520,4,1,35,1,1,0,1088,1690,320,17,-1,,0.18874773139745918,0.7295962199312714,,,1408,1707
521,521,5,1,35,1,1,1,1088,1690,39,14,89,Lorem,0.1674984875983061,0.7289518900343642,,,1127,1704
522,522,5,1,35,1,1,2,1133,1693,37,14,96,ipsum,0.17415305505142165,0.7302405498281787,,,1170,1707
523,523,5,1,35,1,1,3,1174,1690,28,14,95,dolor,0.17967332123411978,0.7289518900343642,,,1202,1704
524,524,5,1,35,1,1,4,1203,1690,23,14,95,sit,0.18368118572292802,0.7289518900343642,,,1226,1704
525,525,5,1,35,1,1,5,1229,1690,35,16,95,"amet,",0.18852087114337568,0.729381443298969,,,1264,1706
526,526,5,1,35,1,1,6,1270,1690,67,14,95,consetetur,0.19714156079854808,0.7289518900343642,,,1337,1704
527,527,5,1,35,1,1,7,1341,1690,67,17,96,sadipscing,0.20787961282516637,0.7295962199312714,,,1408,1707
528,528,4,1,35,1,2,0,1087,1710,311,18,-1,,0.18791591046581974,0.7384020618556701,,,1398,1728
529,529,5,1,35,1,2,1,1087,1711,26,16,79,"elitr,",0.16636418632788869,0.7384020618556701,,,1113,1727
530,530,5,1,35,1,2,2,1118,1710,23,15,94,sed,0.17082577132486387,0.7377577319587629,,,1141,1725
531,531,5,1,35,1,2,3,1146,1710,30,15,96,diam,0.17558983666061706,0.7377577319587629,,,1176,1725
532,532,5,1,35,1,2,4,1181,1714,43,11,96,nonumy,0.18186630369026013,0.7386168384879725,,,1224,1725
533,533,5,1,35,1,2,5,1225,1710,54,18,95,eirmod,0.18935269207501512,0.7384020618556701,,,1279,1728
534,534,5,1,35,1,2,6,1284,1711,40,17,95,tempor,0.19721718088324258,0.7386168384879725,,,1324,1728
535,535,5,1,35,1,2,7,1325,1711,58,14,95,invidunt,0.20477918935269207,0.7379725085910653,,,1383,1725
536,536,5,1,35,1,2,8,1387,1711,11,14,95,ut,0.21060193587416817,0.7379725085910653,,,1398,1725
537,537,4,1,35,1,3,0,1092,1732,304,17,-1,,0.1881427707199032,0.7476374570446735,,,1396,1749
538,538,5,1,35,1,3,1,1092,1732,39,14,93,labore,0.16810344827586207,0.7469931271477663,,,1131,1746
539,539,5,1,35,1,3,2,1135,1736,8,10,81,et,0.1722625529340593,0.747852233676976,,,1143,1746
540,540,5,1,35,1,3,3,1144,1732,47,14,92,dolore,0.1765728977616455,0.7469931271477663,,,1191,1746
541,541,5,1,35,1,3,4,1197,1736,42,13,96,magna,0.18421052631578946,0.7484965635738832,,,1239,1749
542,542,5,1,35,1,3,5,1244,1732,57,17,96,aliquyam,0.19245311554748942,0.7476374570446735,,,1301,1749
543,543,5,1,35,1,3,6,1306,1733,28,15,96,"erat,",0.1996370235934664,0.7476374570446735,,,1334,1748
544,544,5,1,35,1,3,7,1339,1732,22,14,96,sed,0.20417422867513613,0.7469931271477663,,,1361,1746
545,545,5,1,35,1,3,8,1366,1732,30,14,96,diam,0.2088626739261948,0.7469931271477663,,,1396,1746
546,546,4,1,35,1,4,0,1088,1752,326,18,-1,,0.18920145190562612,0.7564432989690721,,,1414,1770
547,547,5,1,35,1,4,1,1088,1752,57,17,92,voluptua.,0.16885964912280702,0.7562285223367697,,,1145,1769
548,548,5,1,35,1,4,2,1149,1752,10,14,95,At,0.17453115547489415,0.7555841924398625,,,1159,1766
549,549,5,1,35,1,4,3,1159,1753,35,14,96,vero,0.1779340592861464,0.7560137457044673,,,1194,1767
550,550,5,1,35,1,4,4,1199,1756,23,10,92,eos,0.18307622504537205,0.7564432989690721,,,1222,1766
551,551,5,1,35,1,4,5,1226,1753,12,13,93,et,0.18632788868723532,0.7557989690721649,,,1238,1766
552,552,5,1,35,1,4,6,1242,1756,57,11,95,accusam,0.19215063520871142,0.7566580756013745,,,1299,1767
553,553,5,1,35,1,4,7,1304,1756,8,10,96,et,0.19782214156079855,0.7564432989690721,,,1312,1766
554,554,5,1,35,1,4,8,1312,1752,39,18,96,justo,0.2013762855414398,0.7564432989690721,,,1351,1770
555,555,5,1,35,1,4,9,1355,1752,23,15,92,duo,0.20666969147005446,0.7557989690721649,,,1378,1767
556,556,5,1,35,1,4,10,1383,1752,31,15,42,doio-|,0.21150937689050212,0.7557989690721649,,,1414,1767
557,557,4,1,35,1,5,0,1088,1774,322,19,-1,,0.18889897156684815,0.7661082474226805,,,1410,1793
558,558,5,1,35,1,5,1,1088,1777,20,11,92,res,0.16606170598911071,0.7656786941580757,,,1108,1788
559,559,5,1,35,1,5,2,1111,1774,13,14,94,et,0.16901088929219601,0.7650343642611683,,,1124,1788
560,560,5,1,35,1,5,3,1128,1777,15,11,93,ea,0.17173321234119782,0.7656786941580757,,,1143,1788
561,561,5,1,35,1,5,4,1148,1774,40,14,87,rebum.,0.17664851784633998,0.7650343642611683,,,1188,1788
562,562,5,1,35,1,5,5,1190,1774,28,14,81,Stet,0.1820931639443436,0.7650343642611683,,,1218,1788
563,563,5,1,35,1,5,6,1219,1774,32,14,81,clita,0.1867816091954023,0.7650343642611683,,,1251,1788
564,564,5,1,35,1,5,7,1256,1774,30,14,84,kasd,0.19222625529340592,0.7650343642611683,,,1286,1788
565,565,5,1,35,1,5,8,1290,1774,70,17,74,"gubergren,",0.20039322444041138,0.7656786941580757,,,1360,1791
566,566,5,1,35,1,5,9,0,0,1653,2328,35,=,0.125,0.5,,,1653,2328
567,567,5,1,35,1,5,10,1391,1778,19,15,55,"A,",0.2118118572292801,0.7669673539518901,,,1410,1793
568,568,4,1,35,1,6,0,1088,1795,322,19,-1,,0.18889897156684815,0.7751288659793815,,,1410,1814
569,569,5,1,35,1,6,1,1088,1799,15,11,74,no,0.16568360556563824,0.7751288659793815,,,1103,1810
570,570,5,1,35,1,6,2,1108,1799,23,11,96,sea,0.169313369630974,0.7751288659793815,,,1131,1810
571,571,5,1,35,1,6,3,1135,1795,54,15,87,takimata,0.17574107683000606,0.7742697594501718,,,1189,1810
572,572,5,1,35,1,6,4,1194,1796,49,14,96,sanctus,0.18428614640048396,0.7744845360824743,,,1243,1810
573,573,5,1,35,1,6,5,1247,1795,19,15,95,ast,0.19003327283726557,0.7742697594501718,,,1266,1810
574,574,5,1,35,1,6,6,1271,1795,39,15,95,Lorem,0.19517543859649122,0.7742697594501718,,,1310,1810
575,575,5,1,35,1,6,7,1316,1799,37,14,93,ipsum,0.20183000604960677,0.7757731958762887,,,1353,1813
576,576,5,1,35,1,6,8,1358,1795,52,19,45,doloryy,0.20931639443436176,0.7751288659793815,,,1410,1814
577,577,2,1,36,0,0,0,933,1758,106,15,-1,,0.14912280701754385,0.7583762886597938,,,1039,1773
578,578,3,1,36,1,0,0,933,1758,106,15,-1,,0.14912280701754385,0.7583762886597938,,,1039,1773
579,579,4,1,36,1,1,0,933,1758,106,15,-1,,0.14912280701754385,0.7583762886597938,,,1039,1773
580,580,5,1,36,1,1,1,933,1758,60,15,75,Grafische,0.1456442831215971,0.7583762886597938,,,993,1773
581,581,5,1,36,1,1,2,999,1758,40,14,91,Suche,0.1541137326073805,0.7581615120274914,,,1039,1772
582,582,2,1,37,0,0,0,912,1835,526,2,-1,,0.17770719903206292,0.788659793814433,,,1438,1837
583,583,3,1,37,1,0,0,912,1835,526,2,-1,,0.17770719903206292,0.788659793814433,,,1438,1837
584,584,4,1,37,1,1,0,912,1835,526,2,-1,,0.17770719903206292,0.788659793814433,,,1438,1837
585,585,5,1,37,1,1,1,912,1835,526,2,95, ,0.17770719903206292,0.788659793814433,,,1438,1837
586,586,2,1,38,0,0,0,892,1450,565,404,-1,,0.17763157894736842,0.7096219931271478,,,1457,1854
587,587,3,1,38,1,0,0,892,1450,565,404,-1,,0.17763157894736842,0.7096219931271478,,,1457,1854
588,588,4,1,38,1,1,0,892,1450,565,404,-1,,0.17763157894736842,0.7096219931271478,,,1457,1854
589,589,5,1,38,1,1,1,892,1450,565,404,95, ,0.17763157894736842,0.7096219931271478,,,1457,1854
590,590,2,1,39,0,0,0,1006,1875,33,17,-1,,0.15464307320024198,0.8090635738831615,,,1039,1892
591,591,3,1,39,1,0,0,1006,1875,33,17,-1,,0.15464307320024198,0.8090635738831615,,,1039,1892
592,592,4,1,39,1,1,0,1006,1875,33,17,-1,,0.15464307320024198,0.8090635738831615,,,1039,1892
593,593,5,1,39,1,1,1,1006,1875,33,17,96,128,0.15464307320024198,0.8090635738831615,,,1039,1892
594,594,2,1,40,0,0,0,1119,1898,108,35,-1,,0.17740471869328495,0.8228092783505154,,,1227,1933
595,595,3,1,40,1,0,0,1119,1898,108,35,-1,,0.17740471869328495,0.8228092783505154,,,1227,1933
596,596,4,1,40,1,1,0,1119,1898,108,35,-1,,0.17740471869328495,0.8228092783505154,,,1227,1933
597,597,5,1,40,1,1,1,1119,1898,54,35,93,Fig.,0.1733212341197822,0.8228092783505154,,,1173,1933
598,598,5,1,40,1,1,2,1186,1898,41,27,93,4B,0.1824712643678161,0.8210910652920962,,,1227,1925
599,599,2,1,41,0,0,0,716,2270,259,16,-1,,0.1278735632183908,0.9785223367697594,,,975,2286
600,600,3,1,41,1,0,0,716,2270,259,16,-1,,0.1278735632183908,0.9785223367697594,,,975,2286
601,601,4,1,41,1,1,0,716,2270,259,16,-1,,0.1278735632183908,0.9785223367697594,,,975,2286
602,602,5,1,41,1,1,1,716,2270,49,12,96,Printed,0.11199334543254688,0.9776632302405498,,,765,2282
603,603,5,1,41,1,1,2,771,2270,15,16,96,by,0.1177404718693285,0.9785223367697594,,,786,2286
604,604,5,1,41,1,1,3,792,2270,45,14,96,"Jouve,",0.12318511796733213,0.9780927835051546,,,837,2284
605,605,5,1,41,1,1,4,843,2270,41,12,96,75001,0.13059588626739263,0.9776632302405498,,,884,2282
606,606,5,1,41,1,1,5,893,2270,46,12,96,PARIS,0.1385359951603146,0.9776632302405498,,,939,2282
607,607,5,1,41,1,1,6,945,2270,30,16,95,(FR),0.14519056261343014,0.9785223367697594,,,975,2286
