,Unnamed: 0,level,page_num,block_num,par_num,line_num,word_num,left,top,width,height,conf,text,x,y,label,target,right,bottom
0,0,1,1,0,0,0,0,0,0,1653,2328,-1,,0.125,0.5,,,1653,2328
1,1,2,1,1,0,0,0,144,1905,31,328,-1,,0.02412280701754386,0.8887457044673539,,,175,2233
2,2,3,1,1,1,0,0,144,1905,31,328,-1,,0.02412280701754386,0.8887457044673539,,,175,2233
3,3,4,1,1,1,1,0,144,1905,31,328,-1,,0.02412280701754386,0.8887457044673539,,,175,2233
4,4,5,1,1,1,1,1,144,2179,30,54,96,EP,0.024047186932849365,0.947594501718213,,,174,2233
5,5,5,1,1,1,1,2,144,2142,31,21,96,3,0.02412280701754386,0.9246134020618557,,,175,2163
6,6,5,1,1,1,1,3,144,2055,31,71,95,399,0.02412280701754386,0.8979810996563574,,,175,2126
7,7,5,1,1,1,1,4,144,1969,31,70,91,667,0.02412280701754386,0.8608247422680413,,,175,2039
8,8,5,1,1,1,1,5,144,1905,30,50,91,A1,0.024047186932849365,0.8290378006872853,,,174,1955
9,9,2,1,2,0,0,0,429,153,88,28,-1,,0.07153660012099214,0.07173539518900343,,,517,181
10,10,3,1,2,1,0,0,429,153,88,28,-1,,0.07153660012099214,0.07173539518900343,,,517,181
11,11,4,1,2,1,1,0,429,153,88,16,-1,,0.07153660012099214,0.06915807560137457,,,517,169
12,12,5,1,2,1,1,1,429,153,88,16,84,Europaisches,0.07153660012099214,0.06915807560137457,,,517,169
13,13,4,1,2,1,2,0,429,170,71,11,-1,,0.07025105868118572,0.07538659793814433,,,500,181
14,14,5,1,2,1,2,1,429,170,71,11,96,Patentamt,0.07025105868118572,0.07538659793814433,,,500,181
15,15,2,1,3,0,0,0,429,196,89,28,-1,,0.07161222020568662,0.09020618556701031,,,518,224
16,16,3,1,3,1,0,0,429,196,89,28,-1,,0.07161222020568662,0.09020618556701031,,,518,224
17,17,4,1,3,1,1,0,429,196,63,15,-1,,0.06964609800362977,0.08741408934707903,,,492,211
18,18,5,1,3,1,1,1,429,196,63,15,95,European,0.06964609800362977,0.08741408934707903,,,492,211
19,19,4,1,3,1,2,0,429,212,89,12,-1,,0.07161222020568662,0.0936426116838488,,,518,224
20,20,5,1,3,1,2,1,429,213,43,11,96,Patent,0.06813369630973987,0.0938573883161512,,,472,224
21,21,5,1,3,1,2,2,478,212,40,12,90,Office,0.07531760435571688,0.0936426116838488,,,518,224
22,22,2,1,4,0,0,0,429,239,109,28,-1,,0.07312462189957653,0.10867697594501718,,,538,267
23,23,3,1,4,1,0,0,429,239,109,28,-1,,0.07312462189957653,0.10867697594501718,,,538,267
24,24,4,1,4,1,1,0,429,239,109,15,-1,,0.07312462189957653,0.10588487972508591,,,538,254
25,25,5,1,4,1,1,1,429,239,40,12,93,Office,0.06790683605565638,0.1052405498281787,,,469,251
26,26,5,1,4,1,1,2,474,239,64,15,93,europ√©en,0.0765275257108288,0.10588487972508591,,,538,254
27,27,4,1,4,1,2,0,429,255,77,12,-1,,0.0707047791893527,0.11211340206185567,,,506,267
28,28,5,1,4,1,2,1,429,255,22,12,95,des,0.06654567453115548,0.11211340206185567,,,451,267
29,29,5,1,4,1,2,2,457,255,49,12,82,brevets,0.07282214156079855,0.11211340206185567,,,506,267
30,30,2,1,5,0,0,0,281,136,274,150,-1,,0.06321839080459771,0.09063573883161512,,,555,286
31,31,3,1,5,1,0,0,281,136,274,150,-1,,0.06321839080459771,0.09063573883161512,,,555,286
32,32,4,1,5,1,1,0,281,136,274,150,-1,,0.06321839080459771,0.09063573883161512,,,555,286
33,33,5,1,5,1,1,1,281,136,274,150,95, ,0.06321839080459771,0.09063573883161512,,,555,286
34,34,2,1,6,0,0,0,225,324,45,26,-1,,0.037431941923774956,0.14475945017182132,,,270,350
35,35,3,1,6,1,0,0,225,324,45,26,-1,,0.037431941923774956,0.14475945017182132,,,270,350
36,36,4,1,6,1,1,0,225,324,45,26,-1,,0.037431941923774956,0.14475945017182132,,,270,350
37,37,5,1,6,1,1,1,225,324,45,26,96,(12),0.037431941923774956,0.14475945017182132,,,270,350
38,38,2,1,7,0,0,0,225,395,378,53,-1,,0.06261343012704174,0.18105670103092783,,,603,448
39,39,3,1,7,1,0,0,225,395,378,53,-1,,0.06261343012704174,0.18105670103092783,,,603,448
40,40,4,1,7,1,1,0,225,395,262,26,-1,,0.05384150030248034,0.17525773195876287,,,487,421
41,41,5,1,7,1,1,1,225,395,45,26,95,(43),0.037431941923774956,0.17525773195876287,,,270,421
42,42,5,1,7,1,1,2,286,397,48,18,95,Date,0.04688445251058681,0.17439862542955326,,,334,415
43,43,5,1,7,1,1,3,342,397,20,18,96,of,0.05323653962492438,0.17439862542955326,,,362,415
44,44,5,1,7,1,1,4,370,397,117,23,96,publication:,0.0648064125831821,0.17547250859106528,,,487,420
45,45,4,1,7,1,2,0,286,430,317,18,-1,,0.06722625529340592,0.18857388316151202,,,603,448
46,46,5,1,7,1,2,1,286,430,117,18,96,07.11.2018,0.052102238354506954,0.18857388316151202,publication_date,07.11.2018,403,448
47,47,5,1,7,1,2,2,426,430,84,18,95,Bulletin,0.07078039927404718,0.18857388316151202,,,510,448
48,48,5,1,7,1,2,3,519,430,84,18,95,2018/45,0.08484573502722323,0.18857388316151202,,,603,448
49,49,2,1,8,0,0,0,225,493,402,26,-1,,0.06442831215970962,0.21735395189003437,,,627,519
50,50,3,1,8,1,0,0,225,493,402,26,-1,,0.06442831215970962,0.21735395189003437,,,627,519
51,51,4,1,8,1,1,0,225,493,402,26,-1,,0.06442831215970962,0.21735395189003437,,,627,519
52,52,5,1,8,1,1,1,225,493,45,26,95,(21),0.037431941923774956,0.21735395189003437,,,270,519
53,53,5,1,8,1,1,2,285,495,115,23,96,Application,0.051799758015728975,0.21756872852233677,,,400,518
54,54,5,1,8,1,1,3,410,495,83,18,93,number:,0.06828493647912885,0.21649484536082475,,,493,513
55,55,5,1,8,1,1,4,505,495,122,18,92,18179975.0,0.08560193587416817,0.21649484536082475,application_number,18179975,627,513
56,56,2,1,9,0,0,0,225,559,325,26,-1,,0.05860556563823351,0.24570446735395188,,,550,585
57,57,3,1,9,1,0,0,225,559,325,26,-1,,0.05860556563823351,0.24570446735395188,,,550,585
58,58,4,1,9,1,1,0,225,559,325,26,-1,,0.05860556563823351,0.24570446735395188,,,550,585
59,59,5,1,9,1,1,1,225,559,45,26,96,(22),0.037431941923774956,0.24570446735395188,,,270,585
60,60,5,1,9,1,1,2,286,561,48,18,96,Date,0.04688445251058681,0.24484536082474226,,,334,579
61,61,5,1,9,1,1,3,342,566,12,13,96,of,0.05263157894736842,0.24591924398625428,,,354,579
62,62,5,1,9,1,1,4,355,561,67,23,94,filing:,0.058756805807622506,0.24591924398625428,,,422,584
63,63,5,1,9,1,1,5,432,561,118,18,93,08.11.2007,0.07425892316999395,0.24484536082474226,filing_date,08.11.2007,550,579
64,64,2,1,10,0,0,0,1002,245,458,38,-1,,0.18617664851784635,0.1134020618556701,,,1460,283
65,65,3,1,10,1,0,0,1002,245,458,38,-1,,0.18617664851784635,0.1134020618556701,,,1460,283
66,66,4,1,10,1,1,0,1002,245,458,38,-1,,0.18617664851784635,0.1134020618556701,,,1460,283
67,67,5,1,10,1,1,1,1002,256,44,27,74,(11),0.15486993345432548,0.11576460481099657,,,1046,283
68,68,5,1,10,1,1,2,1146,245,52,32,95,EP,0.17725347852389595,0.11211340206185567,number,EP,1198,277
69,69,5,1,10,1,1,3,1214,245,20,32,95,3,0.1851179673321234,0.11211340206185567,number,3,1234,277
70,70,5,1,10,1,1,4,1249,245,68,32,96,399,0.1940411373260738,0.11211340206185567,number,399,1317,277
71,71,5,1,10,1,1,5,1332,245,67,32,93,667,0.20651845130066546,0.11211340206185567,number,667,1399,277
72,72,5,1,10,1,1,6,1413,245,47,32,89,A1,0.21725650332728372,0.11211340206185567,number,A1,1460,277
73,73,2,1,11,0,0,0,577,319,537,26,-1,,0.1278735632183908,0.14261168384879724,,,1114,345
74,74,3,1,11,1,0,0,577,319,537,26,-1,,0.1278735632183908,0.14261168384879724,,,1114,345
75,75,4,1,11,1,1,0,577,319,537,26,-1,,0.1278735632183908,0.14261168384879724,,,1114,345
76,76,5,1,11,1,1,1,577,319,156,26,95,EUROPEAN,0.09906231094978826,0.14261168384879724,,,733,345
77,77,5,1,11,1,1,2,735,320,135,24,95,PATENT,0.12137023593466424,0.14261168384879724,,,870,344
78,78,5,1,11,1,1,3,873,319,241,26,96,APPLICATION,0.1502571082879613,0.14261168384879724,,,1114,345
79,79,2,1,12,0,0,0,862,395,535,81,-1,,0.17082577132486387,0.1870704467353952,,,1397,476
80,80,3,1,12,1,0,0,862,395,535,81,-1,,0.17082577132486387,0.1870704467353952,,,1397,476
81,81,4,1,12,1,1,0,862,395,126,26,-1,,0.13989715668481548,0.17525773195876287,,,988,421
82,82,5,1,12,1,1,1,862,395,44,26,93,(51),0.1336963097398669,0.17525773195876287,,,906,421
83,83,5,1,12,1,1,2,923,397,25,18,93,Int,0.1414851784633999,0.17439862542955326,,,948,415
84,84,5,1,12,1,1,3,955,397,33,18,78,Cl:,0.14692982456140352,0.17439862542955326,,,988,415
85,85,4,1,12,1,2,0,922,425,475,21,-1,,0.1753629764065336,0.1870704467353952,,,1397,446
86,86,5,1,12,1,2,1,922,428,60,18,49,H04B,0.14398064125831822,0.1877147766323024,class_international,H04B,982,446
87,87,5,1,12,1,2,2,991,428,45,18,70,7/26,0.15328191167574107,0.1877147766323024,class_international,7/26,1036,446
88,88,5,1,12,1,2,3,1041,425,67,16,83,(2006.01),0.16250756200846944,0.18599656357388317,,,1108,441
89,89,5,1,12,1,2,4,1193,428,68,18,88,HO4W,0.18557168784029038,0.1877147766323024,,,1261,446
90,90,5,1,12,1,2,5,1268,428,57,18,78,16/14,0.19608287961282517,0.1877147766323024,,,1325,446
91,91,5,1,12,1,2,6,1330,425,67,16,90,(2009.01),0.20621597096188748,0.18599656357388317,,,1397,441
92,92,4,1,12,1,3,0,922,455,475,21,-1,,0.1753629764065336,0.19995704467353953,,,1397,476
93,93,5,1,12,1,3,1,922,458,68,18,87,HO4W,0.14458560193587416,0.20060137457044674,,,990,476
94,94,5,1,12,1,3,2,996,458,58,18,96,88/06,0.15502117362371445,0.20060137457044674,,,1054,476
95,95,5,1,12,1,3,3,1059,455,67,16,72,(2009.01),0.16522988505747127,0.19888316151202748,,,1126,471
96,96,5,1,12,1,3,4,1193,458,67,18,87,HO4W,0.18549606775559588,0.20060137457044674,,,1260,476
97,97,5,1,12,1,3,5,1267,458,58,18,86,92/18,0.19600725952813067,0.20060137457044674,,,1325,476
98,98,5,1,12,1,3,6,1330,455,67,16,92,(2009.01),0.20621597096188748,0.19888316151202748,,,1397,471
99,99,2,1,13,0,0,0,224,613,1243,4,-1,,0.1278735632183908,0.26417525773195877,,,1467,617
100,100,3,1,13,1,0,0,224,613,1243,4,-1,,0.1278735632183908,0.26417525773195877,,,1467,617
101,101,4,1,13,1,1,0,224,613,1243,4,-1,,0.1278735632183908,0.26417525773195877,,,1467,617
102,102,5,1,13,1,1,1,224,613,1243,4,95, ,0.1278735632183908,0.26417525773195877,,,1467,617
103,103,2,1,14,0,0,0,225,631,599,119,-1,,0.07932546884452511,0.296606529209622,,,824,750
104,104,3,1,14,1,0,0,225,631,599,119,-1,,0.07932546884452511,0.296606529209622,,,824,750
105,105,4,1,14,1,1,0,225,631,388,27,-1,,0.0633696309739867,0.2768470790378007,,,613,658
106,106,5,1,14,1,1,1,225,631,45,27,96,(84),0.037431941923774956,0.2768470790378007,,,270,658
107,107,5,1,14,1,1,2,286,633,118,23,96,Designated,0.052177858439201454,0.2768470790378007,,,404,656
108,108,5,1,14,1,1,3,413,633,119,23,96,Contracting,0.07146098003629764,0.2768470790378007,,,532,656
109,109,5,1,14,1,1,4,542,633,71,19,96,States:,0.08734119782214156,0.2759879725085911,,,613,652
110,110,4,1,14,1,2,0,285,666,539,18,-1,,0.0838626739261948,0.28994845360824745,,,824,684
111,111,5,1,14,1,2,1,285,666,31,18,85,AT,0.04544767090139141,0.28994845360824745,,,316,684
112,112,5,1,14,1,2,2,324,666,31,18,85,BE,0.05134603750756201,0.28994845360824745,,,355,684
113,113,5,1,14,1,2,3,364,666,33,18,96,BG,0.057546884452510584,0.28994845360824745,,,397,684
114,114,5,1,14,1,2,4,406,666,31,18,96,CH,0.06374773139745916,0.28994845360824745,,,437,684
115,115,5,1,14,1,2,5,447,666,31,18,95,CY,0.06994857834240774,0.28994845360824745,,,478,684
116,116,5,1,14,1,2,6,486,666,30,18,93,CZ,0.07577132486388385,0.28994845360824745,,,516,684
117,117,5,1,14,1,2,7,525,666,30,18,96,DE,0.08166969147005444,0.28994845360824745,,,555,684
118,118,5,1,14,1,2,8,565,666,32,18,61,DK,0.08787053841500303,0.28994845360824745,,,597,684
119,119,5,1,14,1,2,9,605,666,29,18,61,EE,0.09369328493647913,0.28994845360824745,,,634,684
120,120,5,1,14,1,2,10,644,666,29,18,88,ES,0.09959165154264973,0.28994845360824745,,,673,684
121,121,5,1,14,1,2,11,682,666,142,18,91,FIFRGBGR,0.11388384754990925,0.28994845360824745,,,824,684
122,122,4,1,14,1,3,0,286,699,536,18,-1,,0.0837870538415003,0.30412371134020616,,,822,717
123,123,5,1,14,1,3,1,286,699,31,18,51,HU,0.0455989110707804,0.30412371134020616,,,317,717
124,124,5,1,14,1,3,2,327,699,20,18,51,IE,0.05096793708408953,0.30412371134020616,,,347,717
125,125,5,1,14,1,3,3,357,699,19,18,84,IS,0.05542952208106473,0.30412371134020616,,,376,717
126,126,5,1,14,1,3,4,386,699,83,18,88,ITLILT,0.06465517241379311,0.30412371134020616,,,469,717
127,127,5,1,14,1,3,5,477,699,29,18,88,LU,0.07433454325468844,0.30412371134020616,,,506,717
128,128,5,1,14,1,3,6,516,699,28,18,88,LV,0.08015728977616456,0.30412371134020616,,,544,717
129,129,5,1,14,1,3,7,553,699,34,18,96,MC,0.08620689655172414,0.30412371134020616,,,587,717
130,130,5,1,14,1,3,8,596,699,33,18,75,MT,0.0926346037507562,0.30412371134020616,,,629,717
131,131,5,1,14,1,3,9,638,699,14,18,75,NL,0.09754990925589836,0.30412371134020616,,,652,717
132,132,5,1,14,1,3,10,655,699,34,18,79,PL,0.10163339382940109,0.30412371134020616,,,689,717
133,133,5,1,14,1,3,11,692,699,50,18,96,PT,0.10843920145190562,0.30412371134020616,,,742,717
134,134,5,1,14,1,3,12,751,699,33,18,94,RO,0.11607683000604961,0.30412371134020616,,,784,717
135,135,5,1,14,1,3,13,792,699,30,18,94,SE,0.1220508166969147,0.30412371134020616,,,822,717
136,136,4,1,14,1,4,0,286,732,99,18,-1,,0.05074107683000605,0.31829896907216493,,,385,750
137,137,5,1,14,1,4,1,286,732,99,18,90,SISKTR,0.05074107683000605,0.31829896907216493,,,385,750
138,138,2,1,15,0,0,0,225,795,411,27,-1,,0.06510889292196008,0.3472938144329897,,,636,822
139,139,3,1,15,1,0,0,225,795,411,27,-1,,0.06510889292196008,0.3472938144329897,,,636,822
140,140,4,1,15,1,1,0,225,795,411,27,-1,,0.06510889292196008,0.3472938144329897,,,636,822
141,141,5,1,15,1,1,1,225,795,45,27,96,(30),0.037431941923774956,0.3472938144329897,,,270,822
142,142,5,1,15,1,1,2,286,797,77,23,95,Priority:,0.04907743496672716,0.3472938144329897,,,363,820
143,143,5,1,15,1,1,3,384,797,117,19,95,12.12.2006,0.06692377495462795,0.34643470790378006,priority_date_eu,12.12.2006,501,816
144,144,5,1,15,1,1,4,520,797,30,19,96,US,0.0809134906231095,0.34643470790378006,,,550,816
145,145,5,1,15,1,1,5,559,797,77,19,96,638008,0.09036600120992136,0.34643470790378006,,,636,816
146,146,2,1,16,0,0,0,225,861,596,151,-1,,0.07909860859044163,0.4022766323024055,,,821,1012
147,147,3,1,16,1,0,0,225,861,596,151,-1,,0.07909860859044163,0.4022766323024055,,,821,1012
148,148,4,1,16,1,1,0,225,861,596,26,-1,,0.07909860859044163,0.3754295532646048,,,821,887
149,149,5,1,16,1,1,1,225,861,45,26,96,(62),0.037431941923774956,0.3754295532646048,,,270,887
150,150,5,1,16,1,1,2,286,863,107,18,96,Document,0.05134603750756201,0.3745704467353952,,,393,881
151,151,5,1,16,1,1,3,402,863,105,23,96,number(s),0.06873865698729582,0.3756443298969072,,,507,886
152,152,5,1,16,1,1,4,516,863,20,18,96,of,0.07955232909860858,0.3745704467353952,,,536,881
153,153,5,1,16,1,1,5,542,863,32,18,96,the,0.08439201451905626,0.3745704467353952,,,574,881
154,154,5,1,16,1,1,6,583,863,65,18,96,earlier,0.09308832425892317,0.3745704467353952,,,648,881
155,155,5,1,16,1,1,7,655,863,140,23,94,application(s),0.10964912280701754,0.3756443298969072,,,795,886
156,156,5,1,16,1,1,8,805,863,16,18,96,in,0.12295825771324864,0.3745704467353952,,,821,881
157,157,4,1,16,1,2,0,286,895,308,19,-1,,0.06654567453115548,0.38853092783505155,,,594,914
158,158,5,1,16,1,2,1,286,895,109,19,96,accordance,0.051497277676950996,0.38853092783505155,,,395,914
159,159,5,1,16,1,2,2,395,895,60,19,96,with,0.06427707199032062,0.38853092783505155,,,455,914
160,160,5,1,16,1,2,3,464,895,35,19,96,Art.,0.07282214156079855,0.38853092783505155,,,499,914
161,161,5,1,16,1,2,4,508,895,25,19,96,76,0.07872050816696914,0.38853092783505155,,,533,914
162,162,5,1,16,1,2,5,542,895,52,19,96,EPC:,0.08590441621294616,0.38853092783505155,,,594,914
163,163,4,1,16,1,3,0,286,929,250,18,-1,,0.06215970961887477,0.4029209621993127,,,536,947
164,164,5,1,16,1,3,1,286,929,124,18,69,18163106.0,0.05263157894736842,0.4029209621993127,,,410,947
165,165,5,1,16,1,3,2,417,929,7,18,69,/,0.06359649122807018,0.4029209621993127,,,424,947
166,166,5,1,16,1,3,3,432,929,11,18,95,3,0.066167574107683,0.4029209621993127,,,443,947
167,167,5,1,16,1,3,4,452,929,37,18,95,393,0.07115849969751967,0.4029209621993127,,,489,947
168,168,5,1,16,1,3,5,498,929,38,18,96,058,0.07819116757410768,0.4029209621993127,,,536,947
169,169,4,1,16,1,4,0,286,961,250,19,-1,,0.06215970961887477,0.4168814432989691,,,536,980
170,170,5,1,16,1,4,1,286,961,121,19,83,16171179.1,0.05240471869328494,0.4168814432989691,,,407,980
171,171,5,1,16,1,4,2,417,961,7,19,83,/,0.06359649122807018,0.4168814432989691,,,424,980
172,172,5,1,16,1,4,3,432,961,11,19,92,3,0.066167574107683,0.4168814432989691,,,443,980
173,173,5,1,16,1,4,4,452,961,37,19,92,076,0.07115849969751967,0.4168814432989691,,,489,980
174,174,5,1,16,1,4,5,498,961,38,19,95,698,0.07819116757410768,0.4168814432989691,,,536,980
175,175,4,1,16,1,5,0,286,994,250,18,-1,,0.06215970961887477,0.43084192439862545,,,536,1012
176,176,5,1,16,1,5,1,286,994,124,18,27,07864118.0,0.05263157894736842,0.43084192439862545,,,410,1012
177,177,5,1,16,1,5,2,417,994,7,18,27,/,0.06359649122807018,0.43084192439862545,,,424,1012
178,178,5,1,16,1,5,3,432,994,11,18,94,2,0.066167574107683,0.43084192439862545,,,443,1012
179,179,5,1,16,1,5,4,452,994,37,18,94,097,0.07115849969751967,0.43084192439862545,,,489,1012
180,180,5,1,16,1,5,5,498,994,38,18,92,995,0.07819116757410768,0.43084192439862545,,,536,1012
181,181,2,1,17,0,0,0,225,1057,467,91,-1,,0.06934361766485178,0.4735824742268041,,,692,1148
182,182,3,1,17,1,0,0,225,1057,467,91,-1,,0.06934361766485178,0.4735824742268041,,,692,1148
183,183,4,1,17,1,1,0,225,1057,462,27,-1,,0.06896551724137931,0.45983676975945015,,,687,1084
184,184,5,1,17,1,1,1,225,1057,45,27,96,(71),0.037431941923774956,0.45983676975945015,,,270,1084
185,185,5,1,17,1,1,2,285,1059,103,23,96,Applicant:,0.05089231699939504,0.45983676975945015,,,388,1082
186,186,5,1,17,1,1,3,397,1059,132,23,95,Guangdong,0.07002419842710224,0.45983676975945015,applicant_line_1,Guangdong,529,1082
187,187,5,1,17,1,1,4,538,1059,66,19,96,OPPO,0.08635813672111313,0.45897766323024053,applicant_line_1,OPPO,604,1078
188,188,5,1,17,1,1,5,614,1059,73,19,96,Mobile,0.0983817301875378,0.45897766323024053,applicant_line_1,Mobile,687,1078
189,189,4,1,17,1,2,0,285,1092,362,23,-1,,0.07047791893526921,0.4740120274914089,,,647,1115
190,190,5,1,17,1,2,1,285,1092,236,18,91,Telecommunications,0.06094978826376286,0.4729381443298969,,,521,1110
191,191,5,1,17,1,2,2,529,1092,67,23,92,"Corp.,",0.08507259528130671,0.4740120274914089,,,596,1115
192,192,5,1,17,1,2,3,606,1092,41,18,95,Ltd.,0.09475196612220206,0.4729381443298969,,,647,1110
193,193,4,1,17,1,3,0,286,1125,406,23,-1,,0.07395644283121597,0.4881872852233677,,,692,1148
194,194,5,1,17,1,3,1,286,1125,122,23,96,"Dongguan,",0.05248033877797943,0.4881872852233677,,,408,1148
195,195,5,1,17,1,3,2,416,1125,132,23,96,Guangdong,0.07289776164549304,0.4881872852233677,,,548,1148
196,196,5,1,17,1,3,3,557,1125,78,19,96,523860,0.09013914095583787,0.48732817869415807,,,635,1144
197,197,5,1,17,1,3,4,644,1125,48,23,96,(CN),0.10102843315184513,0.4881872852233677,,,692,1148
198,198,2,1,18,0,0,0,844,614,4,632,-1,,0.1279491833030853,0.39948453608247425,,,848,1246
199,199,3,1,18,1,0,0,844,614,4,632,-1,,0.1279491833030853,0.39948453608247425,,,848,1246
200,200,4,1,18,1,1,0,844,614,4,632,-1,,0.1279491833030853,0.39948453608247425,,,848,1246
201,201,5,1,18,1,1,1,844,614,4,632,95, ,0.1279491833030853,0.39948453608247425,,,848,1246
202,202,2,1,19,0,0,0,862,631,352,287,-1,,0.1569872958257713,0.3326890034364261,,,1214,918
203,203,3,1,19,1,0,0,862,631,352,287,-1,,0.1569872958257713,0.3326890034364261,,,1214,918
204,204,4,1,19,1,1,0,862,631,162,27,-1,,0.1426194797338173,0.2768470790378007,,,1024,658
205,205,5,1,19,1,1,1,862,631,44,27,94,(72),0.1336963097398669,0.2768470790378007,,,906,658
206,206,5,1,19,1,1,2,923,633,101,19,94,Inventors:,0.1472323049001815,0.2759879725085911,,,1024,652
207,207,4,1,19,1,2,0,898,666,148,22,-1,,0.147005444646098,0.29080756013745707,,,1046,688
208,208,5,1,19,1,2,1,898,671,7,8,9,¬´,0.13634301270417423,0.28994845360824745,,,905,679
209,209,5,1,19,1,2,2,921,666,67,18,96,"YANG,",0.1443587416817907,0.28994845360824745,inventor_line_1,"YANG,",988,684
210,210,5,1,19,1,2,3,992,666,54,22,96,Xue,0.1541137326073805,0.29080756013745707,inventor_line_1,Xue,1046,688
211,211,4,1,19,1,3,0,923,699,271,23,-1,,0.1600877192982456,0.30519759450171824,,,1194,722
212,212,5,1,19,1,3,1,923,699,100,21,96,"Portland,",0.147156684815487,0.30476804123711343,,,1023,720
213,213,5,1,19,1,3,2,1032,699,34,18,96,OR,0.15865093768905023,0.30412371134020616,,,1066,717
214,214,5,1,19,1,3,3,1074,699,65,18,96,97229,0.16734724742891713,0.30412371134020616,,,1139,717
215,215,5,1,19,1,3,4,1147,699,47,23,96,(US),0.17702661826981247,0.30519759450171824,,,1194,722
216,216,4,1,19,1,4,0,898,732,183,23,-1,,0.14965214761040532,0.31937285223367695,,,1081,755
217,217,5,1,19,1,4,1,898,737,7,8,64,¬´,0.13634301270417423,0.31829896907216493,,,905,745
218,218,5,1,19,1,4,2,922,732,52,18,93,"GUO,",0.14337568058076225,0.31829896907216493,,,974,750
219,219,5,1,19,1,4,3,977,732,104,23,92,Xingang,0.15562613430127042,0.31937285223367695,,,1081,755
220,220,4,1,19,1,5,0,923,765,271,23,-1,,0.1600877192982456,0.3335481099656357,,,1194,788
221,221,5,1,19,1,5,1,923,765,100,21,96,"Portland,",0.147156684815487,0.3331185567010309,,,1023,786
222,222,5,1,19,1,5,2,1031,765,35,18,95,OR,0.15857531760435573,0.3324742268041237,,,1066,783
223,223,5,1,19,1,5,3,1074,765,65,18,95,97229,0.16734724742891713,0.3324742268041237,,,1139,783
224,224,5,1,19,1,5,4,1147,765,47,23,96,(US),0.17702661826981247,0.3335481099656357,,,1194,788
225,225,4,1,19,1,6,0,898,797,132,23,-1,,0.14579552329098608,0.3472938144329897,,,1030,820
226,226,5,1,19,1,6,1,898,803,7,7,53,*,0.13634301270417423,0.34643470790378006,,,905,810
227,227,5,1,19,1,6,2,922,797,54,22,94,"ZHU,",0.14352692075015125,0.3470790378006873,,,976,819
228,228,5,1,19,1,6,3,984,797,46,23,94,Jing,0.15229885057471265,0.3472938144329897,,,1030,820
229,229,4,1,19,1,7,0,923,830,278,23,-1,,0.16061705989110708,0.36146907216494845,,,1201,853
230,230,5,1,19,1,7,1,923,830,107,22,96,"Hillsboro,",0.14768602540834846,0.36125429553264604,,,1030,852
231,231,5,1,19,1,7,2,1039,830,34,18,96,OR,0.15970961887477314,0.3603951890034364,,,1073,848
232,232,5,1,19,1,7,3,1080,830,67,18,96,97124,0.16840592861464004,0.3603951890034364,,,1147,848
233,233,5,1,19,1,7,4,1154,830,47,23,96,(US),0.1780852994555354,0.36146907216494845,,,1201,853
234,234,4,1,19,1,8,0,898,863,176,23,-1,,0.14912280701754385,0.3756443298969072,,,1074,886
235,235,5,1,19,1,8,1,898,868,7,8,33,¬´,0.13634301270417423,0.3745704467353952,,,905,876
236,236,5,1,19,1,8,2,923,863,42,22,93,"LIU,",0.14277071990320628,0.3754295532646048,,,965,885
237,237,5,1,19,1,8,3,975,863,99,23,92,Hsin-yuo,0.15494555353901995,0.3756443298969072,,,1074,886
238,238,4,1,19,1,9,0,923,895,291,23,-1,,0.1616001209921355,0.3893900343642612,,,1214,918
239,239,5,1,19,1,9,1,923,895,120,22,96,"Beaverton,",0.14866908650937688,0.38917525773195877,,,1043,917
240,240,5,1,19,1,9,2,1052,895,35,19,96,OR,0.1617513611615245,0.38853092783505155,,,1087,914
241,241,5,1,19,1,9,3,1094,895,65,19,96,97124,0.1703720508166969,0.38853092783505155,,,1159,914
242,242,5,1,19,1,9,4,1168,895,46,23,96,(US),0.18012704174228675,0.3893900343642612,,,1214,918
243,243,2,1,20,0,0,0,862,959,478,91,-1,,0.16651542649727769,0.43148625429553267,,,1340,1050
244,244,3,1,20,1,0,0,862,959,478,91,-1,,0.16651542649727769,0.43148625429553267,,,1340,1050
245,245,4,1,20,1,1,0,862,959,478,27,-1,,0.16651542649727769,0.4177405498281787,,,1340,986
246,246,5,1,20,1,1,1,862,959,44,27,96,(74),0.1336963097398669,0.4177405498281787,,,906,986
247,247,5,1,20,1,1,2,923,961,163,23,96,Representative:,0.15192075015124018,0.4177405498281787,,,1086,984
248,248,5,1,20,1,1,3,1096,961,103,23,96,Finnegan,0.1735480943738657,0.4177405498281787,representative_line_1_eu,Finnegan,1199,984
249,249,5,1,20,1,1,4,1209,961,80,23,96,Europe,0.18889897156684815,0.4177405498281787,representative_line_1_eu,Europe,1289,984
250,250,5,1,20,1,1,5,1299,961,41,19,96,LLP,0.19956140350877194,0.4168814432989691,representative_line_1_eu,LLP,1340,980
251,251,4,1,20,1,2,0,923,994,187,23,-1,,0.15373563218390804,0.4319158075601375,,,1110,1017
252,252,5,1,20,1,2,1,923,994,8,18,95,1,0.14019963702359348,0.43084192439862545,,,931,1012
253,253,5,1,20,1,2,2,943,994,84,18,95,London,0.14897156684815488,0.43084192439862545,,,1027,1012
254,254,5,1,20,1,2,3,1037,994,73,23,96,Bridge,0.16235632183908047,0.4319158075601375,,,1110,1017
255,255,4,1,20,1,3,0,923,1027,250,23,-1,,0.15849969751966123,0.44609106529209624,,,1173,1050
256,256,5,1,20,1,3,1,923,1027,84,18,92,London,0.14594676346037508,0.44501718213058417,,,1007,1045
257,257,5,1,20,1,3,2,1016,1027,41,18,85,SE1,0.15676043557168784,0.44501718213058417,,,1057,1045
258,258,5,1,20,1,3,3,1067,1027,47,18,85,9BG,0.16492740471869327,0.44501718213058417,,,1114,1045
259,259,5,1,20,1,3,4,1124,1027,49,23,96,(GB),0.1736993345432547,0.44609106529209624,,,1173,1050
260,260,2,1,21,0,0,0,862,1092,99,18,-1,,0.13785541439806412,0.4729381443298969,,,961,1110
261,261,3,1,21,1,0,0,862,1092,99,18,-1,,0.13785541439806412,0.4729381443298969,,,961,1110
262,262,4,1,21,1,1,0,862,1092,99,18,-1,,0.13785541439806412,0.4729381443298969,,,961,1110
263,263,5,1,21,1,1,1,862,1092,99,18,96,Remarks:,0.13785541439806412,0.4729381443298969,,,961,1110
264,264,2,1,22,0,0,0,922,1125,522,84,-1,,0.17891712038717483,0.5012886597938144,,,1444,1209
265,265,3,1,22,1,0,0,922,1125,522,84,-1,,0.17891712038717483,0.5012886597938144,,,1444,1209
266,266,4,1,22,1,1,0,922,1125,477,23,-1,,0.17551421657592256,0.4881872852233677,,,1399,1148
267,267,5,1,22,1,1,1,922,1125,43,19,96,This,0.1426950998185118,0.48732817869415807,,,965,1144
268,268,5,1,22,1,1,2,973,1125,112,23,96,application,0.15562613430127042,0.4881872852233677,,,1085,1148
269,269,5,1,22,1,1,3,1093,1130,42,14,96,was,0.16848154869933454,0.4884020618556701,,,1135,1144
270,270,5,1,22,1,1,4,1142,1125,43,19,96,filed,0.17596793708408953,0.48732817869415807,,,1185,1144
271,271,5,1,22,1,1,5,1193,1130,25,14,96,on,0.1823200241984271,0.4884020618556701,,,1218,1144
272,272,5,1,22,1,1,6,1226,1125,121,19,96,26-06-2018,0.19457047791893528,0.48732817869415807,,,1347,1144
273,273,5,1,22,1,1,7,1356,1130,23,14,96,as,0.20682093163944343,0.4884020618556701,,,1379,1144
274,274,5,1,22,1,1,8,1388,1130,11,14,96,a,0.21075317604355717,0.4884020618556701,,,1399,1144
275,275,4,1,22,1,2,0,922,1158,522,23,-1,,0.17891712038717483,0.5023625429553265,,,1444,1181
276,276,5,1,22,1,2,1,922,1158,96,18,96,divisional,0.14670296430732002,0.5012886597938144,,,1018,1176
277,277,5,1,22,1,2,2,1027,1158,111,23,96,application,0.16371748336358136,0.5023625429553265,,,1138,1181
278,278,5,1,22,1,2,3,1147,1159,19,17,96,to,0.17490925589836662,0.5015034364261168,,,1166,1176
279,279,5,1,22,1,2,4,1174,1158,31,18,96,the,0.17990018148820328,0.5012886597938144,,,1205,1176
280,280,5,1,22,1,2,5,1214,1158,112,23,96,application,0.19207501512401695,0.5023625429553265,,,1326,1181
281,281,5,1,22,1,2,6,1336,1158,108,18,96,mentioned,0.2102238354506957,0.5012886597938144,,,1444,1176
282,282,4,1,22,1,3,0,923,1191,209,18,-1,,0.15539927404718692,0.5154639175257731,,,1132,1209
283,283,5,1,22,1,3,1,923,1191,59,18,91,under,0.1440562613430127,0.5154639175257731,,,982,1209
284,284,5,1,22,1,3,2,991,1191,45,18,89,INID,0.15328191167574107,0.5154639175257731,,,1036,1209
285,285,5,1,22,1,3,3,1044,1191,50,18,96,code,0.16167574107683,0.5154639175257731,,,1094,1209
286,286,5,1,22,1,3,4,1103,1191,29,18,96,62.,0.16901088929219601,0.5154639175257731,,,1132,1209
287,287,2,1,23,0,0,0,224,1243,1243,4,-1,,0.1278735632183908,0.5347938144329897,,,1467,1247
288,288,3,1,23,1,0,0,224,1243,1243,4,-1,,0.1278735632183908,0.5347938144329897,,,1467,1247
289,289,4,1,23,1,1,0,224,1243,1243,4,-1,,0.1278735632183908,0.5347938144329897,,,1467,1247
290,290,5,1,23,1,1,1,224,1243,1243,4,95, ,0.1278735632183908,0.5347938144329897,,,1467,1247
291,291,2,1,24,0,0,0,225,1263,45,26,-1,,0.037431941923774956,0.5481099656357389,,,270,1289
292,292,3,1,24,1,0,0,225,1263,45,26,-1,,0.037431941923774956,0.5481099656357389,,,270,1289
293,293,4,1,24,1,1,0,225,1263,45,26,-1,,0.037431941923774956,0.5481099656357389,,,270,1289
294,294,5,1,24,1,1,1,225,1263,45,26,96,(54),0.037431941923774956,0.5481099656357389,,,270,1289
295,295,2,1,25,0,0,0,224,1337,584,414,-1,,0.0780399274047187,0.6632302405498282,,,808,1751
296,296,3,1,25,1,0,0,224,1337,584,414,-1,,0.0780399274047187,0.6632302405498282,,,808,1751
297,297,4,1,25,1,1,0,225,1337,583,26,-1,,0.07811554748941318,0.5798969072164949,,,808,1363
298,298,5,1,25,1,1,1,225,1337,45,26,94,(57),0.037431941923774956,0.5798969072164949,,,270,1363
299,299,5,1,25,1,1,2,316,1339,17,18,24,In,0.04907743496672716,0.5790378006872853,,,333,1357
300,300,5,1,25,1,1,3,343,1344,11,13,85,a,0.05270719903206292,0.5801116838487973,,,354,1357
301,301,5,1,25,1,1,4,363,1339,86,18,95,wireless,0.06140350877192982,0.5790378006872853,,,449,1357
302,302,5,1,25,1,1,5,457,1339,68,18,96,device,0.07425892316999395,0.5790378006872853,,,525,1357
303,303,5,1,25,1,1,6,535,1339,39,18,96,that,0.0838626739261948,0.5790378006872853,,,574,1357
304,304,5,1,25,1,1,7,583,1339,85,18,96,includes,0.09460072595281306,0.5790378006872853,,,668,1357
305,305,5,1,25,1,1,8,677,1340,36,17,96,two,0.10511191772534785,0.5792525773195877,,,713,1357
306,306,5,1,25,1,1,9,722,1339,86,18,96,different,0.11569872958257713,0.5790378006872853,,,808,1357
307,307,4,1,25,1,2,0,225,1372,582,19,-1,,0.0780399274047187,0.5934278350515464,,,807,1391
308,308,5,1,25,1,2,1,225,1372,51,19,86,radio,0.03788566243194193,0.5934278350515464,,,276,1391
309,309,5,1,25,1,2,2,281,1372,128,19,96,transceivers,0.052177858439201454,0.5934278350515464,,,409,1391
310,310,5,1,25,1,2,3,414,1372,39,19,96,that,0.06556261343012704,0.5934278350515464,,,453,1391
311,311,5,1,25,1,2,4,458,1372,128,19,93,communicate,0.07894736842105263,0.5934278350515464,,,586,1391
312,312,5,1,25,1,2,5,587,1372,33,19,93,in,0.09127344222625529,0.5934278350515464,,,620,1391
313,313,5,1,25,1,2,6,626,1373,22,18,96,two,0.09633998790078645,0.5936426116838488,,,648,1391
314,314,5,1,25,1,2,7,649,1372,103,19,86,different,0.1059437386569873,0.5934278350515464,,,752,1391
315,315,5,1,25,1,2,8,756,1372,51,19,86,wire-,0.11819419237749547,0.5934278350515464,,,807,1391
316,316,4,1,25,1,3,0,226,1405,581,22,-1,,0.07811554748941318,0.6082474226804123,,,807,1427
317,317,5,1,25,1,3,1,226,1405,40,18,96,less,0.03720508166969147,0.6073883161512027,,,266,1423
318,318,5,1,25,1,3,2,275,1405,99,22,96,"networks,",0.04907743496672716,0.6082474226804123,,,374,1427
319,319,5,1,25,1,3,3,382,1405,86,18,96,wireless,0.06427707199032062,0.6073883161512027,,,468,1423
320,320,5,1,25,1,3,4,476,1405,144,18,96,transmissions,0.08287961282516637,0.6073883161512027,,,620,1423
321,321,5,1,25,1,3,5,628,1405,46,18,95,from,0.0984573502722323,0.6073883161512027,,,674,1423
322,322,5,1,25,1,3,6,683,1410,39,13,96,one,0.10624621899576528,0.6084621993127147,,,722,1423
323,323,5,1,25,1,3,7,730,1405,52,18,96,radio,0.11433756805807622,0.6073883161512027,,,782,1423
324,324,5,1,25,1,3,8,791,1405,16,18,95,in,0.12084089534180278,0.6073883161512027,,,807,1423
325,325,4,1,25,1,4,0,225,1438,582,23,-1,,0.0780399274047187,0.6226374570446735,,,807,1461
326,326,5,1,25,1,4,1,225,1438,31,18,96,the,0.03637326073805203,0.6215635738831615,,,256,1456
327,327,5,1,25,1,4,2,261,1438,39,18,95,first,0.042422867513611615,0.6215635738831615,,,300,1456
328,328,5,1,25,1,4,3,305,1438,81,18,95,network,0.052253478523895946,0.6215635738831615,,,386,1456
329,329,5,1,25,1,4,4,392,1442,43,19,96,may,0.06253781004234725,0.6234965635738832,,,435,1461
330,330,5,1,25,1,4,5,441,1438,24,18,96,be,0.06851179673321234,0.6215635738831615,,,465,1456
331,331,5,1,25,1,4,6,470,1438,57,18,96,timed,0.07539322444041137,0.6215635738831615,,,527,1456
332,332,5,1,25,1,4,7,532,1442,24,14,96,so,0.0822746521476104,0.6224226804123711,,,556,1456
333,333,5,1,25,1,4,8,561,1438,32,18,95,that,0.08726557773744707,0.6215635738831615,,,593,1456
334,334,5,1,25,1,4,9,595,1438,54,23,95,they,0.0940713853599516,0.6226374570446735,,,649,1461
335,335,5,1,25,1,4,10,654,1438,25,18,96,do,0.10080157289776165,0.6215635738831615,,,679,1456
336,336,5,1,25,1,4,11,685,1438,32,18,92,not,0.1060193587416818,0.6215635738831615,,,717,1456
337,337,5,1,25,1,4,12,721,1438,86,18,92,coincide,0.11554748941318814,0.6215635738831615,,,807,1456
338,338,4,1,25,1,5,0,224,1470,583,23,-1,,0.0779643073200242,0.6363831615120275,,,807,1493
339,339,5,1,25,1,5,1,224,1470,41,19,96,with,0.036978221415607984,0.6355240549828178,,,265,1489
340,340,5,1,25,1,5,2,272,1470,86,19,96,wireless,0.04764065335753176,0.6355240549828178,,,358,1489
341,341,5,1,25,1,5,3,365,1470,108,23,96,receptions,0.0633696309739867,0.6363831615120275,,,473,1493
342,342,5,1,25,1,5,4,482,1470,23,23,96,by,0.07463702359346643,0.6363831615120275,,,505,1493
343,343,5,1,25,1,5,5,511,1470,32,19,96,the,0.07970356926799758,0.6355240549828178,,,543,1489
344,344,5,1,25,1,5,6,550,1470,54,19,96,other,0.08726557773744707,0.6355240549828178,,,604,1489
345,345,5,1,25,1,5,7,610,1470,51,19,96,radio,0.09611312764670296,0.6355240549828178,,,661,1489
346,346,5,1,25,1,5,8,670,1470,15,19,96,in,0.10246521476104054,0.6355240549828178,,,685,1489
347,347,5,1,25,1,5,9,693,1470,31,19,96,the,0.10715366001209921,0.6355240549828178,,,724,1489
348,348,5,1,25,1,5,10,732,1470,75,19,96,second,0.11637931034482758,0.6355240549828178,,,807,1489
349,349,4,1,25,1,6,0,226,1503,581,18,-1,,0.07811554748941318,0.6494845360824743,,,807,1521
350,350,5,1,25,1,6,1,226,1503,86,18,96,network.,0.040683605565638235,0.6494845360824743,,,312,1521
351,351,5,1,25,1,6,2,318,1503,15,18,91,A,0.04922867513611615,0.6494845360824743,,,333,1521
352,352,5,1,25,1,6,3,339,1503,120,18,88,non-wireless,0.0603448275862069,0.6494845360824743,,,459,1521
353,353,5,1,25,1,6,4,461,1503,105,18,96,interface,0.07766182698124621,0.6494845360824743,,,566,1521
354,354,5,1,25,1,6,5,573,1503,74,18,96,between,0.09225650332728373,0.6494845360824743,,,647,1521
355,355,5,1,25,1,6,6,650,1503,48,18,96,the,0.10193587416817906,0.6494845360824743,,,698,1521
356,356,5,1,25,1,6,7,702,1504,36,17,52,two,0.1088929219600726,0.6496993127147767,,,738,1521
357,357,5,1,25,1,6,8,744,1503,63,18,52,radios,0.11728675136116153,0.6494845360824743,,,807,1521
358,358,4,1,25,1,7,0,226,1536,581,23,-1,,0.07811554748941318,0.664733676975945,,,807,1559
359,359,5,1,25,1,7,1,226,1540,43,19,96,may,0.037431941923774956,0.6655927835051546,,,269,1559
360,360,5,1,25,1,7,2,277,1536,23,18,96,be,0.043632788868723536,0.663659793814433,,,300,1554
361,361,5,1,25,1,7,3,309,1536,48,18,96,used,0.050362976406533574,0.663659793814433,,,357,1554
362,362,5,1,25,1,7,4,365,1536,18,18,96,to,0.056563823351482155,0.663659793814433,,,383,1554
363,363,5,1,25,1,7,5,391,1540,62,14,96,convey,0.06382335148215366,0.6645189003436426,,,453,1554
364,364,5,1,25,1,7,6,454,1536,134,23,96,information,0.07879612825166364,0.664733676975945,,,588,1559
365,365,5,1,25,1,7,7,596,1536,59,18,96,about,0.09460072595281306,0.663659793814433,,,655,1554
366,366,5,1,25,1,7,8,661,1536,31,18,96,the,0.10231397459165155,0.663659793814433,,,692,1554
367,367,5,1,25,1,7,9,700,1536,107,18,96,scheduled,0.11395946763460375,0.663659793814433,,,807,1554
368,368,4,1,25,1,8,0,225,1569,582,23,-1,,0.0780399274047187,0.6789089347079038,,,807,1592
369,369,5,1,25,1,8,1,225,1569,96,23,96,reception,0.04128856624319419,0.6789089347079038,,,321,1592
370,370,5,1,25,1,8,2,334,1569,56,18,96,times,0.054748941318814276,0.6778350515463918,,,390,1587
371,371,5,1,25,1,8,3,403,1574,24,13,95,so,0.06276467029643074,0.6789089347079038,,,427,1587
372,372,5,1,25,1,8,4,440,1569,39,18,95,that,0.06949485783424078,0.6778350515463918,,,479,1587
373,373,5,1,25,1,8,5,491,1569,31,18,96,the,0.0766031457955233,0.6778350515463918,,,522,1587
374,374,5,1,25,1,8,6,535,1569,145,18,96,transmissions,0.09187840290381125,0.6778350515463918,,,680,1587
375,375,5,1,25,1,8,7,692,1569,32,18,96,will,0.10707803992740472,0.6778350515463918,,,724,1587
376,376,5,1,25,1,8,8,739,1570,31,17,96,not,0.11411070780399274,0.6780498281786942,,,770,1587
377,377,5,1,25,1,8,9,783,1569,24,18,96,be,0.12023593466424683,0.6778350515463918,,,807,1587
378,378,4,1,25,1,9,0,225,1602,582,23,-1,,0.0780399274047187,0.6930841924398625,,,807,1625
379,379,5,1,25,1,9,1,225,1602,106,18,96,scheduled,0.04204476709013914,0.6920103092783505,,,331,1620
380,380,5,1,25,1,9,2,337,1602,65,23,96,during,0.0558832425892317,0.6930841924398625,,,402,1625
381,381,5,1,25,1,9,3,407,1602,57,18,93,those,0.06586509376890502,0.6920103092783505,,,464,1620
382,382,5,1,25,1,9,4,470,1602,96,23,93,reception,0.07834240774349667,0.6930841924398625,,,566,1625
383,383,5,1,25,1,9,5,571,1602,61,18,93,times.,0.09097096188747732,0.6920103092783505,,,632,1620
384,384,5,1,25,1,9,6,639,1602,43,18,96,This,0.0998941318814277,0.6920103092783505,,,682,1620
385,385,5,1,25,1,9,7,688,1606,43,19,97,may,0.10730490018148821,0.6939432989690721,,,731,1625
386,386,5,1,25,1,9,8,737,1602,24,18,90,be,0.1132788868723533,0.6920103092783505,,,761,1620
387,387,5,1,25,1,9,9,767,1606,40,19,90,par-,0.11902601330913491,0.6939432989690721,,,807,1625
388,388,4,1,25,1,10,0,225,1634,582,23,-1,,0.0780399274047187,0.7068298969072165,,,807,1657
389,389,5,1,25,1,10,1,225,1634,80,23,96,ticularly,0.04007864488808228,0.7068298969072165,,,305,1657
390,390,5,1,25,1,10,2,313,1634,61,19,96,useful,0.05195099818511797,0.7059707903780069,,,374,1653
391,391,5,1,25,1,10,3,380,1634,43,19,96,when,0.06072292800967937,0.7059707903780069,,,423,1653
392,392,5,1,25,1,10,4,426,1634,50,19,96,the,0.06820931639443437,0.7059707903780069,,,476,1653
393,393,5,1,25,1,10,5,483,1634,93,23,96,receiving,0.08008166969147006,0.7068298969072165,,,576,1657
394,394,5,1,25,1,10,6,584,1634,52,19,96,radio,0.09225650332728373,0.7059707903780069,,,636,1653
395,395,5,1,25,1,10,7,644,1634,15,19,96,is,0.0985329703569268,0.7059707903780069,,,659,1653
396,396,5,1,25,1,10,8,665,1634,98,23,96,operating,0.10798548094373865,0.7068298969072165,,,763,1657
397,397,5,1,25,1,10,9,772,1634,35,19,79,ina,0.11940411373260738,0.7059707903780069,,,807,1653
398,398,4,1,25,1,11,0,225,1667,582,23,-1,,0.0780399274047187,0.7210051546391752,,,807,1690
399,399,5,1,25,1,11,1,225,1667,113,18,96,centralized,0.04257410768300061,0.7199312714776632,,,338,1685
400,400,5,1,25,1,11,2,353,1667,38,18,96,and,0.056261343012704176,0.7199312714776632,,,391,1685
401,401,5,1,25,1,11,3,408,1667,60,23,96,highly,0.0662431941923775,0.7210051546391752,,,468,1690
402,402,5,1,25,1,11,4,482,1667,106,18,96,scheduled,0.0809134906231095,0.7199312714776632,,,588,1685
403,403,5,1,25,1,11,5,605,1667,87,22,96,"network,",0.09807924984875983,0.7207903780068728,,,692,1689
404,404,5,1,25,1,11,6,707,1667,54,18,96,while,0.11101028433151845,0.7199312714776632,,,761,1685
405,405,5,1,25,1,11,7,775,1667,32,18,96,the,0.11963097398669087,0.7199312714776632,,,807,1685
406,406,4,1,25,1,12,0,225,1700,582,23,-1,,0.0780399274047187,0.7351804123711341,,,807,1723
407,407,5,1,25,1,12,1,225,1700,121,23,96,transmitting,0.043179068360556565,0.7351804123711341,,,346,1723
408,408,5,1,25,1,12,2,357,1700,52,18,96,radio,0.05792498487598306,0.7341065292096219,,,409,1718
409,409,5,1,25,1,12,3,420,1700,15,18,96,is,0.06465517241379311,0.7341065292096219,,,435,1718
410,410,5,1,25,1,12,4,445,1700,98,23,96,operating,0.07471264367816093,0.7351804123711341,,,543,1723
411,411,5,1,25,1,12,5,555,1700,15,18,90,in,0.08507259528130671,0.7341065292096219,,,570,1718
412,412,5,1,25,1,12,6,581,1704,12,14,90,a,0.08877797943133696,0.7349656357388317,,,593,1718
413,413,5,1,25,1,12,7,604,1704,52,14,96,more,0.09528130671506352,0.7349656357388317,,,656,1718
414,414,5,1,25,1,12,8,667,1700,140,18,96,decentralized,0.11146400483968542,0.7341065292096219,,,807,1718
415,415,4,1,25,1,13,0,226,1732,86,19,-1,,0.040683605565638235,0.7480670103092784,,,312,1751
416,416,5,1,25,1,13,1,226,1732,86,19,96,network.,0.040683605565638235,0.7480670103092784,,,312,1751
417,417,2,1,26,0,0,0,316,1263,904,21,-1,,0.1161524500907441,0.5470360824742269,,,1220,1284
418,418,3,1,26,1,0,0,316,1263,904,21,-1,,0.1161524500907441,0.5470360824742269,,,1220,1284
419,419,4,1,26,1,1,0,316,1263,904,21,-1,,0.1161524500907441,0.5470360824742269,,,1220,1284
420,420,5,1,26,1,1,1,316,1263,169,21,93,PREVENTING,0.06057168784029038,0.5470360824742269,title_line_1,PREVENTING,485,1284
421,421,5,1,26,1,1,2,496,1263,195,21,91,SELF-INDUCED,0.0897610405323654,0.5470360824742269,title_line_1,SELF-INDUCED,691,1284
422,422,5,1,26,1,1,3,702,1263,185,21,96,INTERFERENCE,0.12016031457955233,0.5470360824742269,title_line_1,INTERFERENCE,887,1284
423,423,5,1,26,1,1,4,890,1264,48,19,92,IN,0.1382335148215366,0.5470360824742269,title_line_1,IN,938,1283
424,424,5,1,26,1,1,5,949,1263,166,21,92,DUAL-RADIO,0.1560798548094374,0.5470360824742269,title_line_1,DUAL-RADIO,1115,1284
425,425,5,1,26,1,1,6,1125,1263,95,21,95,DEVICE,0.17732909860859045,0.5470360824742269,title_line_1,DEVICE,1220,1284
426,426,2,1,27,0,0,0,914,1392,120,1,-1,,0.147307924984876,0.5981529209621993,,,1034,1393
427,427,3,1,27,1,0,0,914,1392,120,1,-1,,0.147307924984876,0.5981529209621993,,,1034,1393
428,428,4,1,27,1,1,0,914,1392,120,1,-1,,0.147307924984876,0.5981529209621993,,,1034,1393
429,429,5,1,27,1,1,1,914,1392,120,1,95, ,0.147307924984876,0.5981529209621993,,,1034,1393
430,430,2,1,28,0,0,0,1330,1391,121,2,-1,,0.2102994555353902,0.5979381443298969,,,1451,1393
431,431,3,1,28,1,0,0,1330,1391,121,2,-1,,0.2102994555353902,0.5979381443298969,,,1451,1393
432,432,4,1,28,1,1,0,1330,1391,121,2,-1,,0.2102994555353902,0.5979381443298969,,,1451,1393
433,433,5,1,28,1,1,1,1330,1391,121,2,95, ,0.2102994555353902,0.5979381443298969,,,1451,1393
434,434,2,1,29,0,0,0,914,1392,2,108,-1,,0.1383847549909256,0.6211340206185567,,,916,1500
435,435,3,1,29,1,0,0,914,1392,2,108,-1,,0.1383847549909256,0.6211340206185567,,,916,1500
436,436,4,1,29,1,1,0,914,1392,2,108,-1,,0.1383847549909256,0.6211340206185567,,,916,1500
437,437,5,1,29,1,1,1,914,1392,2,108,95, ,0.1383847549909256,0.6211340206185567,,,916,1500
438,438,2,1,30,0,0,0,1032,1392,2,108,-1,,0.15623109497882637,0.6211340206185567,,,1034,1500
439,439,3,1,30,1,0,0,1032,1392,2,108,-1,,0.15623109497882637,0.6211340206185567,,,1034,1500
440,440,4,1,30,1,1,0,1032,1392,2,108,-1,,0.15623109497882637,0.6211340206185567,,,1034,1500
441,441,5,1,30,1,1,1,1032,1392,2,108,95, ,0.15623109497882637,0.6211340206185567,,,1034,1500
442,442,2,1,31,0,0,0,1330,1391,2,109,-1,,0.2013006654567453,0.6209192439862543,,,1332,1500
443,443,3,1,31,1,0,0,1330,1391,2,109,-1,,0.2013006654567453,0.6209192439862543,,,1332,1500
444,444,4,1,31,1,1,0,1330,1391,2,109,-1,,0.2013006654567453,0.6209192439862543,,,1332,1500
445,445,5,1,31,1,1,1,1330,1391,2,109,95, ,0.2013006654567453,0.6209192439862543,,,1332,1500
446,446,2,1,32,0,0,0,1449,1392,2,108,-1,,0.21929824561403508,0.6211340206185567,,,1451,1500
447,447,3,1,32,1,0,0,1449,1392,2,108,-1,,0.21929824561403508,0.6211340206185567,,,1451,1500
448,448,4,1,32,1,1,0,1449,1392,2,108,-1,,0.21929824561403508,0.6211340206185567,,,1451,1500
449,449,5,1,32,1,1,1,1449,1392,2,108,95, ,0.21929824561403508,0.6211340206185567,,,1451,1500
450,450,2,1,33,0,0,0,915,1499,119,2,-1,,0.14738354506957047,0.6443298969072165,,,1034,1501
451,451,3,1,33,1,0,0,915,1499,119,2,-1,,0.14738354506957047,0.6443298969072165,,,1034,1501
452,452,4,1,33,1,1,0,915,1499,119,2,-1,,0.14738354506957047,0.6443298969072165,,,1034,1501
453,453,5,1,33,1,1,1,915,1499,119,2,95, ,0.14738354506957047,0.6443298969072165,,,1034,1501
454,454,2,1,34,0,0,0,1331,1498,120,3,-1,,0.2103750756200847,0.6441151202749141,,,1451,1501
455,455,3,1,34,1,0,0,1331,1498,120,3,-1,,0.2103750756200847,0.6441151202749141,,,1451,1501
456,456,4,1,34,1,1,0,1331,1498,120,3,-1,,0.2103750756200847,0.6441151202749141,,,1451,1501
457,457,5,1,34,1,1,1,1331,1498,120,3,95, ,0.2103750756200847,0.6441151202749141,,,1451,1501
458,458,2,1,35,0,0,0,1009,1499,1,29,-1,,0.15267695099818512,0.6501288659793815,,,1010,1528
459,459,3,1,35,1,0,0,1009,1499,1,29,-1,,0.15267695099818512,0.6501288659793815,,,1010,1528
460,460,4,1,35,1,1,0,1009,1499,1,29,-1,,0.15267695099818512,0.6501288659793815,,,1010,1528
461,461,5,1,35,1,1,1,1009,1499,1,29,95, ,0.15267695099818512,0.6501288659793815,,,1010,1528
462,462,2,1,36,0,0,0,1356,1498,1,29,-1,,0.20515728977616454,0.6496993127147767,,,1357,1527
463,463,3,1,36,1,0,0,1356,1498,1,29,-1,,0.20515728977616454,0.6496993127147767,,,1357,1527
464,464,4,1,36,1,1,0,1356,1498,1,29,-1,,0.20515728977616454,0.6496993127147767,,,1357,1527
465,465,5,1,36,1,1,1,1356,1498,1,29,95, ,0.20515728977616454,0.6496993127147767,,,1357,1527
466,466,2,1,37,0,0,0,1014,1704,282,4,-1,,0.17468239564428312,0.7328178694158075,,,1296,1708
467,467,3,1,37,1,0,0,1014,1704,282,4,-1,,0.17468239564428312,0.7328178694158075,,,1296,1708
468,468,4,1,37,1,1,0,1014,1704,282,4,-1,,0.17468239564428312,0.7328178694158075,,,1296,1708
469,469,5,1,37,1,1,1,1014,1704,282,4,95, ,0.17468239564428312,0.7328178694158075,,,1296,1708
470,470,2,1,38,0,0,0,1265,1688,1,44,-1,,0.19139443436176648,0.7345360824742269,,,1266,1732
471,471,3,1,38,1,0,0,1265,1688,1,44,-1,,0.19139443436176648,0.7345360824742269,,,1266,1732
472,472,4,1,38,1,1,0,1265,1688,1,44,-1,,0.19139443436176648,0.7345360824742269,,,1266,1732
473,473,5,1,38,1,1,1,1265,1688,1,44,95, ,0.19139443436176648,0.7345360824742269,,,1266,1732
474,474,2,1,39,0,0,0,1086,1729,224,4,-1,,0.1811857229280097,0.7435567010309279,,,1310,1733
475,475,3,1,39,1,0,0,1086,1729,224,4,-1,,0.1811857229280097,0.7435567010309279,,,1310,1733
476,476,4,1,39,1,1,0,1086,1729,224,4,-1,,0.1811857229280097,0.7435567010309279,,,1310,1733
477,477,5,1,39,1,1,1,1086,1729,224,4,95, ,0.1811857229280097,0.7435567010309279,,,1310,1733
478,478,2,1,40,0,0,0,1309,1730,2,75,-1,,0.19812462189957653,0.7592353951890034,,,1311,1805
479,479,3,1,40,1,0,0,1309,1730,2,75,-1,,0.19812462189957653,0.7592353951890034,,,1311,1805
480,480,4,1,40,1,1,0,1309,1730,2,75,-1,,0.19812462189957653,0.7592353951890034,,,1311,1805
481,481,5,1,40,1,1,1,1309,1730,2,75,95, ,0.19812462189957653,0.7592353951890034,,,1311,1805
482,482,2,1,41,0,0,0,1067,1801,244,5,-1,,0.17982456140350878,0.7746993127147767,,,1311,1806
483,483,3,1,41,1,0,0,1067,1801,244,5,-1,,0.17982456140350878,0.7746993127147767,,,1311,1806
484,484,4,1,41,1,1,0,1067,1801,244,5,-1,,0.17982456140350878,0.7746993127147767,,,1311,1806
485,485,5,1,41,1,1,1,1067,1801,244,5,95, ,0.17982456140350878,0.7746993127147767,,,1311,1806
486,486,2,1,42,0,0,0,1152,1816,70,4,-1,,0.1795220810647308,0.7809278350515464,,,1222,1820
487,487,3,1,42,1,0,0,1152,1816,70,4,-1,,0.1795220810647308,0.7809278350515464,,,1222,1820
488,488,4,1,42,1,1,0,1152,1816,70,4,-1,,0.1795220810647308,0.7809278350515464,,,1222,1820
489,489,5,1,42,1,1,1,1152,1816,70,4,95, ,0.1795220810647308,0.7809278350515464,,,1222,1820
490,490,2,1,43,0,0,0,897,1410,521,433,-1,,0.1750604960677556,0.698668384879725,,,1418,1843
491,491,3,1,43,1,0,0,897,1410,521,433,-1,,0.1750604960677556,0.698668384879725,,,1418,1843
492,492,4,1,43,1,1,0,948,1410,462,13,-1,,0.17831215970961886,0.6084621993127147,,,1410,1423
493,493,5,1,43,1,1,1,948,1411,40,12,20,WWAN,0.14640048396854205,0.6086769759450171,,,988,1423
494,494,5,1,43,1,1,2,1373,1410,37,12,84,WLAN,0.2104506957047792,0.6082474226804123,,,1410,1422
495,495,4,1,43,1,2,0,954,1428,455,12,-1,,0.17869026013309136,0.615979381443299,,,1409,1440
496,496,5,1,43,1,2,1,954,1428,31,12,96,BASE,0.14662734422262552,0.615979381443299,,,985,1440
497,497,5,1,43,1,2,2,1377,1428,32,11,96,BASE,0.21067755595886267,0.6157646048109966,,,1409,1439
498,498,4,1,43,1,3,0,943,1444,475,13,-1,,0.17853901996370236,0.6230670103092784,,,1418,1457
499,499,5,1,43,1,3,1,943,1444,51,13,84,STATION,0.14647610405323655,0.6230670103092784,,,994,1457
500,500,5,1,43,1,3,2,1367,1444,51,13,85,STATION,0.21060193587416817,0.6230670103092784,,,1418,1457
501,501,4,1,43,1,4,0,959,1461,445,28,-1,,0.17869026013309136,0.6335910652920962,,,1404,1489
502,502,5,1,43,1,4,1,959,1462,20,13,77,is,0.14655172413793102,0.6307989690721649,,,979,1475
503,503,5,1,43,1,4,2,1086,1478,19,11,71,182,0.16568360556563824,0.6372422680412371,,,1105,1489
504,504,5,1,43,1,4,3,1261,1478,19,11,69,162.,0.19215063520871142,0.6372422680412371,,,1280,1489
505,505,5,1,43,1,4,4,1381,1461,23,14,51,180,0.21060193587416817,0.6305841924398625,,,1404,1475
506,506,4,1,43,1,5,0,1068,1486,229,31,-1,,0.17884150030248033,0.6449742268041238,,,1297,1517
507,507,5,1,43,1,5,1,1068,1486,14,31,58,C,0.16258318209316394,0.6449742268041238,,,1082,1517
508,508,5,1,43,1,5,2,1283,1486,14,31,0,\,0.19509981851179672,0.6449742268041238,,,1297,1517
509,509,4,1,43,1,6,0,897,1614,20,11,-1,,0.13717483363581368,0.6956615120274914,,,917,1625
510,510,5,1,43,1,6,1,897,1614,20,11,80,100,0.13717483363581368,0.6956615120274914,,,917,1625
511,511,4,1,43,1,7,0,906,1628,65,17,-1,,0.14193889897156683,0.7029639175257731,,,971,1645
512,512,5,1,43,1,7,1,906,1628,65,17,39,NW,0.14193889897156683,0.7029639175257731,,,971,1645
513,513,4,1,43,1,8,0,1093,1661,219,12,-1,,0.18186630369026013,0.7160652920962199,,,1312,1673
514,514,5,1,43,1,8,1,1093,1666,24,3,41,cy,0.16712038717483363,0.7162800687285223,,,1117,1669
515,515,5,1,43,1,8,2,1134,1661,20,12,89,122,0.17301875378100423,0.7160652920962199,,,1154,1673
516,516,5,1,43,1,8,3,1251,1666,28,3,42,ce,0.19131881427707198,0.7162800687285223,,,1279,1669
517,517,5,1,43,1,8,4,1292,1661,20,12,90,132,0.1969147005444646,0.7160652920962199,,,1312,1673
518,518,4,1,43,1,9,0,1112,1677,31,16,-1,,0.1705232909860859,0.7237972508591065,,,1143,1693
519,519,5,1,43,1,9,1,1112,1677,31,16,29,{4,0.1705232909860859,0.7237972508591065,,,1143,1693
520,520,4,1,43,1,10,0,1089,1744,197,12,-1,,0.17959770114942528,0.7517182130584192,,,1286,1756
521,521,5,1,43,1,10,1,1089,1744,42,12,4,WWAN,0.16787658802177857,0.7517182130584192,,,1131,1756
522,522,5,1,43,1,10,2,1249,1744,37,12,71,WLAN,0.19169691470054445,0.7517182130584192,,,1286,1756
523,523,4,1,43,1,11,0,1091,1761,197,12,-1,,0.17990018148820328,0.759020618556701,,,1288,1773
524,524,5,1,43,1,11,1,1091,1761,40,12,65,RADIO.,0.16802782819116757,0.759020618556701,,,1131,1773
525,525,5,1,43,1,11,2,1249,1761,39,12,95,RADIO,0.19184815486993345,0.759020618556701,,,1288,1773
526,526,4,1,43,1,12,0,1100,1778,179,14,-1,,0.17990018148820328,0.7667525773195877,,,1279,1792
527,527,5,1,43,1,12,1,1100,1778,21,14,66,"120,",0.16795220810647307,0.7667525773195877,,,1121,1792
528,528,5,1,43,1,12,2,1257,1778,22,13,89,130,0.19177253478523895,0.7665378006872853,,,1279,1791
529,529,4,1,43,1,13,0,1037,1803,232,40,-1,,0.17437991530550515,0.7830756013745704,,,1269,1843
530,530,5,1,43,1,13,1,1037,1830,23,13,73,110,0.15857531760435573,0.7888745704467354,,,1060,1843
531,531,5,1,43,1,13,2,1146,1834,6,8,39,|,0.17377495462794917,0.7895189003436426,,,1152,1842
532,532,5,1,43,1,13,3,1181,1824,15,11,44,We,0.17974894131881428,0.7858676975945017,,,1196,1835
533,533,5,1,43,1,13,4,1262,1803,7,36,52,|,0.19139443436176648,0.7822164948453608,,,1269,1839
534,534,2,1,44,0,0,0,1107,1691,3,148,-1,,0.1676497277676951,0.7581615120274914,,,1110,1839
535,535,3,1,44,1,0,0,1107,1691,3,148,-1,,0.1676497277676951,0.7581615120274914,,,1110,1839
536,536,4,1,44,1,1,0,1107,1691,3,148,-1,,0.1676497277676951,0.7581615120274914,,,1110,1839
537,537,5,1,44,1,1,1,1107,1691,3,148,95, ,0.1676497277676951,0.7581615120274914,,,1110,1839
538,538,2,1,45,0,0,0,1109,1836,153,4,-1,,0.1792952208106473,0.7895189003436426,,,1262,1840
539,539,3,1,45,1,0,0,1109,1836,153,4,-1,,0.1792952208106473,0.7895189003436426,,,1262,1840
540,540,4,1,45,1,1,0,1109,1836,153,4,-1,,0.1792952208106473,0.7895189003436426,,,1262,1840
541,541,5,1,45,1,1,1,1109,1836,153,4,95, ,0.1792952208106473,0.7895189003436426,,,1262,1840
542,542,2,1,46,0,0,0,1153,1731,4,130,-1,,0.17468239564428312,0.7714776632302406,,,1157,1861
543,543,3,1,46,1,0,0,1153,1731,4,130,-1,,0.17468239564428312,0.7714776632302406,,,1157,1861
544,544,4,1,46,1,1,0,1153,1731,4,130,-1,,0.17468239564428312,0.7714776632302406,,,1157,1861
545,545,5,1,46,1,1,1,1153,1731,4,130,95, ,0.17468239564428312,0.7714776632302406,,,1157,1861
546,546,2,1,47,0,0,0,1221,1731,2,130,-1,,0.18481548699334543,0.7714776632302406,,,1223,1861
547,547,3,1,47,1,0,0,1221,1731,2,130,-1,,0.18481548699334543,0.7714776632302406,,,1223,1861
548,548,4,1,47,1,1,0,1221,1731,2,130,-1,,0.18481548699334543,0.7714776632302406,,,1223,1861
549,549,5,1,47,1,1,1,1221,1731,2,130,95, ,0.18481548699334543,0.7714776632302406,,,1223,1861
550,550,2,1,48,0,0,0,1152,1858,71,4,-1,,0.17959770114942528,0.7989690721649485,,,1223,1862
551,551,3,1,48,1,0,0,1152,1858,71,4,-1,,0.17959770114942528,0.7989690721649485,,,1223,1862
552,552,4,1,48,1,1,0,1152,1858,71,4,-1,,0.17959770114942528,0.7989690721649485,,,1223,1862
553,553,5,1,48,1,1,1,1152,1858,71,4,95, ,0.17959770114942528,0.7989690721649485,,,1223,1862
554,554,2,1,49,0,0,0,1015,1705,2,165,-1,,0.15366001209921354,0.7678264604810997,,,1017,1870
555,555,3,1,49,1,0,0,1015,1705,2,165,-1,,0.15366001209921354,0.7678264604810997,,,1017,1870
556,556,4,1,49,1,1,0,1015,1705,2,165,-1,,0.15366001209921354,0.7678264604810997,,,1017,1870
557,557,5,1,49,1,1,1,1015,1705,2,165,95, ,0.15366001209921354,0.7678264604810997,,,1017,1870
558,558,2,1,50,0,0,0,1013,1837,350,37,-1,,0.17967332123411978,0.7970360824742269,,,1363,1874
559,559,3,1,50,1,0,0,1013,1837,350,37,-1,,0.17967332123411978,0.7970360824742269,,,1363,1874
560,560,4,1,50,1,1,0,1013,1837,350,37,-1,,0.17967332123411978,0.7970360824742269,,,1363,1874
561,561,5,1,50,1,1,1,1013,1837,350,37,95, ,0.17967332123411978,0.7970360824742269,,,1363,1874
562,562,2,1,51,0,0,0,1149,1937,76,23,-1,,0.1795220810647308,0.8369845360824743,,,1225,1960
563,563,3,1,51,1,0,0,1149,1937,76,23,-1,,0.1795220810647308,0.8369845360824743,,,1225,1960
564,564,4,1,51,1,1,0,1149,1937,76,23,-1,,0.1795220810647308,0.8369845360824743,,,1225,1960
565,565,5,1,51,1,1,1,1149,1937,54,23,81,FIG.,0.17785843920145192,0.8369845360824743,,,1203,1960
566,566,5,1,51,1,1,2,1215,1937,10,23,81,1,0.18451300665456746,0.8369845360824743,,,1225,1960
567,567,2,1,52,0,0,0,716,2270,259,16,-1,,0.1278735632183908,0.9785223367697594,,,975,2286
568,568,3,1,52,1,0,0,716,2270,259,16,-1,,0.1278735632183908,0.9785223367697594,,,975,2286
569,569,4,1,52,1,1,0,716,2270,259,16,-1,,0.1278735632183908,0.9785223367697594,,,975,2286
570,570,5,1,52,1,1,1,716,2270,49,12,96,Printed,0.11199334543254688,0.9776632302405498,,,765,2282
571,571,5,1,52,1,1,2,771,2270,15,16,96,by,0.1177404718693285,0.9785223367697594,,,786,2286
572,572,5,1,52,1,1,3,792,2270,45,14,96,"Jouve,",0.12318511796733213,0.9780927835051546,,,837,2284
573,573,5,1,52,1,1,4,843,2270,41,12,96,75001,0.13059588626739263,0.9776632302405498,,,884,2282
574,574,5,1,52,1,1,5,893,2270,46,12,96,PARIS,0.1385359951603146,0.9776632302405498,,,939,2282
575,575,5,1,52,1,1,6,945,2270,30,16,95,(FR),0.14519056261343014,0.9785223367697594,,,975,2286
