,Unnamed: 0,level,page_num,block_num,par_num,line_num,word_num,left,top,width,height,conf,text,x,y,label,target,right,bottom
0,0,1,1,0,0,0,0,0,0,1653,2328,-1,,0.125,0.5,,,1653,2328
1,1,2,1,1,0,0,0,144,1905,31,328,-1,,0.02412280701754386,0.8887457044673539,,,175,2233
2,2,3,1,1,1,0,0,144,1905,31,328,-1,,0.02412280701754386,0.8887457044673539,,,175,2233
3,3,4,1,1,1,1,0,144,1905,31,328,-1,,0.02412280701754386,0.8887457044673539,,,175,2233
4,4,5,1,1,1,1,1,144,2179,30,54,96,EP,0.024047186932849365,0.947594501718213,,,174,2233
5,5,5,1,1,1,1,2,144,2142,31,21,96,3,0.02412280701754386,0.9246134020618557,,,175,2163
6,6,5,1,1,1,1,3,144,2055,31,71,95,402,0.02412280701754386,0.8979810996563574,,,175,2126
7,7,5,1,1,1,1,4,144,1969,31,71,93,229,0.02412280701754386,0.8610395189003437,,,175,2040
8,8,5,1,1,1,1,5,144,1905,30,50,90,A1,0.024047186932849365,0.8290378006872853,,,174,1955
9,9,2,1,2,0,0,0,429,153,88,28,-1,,0.07153660012099214,0.07173539518900343,,,517,181
10,10,3,1,2,1,0,0,429,153,88,28,-1,,0.07153660012099214,0.07173539518900343,,,517,181
11,11,4,1,2,1,1,0,429,153,88,16,-1,,0.07153660012099214,0.06915807560137457,,,517,169
12,12,5,1,2,1,1,1,429,153,88,16,84,Europaisches,0.07153660012099214,0.06915807560137457,,,517,169
13,13,4,1,2,1,2,0,429,170,71,11,-1,,0.07025105868118572,0.07538659793814433,,,500,181
14,14,5,1,2,1,2,1,429,170,71,11,96,Patentamt,0.07025105868118572,0.07538659793814433,,,500,181
15,15,2,1,3,0,0,0,429,196,89,28,-1,,0.07161222020568662,0.09020618556701031,,,518,224
16,16,3,1,3,1,0,0,429,196,89,28,-1,,0.07161222020568662,0.09020618556701031,,,518,224
17,17,4,1,3,1,1,0,429,196,63,15,-1,,0.06964609800362977,0.08741408934707903,,,492,211
18,18,5,1,3,1,1,1,429,196,63,15,95,European,0.06964609800362977,0.08741408934707903,,,492,211
19,19,4,1,3,1,2,0,429,212,89,12,-1,,0.07161222020568662,0.0936426116838488,,,518,224
20,20,5,1,3,1,2,1,429,213,43,11,96,Patent,0.06813369630973987,0.0938573883161512,,,472,224
21,21,5,1,3,1,2,2,478,212,40,12,90,Office,0.07531760435571688,0.0936426116838488,,,518,224
22,22,2,1,4,0,0,0,429,239,109,28,-1,,0.07312462189957653,0.10867697594501718,,,538,267
23,23,3,1,4,1,0,0,429,239,109,28,-1,,0.07312462189957653,0.10867697594501718,,,538,267
24,24,4,1,4,1,1,0,429,239,109,15,-1,,0.07312462189957653,0.10588487972508591,,,538,254
25,25,5,1,4,1,1,1,429,239,40,12,93,Office,0.06790683605565638,0.1052405498281787,,,469,251
26,26,5,1,4,1,1,2,474,239,64,15,93,europ√©en,0.0765275257108288,0.10588487972508591,,,538,254
27,27,4,1,4,1,2,0,429,255,77,12,-1,,0.0707047791893527,0.11211340206185567,,,506,267
28,28,5,1,4,1,2,1,429,255,22,12,95,des,0.06654567453115548,0.11211340206185567,,,451,267
29,29,5,1,4,1,2,2,457,255,49,12,82,brevets,0.07282214156079855,0.11211340206185567,,,506,267
30,30,2,1,5,0,0,0,281,136,274,150,-1,,0.06321839080459771,0.09063573883161512,,,555,286
31,31,3,1,5,1,0,0,281,136,274,150,-1,,0.06321839080459771,0.09063573883161512,,,555,286
32,32,4,1,5,1,1,0,281,136,274,150,-1,,0.06321839080459771,0.09063573883161512,,,555,286
33,33,5,1,5,1,1,1,281,136,274,150,95, ,0.06321839080459771,0.09063573883161512,,,555,286
34,34,2,1,6,0,0,0,225,324,45,26,-1,,0.037431941923774956,0.14475945017182132,,,270,350
35,35,3,1,6,1,0,0,225,324,45,26,-1,,0.037431941923774956,0.14475945017182132,,,270,350
36,36,4,1,6,1,1,0,225,324,45,26,-1,,0.037431941923774956,0.14475945017182132,,,270,350
37,37,5,1,6,1,1,1,225,324,45,26,96,(12),0.037431941923774956,0.14475945017182132,,,270,350
38,38,2,1,7,0,0,0,225,395,378,53,-1,,0.06261343012704174,0.18105670103092783,,,603,448
39,39,3,1,7,1,0,0,225,395,378,53,-1,,0.06261343012704174,0.18105670103092783,,,603,448
40,40,4,1,7,1,1,0,225,395,262,26,-1,,0.05384150030248034,0.17525773195876287,,,487,421
41,41,5,1,7,1,1,1,225,395,45,26,95,(43),0.037431941923774956,0.17525773195876287,,,270,421
42,42,5,1,7,1,1,2,286,397,48,18,95,Date,0.04688445251058681,0.17439862542955326,,,334,415
43,43,5,1,7,1,1,3,342,397,20,18,96,of,0.05323653962492438,0.17439862542955326,,,362,415
44,44,5,1,7,1,1,4,370,397,117,23,96,publication:,0.0648064125831821,0.17547250859106528,,,487,420
45,45,4,1,7,1,2,0,287,430,316,18,-1,,0.06730187537810042,0.18857388316151202,,,603,448
46,46,5,1,7,1,2,1,287,430,116,18,95,14.11.2018,0.052177858439201454,0.18857388316151202,publication_date,14.11.2018,403,448
47,47,5,1,7,1,2,2,426,430,84,18,95,Bulletin,0.07078039927404718,0.18857388316151202,,,510,448
48,48,5,1,7,1,2,3,519,430,84,18,96,2018/46,0.08484573502722323,0.18857388316151202,,,603,448
49,49,2,1,8,0,0,0,225,493,403,26,-1,,0.06450393224440411,0.21735395189003437,,,628,519
50,50,3,1,8,1,0,0,225,493,403,26,-1,,0.06450393224440411,0.21735395189003437,,,628,519
51,51,4,1,8,1,1,0,225,493,403,26,-1,,0.06450393224440411,0.21735395189003437,,,628,519
52,52,5,1,8,1,1,1,225,493,45,26,96,(21),0.037431941923774956,0.21735395189003437,,,270,519
53,53,5,1,8,1,1,2,285,495,115,23,96,Application,0.051799758015728975,0.21756872852233677,,,400,518
54,54,5,1,8,1,1,3,410,495,83,18,93,number:,0.06828493647912885,0.21649484536082475,,,493,513
55,55,5,1,8,1,1,4,505,495,123,18,84,18182056.4,0.08567755595886267,0.21649484536082475,application_number,18182056.4,628,513
56,56,2,1,9,0,0,0,225,559,325,26,-1,,0.05860556563823351,0.24570446735395188,,,550,585
57,57,3,1,9,1,0,0,225,559,325,26,-1,,0.05860556563823351,0.24570446735395188,,,550,585
58,58,4,1,9,1,1,0,225,559,325,26,-1,,0.05860556563823351,0.24570446735395188,,,550,585
59,59,5,1,9,1,1,1,225,559,45,26,96,(22),0.037431941923774956,0.24570446735395188,,,270,585
60,60,5,1,9,1,1,2,286,561,48,18,96,Date,0.04688445251058681,0.24484536082474226,,,334,579
61,61,5,1,9,1,1,3,342,566,12,13,96,of,0.05263157894736842,0.24591924398625428,,,354,579
62,62,5,1,9,1,1,4,355,561,67,23,96,filing:,0.058756805807622506,0.24591924398625428,,,422,584
63,63,5,1,9,1,1,5,432,561,118,18,96,30.01.2015,0.07425892316999395,0.24484536082474226,filing_date,30.01.2015,550,579
64,64,2,1,10,0,0,0,1146,245,314,32,-1,,0.1970659407138536,0.11211340206185567,,,1460,277
65,65,3,1,10,1,0,0,1146,245,314,32,-1,,0.1970659407138536,0.11211340206185567,,,1460,277
66,66,4,1,10,1,1,0,1146,245,314,32,-1,,0.1970659407138536,0.11211340206185567,,,1460,277
67,67,5,1,10,1,1,1,1146,245,52,32,96,EP,0.17725347852389595,0.11211340206185567,number,EP,1198,277
68,68,5,1,10,1,1,2,1214,245,20,32,96,3,0.1851179673321234,0.11211340206185567,number,3,1234,277
69,69,5,1,10,1,1,3,1248,245,69,32,96,402,0.1939655172413793,0.11211340206185567,number,402,1317,277
70,70,5,1,10,1,1,4,1331,245,68,32,89,229,0.20644283121597096,0.11211340206185567,number,229,1399,277
71,71,5,1,10,1,1,5,1413,245,47,32,88,A1,0.21725650332728372,0.11211340206185567,number,A1,1460,277
72,72,2,1,11,0,0,0,1337,142,44,67,-1,,0.205535390199637,0.07538659793814433,,,1381,209
73,73,3,1,11,1,0,0,1337,142,44,67,-1,,0.205535390199637,0.07538659793814433,,,1381,209
74,74,4,1,11,1,1,0,1337,142,44,67,-1,,0.205535390199637,0.07538659793814433,,,1381,209
75,75,5,1,11,1,1,1,1337,142,44,67,95, ,0.205535390199637,0.07538659793814433,,,1381,209
76,76,2,1,12,0,0,0,1002,256,44,27,-1,,0.15486993345432548,0.11576460481099657,,,1046,283
77,77,3,1,12,1,0,0,1002,256,44,27,-1,,0.15486993345432548,0.11576460481099657,,,1046,283
78,78,4,1,12,1,1,0,1002,256,44,27,-1,,0.15486993345432548,0.11576460481099657,,,1046,283
79,79,5,1,12,1,1,1,1002,256,44,27,80,(11),0.15486993345432548,0.11576460481099657,,,1046,283
80,80,2,1,13,0,0,0,577,319,537,26,-1,,0.1278735632183908,0.14261168384879724,,,1114,345
81,81,3,1,13,1,0,0,577,319,537,26,-1,,0.1278735632183908,0.14261168384879724,,,1114,345
82,82,4,1,13,1,1,0,577,319,537,26,-1,,0.1278735632183908,0.14261168384879724,,,1114,345
83,83,5,1,13,1,1,1,577,319,156,26,95,EUROPEAN,0.09906231094978826,0.14261168384879724,,,733,345
84,84,5,1,13,1,1,2,735,320,135,24,95,PATENT,0.12137023593466424,0.14261168384879724,,,870,344
85,85,5,1,13,1,1,3,873,319,241,26,96,APPLICATION,0.1502571082879613,0.14261168384879724,,,1114,345
86,86,2,1,14,0,0,0,862,395,535,81,-1,,0.17082577132486387,0.1870704467353952,,,1397,476
87,87,3,1,14,1,0,0,862,395,535,81,-1,,0.17082577132486387,0.1870704467353952,,,1397,476
88,88,4,1,14,1,1,0,862,395,126,26,-1,,0.13989715668481548,0.17525773195876287,,,988,421
89,89,5,1,14,1,1,1,862,395,44,26,93,(51),0.1336963097398669,0.17525773195876287,,,906,421
90,90,5,1,14,1,1,2,923,397,25,18,93,Int,0.1414851784633999,0.17439862542955326,,,948,415
91,91,5,1,14,1,1,3,955,397,33,18,78,Cl:,0.14692982456140352,0.17439862542955326,,,988,415
92,92,4,1,14,1,2,0,922,425,473,21,-1,,0.1752117362371446,0.1870704467353952,,,1395,446
93,93,5,1,14,1,2,1,922,428,68,18,89,HO4W,0.14458560193587416,0.1877147766323024,class_international,H04W,990,446
94,94,5,1,14,1,2,2,994,428,47,18,49,4/12,0.15388687235329704,0.1877147766323024,class_international,4/12,1041,446
95,95,5,1,14,1,2,3,1046,425,67,16,79,(2009.01),0.16326376285541438,0.18599656357388317,,,1113,441
96,96,5,1,14,1,2,4,1193,428,63,18,89,HO4M,0.1851935874168179,0.1877147766323024,,,1256,446
97,97,5,1,14,1,2,5,1265,428,58,18,94,11725,0.1957047791893527,0.1877147766323024,,,1323,446
98,98,5,1,14,1,2,6,1328,425,67,16,90,(2006.01),0.20591349062310949,0.18599656357388317,,,1395,441
99,99,4,1,14,1,3,0,922,455,475,21,-1,,0.1753629764065336,0.19995704467353953,,,1397,476
100,100,5,1,14,1,3,1,922,458,68,18,89,HO4W,0.14458560193587416,0.20060137457044674,,,990,476
101,101,5,1,14,1,3,2,994,458,46,18,79,4/14,0.15381125226860254,0.20060137457044674,,,1040,476
102,102,5,1,14,1,3,3,1046,455,67,16,78,(2009.01),0.16326376285541438,0.19888316151202748,,,1113,471
103,103,5,1,14,1,3,4,1193,458,68,18,89,HO4W,0.18557168784029038,0.20060137457044674,,,1261,476
104,104,5,1,14,1,3,5,1267,458,58,18,87,88/18,0.19600725952813067,0.20060137457044674,,,1325,476
105,105,5,1,14,1,3,6,1330,455,67,16,79,(2009.07),0.20621597096188748,0.19888316151202748,,,1397,471
106,106,2,1,15,0,0,0,224,613,1243,4,-1,,0.1278735632183908,0.26417525773195877,,,1467,617
107,107,3,1,15,1,0,0,224,613,1243,4,-1,,0.1278735632183908,0.26417525773195877,,,1467,617
108,108,4,1,15,1,1,0,224,613,1243,4,-1,,0.1278735632183908,0.26417525773195877,,,1467,617
109,109,5,1,15,1,1,1,224,613,1243,4,95, ,0.1278735632183908,0.26417525773195877,,,1467,617
110,110,2,1,16,0,0,0,225,631,599,119,-1,,0.07932546884452511,0.296606529209622,,,824,750
111,111,3,1,16,1,0,0,225,631,599,119,-1,,0.07932546884452511,0.296606529209622,,,824,750
112,112,4,1,16,1,1,0,225,631,388,27,-1,,0.0633696309739867,0.2768470790378007,,,613,658
113,113,5,1,16,1,1,1,225,631,45,27,96,(84),0.037431941923774956,0.2768470790378007,,,270,658
114,114,5,1,16,1,1,2,286,633,118,23,96,Designated,0.052177858439201454,0.2768470790378007,,,404,656
115,115,5,1,16,1,1,3,413,633,119,23,96,Contracting,0.07146098003629764,0.2768470790378007,,,532,656
116,116,5,1,16,1,1,4,542,633,71,19,96,States:,0.08734119782214156,0.2759879725085911,,,613,652
117,117,4,1,16,1,2,0,285,666,537,18,-1,,0.08371143375680581,0.28994845360824745,,,822,684
118,118,5,1,16,1,2,1,285,666,31,18,94,AL,0.04544767090139141,0.28994845360824745,,,316,684
119,119,5,1,16,1,2,2,323,666,31,18,94,AT,0.05119479733817302,0.28994845360824745,,,354,684
120,120,5,1,16,1,2,3,363,666,30,18,96,BE,0.05716878402903811,0.28994845360824745,,,393,684
121,121,5,1,16,1,2,4,403,666,32,18,96,BG,0.0633696309739867,0.28994845360824745,,,435,684
122,122,5,1,16,1,2,5,445,666,31,18,96,CH,0.06964609800362977,0.28994845360824745,,,476,684
123,123,5,1,16,1,2,6,486,666,32,18,95,CY,0.07592256503327284,0.28994845360824745,,,518,684
124,124,5,1,16,1,2,7,526,666,30,18,93,CZ,0.08182093163944344,0.28994845360824745,,,556,684
125,125,5,1,16,1,2,8,565,666,30,18,93,DE,0.08771929824561403,0.28994845360824745,,,595,684
126,126,5,1,16,1,2,9,605,666,32,18,95,DK,0.09392014519056262,0.28994845360824745,,,637,684
127,127,5,1,16,1,2,10,646,666,29,18,95,EE,0.0998941318814277,0.28994845360824745,,,675,684
128,128,5,1,16,1,2,11,684,666,29,18,93,ES,0.10564125831820932,0.28994845360824745,,,713,684
129,129,5,1,16,1,2,12,723,666,57,18,90,FIFR,0.11365698729582577,0.28994845360824745,,,780,684
130,130,5,1,16,1,2,13,788,666,34,18,95,GB,0.12174833635813673,0.28994845360824745,,,822,684
131,131,4,1,16,1,3,0,285,699,539,18,-1,,0.0838626739261948,0.30412371134020616,,,824,717
132,132,5,1,16,1,3,1,285,699,297,18,83,GRHRHUIEISITLILTLU,0.06556261343012704,0.30412371134020616,,,582,717
133,133,5,1,16,1,3,2,591,699,28,18,85,LV,0.09150030248033877,0.30412371134020616,,,619,717
134,134,5,1,16,1,3,3,627,699,35,18,85,MC,0.09747428917120388,0.30412371134020616,,,662,717
135,135,5,1,16,1,3,4,670,699,35,18,94,MK,0.10397761645493044,0.30412371134020616,,,705,717
136,136,5,1,16,1,3,5,713,699,32,18,91,MT,0.11025408348457351,0.30412371134020616,,,745,717
137,137,5,1,16,1,3,6,753,699,29,18,49,NL,0.11607683000604961,0.30412371134020616,,,782,717
138,138,5,1,16,1,3,7,791,699,33,18,49,NO,0.1221264367816092,0.30412371134020616,,,824,717
139,139,4,1,16,1,4,0,286,732,336,18,-1,,0.06866303690260134,0.31829896907216493,,,622,750
140,140,5,1,16,1,4,1,286,732,28,18,93,PL,0.045372050816696916,0.31829896907216493,,,314,750
141,141,5,1,16,1,4,2,323,732,29,18,92,PT,0.05104355716878403,0.31829896907216493,,,352,750
142,142,5,1,16,1,4,3,360,732,58,18,92,RORS,0.058832425892317,0.31829896907216493,,,418,750
143,143,5,1,16,1,4,4,420,732,52,18,92,SE,0.06745311554748941,0.31829896907216493,,,472,750
144,144,5,1,16,1,4,5,480,732,20,18,95,SI,0.07410768300060495,0.31829896907216493,,,500,750
145,145,5,1,16,1,4,6,510,732,31,18,93,SK,0.0794767090139141,0.31829896907216493,,,541,750
146,146,5,1,16,1,4,7,550,732,72,18,90,SMTR,0.08862673926194797,0.31829896907216493,,,622,750
147,147,2,1,17,0,0,0,225,795,491,27,-1,,0.07115849969751967,0.3472938144329897,,,716,822
148,148,3,1,17,1,0,0,225,795,491,27,-1,,0.07115849969751967,0.3472938144329897,,,716,822
149,149,4,1,17,1,1,0,225,795,491,27,-1,,0.07115849969751967,0.3472938144329897,,,716,822
150,150,5,1,17,1,1,1,225,795,45,27,96,(30),0.037431941923774956,0.3472938144329897,,,270,822
151,151,5,1,17,1,1,2,286,797,77,23,95,Priority:,0.04907743496672716,0.3472938144329897,,,363,820
152,152,5,1,17,1,1,3,383,797,119,19,95,30.04.2014,0.06692377495462795,0.34643470790378006,priority_date_eu,30.04.2014,502,816
153,153,5,1,17,1,1,4,520,797,30,19,96,US,0.0809134906231095,0.34643470790378006,,,550,816
154,154,5,1,17,1,1,5,559,797,157,19,96,201414265817,0.09641560798548095,0.34643470790378006,,,716,816
155,155,2,1,18,0,0,0,225,861,596,86,-1,,0.07909860859044163,0.38831615120274915,,,821,947
156,156,3,1,18,1,0,0,225,861,596,86,-1,,0.07909860859044163,0.38831615120274915,,,821,947
157,157,4,1,18,1,1,0,225,861,596,26,-1,,0.07909860859044163,0.3754295532646048,,,821,887
158,158,5,1,18,1,1,1,225,861,45,26,96,(62),0.037431941923774956,0.3754295532646048,,,270,887
159,159,5,1,18,1,1,2,286,863,107,18,96,Document,0.05134603750756201,0.3745704467353952,,,393,881
160,160,5,1,18,1,1,3,402,863,105,23,96,number(s),0.06873865698729582,0.3756443298969072,,,507,886
161,161,5,1,18,1,1,4,516,863,20,18,96,of,0.07955232909860858,0.3745704467353952,,,536,881
162,162,5,1,18,1,1,5,542,863,32,18,96,the,0.08439201451905626,0.3745704467353952,,,574,881
163,163,5,1,18,1,1,6,583,863,65,18,96,earlier,0.09308832425892317,0.3745704467353952,,,648,881
164,164,5,1,18,1,1,7,655,863,140,23,94,application(s),0.10964912280701754,0.3756443298969072,,,795,886
165,165,5,1,18,1,1,8,805,863,16,18,96,in,0.12295825771324864,0.3745704467353952,,,821,881
166,166,4,1,18,1,2,0,286,895,308,19,-1,,0.06654567453115548,0.38853092783505155,,,594,914
167,167,5,1,18,1,2,1,286,895,109,19,96,accordance,0.051497277676950996,0.38853092783505155,,,395,914
168,168,5,1,18,1,2,2,395,895,60,19,96,with,0.06427707199032062,0.38853092783505155,,,455,914
169,169,5,1,18,1,2,3,464,895,35,19,96,Art.,0.07282214156079855,0.38853092783505155,,,499,914
170,170,5,1,18,1,2,4,508,895,25,19,96,76,0.07872050816696914,0.38853092783505155,,,533,914
171,171,5,1,18,1,2,5,542,895,52,19,96,EPC:,0.08590441621294616,0.38853092783505155,,,594,914
172,172,4,1,18,1,3,0,286,929,250,18,-1,,0.06215970961887477,0.4029209621993127,,,536,947
173,173,5,1,18,1,3,1,286,929,124,18,91,15153200.9,0.05263157894736842,0.4029209621993127,,,410,947
174,174,5,1,18,1,3,2,417,929,7,18,92,/,0.06359649122807018,0.4029209621993127,,,424,947
175,175,5,1,18,1,3,3,432,929,11,18,80,2,0.066167574107683,0.4029209621993127,,,443,947
176,176,5,1,18,1,3,4,451,929,35,18,80,941,0.07085601935874168,0.4029209621993127,,,486,947
177,177,5,1,18,1,3,5,498,929,38,18,96,025,0.07819116757410768,0.4029209621993127,,,536,947
178,178,2,1,19,0,0,0,225,992,515,58,-1,,0.07297338173018754,0.438573883161512,,,740,1050
179,179,3,1,19,1,0,0,225,992,515,58,-1,,0.07297338173018754,0.438573883161512,,,740,1050
180,180,4,1,19,1,1,0,225,992,515,26,-1,,0.07297338173018754,0.43170103092783507,,,740,1018
181,181,5,1,19,1,1,1,225,992,45,26,96,(71),0.037431941923774956,0.43170103092783507,,,270,1018
182,182,5,1,19,1,1,2,285,994,103,23,96,Applicant:,0.05089231699939504,0.4319158075601375,,,388,1017
183,183,5,1,19,1,1,3,397,994,90,18,96,Samsung,0.06684815486993345,0.43084192439862545,applicant_line_1,Samsung,487,1012
184,184,5,1,19,1,1,4,490,994,148,23,93,Electronics,0.0852994555353902,0.4319158075601375,applicant_line_1,Electronics,638,1017
185,185,5,1,19,1,1,5,647,994,42,22,91,"Co.,",0.10102843315184513,0.43170103092783507,applicant_line_1,"Co.,",689,1016
186,186,5,1,19,1,1,6,699,994,41,18,96,Ltd.,0.1088173018753781,0.43084192439862545,applicant_line_1,Ltd.,740,1012
187,187,4,1,19,1,2,0,285,1027,275,23,-1,,0.06389897156684815,0.44609106529209624,,,560,1050
188,188,5,1,19,1,2,1,285,1027,146,23,95,Gyeonggi-do,0.05414398064125832,0.44609106529209624,,,431,1050
189,189,5,1,19,1,2,2,441,1027,63,18,95,16677,0.07146098003629764,0.44501718213058417,,,504,1045
190,190,5,1,19,1,2,3,512,1027,48,23,96,(KR),0.08106473079249849,0.44609106529209624,,,560,1050
191,191,2,1,20,0,0,0,225,1090,440,91,-1,,0.06730187537810042,0.4877577319587629,,,665,1181
192,192,3,1,20,1,0,0,225,1090,440,91,-1,,0.06730187537810042,0.4877577319587629,,,665,1181
193,193,4,1,20,1,1,0,225,1090,163,26,-1,,0.046355111917725345,0.4737972508591065,,,388,1116
194,194,5,1,20,1,1,1,225,1090,45,26,96,(72),0.037431941923774956,0.4737972508591065,,,270,1116
195,195,5,1,20,1,1,2,287,1092,101,18,96,Inventors:,0.05104355716878403,0.4729381443298969,,,388,1110
196,196,4,1,20,1,2,0,262,1125,191,22,-1,,0.054068360556563826,0.4879725085910653,,,453,1147
197,197,5,1,20,1,2,1,262,1131,7,7,29,*,0.04015426497277677,0.48732817869415807,,,269,1138
198,198,5,1,20,1,2,2,286,1125,72,22,96,"MAST,",0.04869933454325469,0.4879725085910653,inventor_line_1,"MAST,",358,1147
199,199,5,1,20,1,2,3,365,1125,88,19,96,Andrew,0.06185722928009679,0.48732817869415807,inventor_line_1,Andrew,453,1144
200,200,4,1,20,1,3,0,286,1158,379,23,-1,,0.07191470054446461,0.5023625429553265,,,665,1181
201,201,5,1,20,1,3,1,286,1158,107,23,95,"Issaquah,",0.05134603750756201,0.5023625429553265,,,393,1181
202,202,5,1,20,1,3,2,401,1158,135,23,95,Washington,0.07085601935874168,0.5023625429553265,,,536,1181
203,203,5,1,20,1,3,3,545,1158,65,18,96,98029,0.08734119782214156,0.5012886597938144,,,610,1176
204,204,5,1,20,1,3,4,619,1158,46,23,96,(US),0.09709618874773139,0.5023625429553265,,,665,1181
205,205,2,1,21,0,0,0,845,614,2,599,-1,,0.1279491833030853,0.39239690721649484,,,847,1213
206,206,3,1,21,1,0,0,845,614,2,599,-1,,0.1279491833030853,0.39239690721649484,,,847,1213
207,207,4,1,21,1,1,0,845,614,2,599,-1,,0.1279491833030853,0.39239690721649484,,,847,1213
208,208,5,1,21,1,1,1,845,614,2,599,95, ,0.1279491833030853,0.39239690721649484,,,847,1213
209,209,2,1,22,0,0,0,898,633,403,122,-1,,0.16628856624319419,0.2981099656357388,,,1301,755
210,210,3,1,22,1,0,0,898,633,264,23,-1,,0.1557773744706594,0.2768470790378007,,,1162,656
211,211,4,1,22,1,1,0,898,633,264,23,-1,,0.1557773744706594,0.2768470790378007,,,1162,656
212,212,5,1,22,1,1,1,898,639,7,7,42,¬´,0.13634301270417423,0.2759879725085911,,,905,646
213,213,5,1,22,1,1,2,921,633,151,19,92,"YENGISETTY,",0.15071082879612824,0.2759879725085911,,,1072,652
214,214,5,1,22,1,1,3,1074,633,88,23,96,Rajesh,0.16908650937689051,0.2768470790378007,,,1162,656
215,215,3,1,22,2,0,0,898,666,398,56,-1,,0.16591046581972171,0.2981099656357388,,,1296,722
216,216,4,1,22,2,1,0,923,666,373,23,-1,,0.1678009679370841,0.29102233676975947,,,1296,689
217,217,5,1,22,2,1,1,923,666,102,22,95,"Bellevue,",0.147307924984876,0.29080756013745707,,,1025,688
218,218,5,1,22,2,1,2,1032,666,136,23,95,Washington,0.16636418632788869,0.29102233676975947,,,1168,689
219,219,5,1,22,2,1,3,1176,666,65,18,95,98007,0.18277374470659408,0.28994845360824745,,,1241,684
220,220,5,1,22,2,1,4,1250,666,46,23,96,(US),0.1925287356321839,0.29102233676975947,,,1296,689
221,221,4,1,22,2,2,0,898,699,120,23,-1,,0.14488808227465214,0.30519759450171824,,,1018,722
222,222,5,1,22,2,2,1,898,704,7,8,48,¬¢,0.13634301270417423,0.30412371134020616,,,905,712
223,223,5,1,22,2,2,2,923,699,25,21,90,"LI,",0.1414851784633999,0.30476804123711343,,,948,720
224,224,5,1,22,2,2,3,956,699,62,23,92,Zhiyn,0.14927404718693285,0.30519759450171824,,,1018,722
225,225,3,1,22,3,0,0,923,732,378,23,-1,,0.16817906836055657,0.31937285223367695,,,1301,755
226,226,4,1,22,3,1,0,923,732,378,23,-1,,0.16817906836055657,0.31937285223367695,,,1301,755
227,227,5,1,22,3,1,1,923,732,107,22,96,"Kenmore,",0.14768602540834846,0.31915807560137455,,,1030,754
228,228,5,1,22,3,1,2,1038,732,135,23,96,Washington,0.16719600725952813,0.31937285223367695,,,1173,755
229,229,5,1,22,3,1,3,1181,732,66,18,96,98028,0.18360556563823352,0.31829896907216493,,,1247,750
230,230,5,1,22,3,1,4,1255,732,46,23,96,(US),0.19328493647912887,0.31937285223367695,,,1301,755
231,231,2,1,23,0,0,0,862,795,373,123,-1,,0.15857531760435573,0.36791237113402064,,,1235,918
232,232,3,1,23,1,0,0,862,795,373,123,-1,,0.15857531760435573,0.36791237113402064,,,1235,918
233,233,4,1,23,1,1,0,862,795,373,27,-1,,0.15857531760435573,0.3472938144329897,,,1235,822
234,234,5,1,23,1,1,1,862,795,44,27,96,(74),0.1336963097398669,0.3472938144329897,,,906,822
235,235,5,1,23,1,1,2,923,797,163,23,96,Representative:,0.15192075015124018,0.3472938144329897,,,1086,820
236,236,5,1,23,1,1,3,1096,797,48,19,96,HGF,0.1693889897156685,0.34643470790378006,representative_line_1_eu,HGF,1144,816
237,237,5,1,23,1,1,4,1154,797,81,19,96,Limited,0.18065638233514822,0.34643470790378006,representative_line_1_eu,Limited,1235,816
238,238,4,1,23,1,2,0,922,830,165,18,-1,,0.15192075015124018,0.3603951890034364,,,1087,848
239,239,5,1,23,1,2,1,922,830,87,18,96,Saviour,0.14602238354506958,0.3603951890034364,,,1009,848
240,240,5,1,23,1,2,2,1017,830,70,18,96,House,0.15910465819721717,0.3603951890034364,,,1087,848
241,241,4,1,23,1,3,0,922,863,192,23,-1,,0.15396249243799154,0.3756443298969072,,,1114,886
242,242,5,1,23,1,3,1,922,863,12,18,96,9,0.14035087719298245,0.3745704467353952,,,934,881
243,243,5,1,23,1,3,2,942,863,28,18,93,St.,0.14458560193587416,0.3745704467353952,,,970,881
244,244,5,1,23,1,3,3,979,863,135,23,91,Saviourgate,0.15827283726557773,0.3756443298969072,,,1114,886
245,245,4,1,23,1,4,0,921,895,220,23,-1,,0.1559286146400484,0.3893900343642612,,,1141,918
246,246,5,1,23,1,4,1,921,895,53,19,93,York,0.14330006049606775,0.38853092783505155,,,974,914
247,247,5,1,23,1,4,2,981,895,44,19,91,YO1,0.15169388989715668,0.38853092783505155,,,1025,914
248,248,5,1,23,1,4,3,1036,895,47,20,91,8NQ,0.1602389594676346,0.38874570446735396,,,1083,915
249,249,5,1,23,1,4,4,1092,895,49,23,96,(GB),0.16885964912280702,0.3893900343642612,,,1141,918
250,250,2,1,24,0,0,0,862,961,99,19,-1,,0.13785541439806412,0.4168814432989691,,,961,980
251,251,3,1,24,1,0,0,862,961,99,19,-1,,0.13785541439806412,0.4168814432989691,,,961,980
252,252,4,1,24,1,1,0,862,961,99,19,-1,,0.13785541439806412,0.4168814432989691,,,961,980
253,253,5,1,24,1,1,1,862,961,99,19,96,Remarks:,0.13785541439806412,0.4168814432989691,,,961,980
254,254,2,1,25,0,0,0,922,994,522,84,-1,,0.17891712038717483,0.44501718213058417,,,1444,1078
255,255,3,1,25,1,0,0,922,994,522,84,-1,,0.17891712038717483,0.44501718213058417,,,1444,1078
256,256,4,1,25,1,1,0,922,994,477,23,-1,,0.17551421657592256,0.4319158075601375,,,1399,1017
257,257,5,1,25,1,1,1,922,994,43,18,96,This,0.1426950998185118,0.43084192439862545,,,965,1012
258,258,5,1,25,1,1,2,974,994,111,23,96,application,0.15570175438596492,0.4319158075601375,,,1085,1017
259,259,5,1,25,1,1,3,1093,999,42,13,96,was,0.16848154869933454,0.4319158075601375,,,1135,1012
260,260,5,1,25,1,1,4,1142,994,43,18,96,filed,0.17596793708408953,0.43084192439862545,,,1185,1012
261,261,5,1,25,1,1,5,1193,999,25,13,96,on,0.1823200241984271,0.4319158075601375,,,1218,1012
262,262,5,1,25,1,1,6,1227,994,120,18,96,05-07-2018,0.19464609800362975,0.43084192439862545,,,1347,1012
263,263,5,1,25,1,1,7,1355,999,24,13,95,as,0.20674531155474893,0.4319158075601375,,,1379,1012
264,264,5,1,25,1,1,8,1387,999,12,13,95,a,0.21067755595886267,0.4319158075601375,,,1399,1012
265,265,4,1,25,1,2,0,922,1027,522,23,-1,,0.17891712038717483,0.44609106529209624,,,1444,1050
266,266,5,1,25,1,2,1,922,1027,96,18,95,divisional,0.14670296430732002,0.44501718213058417,,,1018,1045
267,267,5,1,25,1,2,2,1027,1027,111,23,96,application,0.16371748336358136,0.44609106529209624,,,1138,1050
268,268,5,1,25,1,2,3,1147,1027,19,18,96,to,0.17490925589836662,0.44501718213058417,,,1166,1045
269,269,5,1,25,1,2,4,1174,1027,31,18,96,the,0.17990018148820328,0.44501718213058417,,,1205,1045
270,270,5,1,25,1,2,5,1214,1027,112,23,96,application,0.19207501512401695,0.44609106529209624,,,1326,1050
271,271,5,1,25,1,2,6,1336,1027,108,18,96,mentioned,0.2102238354506957,0.44501718213058417,,,1444,1045
272,272,4,1,25,1,3,0,923,1059,209,19,-1,,0.15539927404718692,0.45897766323024053,,,1132,1078
273,273,5,1,25,1,3,1,923,1059,59,19,93,under,0.1440562613430127,0.45897766323024053,,,982,1078
274,274,5,1,25,1,3,2,991,1059,45,19,91,INID,0.15328191167574107,0.45897766323024053,,,1036,1078
275,275,5,1,25,1,3,3,1044,1059,50,19,96,code,0.16167574107683,0.45897766323024053,,,1094,1078
276,276,5,1,25,1,3,4,1103,1059,29,19,96,62.,0.16901088929219601,0.45897766323024053,,,1132,1078
277,277,2,1,26,0,0,0,224,1210,1243,4,-1,,0.1278735632183908,0.520618556701031,,,1467,1214
278,278,3,1,26,1,0,0,224,1210,1243,4,-1,,0.1278735632183908,0.520618556701031,,,1467,1214
279,279,4,1,26,1,1,0,224,1210,1243,4,-1,,0.1278735632183908,0.520618556701031,,,1467,1214
280,280,5,1,26,1,1,1,224,1210,1243,4,95, ,0.1278735632183908,0.520618556701031,,,1467,1214
281,281,2,1,27,0,0,0,225,1230,346,54,-1,,0.060193587416817906,0.5399484536082474,,,571,1284
282,282,3,1,27,1,0,0,225,1230,346,54,-1,,0.060193587416817906,0.5399484536082474,,,571,1284
283,283,4,1,27,1,1,0,225,1230,45,27,-1,,0.037431941923774956,0.5341494845360825,,,270,1257
284,284,5,1,27,1,1,1,225,1230,45,27,93,(54),0.037431941923774956,0.5341494845360825,,,270,1257
285,285,4,1,27,1,2,0,316,1263,255,21,-1,,0.06707501512401694,0.5470360824742269,,,571,1284
286,286,5,1,27,1,2,1,316,1264,130,20,96,MULTIPLE,0.057622504537205084,0.5472508591065293,,,446,1284
287,287,5,1,27,1,2,2,457,1263,114,21,96,DEVICES,0.07773744706594071,0.5470360824742269,,,571,1284
288,288,2,1,28,0,0,0,225,1337,583,255,-1,,0.07811554748941318,0.6290807560137457,,,808,1592
289,289,3,1,28,1,0,0,225,1337,583,255,-1,,0.07811554748941318,0.6290807560137457,,,808,1592
290,290,4,1,28,1,1,0,225,1337,582,26,-1,,0.0780399274047187,0.5798969072164949,,,807,1363
291,291,5,1,28,1,1,1,225,1337,45,26,77,(57),0.037431941923774956,0.5798969072164949,,,270,1363
292,292,5,1,28,1,1,2,0,0,1653,2328,6,‚Äî,0.125,0.5,,,1653,2328
293,293,5,1,28,1,1,3,315,1339,27,18,95,An,0.049682395644283124,0.5790378006872853,,,342,1357
294,294,5,1,28,1,1,4,353,1340,103,22,95,apparatus,0.06117664851784634,0.5803264604810997,,,456,1362
295,295,5,1,28,1,1,5,466,1339,38,18,96,and,0.07335148215366001,0.5790378006872853,,,504,1357
296,296,5,1,28,1,1,6,514,1339,76,18,96,method,0.08348457350272233,0.5790378006872853,,,590,1357
297,297,5,1,28,1,1,7,600,1339,27,18,93,for,0.09278584392014519,0.5790378006872853,,,627,1357
298,298,5,1,28,1,1,8,636,1339,171,23,92,desynchronizing,0.10911978221415608,0.5801116838487973,,,807,1362
299,299,4,1,28,1,2,0,226,1372,581,23,-1,,0.07811554748941318,0.594286941580756,,,807,1395
300,300,5,1,28,1,2,1,226,1372,123,19,96,notifications,0.043481548699334543,0.5934278350515464,,,349,1391
301,301,5,1,28,1,2,2,359,1377,68,14,96,across,0.059437386569872956,0.5945017182130584,,,427,1391
302,302,5,1,28,1,2,3,438,1372,79,23,96,multiple,0.0722171808832426,0.594286941580756,,,517,1395
303,303,5,1,28,1,2,4,526,1372,101,19,96,electronic,0.08718995765275257,0.5934278350515464,,,627,1391
304,304,5,1,28,1,2,5,635,1372,80,19,96,devices,0.10208711433756806,0.5934278350515464,,,715,1391
305,305,5,1,28,1,2,6,724,1377,33,14,93,are,0.11199334543254688,0.5945017182130584,,,757,1391
306,306,5,1,28,1,2,7,767,1377,40,18,93,pro-,0.11902601330913491,0.595360824742268,,,807,1395
307,307,4,1,28,1,3,0,225,1405,582,23,-1,,0.0780399274047187,0.6084621993127147,,,807,1428
308,308,5,1,28,1,3,1,225,1405,61,18,96,vided.,0.03864186327888687,0.6073883161512027,,,286,1423
309,309,5,1,28,1,3,2,293,1405,40,18,95,The,0.04733817301875378,0.6073883161512027,,,333,1423
310,310,5,1,28,1,3,3,341,1405,63,18,96,method,0.05633696309739867,0.6073883161512027,,,404,1423
311,311,5,1,28,1,3,4,406,1405,104,18,96,includes,0.0692679975801573,0.6073883161512027,,,510,1423
312,312,5,1,28,1,3,5,517,1405,100,23,96,"receiving,",0.08575317604355717,0.6084621993127147,,,617,1428
313,313,5,1,28,1,3,6,625,1405,23,23,95,by,0.09626436781609195,0.6084621993127147,,,648,1428
314,314,5,1,28,1,3,7,654,1410,11,13,95,a,0.09974289171203872,0.6084621993127147,,,665,1423
315,315,5,1,28,1,3,8,674,1405,77,23,93,primary,0.10775862068965517,0.6084621993127147,,,751,1428
316,316,5,1,28,1,3,9,757,1405,50,18,92,elec-,0.11826981246218995,0.6073883161512027,,,807,1423
317,317,4,1,28,1,4,0,225,1438,583,23,-1,,0.07811554748941318,0.6226374570446735,,,808,1461
318,318,5,1,28,1,4,1,225,1438,57,18,96,tronic,0.03833938294010889,0.6215635738831615,,,282,1456
319,319,5,1,28,1,4,2,290,1438,73,21,96,"device,",0.049379915305505145,0.6222079037800687,,,363,1459
320,320,5,1,28,1,4,3,373,1442,11,14,95,a,0.057244404113732605,0.6224226804123711,,,384,1456
321,321,5,1,28,1,4,4,394,1438,117,21,95,"notification,",0.06843617664851785,0.6222079037800687,,,511,1459
322,322,5,1,28,1,4,5,520,1438,128,23,96,"transmitting,",0.08832425892316999,0.6226374570446735,,,648,1461
323,323,5,1,28,1,4,6,658,1438,24,23,96,by,0.1013309134906231,0.6226374570446735,,,682,1461
324,324,5,1,28,1,4,7,689,1438,31,18,96,the,0.10654869933454325,0.6215635738831615,,,720,1456
325,325,5,1,28,1,4,8,730,1438,78,23,96,primary,0.1163036902601331,0.6226374570446735,,,808,1461
326,326,4,1,28,1,5,0,225,1470,582,23,-1,,0.0780399274047187,0.6363831615120275,,,807,1493
327,327,5,1,28,1,5,1,225,1470,101,19,96,electronic,0.041666666666666664,0.6355240549828178,,,326,1489
328,328,5,1,28,1,5,2,335,1470,73,22,96,"device,",0.056185722928009676,0.636168384879725,,,408,1492
329,329,5,1,28,1,5,3,418,1470,33,19,96,the,0.06571385359951604,0.6355240549828178,,,451,1489
330,330,5,1,28,1,5,4,461,1470,111,19,96,notification,0.07811554748941318,0.6355240549828178,,,572,1489
331,331,5,1,28,1,5,5,582,1471,19,18,95,to,0.08945856019358742,0.6357388316151202,,,601,1489
332,332,5,1,28,1,5,6,611,1475,11,14,95,a,0.09323956442831216,0.6365979381443299,,,622,1489
333,333,5,1,28,1,5,7,632,1470,115,23,92,companion,0.10428009679370841,0.6363831615120275,,,747,1493
334,334,5,1,28,1,5,8,756,1470,51,19,90,elec-,0.11819419237749547,0.6355240549828178,,,807,1489
335,335,4,1,28,1,6,0,225,1503,582,23,-1,,0.0780399274047187,0.6505584192439863,,,807,1526
336,336,5,1,28,1,6,1,225,1503,57,18,96,tronic,0.03833938294010889,0.6494845360824743,,,282,1521
337,337,5,1,28,1,6,2,290,1503,67,18,96,device,0.048926194797338174,0.6494845360824743,,,357,1521
338,338,5,1,28,1,6,3,364,1503,41,18,96,with,0.05815184513006655,0.6494845360824743,,,405,1521
339,339,5,1,28,1,6,4,413,1503,48,18,96,which,0.06609195402298851,0.6494845360824743,,,461,1521
340,340,5,1,28,1,6,5,463,1503,50,18,96,the,0.07380520266182698,0.6494845360824743,,,513,1521
341,341,5,1,28,1,6,6,522,1503,78,23,96,primary,0.08484573502722323,0.6505584192439863,,,600,1526
342,342,5,1,28,1,6,7,607,1503,101,18,96,electronic,0.09944041137326073,0.6494845360824743,,,708,1521
343,343,5,1,28,1,6,8,716,1503,67,18,96,device,0.1133545069570478,0.6494845360824743,,,783,1521
344,344,5,1,28,1,6,9,792,1503,15,18,96,is,0.12091651542649728,0.6494845360824743,,,807,1521
345,345,4,1,28,1,7,0,225,1536,582,23,-1,,0.0780399274047187,0.664733676975945,,,807,1559
346,346,5,1,28,1,7,1,225,1536,145,23,96,"synchronized,",0.04499395039322444,0.664733676975945,,,370,1559
347,347,5,1,28,1,7,2,376,1536,38,18,85,and,0.059739866908650935,0.663659793814433,,,414,1554
348,348,5,1,28,1,7,3,419,1536,157,23,85,desynchronizing,0.07524198427102238,0.664733676975945,,,576,1559
349,349,5,1,28,1,7,4,579,1540,29,19,95,a,0.0897610405323654,0.6655927835051546,,,608,1559
350,350,5,1,28,1,7,5,614,1536,94,23,95,providing,0.0999697519661222,0.664733676975945,,,708,1559
351,351,5,1,28,1,7,6,713,1536,20,18,96,of,0.10934664246823957,0.663659793814433,,,733,1554
352,352,5,1,28,1,7,7,737,1536,32,18,92,the,0.11388384754990925,0.663659793814433,,,769,1554
353,353,5,1,28,1,7,8,775,1540,32,14,92,no-,0.11963097398669087,0.6645189003436426,,,807,1554
354,354,4,1,28,1,8,0,225,1569,466,23,-1,,0.0692679975801573,0.6789089347079038,,,691,1592
355,355,5,1,28,1,8,1,225,1569,85,18,96,tification,0.04045674531155475,0.6778350515463918,,,310,1587
356,356,5,1,28,1,8,2,319,1570,19,17,96,at,0.049682395644283124,0.6780498281786942,,,338,1587
357,357,5,1,28,1,8,3,345,1569,32,18,96,the,0.05459770114942529,0.6778350515463918,,,377,1587
358,358,5,1,28,1,8,4,386,1569,101,23,96,companion,0.06601633393829401,0.6789089347079038,,,487,1592
359,359,5,1,28,1,8,5,490,1569,120,18,96,electronic,0.08318209316394434,0.6778350515463918,,,610,1587
360,360,5,1,28,1,8,6,617,1569,74,18,96,device.,0.09891107078039928,0.6778350515463918,,,691,1587
361,361,2,1,29,0,0,0,315,1230,1144,25,-1,,0.13415003024803387,0.5337199312714777,,,1459,1255
362,362,3,1,29,1,0,0,315,1230,1144,25,-1,,0.13415003024803387,0.5337199312714777,,,1459,1255
363,363,4,1,29,1,1,0,315,1230,1144,25,-1,,0.13415003024803387,0.5337199312714777,,,1459,1255
364,364,5,1,29,1,1,1,315,1230,171,25,96,"APPARATUS,",0.06057168784029038,0.5337199312714777,title_line_1,"APPARATUS,",486,1255
365,365,5,1,29,1,1,2,496,1230,119,25,96,"METHOD,",0.08401391409558379,0.5337199312714777,title_line_1,"METHOD,",615,1255
366,366,5,1,29,1,1,3,624,1231,56,20,96,AND,0.09860859044162129,0.5330756013745704,title_line_1,AND,680,1251
367,367,5,1,29,1,1,4,689,1230,105,21,96,SYSTEM,0.11214458560193588,0.532860824742268,title_line_1,SYSTEM,794,1251
368,368,5,1,29,1,1,5,806,1230,53,21,92,FOR,0.12590744101633394,0.532860824742268,title_line_1,FOR,859,1251
369,369,5,1,29,1,1,6,868,1230,256,21,91,DESYNCHRONIZING,0.15063520871143377,0.532860824742268,title_line_1,DESYNCHRONIZING,1124,1251
370,370,5,1,29,1,1,7,1135,1230,204,21,96,NOTIFICATIONS,0.18708408953418026,0.532860824742268,title_line_1,NOTIFICATIONS,1339,1251
371,371,5,1,29,1,1,8,1347,1230,112,21,96,ACROSS,0.21218995765275256,0.532860824742268,title_line_1,ACROSS,1459,1251
372,372,2,1,30,0,0,0,1084,1498,115,2,-1,,0.17264065335753176,0.6439003436426117,,,1199,1500
373,373,3,1,30,1,0,0,1084,1498,115,2,-1,,0.17264065335753176,0.6439003436426117,,,1199,1500
374,374,4,1,30,1,1,0,1084,1498,115,2,-1,,0.17264065335753176,0.6439003436426117,,,1199,1500
375,375,5,1,30,1,1,1,1084,1498,115,2,95, ,0.17264065335753176,0.6439003436426117,,,1199,1500
376,376,2,1,31,0,0,0,1084,1539,115,2,-1,,0.17264065335753176,0.6615120274914089,,,1199,1541
377,377,3,1,31,1,0,0,1084,1539,115,2,-1,,0.17264065335753176,0.6615120274914089,,,1199,1541
378,378,4,1,31,1,1,0,1084,1539,115,2,-1,,0.17264065335753176,0.6615120274914089,,,1199,1541
379,379,5,1,31,1,1,1,1084,1539,115,2,95, ,0.17264065335753176,0.6615120274914089,,,1199,1541
380,380,2,1,32,0,0,0,1084,1670,115,2,-1,,0.17264065335753176,0.7177835051546392,,,1199,1672
381,381,3,1,32,1,0,0,1084,1670,115,2,-1,,0.17264065335753176,0.7177835051546392,,,1199,1672
382,382,4,1,32,1,1,0,1084,1670,115,2,-1,,0.17264065335753176,0.7177835051546392,,,1199,1672
383,383,5,1,32,1,1,1,1084,1670,115,2,95, ,0.17264065335753176,0.7177835051546392,,,1199,1672
384,384,2,1,33,0,0,0,1197,1498,2,349,-1,,0.1811857229280097,0.7184278350515464,,,1199,1847
385,385,3,1,33,1,0,0,1197,1498,2,349,-1,,0.1811857229280097,0.7184278350515464,,,1199,1847
386,386,4,1,33,1,1,0,1197,1498,2,349,-1,,0.1811857229280097,0.7184278350515464,,,1199,1847
387,387,5,1,33,1,1,1,1197,1498,2,349,95, ,0.1811857229280097,0.7184278350515464,,,1199,1847
388,388,2,1,34,0,0,0,1084,1498,1,352,-1,,0.16401996370235936,0.7190721649484536,,,1085,1850
389,389,3,1,34,1,0,0,1084,1498,1,352,-1,,0.16401996370235936,0.7190721649484536,,,1085,1850
390,390,4,1,34,1,1,0,1084,1498,1,352,-1,,0.16401996370235936,0.7190721649484536,,,1085,1850
391,391,5,1,34,1,1,1,1084,1498,1,352,95, ,0.16401996370235936,0.7190721649484536,,,1085,1850
392,392,2,1,35,0,0,0,955,1960,373,3,-1,,0.17264065335753176,0.8425687285223368,,,1328,1963
393,393,3,1,35,1,0,0,955,1960,373,3,-1,,0.17264065335753176,0.8425687285223368,,,1328,1963
394,394,4,1,35,1,1,0,955,1960,373,3,-1,,0.17264065335753176,0.8425687285223368,,,1328,1963
395,395,5,1,35,1,1,1,955,1960,373,3,95, ,0.17264065335753176,0.8425687285223368,,,1328,1963
396,396,2,1,36,0,0,0,954,1961,2,121,-1,,0.1444343617664852,0.8683419243986255,,,956,2082
397,397,3,1,36,1,0,0,954,1961,2,121,-1,,0.1444343617664852,0.8683419243986255,,,956,2082
398,398,4,1,36,1,1,0,954,1961,2,121,-1,,0.1444343617664852,0.8683419243986255,,,956,2082
399,399,5,1,36,1,1,1,954,1961,2,121,95, ,0.1444343617664852,0.8683419243986255,,,956,2082
400,400,2,1,37,0,0,0,1026,1961,2,121,-1,,0.15532365396249243,0.8683419243986255,,,1028,2082
401,401,3,1,37,1,0,0,1026,1961,2,121,-1,,0.15532365396249243,0.8683419243986255,,,1028,2082
402,402,4,1,37,1,1,0,1026,1961,2,121,-1,,0.15532365396249243,0.8683419243986255,,,1028,2082
403,403,5,1,37,1,1,1,1026,1961,2,121,95, ,0.15532365396249243,0.8683419243986255,,,1028,2082
404,404,2,1,38,0,0,0,1105,1961,1,121,-1,,0.16719600725952813,0.8683419243986255,,,1106,2082
405,405,3,1,38,1,0,0,1105,1961,1,121,-1,,0.16719600725952813,0.8683419243986255,,,1106,2082
406,406,4,1,38,1,1,0,1105,1961,1,121,-1,,0.16719600725952813,0.8683419243986255,,,1106,2082
407,407,5,1,38,1,1,1,1105,1961,1,121,95, ,0.16719600725952813,0.8683419243986255,,,1106,2082
408,408,2,1,39,0,0,0,1176,1961,2,121,-1,,0.1780096793708409,0.8683419243986255,,,1178,2082
409,409,3,1,39,1,0,0,1176,1961,2,121,-1,,0.1780096793708409,0.8683419243986255,,,1178,2082
410,410,4,1,39,1,1,0,1176,1961,2,121,-1,,0.1780096793708409,0.8683419243986255,,,1178,2082
411,411,5,1,39,1,1,1,1176,1961,2,121,95, ,0.1780096793708409,0.8683419243986255,,,1178,2082
412,412,2,1,40,0,0,0,1255,1961,1,121,-1,,0.1898820326678766,0.8683419243986255,,,1256,2082
413,413,3,1,40,1,0,0,1255,1961,1,121,-1,,0.1898820326678766,0.8683419243986255,,,1256,2082
414,414,4,1,40,1,1,0,1255,1961,1,121,-1,,0.1898820326678766,0.8683419243986255,,,1256,2082
415,415,5,1,40,1,1,1,1255,1961,1,121,95, ,0.1898820326678766,0.8683419243986255,,,1256,2082
416,416,2,1,41,0,0,0,1326,1961,2,121,-1,,0.20069570477918935,0.8683419243986255,,,1328,2082
417,417,3,1,41,1,0,0,1326,1961,2,121,-1,,0.20069570477918935,0.8683419243986255,,,1328,2082
418,418,4,1,41,1,1,0,1326,1961,2,121,-1,,0.20069570477918935,0.8683419243986255,,,1328,2082
419,419,5,1,41,1,1,1,1326,1961,2,121,95, ,0.20069570477918935,0.8683419243986255,,,1328,2082
420,420,2,1,42,0,0,0,954,2079,374,4,-1,,0.17256503327283726,0.8939003436426117,,,1328,2083
421,421,3,1,42,1,0,0,954,2079,374,4,-1,,0.17256503327283726,0.8939003436426117,,,1328,2083
422,422,4,1,42,1,1,0,954,2079,374,4,-1,,0.17256503327283726,0.8939003436426117,,,1328,2083
423,423,5,1,42,1,1,1,954,2079,374,4,95, ,0.17256503327283726,0.8939003436426117,,,1328,2083
424,424,2,1,43,0,0,0,1026,1384,372,828,-1,,0.18330308529945555,0.7723367697594502,,,1398,2212
425,425,3,1,43,1,0,0,1026,1384,372,828,-1,,0.18330308529945555,0.7723367697594502,,,1398,2212
426,426,4,1,43,1,1,0,1345,1384,24,19,-1,,0.20523290986085904,0.5985824742268041,,,1369,1403
427,427,5,1,43,1,1,1,1345,1384,24,19,82,100,0.20523290986085904,0.5985824742268041,,,1369,1403
428,428,4,1,43,1,2,0,1065,1454,141,21,-1,,0.17173321234119782,0.6290807560137457,,,1206,1475
429,429,5,1,43,1,2,1,1065,1454,18,21,41,G,0.16243194192377494,0.6290807560137457,,,1083,1475
430,430,5,1,43,1,2,2,1188,1454,18,21,62,>,0.1810344827586207,0.6290807560137457,,,1206,1475
431,431,4,1,43,1,3,0,1077,1466,118,34,-1,,0.17180883242589232,0.6370274914089347,,,1195,1500
432,432,5,1,43,1,3,1,1077,1466,33,34,71,\,0.16538112522686024,0.6370274914089347,,,1110,1500
433,433,5,1,43,1,3,2,1182,1466,13,15,32,yn,0.17974894131881428,0.632946735395189,,,1195,1481
434,434,4,1,43,1,4,0,1199,1516,57,25,-1,,0.18564730792498488,0.6565721649484536,,,1256,1541
435,435,5,1,43,1,4,1,1199,1516,57,25,64,130,0.18564730792498488,0.6565721649484536,,,1256,1541
436,436,4,1,43,1,5,0,1197,1759,58,25,-1,,0.18542044767090138,0.7609536082474226,,,1255,1784
437,437,5,1,43,1,5,1,1197,1759,58,25,6,‚Ñ¢t0,0.18542044767090138,0.7609536082474226,,,1255,1784
438,438,4,1,43,1,6,0,1026,2017,372,25,-1,,0.18330308529945555,0.8717783505154639,,,1398,2042
439,439,5,1,43,1,6,1,1026,2017,70,25,0,y~120-4,0.16046581972171808,0.8717783505154639,,,1096,2042
440,440,5,1,43,1,6,2,0,0,1653,2328,18,|,0.125,0.5,,,1653,2328
441,441,5,1,43,1,6,3,1176,2017,73,25,18,~1202,0.18337870538415002,0.8717783505154639,,,1249,2042
442,442,5,1,43,1,6,4,1328,2017,70,25,0,[120-3,0.20614035087719298,0.8717783505154639,,,1398,2042
443,443,4,1,43,1,7,0,1114,2179,87,33,-1,,0.1750604960677556,0.9430841924398625,,,1201,2212
444,444,5,1,43,1,7,1,1114,2179,61,33,93,FIG.,0.17309437386569873,0.9430841924398625,,,1175,2212
445,445,5,1,43,1,7,2,1191,2179,10,32,95,1,0.1808832425892317,0.9428694158075601,,,1201,2211
446,446,2,1,44,0,0,0,716,2270,259,16,-1,,0.1278735632183908,0.9785223367697594,,,975,2286
447,447,3,1,44,1,0,0,716,2270,259,16,-1,,0.1278735632183908,0.9785223367697594,,,975,2286
448,448,4,1,44,1,1,0,716,2270,259,16,-1,,0.1278735632183908,0.9785223367697594,,,975,2286
449,449,5,1,44,1,1,1,716,2270,49,12,96,Printed,0.11199334543254688,0.9776632302405498,,,765,2282
450,450,5,1,44,1,1,2,771,2270,15,16,96,by,0.1177404718693285,0.9785223367697594,,,786,2286
451,451,5,1,44,1,1,3,792,2270,45,14,96,"Jouve,",0.12318511796733213,0.9780927835051546,,,837,2284
452,452,5,1,44,1,1,4,843,2270,41,12,96,75001,0.13059588626739263,0.9776632302405498,,,884,2282
453,453,5,1,44,1,1,5,893,2270,46,12,96,PARIS,0.1385359951603146,0.9776632302405498,,,939,2282
454,454,5,1,44,1,1,6,945,2270,30,16,95,(FR),0.14519056261343014,0.9785223367697594,,,975,2286
