,Unnamed: 0,level,page_num,block_num,par_num,line_num,word_num,left,top,width,height,conf,text,x,y,label,target,right,bottom
0,0,1,1,0,0,0,0,0,0,1653,2328,-1,,0.125,0.5,,,1653,2328
1,1,2,1,1,0,0,0,144,1905,31,328,-1,,0.02412280701754386,0.8887457044673539,,,175,2233
2,2,3,1,1,1,0,0,144,1905,31,328,-1,,0.02412280701754386,0.8887457044673539,,,175,2233
3,3,4,1,1,1,1,0,144,1905,31,328,-1,,0.02412280701754386,0.8887457044673539,,,175,2233
4,4,5,1,1,1,1,1,144,2179,30,54,95,EP,0.024047186932849365,0.947594501718213,,,174,2233
5,5,5,1,1,1,1,2,144,2142,31,21,94,3,0.02412280701754386,0.9246134020618557,,,175,2163
6,6,5,1,1,1,1,3,144,2055,31,71,94,398,0.02412280701754386,0.8979810996563574,,,175,2126
7,7,5,1,1,1,1,4,144,1974,31,65,92,641,0.02412280701754386,0.8618986254295533,,,175,2039
8,8,5,1,1,1,1,5,144,1905,30,50,87,A1,0.024047186932849365,0.8290378006872853,,,174,1955
9,9,2,1,2,0,0,0,429,153,88,28,-1,,0.07153660012099214,0.07173539518900343,,,517,181
10,10,3,1,2,1,0,0,429,153,88,28,-1,,0.07153660012099214,0.07173539518900343,,,517,181
11,11,4,1,2,1,1,0,429,153,88,16,-1,,0.07153660012099214,0.06915807560137457,,,517,169
12,12,5,1,2,1,1,1,429,153,88,16,84,Europaisches,0.07153660012099214,0.06915807560137457,,,517,169
13,13,4,1,2,1,2,0,429,170,71,11,-1,,0.07025105868118572,0.07538659793814433,,,500,181
14,14,5,1,2,1,2,1,429,170,71,11,96,Patentamt,0.07025105868118572,0.07538659793814433,,,500,181
15,15,2,1,3,0,0,0,429,196,89,28,-1,,0.07161222020568662,0.09020618556701031,,,518,224
16,16,3,1,3,1,0,0,429,196,89,28,-1,,0.07161222020568662,0.09020618556701031,,,518,224
17,17,4,1,3,1,1,0,429,196,63,15,-1,,0.06964609800362977,0.08741408934707903,,,492,211
18,18,5,1,3,1,1,1,429,196,63,15,95,European,0.06964609800362977,0.08741408934707903,,,492,211
19,19,4,1,3,1,2,0,429,212,89,12,-1,,0.07161222020568662,0.0936426116838488,,,518,224
20,20,5,1,3,1,2,1,429,213,43,11,96,Patent,0.06813369630973987,0.0938573883161512,,,472,224
21,21,5,1,3,1,2,2,478,212,40,12,90,Office,0.07531760435571688,0.0936426116838488,,,518,224
22,22,2,1,4,0,0,0,429,239,109,28,-1,,0.07312462189957653,0.10867697594501718,,,538,267
23,23,3,1,4,1,0,0,429,239,109,28,-1,,0.07312462189957653,0.10867697594501718,,,538,267
24,24,4,1,4,1,1,0,429,239,109,15,-1,,0.07312462189957653,0.10588487972508591,,,538,254
25,25,5,1,4,1,1,1,429,239,40,12,93,Office,0.06790683605565638,0.1052405498281787,,,469,251
26,26,5,1,4,1,1,2,474,239,64,15,93,europ√©en,0.0765275257108288,0.10588487972508591,,,538,254
27,27,4,1,4,1,2,0,429,255,77,12,-1,,0.0707047791893527,0.11211340206185567,,,506,267
28,28,5,1,4,1,2,1,429,255,22,12,95,des,0.06654567453115548,0.11211340206185567,,,451,267
29,29,5,1,4,1,2,2,457,255,49,12,82,brevets,0.07282214156079855,0.11211340206185567,,,506,267
30,30,2,1,5,0,0,0,281,136,274,150,-1,,0.06321839080459771,0.09063573883161512,,,555,286
31,31,3,1,5,1,0,0,281,136,274,150,-1,,0.06321839080459771,0.09063573883161512,,,555,286
32,32,4,1,5,1,1,0,281,136,274,150,-1,,0.06321839080459771,0.09063573883161512,,,555,286
33,33,5,1,5,1,1,1,281,136,274,150,95, ,0.06321839080459771,0.09063573883161512,,,555,286
34,34,2,1,6,0,0,0,225,324,45,26,-1,,0.037431941923774956,0.14475945017182132,,,270,350
35,35,3,1,6,1,0,0,225,324,45,26,-1,,0.037431941923774956,0.14475945017182132,,,270,350
36,36,4,1,6,1,1,0,225,324,45,26,-1,,0.037431941923774956,0.14475945017182132,,,270,350
37,37,5,1,6,1,1,1,225,324,45,26,96,(12),0.037431941923774956,0.14475945017182132,,,270,350
38,38,2,1,7,0,0,0,225,395,378,53,-1,,0.06261343012704174,0.18105670103092783,,,603,448
39,39,3,1,7,1,0,0,225,395,378,53,-1,,0.06261343012704174,0.18105670103092783,,,603,448
40,40,4,1,7,1,1,0,225,395,262,26,-1,,0.05384150030248034,0.17525773195876287,,,487,421
41,41,5,1,7,1,1,1,225,395,45,26,95,(43),0.037431941923774956,0.17525773195876287,,,270,421
42,42,5,1,7,1,1,2,286,397,48,18,95,Date,0.04688445251058681,0.17439862542955326,,,334,415
43,43,5,1,7,1,1,3,342,397,20,18,96,of,0.05323653962492438,0.17439862542955326,,,362,415
44,44,5,1,7,1,1,4,370,397,117,23,96,publication:,0.0648064125831821,0.17547250859106528,,,487,420
45,45,4,1,7,1,2,0,286,430,317,18,-1,,0.06722625529340592,0.18857388316151202,,,603,448
46,46,5,1,7,1,2,1,286,430,117,18,96,07.11.2018,0.052102238354506954,0.18857388316151202,publication_date,07.11.2018,403,448
47,47,5,1,7,1,2,2,426,430,84,18,95,Bulletin,0.07078039927404718,0.18857388316151202,,,510,448
48,48,5,1,7,1,2,3,519,430,84,18,95,2018/45,0.08484573502722323,0.18857388316151202,,,603,448
49,49,2,1,8,0,0,0,225,493,403,26,-1,,0.06450393224440411,0.21735395189003437,,,628,519
50,50,3,1,8,1,0,0,225,493,403,26,-1,,0.06450393224440411,0.21735395189003437,,,628,519
51,51,4,1,8,1,1,0,225,493,403,26,-1,,0.06450393224440411,0.21735395189003437,,,628,519
52,52,5,1,8,1,1,1,225,493,45,26,95,(21),0.037431941923774956,0.21735395189003437,,,270,519
53,53,5,1,8,1,1,2,285,495,115,23,96,Application,0.051799758015728975,0.21756872852233677,,,400,518
54,54,5,1,8,1,1,3,410,495,83,18,93,number:,0.06828493647912885,0.21649484536082475,,,493,513
55,55,5,1,8,1,1,4,505,495,123,18,83,18180731.4,0.08567755595886267,0.21649484536082475,application_number,18180731.4,628,513
56,56,2,1,9,0,0,0,225,559,325,26,-1,,0.05860556563823351,0.24570446735395188,,,550,585
57,57,3,1,9,1,0,0,225,559,325,26,-1,,0.05860556563823351,0.24570446735395188,,,550,585
58,58,4,1,9,1,1,0,225,559,325,26,-1,,0.05860556563823351,0.24570446735395188,,,550,585
59,59,5,1,9,1,1,1,225,559,45,26,96,(22),0.037431941923774956,0.24570446735395188,,,270,585
60,60,5,1,9,1,1,2,286,561,48,18,96,Date,0.04688445251058681,0.24484536082474226,,,334,579
61,61,5,1,9,1,1,3,342,566,12,13,96,of,0.05263157894736842,0.24591924398625428,,,354,579
62,62,5,1,9,1,1,4,355,561,67,23,96,filing:,0.058756805807622506,0.24591924398625428,,,422,584
63,63,5,1,9,1,1,5,432,561,118,18,96,28.05.2014,0.07425892316999395,0.24484536082474226,filing_date,28.05.2014,550,579
64,64,2,1,10,0,0,0,1002,245,458,38,-1,,0.18617664851784635,0.1134020618556701,,,1460,283
65,65,3,1,10,1,0,0,1002,245,458,38,-1,,0.18617664851784635,0.1134020618556701,,,1460,283
66,66,4,1,10,1,1,0,1002,245,458,38,-1,,0.18617664851784635,0.1134020618556701,,,1460,283
67,67,5,1,10,1,1,1,1002,256,44,27,74,(11),0.15486993345432548,0.11576460481099657,,,1046,283
68,68,5,1,10,1,1,2,1146,245,52,32,95,EP,0.17725347852389595,0.11211340206185567,number,EP,1198,277
69,69,5,1,10,1,1,3,1214,245,20,32,95,3,0.1851179673321234,0.11211340206185567,number,3,1234,277
70,70,5,1,10,1,1,4,1249,245,68,32,95,398,0.1940411373260738,0.11211340206185567,number,398,1317,277
71,71,5,1,10,1,1,5,1332,245,62,32,93,641,0.20614035087719298,0.11211340206185567,number,641,1394,277
72,72,5,1,10,1,1,6,1413,245,47,32,89,A1,0.21725650332728372,0.11211340206185567,number,A1,1460,277
73,73,2,1,11,0,0,0,577,319,537,26,-1,,0.1278735632183908,0.14261168384879724,,,1114,345
74,74,3,1,11,1,0,0,577,319,537,26,-1,,0.1278735632183908,0.14261168384879724,,,1114,345
75,75,4,1,11,1,1,0,577,319,537,26,-1,,0.1278735632183908,0.14261168384879724,,,1114,345
76,76,5,1,11,1,1,1,577,319,156,26,95,EUROPEAN,0.09906231094978826,0.14261168384879724,,,733,345
77,77,5,1,11,1,1,2,735,320,135,24,95,PATENT,0.12137023593466424,0.14261168384879724,,,870,344
78,78,5,1,11,1,1,3,873,319,241,26,96,APPLICATION,0.1502571082879613,0.14261168384879724,,,1114,345
79,79,2,1,12,0,0,0,862,395,262,173,-1,,0.1501814882032668,0.20682989690721648,,,1124,568
80,80,3,1,12,1,0,0,862,395,262,173,-1,,0.1501814882032668,0.20682989690721648,,,1124,568
81,81,4,1,12,1,1,0,862,395,126,26,-1,,0.13989715668481548,0.17525773195876287,,,988,421
82,82,5,1,12,1,1,1,862,395,44,26,67,(51),0.1336963097398669,0.17525773195876287,,,906,421
83,83,5,1,12,1,1,2,923,397,25,18,93,Int,0.1414851784633999,0.17439862542955326,,,948,415
84,84,5,1,12,1,1,3,955,397,33,18,65,Cl:,0.14692982456140352,0.17439862542955326,,,988,415
85,85,4,1,12,1,2,0,921,425,203,21,-1,,0.15464307320024198,0.1870704467353952,,,1124,446
86,86,5,1,12,1,2,1,921,428,64,18,46,A61M,0.1441318814277072,0.1877147766323024,class_international,A61M,985,446
87,87,5,1,12,1,2,2,994,428,43,18,90,16/10,0.15358439201451907,0.1877147766323024,class_international,16/10,1037,446
88,88,5,1,12,1,2,3,1039,425,85,21,78,(2006.01),0.16356624319419238,0.1870704467353952,,,1124,446
89,89,4,1,12,1,3,0,921,455,203,21,-1,,0.15464307320024198,0.19995704467353953,,,1124,476
90,90,5,1,12,1,3,1,921,458,64,18,63,AG1M,0.1441318814277072,0.20060137457044674,,,985,476
91,91,5,1,12,1,3,2,994,458,57,18,92,16/14,0.15464307320024198,0.20060137457044674,,,1051,476
92,92,5,1,12,1,3,3,1057,455,67,16,88,(2006.01),0.16492740471869327,0.19888316151202748,,,1124,471
93,93,4,1,12,1,4,0,923,486,183,21,-1,,0.15343315184513007,0.21327319587628865,,,1106,507
94,94,5,1,12,1,4,1,923,488,57,19,89,C25B,0.14390502117362372,0.21370274914089346,,,980,507
95,95,5,1,12,1,4,2,991,488,43,19,94,1/00,0.1531306715063521,0.21370274914089346,,,1034,507
96,96,5,1,12,1,4,3,1040,486,66,15,66,(2096.01),0.16228070175438597,0.21198453608247422,,,1106,501
97,97,4,1,12,1,5,0,923,516,196,21,-1,,0.1544162129461585,0.226159793814433,,,1119,537
98,98,5,1,12,1,5,1,923,519,57,18,91,C25B,0.14390502117362372,0.2268041237113402,,,980,537
99,99,5,1,12,1,5,2,991,519,57,18,87,15/08,0.154189352692075,0.2268041237113402,,,1048,537
100,100,5,1,12,1,5,3,1052,516,67,16,78,(2006.01),0.16417120387174833,0.22508591065292097,,,1119,532
101,101,4,1,12,1,6,0,921,547,201,21,-1,,0.15449183303085298,0.23947594501718214,,,1122,568
102,102,5,1,12,1,6,1,921,550,63,18,79,A61M,0.1440562613430127,0.24012027491408935,,,984,568
103,103,5,1,12,1,6,2,994,550,56,18,96,16/00,0.15456745311554748,0.24012027491408935,,,1050,568
104,104,5,1,12,1,6,3,1056,547,66,16,52,(2026.01),0.1647005444646098,0.23840206185567012,,,1122,563
105,105,2,1,13,0,0,0,1192,425,203,112,-1,,0.1956291591046582,0.20661512027491408,,,1395,537
106,106,3,1,13,1,0,0,1192,425,203,112,-1,,0.1956291591046582,0.20661512027491408,,,1395,537
107,107,4,1,13,1,1,0,1192,425,203,21,-1,,0.1956291591046582,0.1870704467353952,,,1395,446
108,108,5,1,13,1,1,1,1192,428,64,18,72,A61M,0.1851179673321234,0.1877147766323024,,,1256,446
109,109,5,1,13,1,1,2,1265,428,58,18,87,11100,0.1957047791893527,0.1877147766323024,,,1323,446
110,110,5,1,13,1,1,3,1328,425,67,16,67,(2006.01),0.20591349062310949,0.18599656357388317,,,1395,441
111,111,4,1,13,1,2,0,1194,455,185,21,-1,,0.19457047791893528,0.19995704467353953,,,1379,476
112,112,5,1,13,1,2,1,1194,458,59,18,90,C25B,0.1850423472474289,0.20060137457044674,,,1253,476
113,113,5,1,13,1,2,2,1263,458,44,18,90,1104,0.19434361766485178,0.20060137457044674,,,1307,476
114,114,5,1,13,1,2,3,1312,455,67,16,85,(2006.01),0.20349364791288566,0.19888316151202748,,,1379,471
115,115,4,1,13,1,3,0,1192,486,201,21,-1,,0.1954779189352692,0.21327319587628865,,,1393,507
116,116,5,1,13,1,3,1,1192,488,63,19,65,A61M,0.1850423472474289,0.21370274914089346,,,1255,507
117,117,5,1,13,1,3,2,1265,488,56,19,95,15/00,0.1955535390199637,0.21370274914089346,,,1321,507
118,118,5,1,13,1,3,3,1327,486,66,15,73,(2006.01),0.205686630369026,0.21198453608247422,,,1393,501
119,119,4,1,13,1,4,0,1194,516,183,21,-1,,0.19441923774954628,0.226159793814433,,,1377,537
120,120,5,1,13,1,4,1,1194,519,57,18,91,C25B,0.18489110707803993,0.2268041237113402,,,1251,537
121,121,5,1,13,1,4,2,1260,519,45,18,95,9/00,0.1939655172413793,0.2268041237113402,,,1305,537
122,122,5,1,13,1,4,3,1311,516,66,16,69,(2996.01),0.20326678765880218,0.22508591065292097,,,1377,532
123,123,2,1,14,0,0,0,224,611,1243,8,-1,,0.1278735632183908,0.26417525773195877,,,1467,619
124,124,3,1,14,1,0,0,224,611,1243,8,-1,,0.1278735632183908,0.26417525773195877,,,1467,619
125,125,4,1,14,1,1,0,224,611,1243,8,-1,,0.1278735632183908,0.26417525773195877,,,1467,619
126,126,5,1,14,1,1,1,224,611,1243,8,95, ,0.1278735632183908,0.26417525773195877,,,1467,619
127,127,2,1,15,0,0,0,225,631,599,119,-1,,0.07932546884452511,0.296606529209622,,,824,750
128,128,3,1,15,1,0,0,225,631,599,119,-1,,0.07932546884452511,0.296606529209622,,,824,750
129,129,4,1,15,1,1,0,225,631,388,27,-1,,0.0633696309739867,0.2768470790378007,,,613,658
130,130,5,1,15,1,1,1,225,631,45,27,96,(84),0.037431941923774956,0.2768470790378007,,,270,658
131,131,5,1,15,1,1,2,286,633,118,23,96,Designated,0.052177858439201454,0.2768470790378007,,,404,656
132,132,5,1,15,1,1,3,413,633,119,23,96,Contracting,0.07146098003629764,0.2768470790378007,,,532,656
133,133,5,1,15,1,1,4,542,633,71,19,96,States:,0.08734119782214156,0.2759879725085911,,,613,652
134,134,4,1,15,1,2,0,285,666,537,18,-1,,0.08371143375680581,0.28994845360824745,,,822,684
135,135,5,1,15,1,2,1,285,666,31,18,94,AL,0.04544767090139141,0.28994845360824745,,,316,684
136,136,5,1,15,1,2,2,323,666,31,18,94,AT,0.05119479733817302,0.28994845360824745,,,354,684
137,137,5,1,15,1,2,3,363,666,30,18,96,BE,0.05716878402903811,0.28994845360824745,,,393,684
138,138,5,1,15,1,2,4,403,666,32,18,96,BG,0.0633696309739867,0.28994845360824745,,,435,684
139,139,5,1,15,1,2,5,445,666,31,18,96,CH,0.06964609800362977,0.28994845360824745,,,476,684
140,140,5,1,15,1,2,6,486,666,32,18,95,CY,0.07592256503327284,0.28994845360824745,,,518,684
141,141,5,1,15,1,2,7,526,666,30,18,93,CZ,0.08182093163944344,0.28994845360824745,,,556,684
142,142,5,1,15,1,2,8,565,666,30,18,93,DE,0.08771929824561403,0.28994845360824745,,,595,684
143,143,5,1,15,1,2,9,605,666,32,18,95,DK,0.09392014519056262,0.28994845360824745,,,637,684
144,144,5,1,15,1,2,10,646,666,29,18,95,EE,0.0998941318814277,0.28994845360824745,,,675,684
145,145,5,1,15,1,2,11,684,666,29,18,93,ES,0.10564125831820932,0.28994845360824745,,,713,684
146,146,5,1,15,1,2,12,723,666,57,18,90,FIFR,0.11365698729582577,0.28994845360824745,,,780,684
147,147,5,1,15,1,2,13,788,666,34,18,95,GB,0.12174833635813673,0.28994845360824745,,,822,684
148,148,4,1,15,1,3,0,285,699,539,18,-1,,0.0838626739261948,0.30412371134020616,,,824,717
149,149,5,1,15,1,3,1,285,699,297,18,83,GRHRHUIEISITLILTLU,0.06556261343012704,0.30412371134020616,,,582,717
150,150,5,1,15,1,3,2,591,699,28,18,85,LV,0.09150030248033877,0.30412371134020616,,,619,717
151,151,5,1,15,1,3,3,627,699,35,18,85,MC,0.09747428917120388,0.30412371134020616,,,662,717
152,152,5,1,15,1,3,4,670,699,35,18,94,MK,0.10397761645493044,0.30412371134020616,,,705,717
153,153,5,1,15,1,3,5,713,699,32,18,91,MT,0.11025408348457351,0.30412371134020616,,,745,717
154,154,5,1,15,1,3,6,753,699,29,18,49,NL,0.11607683000604961,0.30412371134020616,,,782,717
155,155,5,1,15,1,3,7,791,699,33,18,49,NO,0.1221264367816092,0.30412371134020616,,,824,717
156,156,4,1,15,1,4,0,286,732,336,18,-1,,0.06866303690260134,0.31829896907216493,,,622,750
157,157,5,1,15,1,4,1,286,732,28,18,93,PL,0.045372050816696916,0.31829896907216493,,,314,750
158,158,5,1,15,1,4,2,323,732,29,18,92,PT,0.05104355716878403,0.31829896907216493,,,352,750
159,159,5,1,15,1,4,3,360,732,58,18,92,RORS,0.058832425892317,0.31829896907216493,,,418,750
160,160,5,1,15,1,4,4,420,732,52,18,92,SE,0.06745311554748941,0.31829896907216493,,,472,750
161,161,5,1,15,1,4,5,480,732,20,18,95,SI,0.07410768300060495,0.31829896907216493,,,500,750
162,162,5,1,15,1,4,6,510,732,31,18,93,SK,0.0794767090139141,0.31829896907216493,,,541,750
163,163,5,1,15,1,4,7,550,732,72,18,90,SMTR,0.08862673926194797,0.31829896907216493,,,622,750
164,164,2,1,16,0,0,0,225,795,596,152,-1,,0.07909860859044163,0.3741408934707904,,,821,947
165,165,3,1,16,1,0,0,225,795,515,27,-1,,0.07297338173018754,0.3472938144329897,,,740,822
166,166,4,1,16,1,1,0,225,795,515,27,-1,,0.07297338173018754,0.3472938144329897,,,740,822
167,167,5,1,16,1,1,1,225,795,45,27,96,(30),0.037431941923774956,0.3472938144329897,,,270,822
168,168,5,1,16,1,1,2,286,797,77,23,93,Priority:,0.04907743496672716,0.3472938144329897,,,363,820
169,169,5,1,16,1,1,3,384,797,117,19,95,19.06.2013,0.06692377495462795,0.34643470790378006,priority_date_eu,19.06.2013,501,816
170,170,5,1,16,1,1,4,519,797,32,19,95,CN,0.0809134906231095,0.34643470790378006,,,551,816
171,171,5,1,16,1,1,5,560,797,157,19,92,201320352900,0.09656684815486993,0.34643470790378006,,,717,816
172,172,5,1,16,1,1,6,727,797,13,19,92,U,0.11093466424682395,0.34643470790378006,,,740,816
173,173,3,1,16,2,0,0,225,861,596,86,-1,,0.07909860859044163,0.38831615120274915,,,821,947
174,174,4,1,16,2,1,0,225,861,596,26,-1,,0.07909860859044163,0.3754295532646048,,,821,887
175,175,5,1,16,2,1,1,225,861,45,26,96,(62),0.037431941923774956,0.3754295532646048,,,270,887
176,176,5,1,16,2,1,2,286,863,107,18,96,Document,0.05134603750756201,0.3745704467353952,,,393,881
177,177,5,1,16,2,1,3,402,863,105,23,96,number(s),0.06873865698729582,0.3756443298969072,,,507,886
178,178,5,1,16,2,1,4,516,863,20,18,96,of,0.07955232909860858,0.3745704467353952,,,536,881
179,179,5,1,16,2,1,5,542,863,32,18,96,the,0.08439201451905626,0.3745704467353952,,,574,881
180,180,5,1,16,2,1,6,583,863,65,18,96,earlier,0.09308832425892317,0.3745704467353952,,,648,881
181,181,5,1,16,2,1,7,655,863,140,23,94,application(s),0.10964912280701754,0.3756443298969072,,,795,886
182,182,5,1,16,2,1,8,805,863,16,18,96,in,0.12295825771324864,0.3745704467353952,,,821,881
183,183,4,1,16,2,2,0,286,895,308,19,-1,,0.06654567453115548,0.38853092783505155,,,594,914
184,184,5,1,16,2,2,1,286,895,109,19,96,accordance,0.051497277676950996,0.38853092783505155,,,395,914
185,185,5,1,16,2,2,2,395,895,60,19,96,with,0.06427707199032062,0.38853092783505155,,,455,914
186,186,5,1,16,2,2,3,464,895,35,19,96,Art.,0.07282214156079855,0.38853092783505155,,,499,914
187,187,5,1,16,2,2,4,508,895,25,19,96,76,0.07872050816696914,0.38853092783505155,,,533,914
188,188,5,1,16,2,2,5,542,895,52,19,96,EPC:,0.08590441621294616,0.38853092783505155,,,594,914
189,189,4,1,16,2,3,0,286,929,247,18,-1,,0.061932849364791286,0.4029209621993127,,,533,947
190,190,5,1,16,2,3,1,286,929,124,18,87,14170279.5,0.05263157894736842,0.4029209621993127,,,410,947
191,191,5,1,16,2,3,2,417,929,7,18,87,/,0.06359649122807018,0.4029209621993127,,,424,947
192,192,5,1,16,2,3,3,432,929,11,18,90,2,0.066167574107683,0.4029209621993127,,,443,947
193,193,5,1,16,2,3,4,452,929,37,18,90,815,0.07115849969751967,0.4029209621993127,,,489,947
194,194,5,1,16,2,3,5,498,929,35,18,95,781,0.0779643073200242,0.4029209621993127,,,533,947
195,195,2,1,17,0,0,0,225,992,338,58,-1,,0.05958862673926195,0.438573883161512,,,563,1050
196,196,3,1,17,1,0,0,225,992,338,58,-1,,0.05958862673926195,0.438573883161512,,,563,1050
197,197,4,1,17,1,1,0,225,992,338,26,-1,,0.05958862673926195,0.43170103092783507,,,563,1018
198,198,5,1,17,1,1,1,225,992,45,26,96,(71),0.037431941923774956,0.43170103092783507,,,270,1018
199,199,5,1,17,1,1,2,285,994,103,23,95,Applicant:,0.05089231699939504,0.4319158075601375,,,388,1017
200,200,5,1,17,1,1,3,397,994,40,22,93,"Lin,",0.06306715063520871,0.43170103092783507,inventor_line_1,"Lin,",437,1016
201,201,5,1,17,1,1,4,447,994,116,23,92,Hsin-Yung,0.07637628554143981,0.4319158075601375,inventor_line_1,Hsin-Yung,563,1017
202,202,4,1,17,1,2,0,286,1027,256,23,-1,,0.06261343012704174,0.44609106529209624,,,542,1050
203,203,5,1,17,1,2,1,286,1027,98,23,96,Shanghai,0.05066545674531155,0.44609106529209624,,,384,1050
204,204,5,1,17,1,2,2,387,1027,96,18,90,201-801,0.06578947368421052,0.44501718213058417,,,483,1045
205,205,5,1,17,1,2,3,494,1027,48,23,96,(CN),0.07834240774349667,0.44609106529209624,,,542,1050
206,206,2,1,18,0,0,0,844,614,4,468,-1,,0.1279491833030853,0.3642611683848797,,,848,1082
207,207,3,1,18,1,0,0,844,614,4,468,-1,,0.1279491833030853,0.3642611683848797,,,848,1082
208,208,4,1,18,1,1,0,844,614,4,468,-1,,0.1279491833030853,0.3642611683848797,,,848,1082
209,209,5,1,18,1,1,1,844,614,4,468,95, ,0.1279491833030853,0.3642611683848797,,,848,1082
210,210,2,1,19,0,0,0,862,631,325,58,-1,,0.15494555353901995,0.28350515463917525,,,1187,689
211,211,3,1,19,1,0,0,862,631,325,58,-1,,0.15494555353901995,0.28350515463917525,,,1187,689
212,212,4,1,19,1,1,0,862,631,325,27,-1,,0.15494555353901995,0.2768470790378007,,,1187,658
213,213,5,1,19,1,1,1,862,631,44,27,94,(72),0.1336963097398669,0.2768470790378007,,,906,658
214,214,5,1,19,1,1,2,923,633,89,19,94,Inventor:,0.14632486388384755,0.2759879725085911,,,1012,652
215,215,5,1,19,1,1,3,1022,633,40,22,93,"Lin,",0.15759225650332728,0.2766323024054983,applicant_line_1,"Lin,",1062,655
216,216,5,1,19,1,1,4,1072,633,115,23,92,Hsin-Yung,0.17082577132486387,0.2768470790378007,applicant_line_1,Hsin-Yung,1187,656
217,217,4,1,19,1,2,0,922,666,256,23,-1,,0.1588021778584392,0.29102233676975947,,,1178,689
218,218,5,1,19,1,2,1,922,666,105,23,96,Shanghai,0.14738354506957047,0.29102233676975947,,,1027,689
219,219,5,1,19,1,2,2,1036,666,83,18,95,201-801,0.1629612825166364,0.28994845360824745,,,1119,684
220,220,5,1,19,1,2,3,1130,666,48,23,95,(CN),0.17453115547489415,0.29102233676975947,,,1178,689
221,221,2,1,20,0,0,0,862,730,291,90,-1,,0.15237447065940715,0.3329037800687285,,,1153,820
222,222,3,1,20,1,0,0,862,730,291,90,-1,,0.15237447065940715,0.3329037800687285,,,1153,820
223,223,4,1,20,1,1,0,862,730,281,26,-1,,0.15161826981246218,0.31915807560137455,,,1143,756
224,224,5,1,20,1,1,1,862,730,44,26,96,(74),0.1336963097398669,0.31915807560137455,,,906,756
225,225,5,1,20,1,1,2,923,732,163,23,93,Representative:,0.15192075015124018,0.31937285223367695,,,1086,755
226,226,5,1,20,1,1,3,1095,732,48,18,92,TBK,0.1692377495462795,0.31829896907216493,representative_line_1_eu,TBK,1143,750
227,227,4,1,20,1,2,0,923,765,169,23,-1,,0.15237447065940715,0.3335481099656357,,,1092,788
228,228,5,1,20,1,2,1,923,765,128,23,92,Bavariaring,0.14927404718693285,0.3335481099656357,,,1051,788
229,229,5,1,20,1,2,2,1059,765,33,18,96,4-6,0.16265880217785844,0.3324742268041237,,,1092,783
230,230,4,1,20,1,3,0,922,797,231,23,-1,,0.15691167574107684,0.3472938144329897,,,1153,820
231,231,5,1,20,1,3,1,922,797,64,19,93,80336,0.1442831215970962,0.34643470790378006,,,986,816
232,232,5,1,20,1,3,2,996,797,101,19,85,Miinchen,0.15827283726557773,0.34643470790378006,,,1097,816
233,233,5,1,20,1,3,3,1107,797,46,23,95,(DE),0.17090139140955837,0.3472938144329897,,,1153,820
234,234,2,1,21,0,0,0,862,863,99,18,-1,,0.13785541439806412,0.3745704467353952,,,961,881
235,235,3,1,21,1,0,0,862,863,99,18,-1,,0.13785541439806412,0.3745704467353952,,,961,881
236,236,4,1,21,1,1,0,862,863,99,18,-1,,0.13785541439806412,0.3745704467353952,,,961,881
237,237,5,1,21,1,1,1,862,863,99,18,96,Remarks:,0.13785541439806412,0.3745704467353952,,,961,881
238,238,2,1,22,0,0,0,922,895,522,85,-1,,0.17891712038717483,0.4027061855670103,,,1444,980
239,239,3,1,22,1,0,0,922,895,522,85,-1,,0.17891712038717483,0.4027061855670103,,,1444,980
240,240,4,1,22,1,1,0,922,895,474,23,-1,,0.1752873563218391,0.3893900343642612,,,1396,918
241,241,5,1,22,1,1,1,922,895,43,19,96,This,0.1426950998185118,0.38853092783505155,,,965,914
242,242,5,1,22,1,1,2,974,895,111,23,96,application,0.15570175438596492,0.3893900343642612,,,1085,918
243,243,5,1,22,1,1,3,1093,900,42,14,96,was,0.16848154869933454,0.3896048109965636,,,1135,914
244,244,5,1,22,1,1,4,1142,895,43,19,96,filed,0.17596793708408953,0.38853092783505155,,,1185,914
245,245,5,1,22,1,1,5,1193,900,25,14,95,on,0.1823200241984271,0.3896048109965636,,,1218,914
246,246,5,1,22,1,1,6,1226,895,119,19,96,29.06.2018,0.19441923774954628,0.38853092783505155,,,1345,914
247,247,5,1,22,1,1,7,1353,900,24,14,96,as,0.20644283121597096,0.3896048109965636,,,1377,914
248,248,5,1,22,1,1,8,1385,900,11,14,96,a,0.2102994555353902,0.3896048109965636,,,1396,914
249,249,4,1,22,1,2,0,922,929,522,23,-1,,0.17891712038717483,0.40399484536082475,,,1444,952
250,250,5,1,22,1,2,1,922,929,96,18,96,divisional,0.14670296430732002,0.4029209621993127,,,1018,947
251,251,5,1,22,1,2,2,1027,929,111,23,96,application,0.16371748336358136,0.40399484536082475,,,1138,952
252,252,5,1,22,1,2,3,1147,929,19,18,96,to,0.17490925589836662,0.4029209621993127,,,1166,947
253,253,5,1,22,1,2,4,1174,929,31,18,96,the,0.17990018148820328,0.4029209621993127,,,1205,947
254,254,5,1,22,1,2,5,1214,929,112,23,96,application,0.19207501512401695,0.40399484536082475,,,1326,952
255,255,5,1,22,1,2,6,1336,929,108,18,96,mentioned,0.2102238354506957,0.4029209621993127,,,1444,947
256,256,4,1,22,1,3,0,923,961,209,19,-1,,0.15539927404718692,0.4168814432989691,,,1132,980
257,257,5,1,22,1,3,1,923,961,59,19,93,under,0.1440562613430127,0.4168814432989691,,,982,980
258,258,5,1,22,1,3,2,991,961,45,19,92,INID,0.15328191167574107,0.4168814432989691,,,1036,980
259,259,5,1,22,1,3,3,1044,961,50,19,96,code,0.16167574107683,0.4168814432989691,,,1094,980
260,260,5,1,22,1,3,4,1103,961,29,19,96,62.,0.16901088929219601,0.4168814432989691,,,1132,980
261,261,2,1,23,0,0,0,224,1077,1243,8,-1,,0.1278735632183908,0.4643470790378007,,,1467,1085
262,262,3,1,23,1,0,0,224,1077,1243,8,-1,,0.1278735632183908,0.4643470790378007,,,1467,1085
263,263,4,1,23,1,1,0,224,1077,1243,8,-1,,0.1278735632183908,0.4643470790378007,,,1467,1085
264,264,5,1,23,1,1,1,224,1077,1243,8,95, ,0.1278735632183908,0.4643470790378007,,,1467,1085
265,265,2,1,24,0,0,0,225,1099,45,26,-1,,0.037431941923774956,0.47766323024054985,,,270,1125
266,266,3,1,24,1,0,0,225,1099,45,26,-1,,0.037431941923774956,0.47766323024054985,,,270,1125
267,267,4,1,24,1,1,0,225,1099,45,26,-1,,0.037431941923774956,0.47766323024054985,,,270,1125
268,268,5,1,24,1,1,1,225,1099,45,26,96,(54),0.037431941923774956,0.47766323024054985,,,270,1125
269,269,2,1,25,0,0,0,225,1173,583,189,-1,,0.07811554748941318,0.5444587628865979,,,808,1362
270,270,3,1,25,1,0,0,225,1173,583,189,-1,,0.07811554748941318,0.5444587628865979,,,808,1362
271,271,4,1,25,1,1,0,225,1173,582,27,-1,,0.0780399274047187,0.5096649484536082,,,807,1200
272,272,5,1,25,1,1,1,225,1173,45,27,88,(57),0.037431941923774956,0.5096649484536082,,,270,1200
273,273,5,1,25,1,1,2,0,0,1653,2328,26,‚Äî,0.125,0.5,,,1653,2328
274,274,5,1,25,1,1,3,315,1175,182,24,78,Ananti-explosion,0.06140350877192982,0.5098797250859106,,,497,1199
275,275,5,1,25,1,1,4,506,1180,38,19,96,gas,0.0794010889292196,0.5109536082474226,,,544,1199
276,276,5,1,25,1,1,5,552,1176,102,23,96,generator,0.0911978221415608,0.510094501718213,,,654,1199
277,277,5,1,25,1,1,6,661,1175,28,19,96,for,0.10208711433756806,0.5088058419243986,,,689,1194
278,278,5,1,25,1,1,7,698,1175,63,19,96,health,0.110329703569268,0.5088058419243986,,,761,1194
279,279,5,1,25,1,1,8,771,1180,36,14,96,use,0.11932849364791288,0.5098797250859106,,,807,1194
280,280,4,1,25,1,2,0,226,1208,581,23,-1,,0.07811554748941318,0.523840206185567,,,807,1231
281,281,5,1,25,1,2,1,226,1208,14,19,97,is,0.035238959467634605,0.5229810996563574,,,240,1227
282,282,5,1,25,1,2,2,249,1208,95,23,96,provided.,0.04484271022383545,0.523840206185567,,,344,1231
283,283,5,1,25,1,2,3,353,1208,40,19,91,The,0.05641258318209316,0.5229810996563574,,,393,1227
284,284,5,1,25,1,2,4,401,1208,145,23,91,anti-explosion,0.07161222020568662,0.523840206185567,,,546,1231
285,285,5,1,25,1,2,5,555,1213,37,18,96,gas,0.0867362371445856,0.5249140893470791,,,592,1231
286,286,5,1,25,1,2,6,600,1209,93,22,96,generator,0.09777676950998185,0.5240549828178694,,,693,1231
287,287,5,1,25,1,2,7,695,1208,41,19,96,for,0.10821234119782214,0.5229810996563574,,,736,1227
288,288,5,1,25,1,2,8,744,1208,63,19,96,health,0.11728675136116153,0.5229810996563574,,,807,1227
289,289,4,1,25,1,3,0,226,1241,582,23,-1,,0.07819116757410768,0.5380154639175257,,,808,1264
290,290,5,1,25,1,3,1,226,1246,36,13,60,use,0.03690260133091349,0.5380154639175257,,,262,1259
291,291,5,1,25,1,3,2,268,1241,85,18,60,includes,0.04696007259528131,0.5369415807560137,,,353,1259
292,292,5,1,25,1,3,3,358,1246,11,13,96,an,0.05497580157289776,0.5380154639175257,,,369,1259
293,293,5,1,25,1,3,4,373,1241,132,23,96,electrolysis,0.06639443436176648,0.5380154639175257,,,505,1264
294,294,5,1,25,1,3,5,510,1241,67,18,96,device,0.08219903206291591,0.5369415807560137,,,577,1259
295,295,5,1,25,1,3,6,582,1241,28,18,93,for,0.09013914095583787,0.5369415807560137,,,610,1259
296,296,5,1,25,1,3,7,614,1241,130,23,92,electrolyzing,0.10269207501512402,0.5380154639175257,,,744,1264
297,297,5,1,25,1,3,8,749,1242,59,17,96,water,0.1177404718693285,0.5371563573883161,,,808,1259
298,298,4,1,25,1,4,0,225,1274,582,23,-1,,0.0780399274047187,0.5521907216494846,,,807,1297
299,299,5,1,25,1,4,1,225,1274,18,18,96,to,0.03539019963702359,0.5511168384879725,,,243,1292
300,300,5,1,25,1,4,2,253,1274,84,23,96,produce,0.044615849969751965,0.5521907216494846,,,337,1297
301,301,5,1,25,1,4,3,345,1278,12,14,96,a,0.05308529945553539,0.5519759450171822,,,357,1292
302,302,5,1,25,1,4,4,366,1278,36,19,96,gas,0.05807622504537205,0.5530498281786942,,,402,1297
303,303,5,1,25,1,4,5,412,1274,76,18,96,mixture,0.06805807622504537,0.5511168384879725,,,488,1292
304,304,5,1,25,1,4,6,496,1274,20,18,96,of,0.0765275257108288,0.5511168384879725,,,516,1292
305,305,5,1,25,1,4,7,524,1274,96,23,96,hydrogen,0.08650937689050212,0.5521907216494846,,,620,1297
306,306,5,1,25,1,4,8,630,1274,38,18,96,and,0.09815486993345432,0.5511168384879725,,,668,1292
307,307,5,1,25,1,4,9,677,1278,80,19,96,oxygen.,0.10843920145190562,0.5530498281786942,,,757,1297
308,308,5,1,25,1,4,10,767,1274,40,18,96,The,0.11902601330913491,0.5511168384879725,,,807,1292
309,309,4,1,25,1,5,0,225,1306,582,23,-1,,0.0780399274047187,0.5659364261168385,,,807,1329
310,310,5,1,25,1,5,1,225,1311,37,18,96,gas,0.036826981246219,0.5670103092783505,,,262,1329
311,311,5,1,25,1,5,2,267,1307,93,22,96,generator,0.04741379310344827,0.5661512027491409,,,360,1329
312,312,5,1,25,1,5,3,362,1306,38,19,96,for,0.057622504537205084,0.5650773195876289,,,400,1325
313,313,5,1,25,1,5,4,406,1306,61,19,96,health,0.06601633393829401,0.5650773195876289,,,467,1325
314,314,5,1,25,1,5,5,475,1311,36,14,96,use,0.07456140350877193,0.5661512027491409,,,511,1325
315,315,5,1,25,1,5,6,515,1306,61,19,95,further,0.08250151240169389,0.5650773195876289,,,576,1325
316,316,5,1,25,1,5,7,577,1306,98,19,95,includes,0.09467634603750756,0.5650773195876289,,,675,1325
317,317,5,1,25,1,5,8,680,1311,11,14,95,a,0.10367513611615245,0.5661512027491409,,,691,1325
318,318,5,1,25,1,5,9,697,1311,38,18,95,gas,0.10828796128251664,0.5670103092783505,,,735,1329
319,319,5,1,25,1,5,10,741,1306,66,23,96,mixing,0.11705989110707804,0.5659364261168385,,,807,1329
320,320,4,1,25,1,6,0,225,1339,582,23,-1,,0.0780399274047187,0.5801116838487973,,,807,1362
321,321,5,1,25,1,6,1,225,1340,73,22,95,system,0.039549304295220813,0.5803264604810997,,,298,1362
322,322,5,1,25,1,6,2,309,1339,82,23,95,coupled,0.052934059286146404,0.5801116838487973,,,391,1362
323,323,5,1,25,1,6,3,401,1340,18,17,97,to,0.062008469449485785,0.5792525773195877,,,419,1357
324,324,5,1,25,1,6,4,430,1339,32,18,96,the,0.06745311554748941,0.5790378006872853,,,462,1357
325,325,5,1,25,1,6,5,472,1339,116,23,96,electrolysis,0.08015728977616456,0.5801116838487973,,,588,1362
326,326,5,1,25,1,6,6,598,1339,68,18,96,device,0.0955837870538415,0.5790378006872853,,,666,1357
327,327,5,1,25,1,6,7,675,1339,28,18,96,for,0.10420447670901391,0.5790378006872853,,,703,1357
328,328,5,1,25,1,6,8,714,1339,93,23,96,receiving,0.11501814882032668,0.5801116838487973,,,807,1362
329,329,2,1,26,0,0,0,315,1099,707,21,-1,,0.10110405323653962,0.47658934707903783,,,1022,1120
330,330,3,1,26,1,0,0,315,1099,707,21,-1,,0.10110405323653962,0.47658934707903783,,,1022,1120
331,331,4,1,26,1,1,0,315,1099,707,21,-1,,0.10110405323653962,0.47658934707903783,,,1022,1120
332,332,5,1,26,1,1,1,315,1099,223,21,91,ANTI-EXPLOSION,0.06450393224440411,0.47658934707903783,title_line_1,ANTI-EXPLOSION,538,1120
333,333,5,1,26,1,1,2,549,1099,55,21,96,GAS,0.08718995765275257,0.47658934707903783,title_line_1,GAS,604,1120
334,334,5,1,26,1,1,3,614,1099,148,21,95,GENERATOR,0.10405323653962492,0.47658934707903783,title_line_1,GENERATOR,762,1120
335,335,5,1,26,1,1,4,765,1099,80,21,95,FOR,0.12174833635813673,0.47658934707903783,title_line_1,FOR,845,1120
336,336,5,1,26,1,1,5,855,1099,104,20,96,HEALTH,0.13717483363581368,0.47637457044673537,title_line_1,HEALTH,959,1119
337,337,5,1,26,1,1,6,970,1099,52,21,96,USE,0.15063520871143377,0.47658934707903783,title_line_1,USE,1022,1120
338,338,2,1,27,0,0,0,884,1175,582,154,-1,,0.17770719903206292,0.5378006872852233,,,1466,1329
339,339,3,1,27,1,0,0,884,1175,582,154,-1,,0.17770719903206292,0.5378006872852233,,,1466,1329
340,340,4,1,27,1,1,0,884,1175,582,24,-1,,0.17770719903206292,0.5098797250859106,,,1466,1199
341,341,5,1,27,1,1,1,884,1175,32,19,96,the,0.13611615245009073,0.5088058419243986,,,916,1194
342,342,5,1,27,1,1,2,925,1180,37,19,96,gas,0.1426950998185118,0.5109536082474226,,,962,1199
343,343,5,1,27,1,1,3,972,1175,81,19,96,mixture.,0.1531306715063521,0.5088058419243986,,,1053,1194
344,344,5,1,27,1,1,4,1063,1175,40,19,96,The,0.16379310344827586,0.5088058419243986,,,1103,1194
345,345,5,1,27,1,1,5,1112,1180,37,19,96,gas,0.17097701149425287,0.5109536082474226,,,1149,1199
346,346,5,1,27,1,1,6,1160,1175,65,24,96,mixing,0.18035390199637025,0.5098797250859106,,,1225,1199
347,347,5,1,27,1,1,7,1235,1176,73,23,96,system,0.19230187537810042,0.510094501718213,,,1308,1199
348,348,5,1,27,1,1,8,1320,1175,59,19,96,mixes,0.20409860859044163,0.5088058419243986,,,1379,1194
349,349,5,1,27,1,1,9,1388,1175,32,19,96,the,0.21234119782214156,0.5088058419243986,,,1420,1194
350,350,5,1,27,1,1,10,1429,1180,37,19,96,gas,0.2189201451905626,0.5109536082474226,,,1466,1199
351,351,4,1,27,1,2,0,885,1208,581,23,-1,,0.17778281911675742,0.523840206185567,,,1466,1231
352,352,5,1,27,1,2,1,885,1208,75,19,96,mixture,0.139519056261343,0.5229810996563574,,,960,1227
353,353,5,1,27,1,2,2,968,1208,40,19,96,with,0.14942528735632185,0.5229810996563574,,,1008,1227
354,354,5,1,27,1,2,3,1016,1209,58,18,96,water,0.15804597701149425,0.5231958762886598,,,1074,1227
355,355,5,1,27,1,2,4,1080,1213,65,18,96,"vapor,",0.16825468844525107,0.5249140893470791,,,1145,1231
356,356,5,1,27,1,2,5,1154,1213,24,14,96,an,0.176346037507562,0.5240549828178694,,,1178,1227
357,357,5,1,27,1,2,6,1186,1208,94,19,96,atomized,0.18647912885662432,0.5229810996563574,,,1280,1227
358,358,5,1,27,1,2,7,1290,1208,98,22,96,"medicine,",0.20251058681185724,0.5236254295532646,,,1388,1230
359,359,5,1,27,1,2,8,1397,1213,11,14,92,a,0.2121143375680581,0.5240549828178694,,,1408,1227
360,360,5,1,27,1,2,9,1416,1208,50,19,92,vola-,0.2179370840895342,0.5229810996563574,,,1466,1227
361,361,4,1,27,1,3,0,884,1241,582,23,-1,,0.17770719903206292,0.5380154639175257,,,1466,1264
362,362,5,1,27,1,3,1,884,1241,29,18,96,tile,0.13588929219600726,0.5369415807560137,,,913,1259
363,363,5,1,27,1,3,2,923,1241,92,18,96,essential,0.14655172413793102,0.5369415807560137,,,1015,1259
364,364,5,1,27,1,3,3,1026,1241,22,18,96,oil,0.15683605565638234,0.5369415807560137,,,1048,1259
365,365,5,1,27,1,3,4,1058,1246,21,13,96,or,0.1616001209921355,0.5380154639175257,,,1079,1259
366,366,5,1,27,1,3,5,1088,1246,12,13,96,a,0.16545674531155474,0.5380154639175257,,,1100,1259
367,367,5,1,27,1,3,6,1111,1241,126,18,96,combination,0.17755595886267392,0.5369415807560137,,,1237,1259
368,368,5,1,27,1,3,7,1248,1241,74,18,96,thereof,0.19434361766485178,0.5369415807560137,,,1322,1259
369,369,5,1,27,1,3,8,1330,1242,19,17,96,to,0.2025862068965517,0.5371563573883161,,,1349,1259
370,370,5,1,27,1,3,9,1360,1241,84,23,96,produce,0.2120387174833636,0.5380154639175257,,,1444,1264
371,371,5,1,27,1,3,10,1454,1246,12,13,96,a,0.220810647307925,0.5380154639175257,,,1466,1259
372,372,4,1,27,1,4,0,885,1274,580,23,-1,,0.17770719903206292,0.5521907216494846,,,1465,1297
373,373,5,1,27,1,4,1,885,1274,62,18,96,health,0.1385359951603146,0.5511168384879725,,,947,1292
374,374,5,1,27,1,4,2,955,1278,43,19,96,gas.,0.14768602540834846,0.5530498281786942,,,998,1297
375,375,5,1,27,1,4,3,1006,1274,40,18,96,The,0.15517241379310345,0.5511168384879725,,,1046,1292
376,376,5,1,27,1,4,4,1056,1274,61,18,96,health,0.16432244404113733,0.5511168384879725,,,1117,1292
377,377,5,1,27,1,4,5,1125,1278,25,19,96,gas,0.1720356926799758,0.5530498281786942,,,1150,1297
378,378,5,1,27,1,4,6,1152,1274,34,18,96,is,0.17679975801572897,0.5511168384879725,,,1186,1292
379,379,5,1,27,1,4,7,1195,1274,88,23,97,provided,0.18738656987295826,0.5521907216494846,,,1283,1297
380,380,5,1,27,1,4,8,1291,1274,28,18,96,for,0.19736842105263158,0.5511168384879725,,,1319,1292
381,381,5,1,27,1,4,9,1327,1274,55,23,97,being,0.20485480943738657,0.5521907216494846,,,1382,1297
382,382,5,1,27,1,4,10,1392,1274,73,18,96,inhaled,0.2160465819721718,0.5511168384879725,,,1465,1292
383,383,4,1,27,1,5,0,885,1306,101,23,-1,,0.1414851784633999,0.5659364261168385,,,986,1329
384,384,5,1,27,1,5,1,885,1306,23,23,96,by,0.1355868118572293,0.5659364261168385,,,908,1329
385,385,5,1,27,1,5,2,915,1311,12,14,95,a,0.13929219600725953,0.5661512027491409,,,927,1325
386,386,5,1,27,1,5,3,937,1311,49,14,94,user.,0.1454174228675136,0.5661512027491409,,,986,1325
387,387,2,1,28,0,0,0,995,1454,67,24,-1,,0.15555051421657592,0.6297250859106529,,,1062,1478
388,388,3,1,28,1,0,0,995,1454,67,24,-1,,0.15555051421657592,0.6297250859106529,,,1062,1478
389,389,4,1,28,1,1,0,995,1454,67,24,-1,,0.15555051421657592,0.6297250859106529,,,1062,1478
390,390,5,1,28,1,1,1,995,1454,67,24,29,4,0.15555051421657592,0.6297250859106529,,,1062,1478
391,391,2,1,29,0,0,0,918,1528,20,17,-1,,0.14035087719298245,0.6600085910652921,,,938,1545
392,392,3,1,29,1,0,0,918,1528,20,17,-1,,0.14035087719298245,0.6600085910652921,,,938,1545
393,393,4,1,29,1,1,0,918,1528,20,17,-1,,0.14035087719298245,0.6600085910652921,,,938,1545
394,394,5,1,29,1,1,1,918,1528,20,17,39,IS,0.14035087719298245,0.6600085910652921,,,938,1545
395,395,2,1,30,0,0,0,881,1509,2,56,-1,,0.13339382940108893,0.6602233676975945,,,883,1565
396,396,3,1,30,1,0,0,881,1509,2,56,-1,,0.13339382940108893,0.6602233676975945,,,883,1565
397,397,4,1,30,1,1,0,881,1509,2,56,-1,,0.13339382940108893,0.6602233676975945,,,883,1565
398,398,5,1,30,1,1,1,881,1509,2,56,95, ,0.13339382940108893,0.6602233676975945,,,883,1565
399,399,2,1,31,0,0,0,1073,1618,189,19,-1,,0.1765728977616455,0.6990979381443299,,,1262,1637
400,400,3,1,31,1,0,0,1073,1618,189,19,-1,,0.1765728977616455,0.6990979381443299,,,1262,1637
401,401,4,1,31,1,1,0,1073,1618,189,19,-1,,0.1765728977616455,0.6990979381443299,,,1262,1637
402,402,5,1,31,1,1,1,0,0,1653,2328,64,|,0.125,0.5,,,1653,2328
403,403,5,1,31,1,1,2,1073,1620,145,17,6,‚Äî‚Äî‚Äî--~,0.17324561403508773,0.6995274914089347,,,1218,1637
404,404,5,1,31,1,1,3,1229,1618,33,18,95,110,0.18836963097398668,0.6988831615120275,,,1262,1636
405,405,2,1,32,0,0,0,574,1660,522,4,-1,,0.12628554143980641,0.7139175257731959,,,1096,1664
406,406,3,1,32,1,0,0,574,1660,522,4,-1,,0.12628554143980641,0.7139175257731959,,,1096,1664
407,407,4,1,32,1,1,0,574,1660,522,4,-1,,0.12628554143980641,0.7139175257731959,,,1096,1664
408,408,5,1,32,1,1,1,574,1660,522,4,95, ,0.12628554143980641,0.7139175257731959,,,1096,1664
409,409,2,1,33,0,0,0,589,1775,22,2,-1,,0.09074410163339383,0.7628865979381443,,,611,1777
410,410,3,1,33,1,0,0,589,1775,22,2,-1,,0.09074410163339383,0.7628865979381443,,,611,1777
411,411,4,1,33,1,1,0,589,1775,22,2,-1,,0.09074410163339383,0.7628865979381443,,,611,1777
412,412,5,1,33,1,1,1,589,1775,22,2,95, ,0.09074410163339383,0.7628865979381443,,,611,1777
413,413,2,1,34,0,0,0,588,1775,4,198,-1,,0.08923169993950393,0.8049828178694158,,,592,1973
414,414,3,1,34,1,0,0,588,1775,4,198,-1,,0.08923169993950393,0.8049828178694158,,,592,1973
415,415,4,1,34,1,1,0,588,1775,4,198,-1,,0.08923169993950393,0.8049828178694158,,,592,1973
416,416,5,1,34,1,1,1,588,1775,4,198,95, ,0.08923169993950393,0.8049828178694158,,,592,1973
417,417,2,1,35,0,0,0,608,1775,4,198,-1,,0.09225650332728373,0.8049828178694158,,,612,1973
418,418,3,1,35,1,0,0,608,1775,4,198,-1,,0.09225650332728373,0.8049828178694158,,,612,1973
419,419,4,1,35,1,1,0,608,1775,4,198,-1,,0.09225650332728373,0.8049828178694158,,,612,1973
420,420,5,1,35,1,1,1,608,1775,4,198,95, ,0.09225650332728373,0.8049828178694158,,,612,1973
421,421,2,1,36,0,0,0,490,1970,121,4,-1,,0.08325771324863884,0.8470790378006873,,,611,1974
422,422,3,1,36,1,0,0,490,1970,121,4,-1,,0.08325771324863884,0.8470790378006873,,,611,1974
423,423,4,1,36,1,1,0,490,1970,121,4,-1,,0.08325771324863884,0.8470790378006873,,,611,1974
424,424,5,1,36,1,1,1,490,1970,121,4,95, ,0.08325771324863884,0.8470790378006873,,,611,1974
425,425,2,1,37,0,0,0,573,1661,4,338,-1,,0.08696309739866909,0.7860824742268041,,,577,1999
426,426,3,1,37,1,0,0,573,1661,4,338,-1,,0.08696309739866909,0.7860824742268041,,,577,1999
427,427,4,1,37,1,1,0,573,1661,4,338,-1,,0.08696309739866909,0.7860824742268041,,,577,1999
428,428,5,1,37,1,1,1,573,1661,4,338,95, ,0.08696309739866909,0.7860824742268041,,,577,1999
429,429,2,1,38,0,0,0,536,1674,716,118,-1,,0.13520871143375682,0.7444158075601375,,,1252,1792
430,430,3,1,38,1,0,0,536,1674,716,118,-1,,0.13520871143375682,0.7444158075601375,,,1252,1792
431,431,4,1,38,1,1,0,536,1674,716,118,-1,,0.13520871143375682,0.7444158075601375,,,1252,1792
432,432,5,1,38,1,1,1,536,1683,560,109,20,pA,0.12341197822141561,0.7463487972508591,,,1096,1792
433,433,5,1,38,1,1,2,1105,1674,147,96,0,L/L,0.1782365396249244,0.7396907216494846,,,1252,1770
434,434,2,1,39,0,0,0,1076,1775,4,198,-1,,0.1630369026013309,0.8049828178694158,,,1080,1973
435,435,3,1,39,1,0,0,1076,1775,4,198,-1,,0.1630369026013309,0.8049828178694158,,,1080,1973
436,436,4,1,39,1,1,0,1076,1775,4,198,-1,,0.1630369026013309,0.8049828178694158,,,1080,1973
437,437,5,1,39,1,1,1,1076,1775,4,198,95, ,0.1630369026013309,0.8049828178694158,,,1080,1973
438,438,2,1,40,0,0,0,1093,1661,4,338,-1,,0.16560798548094374,0.7860824742268041,,,1097,1999
439,439,3,1,40,1,0,0,1093,1661,4,338,-1,,0.16560798548094374,0.7860824742268041,,,1097,1999
440,440,4,1,40,1,1,0,1093,1661,4,338,-1,,0.16560798548094374,0.7860824742268041,,,1097,1999
441,441,5,1,40,1,1,1,1093,1661,4,338,95, ,0.16560798548094374,0.7860824742268041,,,1097,1999
442,442,2,1,41,0,0,0,574,1996,522,4,-1,,0.12628554143980641,0.8582474226804123,,,1096,2000
443,443,3,1,41,1,0,0,574,1996,522,4,-1,,0.12628554143980641,0.8582474226804123,,,1096,2000
444,444,4,1,41,1,1,0,574,1996,522,4,-1,,0.12628554143980641,0.8582474226804123,,,1096,2000
445,445,5,1,41,1,1,1,574,1996,522,4,95, ,0.12628554143980641,0.8582474226804123,,,1096,2000
446,446,2,1,42,0,0,0,907,2072,33,18,-1,,0.139670296430732,0.8939003436426117,,,940,2090
447,447,3,1,42,1,0,0,907,2072,33,18,-1,,0.139670296430732,0.8939003436426117,,,940,2090
448,448,4,1,42,1,1,0,907,2072,33,18,-1,,0.139670296430732,0.8939003436426117,,,940,2090
449,449,5,1,42,1,1,1,907,2072,33,18,96,104,0.139670296430732,0.8939003436426117,,,940,2090
450,450,2,1,43,0,0,0,788,2158,131,38,-1,,0.12908348457350272,0.9351374570446735,,,919,2196
451,451,3,1,43,1,0,0,788,2158,131,38,-1,,0.12908348457350272,0.9351374570446735,,,919,2196
452,452,4,1,43,1,1,0,788,2158,131,38,-1,,0.12908348457350272,0.9351374570446735,,,919,2196
453,453,5,1,43,1,1,1,788,2158,94,38,83,FIG.,0.12628554143980641,0.9351374570446735,,,882,2196
454,454,5,1,43,1,1,2,905,2158,14,37,95,1,0.13793103448275862,0.9349226804123711,,,919,2195
455,455,2,1,44,0,0,0,716,2270,259,16,-1,,0.1278735632183908,0.9785223367697594,,,975,2286
456,456,3,1,44,1,0,0,716,2270,259,16,-1,,0.1278735632183908,0.9785223367697594,,,975,2286
457,457,4,1,44,1,1,0,716,2270,259,16,-1,,0.1278735632183908,0.9785223367697594,,,975,2286
458,458,5,1,44,1,1,1,716,2270,49,12,96,Printed,0.11199334543254688,0.9776632302405498,,,765,2282
459,459,5,1,44,1,1,2,771,2270,15,16,96,by,0.1177404718693285,0.9785223367697594,,,786,2286
460,460,5,1,44,1,1,3,792,2270,45,14,96,"Jouve,",0.12318511796733213,0.9780927835051546,,,837,2284
461,461,5,1,44,1,1,4,843,2270,41,12,96,75001,0.13059588626739263,0.9776632302405498,,,884,2282
462,462,5,1,44,1,1,5,893,2270,46,12,96,PARIS,0.1385359951603146,0.9776632302405498,,,939,2282
463,463,5,1,44,1,1,6,945,2270,30,16,95,(FR),0.14519056261343014,0.9785223367697594,,,975,2286
