,Unnamed: 0,level,page_num,block_num,par_num,line_num,word_num,left,top,width,height,conf,text,x,y,label,target,right,bottom
0,0,1,1,0,0,0,0,0,0,1653,2328,-1,,0.125,0.5,,,1653,2328
1,1,2,1,1,0,0,0,144,1905,31,328,-1,,0.02412280701754386,0.8887457044673539,,,175,2233
2,2,3,1,1,1,0,0,144,1905,31,328,-1,,0.02412280701754386,0.8887457044673539,,,175,2233
3,3,4,1,1,1,1,0,144,1905,31,328,-1,,0.02412280701754386,0.8887457044673539,,,175,2233
4,4,5,1,1,1,1,1,144,2179,30,54,95,EP,0.024047186932849365,0.947594501718213,,,174,2233
5,5,5,1,1,1,1,2,144,2142,31,21,95,3,0.02412280701754386,0.9246134020618557,,,175,2163
6,6,5,1,1,1,1,3,144,2055,31,71,95,402,0.02412280701754386,0.8979810996563574,,,175,2126
7,7,5,1,1,1,1,4,144,1968,31,70,90,166,0.02412280701754386,0.8603951890034365,,,175,2038
8,8,5,1,1,1,1,5,144,1905,30,50,90,A1,0.024047186932849365,0.8290378006872853,,,174,1955
9,9,2,1,2,0,0,0,429,153,88,28,-1,,0.07153660012099214,0.07173539518900343,,,517,181
10,10,3,1,2,1,0,0,429,153,88,28,-1,,0.07153660012099214,0.07173539518900343,,,517,181
11,11,4,1,2,1,1,0,429,153,88,16,-1,,0.07153660012099214,0.06915807560137457,,,517,169
12,12,5,1,2,1,1,1,429,153,88,16,84,Europaisches,0.07153660012099214,0.06915807560137457,,,517,169
13,13,4,1,2,1,2,0,429,170,71,11,-1,,0.07025105868118572,0.07538659793814433,,,500,181
14,14,5,1,2,1,2,1,429,170,71,11,96,Patentamt,0.07025105868118572,0.07538659793814433,,,500,181
15,15,2,1,3,0,0,0,429,196,89,28,-1,,0.07161222020568662,0.09020618556701031,,,518,224
16,16,3,1,3,1,0,0,429,196,89,28,-1,,0.07161222020568662,0.09020618556701031,,,518,224
17,17,4,1,3,1,1,0,429,196,63,15,-1,,0.06964609800362977,0.08741408934707903,,,492,211
18,18,5,1,3,1,1,1,429,196,63,15,95,European,0.06964609800362977,0.08741408934707903,,,492,211
19,19,4,1,3,1,2,0,429,212,89,12,-1,,0.07161222020568662,0.0936426116838488,,,518,224
20,20,5,1,3,1,2,1,429,213,43,11,96,Patent,0.06813369630973987,0.0938573883161512,,,472,224
21,21,5,1,3,1,2,2,478,212,40,12,90,Office,0.07531760435571688,0.0936426116838488,,,518,224
22,22,2,1,4,0,0,0,429,239,109,28,-1,,0.07312462189957653,0.10867697594501718,,,538,267
23,23,3,1,4,1,0,0,429,239,109,28,-1,,0.07312462189957653,0.10867697594501718,,,538,267
24,24,4,1,4,1,1,0,429,239,109,15,-1,,0.07312462189957653,0.10588487972508591,,,538,254
25,25,5,1,4,1,1,1,429,239,40,12,93,Office,0.06790683605565638,0.1052405498281787,,,469,251
26,26,5,1,4,1,1,2,474,239,64,15,93,europ√©en,0.0765275257108288,0.10588487972508591,,,538,254
27,27,4,1,4,1,2,0,429,255,77,12,-1,,0.0707047791893527,0.11211340206185567,,,506,267
28,28,5,1,4,1,2,1,429,255,22,12,95,des,0.06654567453115548,0.11211340206185567,,,451,267
29,29,5,1,4,1,2,2,457,255,49,12,82,brevets,0.07282214156079855,0.11211340206185567,,,506,267
30,30,2,1,5,0,0,0,281,136,274,150,-1,,0.06321839080459771,0.09063573883161512,,,555,286
31,31,3,1,5,1,0,0,281,136,274,150,-1,,0.06321839080459771,0.09063573883161512,,,555,286
32,32,4,1,5,1,1,0,281,136,274,150,-1,,0.06321839080459771,0.09063573883161512,,,555,286
33,33,5,1,5,1,1,1,281,136,274,150,95, ,0.06321839080459771,0.09063573883161512,,,555,286
34,34,2,1,6,0,0,0,225,324,45,26,-1,,0.037431941923774956,0.14475945017182132,,,270,350
35,35,3,1,6,1,0,0,225,324,45,26,-1,,0.037431941923774956,0.14475945017182132,,,270,350
36,36,4,1,6,1,1,0,225,324,45,26,-1,,0.037431941923774956,0.14475945017182132,,,270,350
37,37,5,1,6,1,1,1,225,324,45,26,96,(12),0.037431941923774956,0.14475945017182132,,,270,350
38,38,2,1,7,0,0,0,1002,245,458,38,-1,,0.18617664851784635,0.1134020618556701,,,1460,283
39,39,3,1,7,1,0,0,1002,245,458,38,-1,,0.18617664851784635,0.1134020618556701,,,1460,283
40,40,4,1,7,1,1,0,1002,245,458,38,-1,,0.18617664851784635,0.1134020618556701,,,1460,283
41,41,5,1,7,1,1,1,1002,256,44,27,74,(11),0.15486993345432548,0.11576460481099657,,,1046,283
42,42,5,1,7,1,1,2,1146,245,52,32,95,EP,0.17725347852389595,0.11211340206185567,number,EP,1198,277
43,43,5,1,7,1,1,3,1214,245,20,32,96,3,0.1851179673321234,0.11211340206185567,number,3,1234,277
44,44,5,1,7,1,1,4,1248,245,69,32,94,402,0.1939655172413793,0.11211340206185567,number,402,1317,277
45,45,5,1,7,1,1,5,1333,245,67,32,89,166,0.20666969147005446,0.11211340206185567,number,166,1400,277
46,46,5,1,7,1,1,6,1413,245,47,32,89,A1,0.21725650332728372,0.11211340206185567,number,A1,1460,277
47,47,2,1,8,0,0,0,577,319,537,26,-1,,0.1278735632183908,0.14261168384879724,,,1114,345
48,48,3,1,8,1,0,0,577,319,537,26,-1,,0.1278735632183908,0.14261168384879724,,,1114,345
49,49,4,1,8,1,1,0,577,319,537,26,-1,,0.1278735632183908,0.14261168384879724,,,1114,345
50,50,5,1,8,1,1,1,577,319,156,26,96,EUROPEAN,0.09906231094978826,0.14261168384879724,,,733,345
51,51,5,1,8,1,1,2,735,320,135,24,95,PATENT,0.12137023593466424,0.14261168384879724,,,870,344
52,52,5,1,8,1,1,3,873,319,241,26,95,APPLICATION,0.1502571082879613,0.14261168384879724,,,1114,345
53,53,2,1,9,0,0,0,579,354,534,26,-1,,0.1279491833030853,0.15764604810996563,,,1113,380
54,54,3,1,9,1,0,0,579,354,534,26,-1,,0.1279491833030853,0.15764604810996563,,,1113,380
55,55,4,1,9,1,1,0,579,354,534,26,-1,,0.1279491833030853,0.15764604810996563,,,1113,380
56,56,5,1,9,1,1,1,579,354,110,25,96,published,0.09588626739261948,0.15743127147766323,,,689,379
57,57,5,1,9,1,1,2,700,354,17,20,96,in,0.10715366001209921,0.1563573883161512,,,717,374
58,58,5,1,9,1,1,3,727,354,122,21,95,accordance,0.1191772534785239,0.1565721649484536,,,849,375
59,59,5,1,9,1,1,4,850,354,67,21,96,with,0.1336206896551724,0.1565721649484536,,,917,375
60,60,5,1,9,1,1,5,926,354,39,21,93,Art.,0.14299758015728978,0.1565721649484536,,,965,375
61,61,5,1,9,1,1,6,978,354,72,26,91,153(4),0.15335753176043557,0.15764604810996563,,,1050,380
62,62,5,1,9,1,1,7,1061,354,52,21,96,EPC,0.16439806412583183,0.1565721649484536,,,1113,375
63,63,2,1,10,0,0,0,225,432,378,53,-1,,0.06261343012704174,0.19695017182130584,,,603,485
64,64,3,1,10,1,0,0,225,432,378,53,-1,,0.06261343012704174,0.19695017182130584,,,603,485
65,65,4,1,10,1,1,0,225,432,262,26,-1,,0.05384150030248034,0.19115120274914088,,,487,458
66,66,5,1,10,1,1,1,225,432,45,26,94,(43),0.037431941923774956,0.19115120274914088,,,270,458
67,67,5,1,10,1,1,2,286,434,48,18,96,Date,0.04688445251058681,0.19029209621993126,,,334,452
68,68,5,1,10,1,1,3,342,434,20,18,96,of,0.05323653962492438,0.19029209621993126,,,362,452
69,69,5,1,10,1,1,4,370,434,117,23,96,publication:,0.0648064125831821,0.19136597938144329,,,487,457
70,70,4,1,10,1,2,0,286,466,317,19,-1,,0.06722625529340592,0.20425257731958762,,,603,485
71,71,5,1,10,1,2,1,286,466,117,19,92,14.11.2018,0.052102238354506954,0.20425257731958762,publication_date,14.11.2018,403,485
72,72,5,1,10,1,2,2,426,466,84,19,92,Bulletin,0.07078039927404718,0.20425257731958762,,,510,485
73,73,5,1,10,1,2,3,519,466,84,19,96,2018/46,0.08484573502722323,0.20425257731958762,,,603,485
74,74,2,1,11,0,0,0,225,530,402,26,-1,,0.06442831215970962,0.23324742268041238,,,627,556
75,75,3,1,11,1,0,0,225,530,402,26,-1,,0.06442831215970962,0.23324742268041238,,,627,556
76,76,4,1,11,1,1,0,225,530,402,26,-1,,0.06442831215970962,0.23324742268041238,,,627,556
77,77,5,1,11,1,1,1,225,530,45,26,96,(21),0.037431941923774956,0.23324742268041238,,,270,556
78,78,5,1,11,1,1,2,285,532,115,23,96,Application,0.051799758015728975,0.23346219931271478,,,400,555
79,79,5,1,11,1,1,3,410,532,83,18,93,number:,0.06828493647912885,0.23238831615120276,,,493,550
80,80,5,1,11,1,1,4,504,532,123,18,92,17882268.0,0.08552631578947369,0.23238831615120276,application_number,17882268,627,550
81,81,2,1,12,0,0,0,225,596,325,26,-1,,0.05860556563823351,0.2615979381443299,,,550,622
82,82,3,1,12,1,0,0,225,596,325,26,-1,,0.05860556563823351,0.2615979381443299,,,550,622
83,83,4,1,12,1,1,0,225,596,325,26,-1,,0.05860556563823351,0.2615979381443299,,,550,622
84,84,5,1,12,1,1,1,225,596,45,26,96,(22),0.037431941923774956,0.2615979381443299,,,270,622
85,85,5,1,12,1,1,2,286,598,48,18,96,Date,0.04688445251058681,0.2607388316151203,,,334,616
86,86,5,1,12,1,1,3,342,602,12,14,96,of,0.05263157894736842,0.2615979381443299,,,354,616
87,87,5,1,12,1,1,4,355,598,67,23,95,filing:,0.058756805807622506,0.2618127147766323,,,422,621
88,88,5,1,12,1,1,5,432,598,118,18,95,08.08.2017,0.07425892316999395,0.2607388316151203,filing_date,08.08.2017,550,616
89,89,2,1,13,0,0,0,862,432,256,81,-1,,0.14972776769509982,0.2029639175257732,,,1118,513
90,90,3,1,13,1,0,0,862,432,256,81,-1,,0.14972776769509982,0.2029639175257732,,,1118,513
91,91,4,1,13,1,1,0,862,432,126,26,-1,,0.13989715668481548,0.19115120274914088,,,988,458
92,92,5,1,13,1,1,1,862,432,44,26,65,(51),0.1336963097398669,0.19115120274914088,,,906,458
93,93,5,1,13,1,1,2,923,434,25,18,91,Int,0.1414851784633999,0.19029209621993126,,,948,452
94,94,5,1,13,1,1,3,955,434,33,18,64,Cl:,0.14692982456140352,0.19029209621993126,,,988,452
95,95,4,1,13,1,2,0,922,462,196,21,-1,,0.1542649727767695,0.2029639175257732,,,1118,483
96,96,5,1,13,1,2,1,922,464,56,19,91,HO4L,0.14367816091954022,0.203393470790378,class_international,H04L,978,483
97,97,5,1,13,1,2,2,987,464,59,19,83,29108,0.15373563218390804,0.203393470790378,class_international,29/08,1046,483
98,98,5,1,13,1,2,3,1051,462,67,15,68,(2006.01),0.16401996370235936,0.20167525773195877,,,1118,477
99,99,4,1,13,1,3,0,922,492,196,21,-1,,0.1542649727767695,0.21585051546391754,,,1118,513
100,100,5,1,13,1,3,1,922,495,56,18,27,HOAL,0.14367816091954022,0.21649484536082475,,,978,513
101,101,5,1,13,1,3,2,987,495,59,18,94,29/14,0.15373563218390804,0.21649484536082475,,,1046,513
102,102,5,1,13,1,3,3,1051,492,67,15,86,(2006.01),0.16401996370235936,0.21456185567010308,,,1118,507
103,103,2,1,14,0,0,0,1194,462,199,21,-1,,0.1956291591046582,0.2029639175257732,,,1393,483
104,104,3,1,14,1,0,0,1194,462,199,21,-1,,0.1956291591046582,0.2029639175257732,,,1393,483
105,105,4,1,14,1,1,0,1194,462,199,21,-1,,0.1956291591046582,0.2029639175257732,,,1393,483
106,106,5,1,14,1,1,1,1194,464,61,19,85,GO5B,0.1851935874168179,0.203393470790378,,,1255,483
107,107,5,1,14,1,1,2,1262,464,59,19,91,23102,0.19532667876588022,0.203393470790378,,,1321,483
108,108,5,1,14,1,1,3,1327,462,66,15,79,(2006.01),0.205686630369026,0.20167525773195877,,,1393,477
109,109,2,1,15,0,0,0,862,556,403,54,-1,,0.16084392014519056,0.2504295532646048,,,1265,610
110,110,3,1,15,1,0,0,862,556,403,54,-1,,0.16084392014519056,0.2504295532646048,,,1265,610
111,111,4,1,15,1,1,0,862,556,403,27,-1,,0.16084392014519056,0.24463058419243985,,,1265,583
112,112,5,1,15,1,1,1,862,556,44,27,91,(86),0.1336963097398669,0.24463058419243985,,,906,583
113,113,5,1,15,1,1,2,923,558,128,19,91,International,0.14927404718693285,0.24377147766323023,,,1051,577
114,114,5,1,15,1,1,3,1060,558,111,23,95,application,0.16870840895341802,0.24463058419243985,,,1171,581
115,115,5,1,15,1,1,4,1182,558,83,19,95,number:,0.1850423472474289,0.24377147766323023,,,1265,577
116,116,4,1,15,1,2,0,923,591,225,19,-1,,0.15660919540229884,0.25794673539518903,,,1148,610
117,117,5,1,15,1,2,1,923,591,225,19,70,PCT/KR2017/008563,0.15660919540229884,0.25794673539518903,,,1148,610
118,118,2,1,16,0,0,0,862,655,573,57,-1,,0.1736993345432547,0.29359965635738833,,,1435,712
119,119,3,1,16,1,0,0,862,655,573,57,-1,,0.1736993345432547,0.29359965635738833,,,1435,712
120,120,4,1,16,1,1,0,862,655,403,26,-1,,0.16084392014519056,0.2869415807560137,,,1265,681
121,121,5,1,16,1,1,1,862,655,44,26,95,(87),0.1336963097398669,0.2869415807560137,,,906,681
122,122,5,1,16,1,1,2,923,657,128,18,95,International,0.14927404718693285,0.2860824742268041,,,1051,675
123,123,5,1,16,1,1,3,1061,657,110,23,96,publication,0.16878402903811252,0.28715635738831613,,,1171,680
124,124,5,1,16,1,1,4,1182,657,83,18,95,number:,0.1850423472474289,0.2860824742268041,,,1265,675
125,125,4,1,16,1,2,0,921,689,514,23,-1,,0.1781609195402299,0.3009020618556701,,,1435,712
126,126,5,1,16,1,2,1,921,689,40,19,92,WO,0.14231699939503933,0.30004295532646047,,,961,708
127,127,5,1,16,1,2,2,969,689,138,19,92,2018/169143,0.1569872958257713,0.30004295532646047,,,1107,708
128,128,5,1,16,1,2,3,1116,689,126,23,96,(20.09.2018,0.17831215970961886,0.3009020618556701,,,1242,712
129,129,5,1,16,1,2,4,1250,689,84,19,96,Gazette,0.19540229885057472,0.30004295532646047,,,1334,708
130,130,5,1,16,1,2,5,1342,689,93,23,96,2018/38),0.20999697519661223,0.3009020618556701,,,1435,712
131,131,2,1,17,0,0,0,224,740,1243,7,-1,,0.1278735632183908,0.31937285223367695,,,1467,747
132,132,3,1,17,1,0,0,224,740,1243,7,-1,,0.1278735632183908,0.31937285223367695,,,1467,747
133,133,4,1,17,1,1,0,224,740,1243,7,-1,,0.1278735632183908,0.31937285223367695,,,1467,747
134,134,5,1,17,1,1,1,224,740,1243,7,95, ,0.1278735632183908,0.31937285223367695,,,1467,747
135,135,2,1,18,0,0,0,225,760,599,250,-1,,0.07932546884452511,0.3801546391752577,,,824,1010
136,136,3,1,18,1,0,0,225,760,599,250,-1,,0.07932546884452511,0.3801546391752577,,,824,1010
137,137,4,1,18,1,1,0,225,760,388,26,-1,,0.0633696309739867,0.3320446735395189,,,613,786
138,138,5,1,18,1,1,1,225,760,45,26,96,(84),0.037431941923774956,0.3320446735395189,,,270,786
139,139,5,1,18,1,1,2,286,762,118,23,96,Designated,0.052177858439201454,0.3322594501718213,,,404,785
140,140,5,1,18,1,1,3,413,762,119,23,96,Contracting,0.07146098003629764,0.3322594501718213,,,532,785
141,141,5,1,18,1,1,4,542,762,71,18,96,States:,0.08734119782214156,0.33118556701030927,,,613,780
142,142,4,1,18,1,2,0,285,795,537,18,-1,,0.08371143375680581,0.34536082474226804,,,822,813
143,143,5,1,18,1,2,1,285,795,31,18,94,AL,0.04544767090139141,0.34536082474226804,,,316,813
144,144,5,1,18,1,2,2,323,795,31,18,94,AT,0.05119479733817302,0.34536082474226804,,,354,813
145,145,5,1,18,1,2,3,363,795,30,18,94,BE,0.05716878402903811,0.34536082474226804,,,393,813
146,146,5,1,18,1,2,4,403,795,32,18,96,BG,0.0633696309739867,0.34536082474226804,,,435,813
147,147,5,1,18,1,2,5,445,795,31,18,95,CH,0.06964609800362977,0.34536082474226804,,,476,813
148,148,5,1,18,1,2,6,486,795,32,18,96,CY,0.07592256503327284,0.34536082474226804,,,518,813
149,149,5,1,18,1,2,7,526,795,30,18,94,CZ,0.08182093163944344,0.34536082474226804,,,556,813
150,150,5,1,18,1,2,8,565,795,30,18,94,DE,0.08771929824561403,0.34536082474226804,,,595,813
151,151,5,1,18,1,2,9,605,795,32,18,85,DK,0.09392014519056262,0.34536082474226804,,,637,813
152,152,5,1,18,1,2,10,646,795,29,18,85,EE,0.0998941318814277,0.34536082474226804,,,675,813
153,153,5,1,18,1,2,11,684,795,29,18,90,ES,0.10564125831820932,0.34536082474226804,,,713,813
154,154,5,1,18,1,2,12,723,795,57,18,90,FIFR,0.11365698729582577,0.34536082474226804,,,780,813
155,155,5,1,18,1,2,13,788,795,34,18,95,GB,0.12174833635813673,0.34536082474226804,,,822,813
156,156,4,1,18,1,3,0,286,827,538,19,-1,,0.08393829401088929,0.3593213058419244,,,824,846
157,157,5,1,18,1,3,1,286,827,34,19,56,GR,0.04582577132486389,0.3593213058419244,,,320,846
158,158,5,1,18,1,3,2,328,827,32,19,56,HR,0.05202661826981246,0.3593213058419244,,,360,846
159,159,5,1,18,1,3,3,368,827,60,19,67,HUIE,0.060193587416817906,0.3593213058419244,,,428,846
160,160,5,1,18,1,3,4,436,827,20,19,24,IS,0.06745311554748941,0.3593213058419244,,,456,846
161,161,5,1,18,1,3,5,464,827,82,19,24,ITLILT,0.07637628554143981,0.3593213058419244,,,546,846
162,162,5,1,18,1,3,6,554,827,65,19,69,LULV,0.08870235934664247,0.3593213058419244,,,619,846
163,163,5,1,18,1,3,7,627,827,35,19,94,MC,0.09747428917120388,0.3593213058419244,,,662,846
164,164,5,1,18,1,3,8,670,827,35,19,93,MK,0.10397761645493044,0.3593213058419244,,,705,846
165,165,5,1,18,1,3,9,713,827,32,19,93,MT,0.11025408348457351,0.3593213058419244,,,745,846
166,166,5,1,18,1,3,10,753,827,29,19,80,NL,0.11607683000604961,0.3593213058419244,,,782,846
167,167,5,1,18,1,3,11,791,827,33,19,80,NO,0.1221264367816092,0.3593213058419244,,,824,846
168,168,4,1,18,1,4,0,286,860,336,18,-1,,0.06866303690260134,0.37328178694158076,,,622,878
169,169,5,1,18,1,4,1,286,860,28,18,96,PL,0.045372050816696916,0.37328178694158076,,,314,878
170,170,5,1,18,1,4,2,323,860,29,18,95,PT,0.05104355716878403,0.37328178694158076,,,352,878
171,171,5,1,18,1,4,3,360,860,33,18,95,RO,0.05694192377495463,0.37328178694158076,,,393,878
172,172,5,1,18,1,4,4,403,860,31,18,95,RS,0.0632940108892922,0.37328178694158076,,,434,878
173,173,5,1,18,1,4,5,442,860,30,18,96,SE,0.0691167574107683,0.37328178694158076,,,472,878
174,174,5,1,18,1,4,6,480,860,61,18,92,SISK,0.07720810647307925,0.37328178694158076,,,541,878
175,175,5,1,18,1,4,7,550,860,72,18,91,SMTR,0.08862673926194797,0.37328178694158076,,,622,878
176,176,4,1,18,1,5,0,286,893,310,23,-1,,0.06669691470054447,0.38853092783505155,,,596,916
177,177,5,1,18,1,5,1,286,893,118,23,96,Designated,0.052177858439201454,0.38853092783505155,,,404,916
178,178,5,1,18,1,5,2,413,893,102,18,96,Extension,0.07017543859649122,0.38745704467353953,,,515,911
179,179,5,1,18,1,5,3,524,893,72,18,96,States:,0.08469449485783424,0.38745704467353953,,,596,911
180,180,4,1,18,1,6,0,286,925,74,19,-1,,0.04885057471264368,0.4014175257731959,,,360,944
181,181,5,1,18,1,6,1,286,925,33,19,96,BA,0.04575015124016939,0.4014175257731959,,,319,944
182,182,5,1,18,1,6,2,327,925,33,19,96,ME,0.05195099818511797,0.4014175257731959,,,360,944
183,183,4,1,18,1,7,0,286,959,310,23,-1,,0.06669691470054447,0.4168814432989691,,,596,982
184,184,5,1,18,1,7,1,286,959,118,23,96,Designated,0.052177858439201454,0.4168814432989691,,,404,982
185,185,5,1,18,1,7,2,412,959,103,18,96,Validation,0.07009981851179674,0.41580756013745707,,,515,977
186,186,5,1,18,1,7,3,524,959,72,18,96,States:,0.08469449485783424,0.41580756013745707,,,596,977
187,187,4,1,18,1,8,0,286,991,78,19,-1,,0.04915305505142166,0.42976804123711343,,,364,1010
188,188,5,1,18,1,8,1,286,991,35,19,96,MA,0.04590139140955838,0.42976804123711343,,,321,1010
189,189,5,1,18,1,8,2,330,991,34,19,94,MD,0.05248033877797943,0.42976804123711343,,,364,1010
190,190,2,1,19,0,0,0,225,1055,479,91,-1,,0.07025105868118572,0.4727233676975945,,,704,1146
191,191,3,1,19,1,0,0,225,1055,479,91,-1,,0.07025105868118572,0.4727233676975945,,,704,1146
192,192,4,1,19,1,1,0,225,1055,479,26,-1,,0.07025105868118572,0.4587628865979381,,,704,1081
193,193,5,1,19,1,1,1,225,1055,45,26,96,(30),0.037431941923774956,0.4587628865979381,,,270,1081
194,194,5,1,19,1,1,2,286,1057,77,23,95,Priority:,0.04907743496672716,0.45897766323024053,,,363,1080
195,195,5,1,19,1,1,3,384,1057,117,18,95,13.03.2017,0.06692377495462795,0.4579037800687285,priority_date_eu,13.03.2017,501,1075
196,196,5,1,19,1,1,4,520,1057,32,18,95,KR,0.08106473079249849,0.4579037800687285,,,552,1075
197,197,5,1,19,1,1,5,560,1057,144,18,95,20170031350,0.0955837870538415,0.4579037800687285,,,704,1075
198,198,4,1,19,1,2,0,225,1120,174,26,-1,,0.047186932849364795,0.48668384879725085,,,399,1146
199,199,5,1,19,1,2,1,225,1120,45,26,96,(71),0.037431941923774956,0.48668384879725085,,,270,1146
200,200,5,1,19,1,2,2,285,1122,114,23,96,Applicants:,0.05172413793103448,0.48689862542955326,,,399,1145
201,201,2,1,20,0,0,0,262,1155,559,56,-1,,0.08189655172413793,0.5081615120274914,,,821,1211
202,202,3,1,20,1,0,0,262,1155,559,56,-1,,0.08189655172413793,0.5081615120274914,,,821,1211
203,203,4,1,20,1,1,0,262,1155,220,23,-1,,0.056261343012704176,0.501073883161512,,,482,1178
204,204,5,1,20,1,1,1,262,1161,7,7,48,*,0.04015426497277677,0.5002147766323024,,,269,1168
205,205,5,1,20,1,1,2,286,1155,94,19,88,Kiturami,0.050362976406533574,0.5002147766323024,applicant_line_1,Kiturami,380,1174
206,206,5,1,20,1,1,3,389,1155,43,23,88,"Co.,",0.06208408953418028,0.501073883161512,applicant_line_1,Co.,432,1178
207,207,5,1,20,1,1,4,441,1155,41,19,95,Ltd.,0.06979733817301875,0.5002147766323024,,,482,1174
208,208,4,1,20,1,2,0,286,1188,535,23,-1,,0.08371143375680581,0.5152491408934707,,,821,1211
209,209,5,1,20,1,2,1,286,1188,174,23,92,"Cheongdo-gun,",0.05641258318209316,0.5152491408934707,,,460,1211
210,210,5,1,20,1,2,2,468,1188,223,23,90,Gyeongsangbuk-do,0.08764367816091954,0.5152491408934707,,,691,1211
211,211,5,1,20,1,2,3,700,1188,64,19,96,38347,0.11070780399274047,0.5143900343642611,,,764,1207
212,212,5,1,20,1,2,4,772,1188,49,23,96,(KR),0.12046279491833031,0.5152491408934707,,,821,1211
213,213,2,1,21,0,0,0,844,743,4,500,-1,,0.1279491833030853,0.4265463917525773,,,848,1243
214,214,3,1,21,1,0,0,844,743,4,500,-1,,0.1279491833030853,0.4265463917525773,,,848,1243
215,215,4,1,21,1,1,0,844,743,4,500,-1,,0.1279491833030853,0.4265463917525773,,,848,1243
216,216,5,1,21,1,1,1,844,743,4,500,95, ,0.1279491833030853,0.4265463917525773,,,848,1243
217,217,2,1,22,0,0,0,898,762,234,121,-1,,0.15350877192982457,0.35330756013745707,,,1132,883
218,218,3,1,22,1,0,0,898,762,219,56,-1,,0.15237447065940715,0.3393470790378007,,,1117,818
219,219,4,1,22,1,1,0,898,762,219,23,-1,,0.15237447065940715,0.3322594501718213,,,1117,785
220,220,5,1,22,1,1,1,898,767,7,8,59,¬¢,0.13634301270417423,0.33118556701030927,,,905,775
221,221,5,1,22,1,1,2,922,762,57,22,93,"Choi,",0.14375378100423472,0.3320446735395189,,,979,784
222,222,5,1,22,1,1,3,989,762,128,23,92,Sung-Hwan,0.15925589836660617,0.3322594501718213,,,1117,785
223,223,4,1,22,1,2,0,922,795,193,23,-1,,0.15403811252268604,0.34643470790378006,,,1115,818
224,224,5,1,22,1,2,1,922,795,63,18,96,Seoul,0.1442075015124017,0.34536082474226804,,,985,813
225,225,5,1,22,1,2,2,994,795,64,18,96,04359,0.15517241379310345,0.34536082474226804,,,1058,813
226,226,5,1,22,1,2,3,1067,795,48,23,96,(KR),0.16500302480338777,0.34643470790378006,,,1115,818
227,227,3,1,22,2,0,0,898,827,234,56,-1,,0.15350877192982457,0.36726804123711343,,,1132,883
228,228,4,1,22,2,1,0,898,827,234,23,-1,,0.15350877192982457,0.360180412371134,,,1132,850
229,229,5,1,22,2,1,1,898,833,7,7,55,*,0.13634301270417423,0.3593213058419244,,,905,840
230,230,5,1,22,2,1,2,922,827,57,22,92,"Choi,",0.14375378100423472,0.3599656357388316,,,979,849
231,231,5,1,22,2,1,3,988,827,144,23,92,Young-Hwan,0.1603145795523291,0.360180412371134,,,1132,850
232,232,4,1,22,2,2,0,922,860,193,23,-1,,0.15403811252268604,0.3743556701030928,,,1115,883
233,233,5,1,22,2,2,1,922,860,63,18,96,Seoul,0.1442075015124017,0.37328178694158076,,,985,878
234,234,5,1,22,2,2,2,994,860,64,18,96,04359,0.15517241379310345,0.37328178694158076,,,1058,878
235,235,5,1,22,2,2,3,1067,860,48,23,96,(KR),0.16500302480338777,0.3743556701030928,,,1115,883
236,236,2,1,23,0,0,0,862,923,276,157,-1,,0.1512401693889897,0.43019759450171824,,,1138,1080
237,237,3,1,23,1,0,0,862,923,276,157,-1,,0.1512401693889897,0.43019759450171824,,,1138,1080
238,238,4,1,23,1,1,0,862,923,162,27,-1,,0.1426194797338173,0.4022766323024055,,,1024,950
239,239,5,1,23,1,1,1,862,923,44,27,95,(72),0.1336963097398669,0.4022766323024055,,,906,950
240,240,5,1,23,1,1,2,923,925,101,19,95,Inventors:,0.1472323049001815,0.4014175257731959,,,1024,944
241,241,4,1,23,1,2,0,898,959,226,23,-1,,0.1529038112522686,0.4168814432989691,,,1124,982
242,242,5,1,23,1,2,1,898,964,7,8,11,¬¢,0.13634301270417423,0.41580756013745707,,,905,972
243,243,5,1,23,1,2,2,922,959,64,22,89,"CHOI,",0.1442831215970962,0.4166666666666667,inventor_line_1,"CHOI,",986,981
244,244,5,1,23,1,2,3,995,959,129,23,91,Sung-Hwan,0.1602389594676346,0.4168814432989691,inventor_line_1,Sung-Hwan,1124,982
245,245,4,1,23,1,3,0,922,991,193,23,-1,,0.15403811252268604,0.43062714776632305,,,1115,1014
246,246,5,1,23,1,3,1,922,991,63,19,96,Seoul,0.1442075015124017,0.42976804123711343,,,985,1010
247,247,5,1,23,1,3,2,994,991,64,19,96,04359,0.15517241379310345,0.42976804123711343,,,1058,1010
248,248,5,1,23,1,3,3,1067,991,48,23,96,(KR),0.16500302480338777,0.43062714776632305,,,1115,1014
249,249,4,1,23,1,4,0,898,1024,240,23,-1,,0.15396249243799154,0.44480240549828176,,,1138,1047
250,250,5,1,23,1,4,1,898,1029,7,8,43,¬´,0.13634301270417423,0.44372852233676974,,,905,1037
251,251,5,1,23,1,4,2,922,1024,64,22,71,"CHOI,",0.1442831215970962,0.44458762886597936,,,986,1046
252,252,5,1,23,1,4,3,994,1024,144,23,91,Young-Hwan,0.16122202056866303,0.44480240549828176,,,1138,1047
253,253,4,1,23,1,5,0,922,1057,193,23,-1,,0.15403811252268604,0.45897766323024053,,,1115,1080
254,254,5,1,23,1,5,1,922,1057,63,18,96,Seoul,0.1442075015124017,0.4579037800687285,,,985,1075
255,255,5,1,23,1,5,2,994,1057,64,18,96,04359,0.15517241379310345,0.4579037800687285,,,1058,1075
256,256,5,1,23,1,5,3,1067,1057,48,23,96,(KR),0.16500302480338777,0.45897766323024053,,,1115,1080
257,257,2,1,24,0,0,0,862,1120,557,91,-1,,0.17248941318814276,0.5006443298969072,,,1419,1211
258,258,3,1,24,1,0,0,862,1120,557,91,-1,,0.17248941318814276,0.5006443298969072,,,1419,1211
259,259,4,1,24,1,1,0,862,1120,557,26,-1,,0.17248941318814276,0.48668384879725085,,,1419,1146
260,260,5,1,24,1,1,1,862,1120,44,26,96,(74),0.1336963097398669,0.48668384879725085,,,906,1146
261,261,5,1,24,1,1,2,923,1122,163,23,93,Representative:,0.15192075015124018,0.48689862542955326,,,1086,1145
262,262,5,1,24,1,1,3,1094,1122,94,22,93,"Verscht,",0.17256503327283726,0.48668384879725085,representative_line_1_eu,"Verscht,",1188,1144
263,263,5,1,24,1,1,4,1196,1122,90,18,96,Thomas,0.18768905021173624,0.48582474226804123,representative_line_1_eu,Thomas,1286,1140
264,264,5,1,24,1,1,5,1295,1122,48,18,96,Kurt,0.19948578342407744,0.48582474226804123,representative_line_1_eu,Kurt,1343,1140
265,265,5,1,24,1,1,6,1350,1122,69,18,96,Albert,0.20939201451905626,0.48582474226804123,representative_line_1_eu,Albert,1419,1140
266,266,4,1,24,1,2,0,922,1155,289,23,-1,,0.16129764065335753,0.501073883161512,,,1211,1178
267,267,5,1,24,1,2,1,922,1155,232,23,91,Josephsburgstrasse,0.1569872958257713,0.501073883161512,,,1154,1178
268,268,5,1,24,1,2,2,1162,1155,25,19,94,88,0.17763157894736842,0.5002147766323024,,,1187,1174
269,269,5,1,24,1,2,3,1194,1155,17,19,96,A,0.18186630369026013,0.5002147766323024,,,1211,1174
270,270,4,1,24,1,3,0,922,1188,231,23,-1,,0.15691167574107684,0.5152491408934707,,,1153,1211
271,271,5,1,24,1,3,1,922,1188,64,19,93,81673,0.1442831215970962,0.5143900343642611,,,986,1207
272,272,5,1,24,1,3,2,996,1188,101,19,58,Miinchen,0.15827283726557773,0.5143900343642611,,,1097,1207
273,273,5,1,24,1,3,3,1107,1188,46,23,96,(DE),0.17090139140955837,0.5152491408934707,,,1153,1211
274,274,2,1,25,0,0,0,224,1239,1243,7,-1,,0.1278735632183908,0.5337199312714777,,,1467,1246
275,275,3,1,25,1,0,0,224,1239,1243,7,-1,,0.1278735632183908,0.5337199312714777,,,1467,1246
276,276,4,1,25,1,1,0,224,1239,1243,7,-1,,0.1278735632183908,0.5337199312714777,,,1467,1246
277,277,5,1,25,1,1,1,224,1239,1243,7,95, ,0.1278735632183908,0.5337199312714777,,,1467,1246
278,278,2,1,26,0,0,0,225,1260,45,27,-1,,0.037431941923774956,0.5470360824742269,,,270,1287
279,279,3,1,26,1,0,0,225,1260,45,27,-1,,0.037431941923774956,0.5470360824742269,,,270,1287
280,280,4,1,26,1,1,0,225,1260,45,27,-1,,0.037431941923774956,0.5470360824742269,,,270,1287
281,281,5,1,26,1,1,1,225,1260,45,27,96,(54),0.037431941923774956,0.5470360824742269,,,270,1287
282,282,2,1,27,0,0,0,225,1334,584,288,-1,,0.07819116757410768,0.6348797250859106,,,809,1622
283,283,3,1,27,1,0,0,225,1334,584,288,-1,,0.07819116757410768,0.6348797250859106,,,809,1622
284,284,4,1,27,1,1,0,225,1334,581,27,-1,,0.0779643073200242,0.5788230240549829,,,806,1361
285,285,5,1,27,1,1,1,225,1334,45,27,93,(57),0.037431941923774956,0.5788230240549829,,,270,1361
286,286,5,1,27,1,1,2,315,1336,39,19,28,The,0.05058983666061706,0.5779639175257731,,,354,1355
287,287,5,1,27,1,1,3,364,1341,70,18,96,present,0.0603448275862069,0.5798969072164949,,,434,1359
288,288,5,1,27,1,1,4,436,1336,106,19,96,invention,0.07395644283121597,0.5779639175257731,,,542,1355
289,289,5,1,27,1,1,5,550,1336,97,19,96,discloses,0.09051724137931035,0.5779639175257731,,,647,1355
290,290,5,1,27,1,1,6,656,1336,69,19,96,control,0.1044313369630974,0.5779639175257731,,,725,1355
291,291,5,1,27,1,1,7,733,1337,73,22,96,system,0.11637931034482758,0.5790378006872853,,,806,1359
292,292,4,1,27,1,2,0,225,1369,583,23,-1,,0.07811554748941318,0.5929982817869416,,,808,1392
293,293,5,1,27,1,2,1,225,1369,38,18,96,and,0.03690260133091349,0.5919243986254296,,,263,1387
294,294,5,1,27,1,2,2,272,1369,64,18,96,method,0.04597701149425287,0.5919243986254296,,,336,1387
295,295,5,1,27,1,2,3,337,1369,40,18,95,of,0.053992740471869326,0.5919243986254296,,,377,1387
296,296,5,1,27,1,2,4,384,1374,25,13,91,an,0.05996672716273442,0.5929982817869416,,,409,1387
297,297,5,1,27,1,2,5,418,1369,33,18,83,loT,0.06571385359951604,0.5919243986254296,,,451,1387
298,298,5,1,27,1,2,6,460,1369,62,18,96,boiler.,0.07425892316999395,0.5919243986254296,,,522,1387
299,299,5,1,27,1,2,7,530,1369,16,18,96,A,0.08136721113127647,0.5919243986254296,,,546,1387
300,300,5,1,27,1,2,8,554,1369,69,18,96,control,0.08900483968542044,0.5919243986254296,,,623,1387
301,301,5,1,27,1,2,9,631,1370,74,22,96,system,0.10102843315184513,0.593213058419244,,,705,1392
302,302,5,1,27,1,2,10,714,1369,20,18,96,of,0.10949788263762855,0.5919243986254296,,,734,1387
303,303,5,1,27,1,2,11,741,1374,24,13,92,an,0.11388384754990925,0.5929982817869416,,,765,1387
304,304,5,1,27,1,2,12,775,1369,33,18,92,loT,0.11970659407138536,0.5919243986254296,,,808,1387
305,305,4,1,27,1,3,0,226,1402,581,23,-1,,0.07811554748941318,0.6071735395189003,,,807,1425
306,306,5,1,27,1,3,1,226,1402,56,19,96,boiler,0.038415003024803385,0.6063144329896907,,,282,1421
307,307,5,1,27,1,3,2,293,1402,101,23,96,according,0.05195099818511797,0.6071735395189003,,,394,1425
308,308,5,1,27,1,3,3,406,1403,18,18,97,to,0.06276467029643074,0.6065292096219931,,,424,1421
309,309,5,1,27,1,3,4,435,1402,32,19,96,the,0.06820931639443437,0.6063144329896907,,,467,1421
310,310,5,1,27,1,3,5,478,1403,79,22,96,present,0.07826678765880218,0.6073883161512027,,,557,1425
311,311,5,1,27,1,3,6,568,1402,92,19,96,invention,0.09286146400483969,0.6063144329896907,,,660,1421
312,312,5,1,27,1,3,7,673,1402,90,19,96,includes:,0.10859044162129462,0.6063144329896907,,,763,1421
313,313,5,1,27,1,3,8,775,1402,32,19,97,the,0.11963097398669087,0.6063144329896907,,,807,1421
314,314,4,1,27,1,4,0,226,1435,581,23,-1,,0.07811554748941318,0.6213487972508591,,,807,1458
315,315,5,1,27,1,4,1,226,1435,32,18,92,loT,0.03660012099213551,0.6202749140893471,,,258,1453
316,316,5,1,27,1,4,2,265,1435,57,18,96,boiler,0.04438898971566848,0.6202749140893471,,,322,1453
317,317,5,1,27,1,4,3,327,1435,39,18,95,that,0.05240471869328494,0.6202749140893471,,,366,1453
318,318,5,1,27,1,4,4,372,1435,72,18,95,checks,0.06170598911070781,0.6202749140893471,,,444,1453
319,319,5,1,27,1,4,5,451,1440,24,13,96,an,0.07002419842710224,0.6213487972508591,,,475,1453
320,320,5,1,27,1,4,6,482,1435,85,23,96,operation,0.07932546884452511,0.6213487972508591,,,567,1458
321,321,5,1,27,1,4,7,569,1436,67,17,96,state,0.0911222020568663,0.6204896907216495,,,636,1453
322,322,5,1,27,1,4,8,642,1436,19,17,96,to,0.0985329703569268,0.6204896907216495,,,661,1453
323,323,5,1,27,1,4,9,667,1435,84,18,95,transmit,0.10722928009679371,0.6202749140893471,,,751,1453
324,324,5,1,27,1,4,10,756,1436,51,17,95,state,0.11819419237749547,0.6204896907216495,,,807,1453
325,325,4,1,27,1,5,0,226,1468,581,21,-1,,0.07811554748941318,0.635094501718213,,,807,1489
326,326,5,1,27,1,5,1,226,1468,121,21,96,"information,",0.04333030852994555,0.635094501718213,,,347,1489
327,327,5,1,27,1,5,2,359,1468,38,18,96,and,0.05716878402903811,0.6344501718213058,,,397,1486
328,328,5,1,27,1,5,3,409,1472,74,14,96,senses,0.06745311554748941,0.6353092783505154,,,483,1486
329,329,5,1,27,1,5,4,492,1468,86,18,96,whether,0.0809134906231095,0.6344501718213058,,,578,1486
330,330,5,1,27,1,5,5,587,1472,21,14,96,or,0.09036600120992136,0.6353092783505154,,,608,1486
331,331,5,1,27,1,5,6,619,1468,32,18,96,not,0.09603750756200848,0.6344501718213058,,,651,1486
332,332,5,1,27,1,5,7,661,1472,12,14,96,a,0.10087719298245613,0.6353092783505154,,,673,1486
333,333,5,1,27,1,5,8,683,1468,45,18,96,fault,0.10669993950393225,0.6344501718213058,,,728,1486
334,334,5,1,27,1,5,9,738,1472,69,14,96,occurs,0.11683303085299455,0.6353092783505154,,,807,1486
335,335,4,1,27,1,6,0,225,1500,583,23,-1,,0.07811554748941318,0.6492697594501718,,,808,1523
336,336,5,1,27,1,6,1,225,1500,78,23,96,through,0.039927404718693285,0.6492697594501718,,,303,1523
337,337,5,1,27,1,6,2,310,1505,12,14,96,a,0.04779189352692075,0.6494845360824743,,,322,1519
338,338,5,1,27,1,6,3,328,1505,62,14,96,sensor,0.05429522081064731,0.6494845360824743,,,390,1519
339,339,5,1,27,1,6,4,392,1501,31,18,96,to,0.06163036902601331,0.6486254295532646,,,423,1519
340,340,5,1,27,1,6,5,428,1500,85,19,95,transmit,0.07115849969751967,0.6484106529209622,,,513,1519
341,341,5,1,27,1,6,6,517,1500,45,19,96,fault,0.08159407138535996,0.6484106529209622,,,562,1519
342,342,5,1,27,1,6,7,568,1500,121,22,96,information;,0.09505444646098003,0.6490549828178694,,,689,1522
343,343,5,1,27,1,6,8,697,1505,11,14,96,a,0.10624621899576528,0.6494845360824743,,,708,1519
344,344,5,1,27,1,6,9,716,1505,92,18,96,manager,0.11524500907441017,0.6503436426116839,,,808,1523
345,345,4,1,27,1,7,0,225,1533,582,23,-1,,0.0780399274047187,0.6634450171821306,,,807,1556
346,346,5,1,27,1,7,1,225,1533,78,18,90,terminal,0.039927404718693285,0.6623711340206185,,,303,1551
347,347,5,1,27,1,7,2,306,1533,47,18,90,that,0.04983363581367211,0.6623711340206185,,,353,1551
348,348,5,1,27,1,7,3,359,1533,85,18,96,includes,0.06072292800967937,0.6623711340206185,,,444,1551
349,349,5,1,27,1,7,4,449,1538,12,13,96,a,0.06881427707199032,0.6634450171821306,,,461,1551
350,350,5,1,27,1,7,5,468,1533,56,18,96,boiler,0.0750151240169389,0.6623711340206185,,,524,1551
351,351,5,1,27,1,7,6,529,1533,69,18,96,control,0.0852238354506957,0.6623711340206185,,,598,1551
352,352,5,1,27,1,7,7,605,1533,111,23,96,application,0.0998941318814277,0.6634450171821306,,,716,1556
353,353,5,1,27,1,7,8,721,1533,28,18,93,for,0.11116152450090744,0.6623711340206185,,,749,1551
354,354,5,1,27,1,7,9,755,1538,52,13,90,mon-,0.11811857229280097,0.6634450171821306,,,807,1551
355,355,4,1,27,1,8,0,226,1566,583,23,-1,,0.07826678765880218,0.6776202749140894,,,809,1589
356,356,5,1,27,1,8,1,226,1566,61,23,96,itoring,0.03879310344827586,0.6776202749140894,,,287,1589
357,357,5,1,27,1,8,2,297,1566,37,18,96,and,0.04771627344222625,0.6765463917525774,,,334,1584
358,358,5,1,27,1,8,3,344,1566,105,23,96,controlling,0.05996672716273442,0.6776202749140894,,,449,1589
359,359,5,1,27,1,8,4,459,1566,31,18,93,the,0.07176346037507562,0.6765463917525774,,,490,1584
360,360,5,1,27,1,8,5,500,1566,32,18,69,loT,0.0780399274047187,0.6765463917525774,,,532,1584
361,361,5,1,27,1,8,6,541,1566,62,21,96,"boiler,",0.08650937689050212,0.6771907216494846,,,603,1587
362,362,5,1,27,1,8,7,613,1566,89,18,96,monitors,0.09944041137326073,0.6765463917525774,,,702,1584
363,363,5,1,27,1,8,8,710,1570,12,14,96,a,0.10828796128251664,0.677405498281787,,,722,1584
364,364,5,1,27,1,8,9,730,1566,50,18,96,state,0.11418632788868724,0.6765463917525774,,,780,1584
365,365,5,1,27,1,8,10,788,1566,21,18,97,of,0.12076527525710828,0.6765463917525774,,,809,1584
366,366,4,1,27,1,9,0,225,1599,582,23,-1,,0.0780399274047187,0.6917955326460481,,,807,1622
367,367,5,1,27,1,9,1,225,1599,31,18,91,the,0.03637326073805203,0.6907216494845361,,,256,1617
368,368,5,1,27,1,9,2,264,1599,17,18,91,loT,0.0412129461584997,0.6907216494845361,,,281,1617
369,369,5,1,27,1,9,3,283,1599,82,22,96,"boiler,",0.04900181488203267,0.6915807560137457,,,365,1621
370,370,5,1,27,1,9,4,373,1599,87,18,96,receives,0.06299153055051422,0.6907216494845361,,,460,1617
371,371,5,1,27,1,9,5,468,1599,69,18,95,control,0.07599818511796733,0.6907216494845361,,,537,1617
372,372,5,1,27,1,9,6,545,1599,114,18,96,information,0.0910465819721718,0.6907216494845361,,,659,1617
373,373,5,1,27,1,9,7,666,1599,28,18,96,for,0.102843315184513,0.6907216494845361,,,694,1617
374,374,5,1,27,1,9,8,700,1599,107,23,96,controlling,0.11395946763460375,0.6917955326460481,,,807,1622
375,375,2,1,28,0,0,0,483,1686,74,24,-1,,0.07864488808227466,0.729381443298969,,,557,1710
376,376,3,1,28,1,0,0,483,1686,74,24,-1,,0.07864488808227466,0.729381443298969,,,557,1710
377,377,4,1,28,1,1,0,483,1686,74,24,-1,,0.07864488808227466,0.729381443298969,,,557,1710
378,378,5,1,28,1,1,1,483,1687,5,22,90,[,0.07342710223835451,0.729381443298969,,,488,1709
379,379,5,1,28,1,1,2,496,1686,35,24,92,Fig.,0.07766182698124621,0.729381443298969,,,531,1710
380,380,5,1,28,1,1,3,542,1687,15,22,93,1],0.08310647307924984,0.729381443298969,,,557,1709
381,381,2,1,29,0,0,0,491,1749,511,367,-1,,0.11290078644888082,0.8301116838487973,,,1002,2116
382,382,3,1,29,1,0,0,491,1749,511,367,-1,,0.11290078644888082,0.8301116838487973,,,1002,2116
383,383,4,1,29,1,1,0,503,1749,266,83,-1,,0.09618874773139746,0.7691151202749141,,,769,1832
384,384,5,1,29,1,1,1,503,1749,266,83,95,  ,0.09618874773139746,0.7691151202749141,,,769,1832
385,385,4,1,29,1,2,0,503,1832,260,40,-1,,0.09573502722323049,0.7955326460481099,,,763,1872
386,386,5,1,29,1,2,1,503,1832,260,40,95,  ,0.09573502722323049,0.7955326460481099,,,763,1872
387,387,4,1,29,1,3,0,491,1844,511,176,-1,,0.11290078644888082,0.8298969072164949,,,1002,2020
388,388,5,1,29,1,3,1,491,1844,511,176,95,    ,0.11290078644888082,0.8298969072164949,,,1002,2020
389,389,4,1,29,1,4,0,637,2020,365,40,-1,,0.12394131881427707,0.8762886597938144,,,1002,2060
390,390,5,1,29,1,4,1,637,2020,365,40,95,  ,0.12394131881427707,0.8762886597938144,,,1002,2060
391,391,4,1,29,1,5,0,640,2060,362,29,-1,,0.12416817906836056,0.8911082474226805,,,1002,2089
392,392,5,1,29,1,5,1,640,2060,362,29,95, ,0.12416817906836056,0.8911082474226805,,,1002,2089
393,393,4,1,29,1,6,0,491,2089,448,27,-1,,0.10813672111312765,0.9031357388316151,,,939,2116
394,394,5,1,29,1,6,1,491,2089,448,27,95, ,0.10813672111312765,0.9031357388316151,,,939,2116
395,395,2,1,30,0,0,0,491,2020,17,69,-1,,0.07554446460980037,0.8825171821305842,,,508,2089
396,396,3,1,30,1,0,0,491,2020,17,69,-1,,0.07554446460980037,0.8825171821305842,,,508,2089
397,397,4,1,30,1,1,0,491,2020,17,40,-1,,0.07554446460980037,0.8762886597938144,,,508,2060
398,398,5,1,30,1,1,1,491,2020,17,40,95,  ,0.07554446460980037,0.8762886597938144,,,508,2060
399,399,4,1,30,1,2,0,491,2060,17,29,-1,,0.07554446460980037,0.8911082474226805,,,508,2089
400,400,5,1,30,1,2,1,491,2060,17,29,95, ,0.07554446460980037,0.8911082474226805,,,508,2089
401,401,2,1,31,0,0,0,508,2030,132,49,-1,,0.0868118572292801,0.8825171821305842,,,640,2079
402,402,3,1,31,1,0,0,508,2030,132,49,-1,,0.0868118572292801,0.8825171821305842,,,640,2079
403,403,4,1,31,1,1,0,508,2030,129,20,-1,,0.08658499697519662,0.8762886597938144,,,637,2050
404,404,5,1,31,1,1,1,508,2030,129,20,69,"MANAGER,",0.08658499697519662,0.8762886597938144,,,637,2050
405,405,4,1,31,1,2,0,508,2059,132,20,-1,,0.0868118572292801,0.8887457044673539,,,640,2079
406,406,5,1,31,1,2,1,508,2059,132,20,96,TERMINAL,0.0868118572292801,0.8887457044673539,,,640,2079
407,407,2,1,32,0,0,0,769,1814,186,77,-1,,0.13036902601330913,0.7957474226804123,,,955,1891
408,408,3,1,32,1,0,0,769,1814,186,77,-1,,0.13036902601330913,0.7957474226804123,,,955,1891
409,409,4,1,32,1,1,0,769,1814,117,20,-1,,0.125151240169389,0.7835051546391752,,,886,1834
410,410,5,1,32,1,1,1,769,1814,117,20,95,CENTRAL,0.125151240169389,0.7835051546391752,,,886,1834
411,411,4,1,32,1,2,0,769,1842,186,20,-1,,0.13036902601330913,0.7955326460481099,,,955,1862
412,412,5,1,32,1,2,1,769,1842,186,20,96,MANAGEMENT,0.13036902601330913,0.7955326460481099,,,955,1862
413,413,4,1,32,1,3,0,769,1871,92,20,-1,,0.12326073805202661,0.8079896907216495,,,861,1891
414,414,5,1,32,1,3,1,769,1871,92,20,95,SERVER,0.12326073805202661,0.8079896907216495,,,861,1891
415,415,2,1,33,0,0,0,316,1260,652,21,-1,,0.09709618874773139,0.5457474226804123,,,968,1281
416,416,3,1,33,1,0,0,316,1260,652,21,-1,,0.09709618874773139,0.5457474226804123,,,968,1281
417,417,4,1,33,1,1,0,316,1260,652,21,-1,,0.09709618874773139,0.5457474226804123,,,968,1281
418,418,5,1,33,1,1,1,316,1260,129,21,96,CONTROL,0.057546884452510584,0.5457474226804123,title_line_1,CONTROL,445,1281
419,419,5,1,33,1,1,2,454,1260,106,21,96,SYSTEM,0.07667876588021778,0.5457474226804123,title_line_1,SYSTEM,560,1281
420,420,5,1,33,1,1,3,570,1261,56,20,96,AND,0.09044162129461585,0.5459621993127147,title_line_1,AND,626,1281
421,421,5,1,33,1,1,4,637,1260,92,21,96,METHOD,0.10329703569267998,0.5457474226804123,title_line_1,METHOD,729,1281
422,422,5,1,33,1,1,5,732,1260,61,21,93,FOR,0.11532062915910465,0.5457474226804123,title_line_1,FOR,793,1281
423,423,5,1,33,1,1,6,796,1261,64,20,92,loT,0.12522686025408347,0.5459621993127147,,,860,1281
424,424,5,1,33,1,1,7,869,1260,99,21,95,BOILER,0.13891409558378706,0.5457474226804123,title_line_1,BOILER,968,1281
425,425,2,1,34,0,0,0,883,1336,584,253,-1,,0.17770719903206292,0.6282216494845361,,,1467,1589
426,426,3,1,34,1,0,0,883,1336,584,253,-1,,0.17770719903206292,0.6282216494845361,,,1467,1589
427,427,4,1,34,1,1,0,884,1336,582,23,-1,,0.17770719903206292,0.5788230240549829,,,1466,1359
428,428,5,1,34,1,1,1,884,1336,32,19,93,the,0.13611615245009073,0.5779639175257731,,,916,1355
429,429,5,1,34,1,1,2,924,1336,32,19,92,loT,0.14216575922565033,0.5779639175257731,,,956,1355
430,430,5,1,34,1,1,3,965,1336,57,19,96,boiler,0.1502571082879613,0.5779639175257731,,,1022,1355
431,431,5,1,34,1,1,4,1028,1336,45,19,96,from,0.1588777979431337,0.5779639175257731,,,1073,1355
432,432,5,1,34,1,1,5,1082,1341,11,14,96,a,0.16447368421052633,0.5790378006872853,,,1093,1355
433,433,5,1,34,1,1,6,1102,1341,97,18,96,"manager,",0.17400181488203267,0.5798969072164949,,,1199,1359
434,434,5,1,34,1,1,7,1209,1336,36,19,96,and,0.18557168784029038,0.5779639175257731,,,1245,1355
435,435,5,1,34,1,1,8,1254,1336,95,19,96,transmits,0.1968390804597701,0.5779639175257731,,,1349,1355
436,436,5,1,34,1,1,9,1357,1336,31,19,96,the,0.20757713248638837,0.5779639175257731,,,1388,1355
437,437,5,1,34,1,1,10,1397,1336,69,19,96,control,0.21650030248033877,0.5779639175257731,,,1466,1355
438,438,4,1,34,1,2,0,885,1369,581,23,-1,,0.17778281911675742,0.5929982817869416,,,1466,1392
439,439,5,1,34,1,2,1,885,1369,121,22,95,information;,0.14299758015728978,0.5927835051546392,,,1006,1391
440,440,5,1,34,1,2,2,1019,1369,38,18,95,and,0.1569872958257713,0.5919243986254296,,,1057,1387
441,441,5,1,34,1,2,3,1069,1374,12,13,95,a,0.16258318209316394,0.5929982817869416,,,1081,1387
442,442,5,1,34,1,2,4,1093,1369,69,18,96,central,0.1705232909860859,0.5919243986254296,,,1162,1387
443,443,5,1,34,1,2,5,1175,1374,130,18,96,management,0.18753781004234724,0.5940721649484536,,,1305,1392
444,444,5,1,34,1,2,6,1307,1370,74,17,96,server,0.20326678765880218,0.592139175257732,,,1381,1387
445,445,5,1,34,1,2,7,1383,1369,49,18,96,that,0.21287053841500303,0.5919243986254296,,,1432,1387
446,446,5,1,34,1,2,8,1433,1369,33,18,95,is,0.2192226255293406,0.5919243986254296,,,1466,1387
447,447,4,1,34,1,3,0,885,1402,581,23,-1,,0.17778281911675742,0.6071735395189003,,,1466,1425
448,448,5,1,34,1,3,1,885,1402,107,19,96,connected,0.14193889897156683,0.6063144329896907,,,992,1421
449,449,5,1,34,1,3,2,1003,1403,19,18,96,to,0.1531306715063521,0.6065292096219931,,,1022,1421
450,450,5,1,34,1,3,3,1033,1402,31,19,93,the,0.15857531760435573,0.6063144329896907,,,1064,1421
451,451,5,1,34,1,3,4,1077,1402,32,19,91,loT,0.16530550514216577,0.6063144329896907,,,1109,1421
452,452,5,1,34,1,3,5,1121,1402,56,19,95,boiler,0.17377495462794917,0.6063144329896907,,,1177,1421
453,453,5,1,34,1,3,6,1187,1402,38,19,96,and,0.1823956442831216,0.6063144329896907,,,1225,1421
454,454,5,1,34,1,3,7,1236,1402,32,19,96,the,0.18935269207501512,0.6063144329896907,,,1268,1421
455,455,5,1,34,1,3,8,1280,1407,93,18,95,manager,0.20062008469449485,0.6082474226804123,,,1373,1425
456,456,5,1,34,1,3,9,1383,1402,83,19,95,terminal,0.21544162129461586,0.6063144329896907,,,1466,1421
457,457,4,1,34,1,4,0,884,1435,582,23,-1,,0.17770719903206292,0.6213487972508591,,,1466,1458
458,458,5,1,34,1,4,1,884,1435,79,23,96,through,0.139670296430732,0.6213487972508591,,,963,1458
459,459,5,1,34,1,4,2,976,1440,11,13,96,a,0.1484422262552934,0.6213487972508591,,,987,1453
460,460,5,1,34,1,4,3,1000,1435,87,21,96,"network,",0.15781911675741075,0.6209192439862543,,,1087,1456
461,461,5,1,34,1,4,4,1101,1435,117,23,97,periodically,0.1753629764065336,0.6213487972508591,,,1218,1458
462,462,5,1,34,1,4,5,1229,1440,21,13,93,or,0.18746218995765276,0.6213487972508591,,,1250,1453
463,463,5,1,34,1,4,6,1262,1435,165,23,92,non-periodically,0.20334240774349668,0.6213487972508591,,,1427,1458
464,464,5,1,34,1,4,7,1439,1440,27,13,93,re-,0.21967634603750757,0.6213487972508591,,,1466,1453
465,465,4,1,34,1,5,0,885,1468,582,18,-1,,0.17785843920145192,0.6344501718213058,,,1467,1486
466,466,5,1,34,1,5,1,885,1468,65,18,92,ceives,0.13876285541439806,0.6344501718213058,,,950,1486
467,467,5,1,34,1,5,2,959,1472,24,14,96,and,0.14685420447670902,0.6353092783505154,,,983,1486
468,468,5,1,34,1,5,3,985,1468,84,18,96,stores,0.15532365396249243,0.6344501718213058,,,1069,1486
469,469,5,1,34,1,5,4,1077,1468,32,18,96,the,0.16530550514216577,0.6344501718213058,,,1109,1486
470,470,5,1,34,1,5,5,1117,1468,51,18,96,state,0.17279189352692076,0.6344501718213058,,,1168,1486
471,471,5,1,34,1,5,6,1177,1468,115,18,96,information,0.1867059891107078,0.6344501718213058,,,1292,1486
472,472,5,1,34,1,5,7,1301,1468,20,18,97,of,0.19827586206896552,0.6344501718213058,,,1321,1486
473,473,5,1,34,1,5,8,1328,1468,32,18,93,the,0.20326678765880218,0.6344501718213058,,,1360,1486
474,474,5,1,34,1,5,9,1369,1468,33,18,91,loT,0.20954325468844526,0.6344501718213058,,,1402,1486
475,475,5,1,34,1,5,10,1410,1468,57,18,96,boiler,0.21755898366606172,0.6344501718213058,,,1467,1486
476,476,4,1,34,1,6,0,883,1500,582,22,-1,,0.17755595886267392,0.6490549828178694,,,1465,1522
477,477,5,1,34,1,6,1,883,1500,46,19,97,from,0.13702359346642468,0.6484106529209622,,,929,1519
478,478,5,1,34,1,6,2,938,1500,32,19,93,the,0.1442831215970962,0.6484106529209622,,,970,1519
479,479,5,1,34,1,6,3,979,1500,32,19,92,loT,0.15048396854204477,0.6484106529209622,,,1011,1519
480,480,5,1,34,1,6,4,1020,1500,61,22,96,"boiler,",0.1588777979431337,0.6490549828178694,,,1081,1522
481,481,5,1,34,1,6,5,1090,1500,38,19,96,and,0.1677253478523896,0.6484106529209622,,,1128,1519
482,482,5,1,34,1,6,6,1137,1500,87,19,96,receives,0.17853901996370236,0.6484106529209622,,,1224,1519
483,483,5,1,34,1,6,7,1232,1500,31,19,96,the,0.18867211131276468,0.6484106529209622,,,1263,1519
484,484,5,1,34,1,6,8,1272,1500,69,19,96,control,0.19759528130671505,0.6484106529209622,,,1341,1519
485,485,5,1,34,1,6,9,1351,1500,114,19,96,information,0.21294615849969753,0.6484106529209622,,,1465,1519
486,486,4,1,34,1,7,0,883,1533,583,23,-1,,0.17763157894736842,0.6634450171821306,,,1466,1556
487,487,5,1,34,1,7,1,883,1533,28,18,96,for,0.13566243194192376,0.6623711340206185,,,911,1551
488,488,5,1,34,1,7,2,920,1533,106,23,96,controlling,0.147156684815487,0.6634450171821306,,,1026,1556
489,489,5,1,34,1,7,3,1036,1533,31,18,93,the,0.1590290381125227,0.6623711340206185,,,1067,1551
490,490,5,1,34,1,7,4,1078,1533,32,18,92,loT,0.16545674531155474,0.6623711340206185,,,1110,1551
491,491,5,1,34,1,7,5,1120,1533,56,18,96,boiler,0.1736237144585602,0.6623711340206185,,,1176,1551
492,492,5,1,34,1,7,6,1184,1533,46,18,96,from,0.18254688445251058,0.6623711340206185,,,1230,1551
493,493,5,1,34,1,7,7,1240,1533,31,18,96,the,0.1898820326678766,0.6623711340206185,,,1271,1551
494,494,5,1,34,1,7,8,1282,1538,92,18,96,manager,0.20084694494857835,0.6645189003436426,,,1374,1556
495,495,5,1,34,1,7,9,1383,1533,83,18,96,terminal,0.21544162129461586,0.6623711340206185,,,1466,1551
496,496,4,1,34,1,8,0,884,1566,364,23,-1,,0.16122202056866303,0.6776202749140894,,,1248,1589
497,497,5,1,34,1,8,1,884,1566,18,18,96,to,0.13505747126436782,0.6765463917525774,,,902,1584
498,498,5,1,34,1,8,2,911,1566,79,23,96,perform,0.14375378100423472,0.6776202749140894,,,990,1589
499,499,5,1,34,1,8,3,1000,1566,69,18,89,control,0.15645795523290987,0.6765463917525774,,,1069,1584
500,500,5,1,34,1,8,4,1077,1566,20,18,96,of,0.16439806412583183,0.6765463917525774,,,1097,1584
501,501,5,1,34,1,8,5,1104,1566,32,18,93,the,0.1693889897156685,0.6765463917525774,,,1136,1584
502,502,5,1,34,1,8,6,1146,1566,16,18,67,loT,0.17453115547489415,0.6765463917525774,title_line_1,IOT,1162,1584
503,503,5,1,34,1,8,7,1164,1566,84,18,93,boiler.,0.1823956442831216,0.6765463917525774,,,1248,1584
504,504,2,1,35,0,0,0,851,1762,37,40,-1,,0.13150332728372655,0.7654639175257731,,,888,1802
505,505,3,1,35,1,0,0,851,1762,37,40,-1,,0.13150332728372655,0.7654639175257731,,,888,1802
506,506,4,1,35,1,1,0,851,1762,37,20,-1,,0.13150332728372655,0.761168384879725,,,888,1782
507,507,5,1,35,1,1,1,851,1762,37,20,96,300,0.13150332728372655,0.761168384879725,,,888,1782
508,508,4,1,35,1,2,0,859,1787,10,15,-1,,0.1306715063520871,0.7708333333333334,,,869,1802
509,509,5,1,35,1,2,1,859,1787,10,15,51,¬¢,0.1306715063520871,0.7708333333333334,,,869,1802
510,510,2,1,36,0,0,0,886,1804,80,40,-1,,0.14004839685420448,0.7835051546391752,,,966,1844
511,511,3,1,36,1,0,0,886,1804,80,40,-1,,0.14004839685420448,0.7835051546391752,,,966,1844
512,512,4,1,36,1,1,0,886,1804,80,40,-1,,0.14004839685420448,0.7835051546391752,,,966,1844
513,513,5,1,36,1,1,1,886,1804,80,40,95,  ,0.14004839685420448,0.7835051546391752,,,966,1844
514,514,2,1,37,0,0,0,1013,1934,169,76,-1,,0.16598608590441621,0.8470790378006873,,,1182,2010
515,515,3,1,37,1,0,0,1013,1934,169,76,-1,,0.16598608590441621,0.8470790378006873,,,1182,2010
516,516,4,1,37,1,1,0,1013,1934,169,20,-1,,0.16598608590441621,0.8350515463917526,,,1182,1954
517,517,5,1,37,1,1,1,1013,1934,37,20,48,oT,0.1560042347247429,0.8350515463917526,,,1050,1954
518,518,5,1,37,1,1,2,1058,1934,88,20,96,BOILER,0.16666666666666666,0.8350515463917526,,,1146,1954
519,519,5,1,37,1,1,3,1157,1934,25,20,95,#1,0.17687537810042347,0.8350515463917526,,,1182,1954
520,520,4,1,37,1,2,0,1013,1991,168,19,-1,,0.16591046581972171,0.8593213058419243,,,1181,2010
521,521,5,1,37,1,2,1,1013,1991,37,19,17,loT,0.1560042347247429,0.8593213058419243,,,1050,2010
522,522,5,1,37,1,2,2,1058,1991,89,19,95,BOILER,0.16674228675136116,0.8593213058419243,,,1147,2010
523,523,5,1,37,1,2,3,1154,1991,27,19,96,#2,0.1765728977616455,0.8593213058419243,,,1181,2010
524,524,2,1,38,0,0,0,1184,1924,4,242,-1,,0.1793708408953418,0.8784364261168385,,,1188,2166
525,525,3,1,38,1,0,0,1184,1924,4,242,-1,,0.1793708408953418,0.8784364261168385,,,1188,2166
526,526,4,1,38,1,1,0,1184,1924,4,242,-1,,0.1793708408953418,0.8784364261168385,,,1188,2166
527,527,5,1,38,1,1,1,1184,1924,4,242,95, ,0.1793708408953418,0.8784364261168385,,,1188,2166
528,528,2,1,39,0,0,0,1013,2134,171,20,-1,,0.1661373260738052,0.9209621993127147,,,1184,2154
529,529,3,1,39,1,0,0,1013,2134,171,20,-1,,0.1661373260738052,0.9209621993127147,,,1184,2154
530,530,4,1,39,1,1,0,1013,2134,171,20,-1,,0.1661373260738052,0.9209621993127147,,,1184,2154
531,531,5,1,39,1,1,1,1013,2135,37,19,40,JoT,0.1560042347247429,0.9211769759450171,,,1050,2154
532,532,5,1,39,1,1,2,1058,2134,88,20,81,BOILER,0.16666666666666666,0.9209621993127147,,,1146,2154
533,533,5,1,39,1,1,3,1149,2134,35,20,81,#N|,0.1764216575922565,0.9209621993127147,,,1184,2154
534,534,2,1,40,0,0,0,997,1913,4,268,-1,,0.15108892921960074,0.8792955326460481,,,1001,2181
535,535,3,1,40,1,0,0,997,1913,4,268,-1,,0.15108892921960074,0.8792955326460481,,,1001,2181
536,536,4,1,40,1,1,0,997,1913,4,268,-1,,0.15108892921960074,0.8792955326460481,,,1001,2181
537,537,5,1,40,1,1,1,997,1913,4,268,95, ,0.15108892921960074,0.8792955326460481,,,1001,2181
538,538,2,1,41,0,0,0,1192,1913,11,271,-1,,0.1811101028433152,0.8799398625429553,,,1203,2184
539,539,3,1,41,1,0,0,1192,1913,11,271,-1,,0.1811101028433152,0.8799398625429553,,,1203,2184
540,540,4,1,41,1,1,0,1192,1913,11,271,-1,,0.1811101028433152,0.8799398625429553,,,1203,2184
541,541,5,1,41,1,1,1,1192,1913,11,271,95, ,0.1811101028433152,0.8799398625429553,,,1203,2184
542,542,2,1,42,0,0,0,716,2270,259,16,-1,,0.1278735632183908,0.9785223367697594,,,975,2286
543,543,3,1,42,1,0,0,716,2270,259,16,-1,,0.1278735632183908,0.9785223367697594,,,975,2286
544,544,4,1,42,1,1,0,716,2270,259,16,-1,,0.1278735632183908,0.9785223367697594,,,975,2286
545,545,5,1,42,1,1,1,716,2270,49,12,96,Printed,0.11199334543254688,0.9776632302405498,,,765,2282
546,546,5,1,42,1,1,2,771,2270,15,16,96,by,0.1177404718693285,0.9785223367697594,,,786,2286
547,547,5,1,42,1,1,3,792,2270,45,14,96,"Jouve,",0.12318511796733213,0.9780927835051546,,,837,2284
548,548,5,1,42,1,1,4,843,2270,41,12,96,75001,0.13059588626739263,0.9776632302405498,,,884,2282
549,549,5,1,42,1,1,5,893,2270,46,12,96,PARIS,0.1385359951603146,0.9776632302405498,,,939,2282
550,550,5,1,42,1,1,6,945,2270,30,16,95,(FR),0.14519056261343014,0.9785223367697594,,,975,2286
