,Unnamed: 0,level,page_num,block_num,par_num,line_num,word_num,left,top,width,height,conf,text,x,y,label,target,right,bottom
0,0,1,1,0,0,0,0,0,0,1653,2328,-1,,0.125,0.5,,,1653,2328
1,1,2,1,1,0,0,0,144,1905,31,328,-1,,0.02412280701754386,0.8887457044673539,,,175,2233
2,2,3,1,1,1,0,0,144,1905,31,328,-1,,0.02412280701754386,0.8887457044673539,,,175,2233
3,3,4,1,1,1,1,0,144,1905,31,328,-1,,0.02412280701754386,0.8887457044673539,,,175,2233
4,4,5,1,1,1,1,1,144,2179,30,54,96,EP,0.024047186932849365,0.947594501718213,,,174,2233
5,5,5,1,1,1,1,2,144,2142,31,21,95,3,0.02412280701754386,0.9246134020618557,,,175,2163
6,6,5,1,1,1,1,3,144,2055,31,71,96,382,0.02412280701754386,0.8979810996563574,,,175,2126
7,7,5,1,1,1,1,4,144,1969,31,70,91,553,0.02412280701754386,0.8608247422680413,,,175,2039
8,8,5,1,1,1,1,5,144,1905,30,50,90,A1,0.024047186932849365,0.8290378006872853,,,174,1955
9,9,2,1,2,0,0,0,225,147,292,26,-1,,0.056110102843315184,0.06872852233676977,,,517,173
10,10,3,1,2,1,0,0,225,147,292,26,-1,,0.056110102843315184,0.06872852233676977,,,517,173
11,11,4,1,2,1,1,0,225,147,292,26,-1,,0.056110102843315184,0.06872852233676977,,,517,173
12,12,5,1,2,1,1,1,225,147,45,26,96,(19),0.037431941923774956,0.06872852233676977,,,270,173
13,13,5,1,2,1,1,2,429,153,88,16,82,Europaisches,0.07153660012099214,0.06915807560137457,,,517,169
14,14,2,1,3,0,0,0,429,170,71,11,-1,,0.07025105868118572,0.07538659793814433,,,500,181
15,15,3,1,3,1,0,0,429,170,71,11,-1,,0.07025105868118572,0.07538659793814433,,,500,181
16,16,4,1,3,1,1,0,429,170,71,11,-1,,0.07025105868118572,0.07538659793814433,,,500,181
17,17,5,1,3,1,1,1,429,170,71,11,94,Patentamt,0.07025105868118572,0.07538659793814433,,,500,181
18,18,2,1,4,0,0,0,429,196,89,28,-1,,0.07161222020568662,0.09020618556701031,,,518,224
19,19,3,1,4,1,0,0,429,196,89,28,-1,,0.07161222020568662,0.09020618556701031,,,518,224
20,20,4,1,4,1,1,0,429,196,63,15,-1,,0.06964609800362977,0.08741408934707903,,,492,211
21,21,5,1,4,1,1,1,429,196,63,15,95,European,0.06964609800362977,0.08741408934707903,,,492,211
22,22,4,1,4,1,2,0,429,212,89,12,-1,,0.07161222020568662,0.0936426116838488,,,518,224
23,23,5,1,4,1,2,1,429,213,43,11,96,Patent,0.06813369630973987,0.0938573883161512,,,472,224
24,24,5,1,4,1,2,2,478,212,40,12,90,Office,0.07531760435571688,0.0936426116838488,,,518,224
25,25,2,1,5,0,0,0,429,239,109,15,-1,,0.07312462189957653,0.10588487972508591,,,538,254
26,26,3,1,5,1,0,0,429,239,109,15,-1,,0.07312462189957653,0.10588487972508591,,,538,254
27,27,4,1,5,1,1,0,429,239,109,15,-1,,0.07312462189957653,0.10588487972508591,,,538,254
28,28,5,1,5,1,1,1,429,239,40,12,93,Office,0.06790683605565638,0.1052405498281787,,,469,251
29,29,5,1,5,1,1,2,474,239,64,15,93,européen,0.0765275257108288,0.10588487972508591,,,538,254
30,30,2,1,6,0,0,0,281,136,274,150,-1,,0.06321839080459771,0.09063573883161512,,,555,286
31,31,3,1,6,1,0,0,281,136,274,150,-1,,0.06321839080459771,0.09063573883161512,,,555,286
32,32,4,1,6,1,1,0,281,136,274,150,-1,,0.06321839080459771,0.09063573883161512,,,555,286
33,33,5,1,6,1,1,1,281,136,274,150,95, ,0.06321839080459771,0.09063573883161512,,,555,286
34,34,2,1,7,0,0,0,224,614,1243,2,-1,,0.1278735632183908,0.26417525773195877,,,1467,616
35,35,3,1,7,1,0,0,224,614,1243,2,-1,,0.1278735632183908,0.26417525773195877,,,1467,616
36,36,4,1,7,1,1,0,224,614,1243,2,-1,,0.1278735632183908,0.26417525773195877,,,1467,616
37,37,5,1,7,1,1,1,224,614,1243,2,95, ,0.1278735632183908,0.26417525773195877,,,1467,616
38,38,2,1,8,0,0,0,225,245,1235,708,-1,,0.12741984271022383,0.25730240549828176,,,1460,953
39,39,3,1,8,1,0,0,225,245,1235,708,-1,,0.12741984271022383,0.25730240549828176,,,1460,953
40,40,4,1,8,1,1,0,429,245,1031,38,-1,,0.14284633998790078,0.1134020618556701,,,1460,283
41,41,5,1,8,1,1,1,429,255,22,12,0,des,0.06654567453115548,0.11211340206185567,,,451,267
42,42,5,1,8,1,1,2,457,255,49,12,0,brevets,0.07282214156079855,0.11211340206185567,,,506,267
43,43,5,1,8,1,1,3,1002,256,44,27,87,(11),0.15486993345432548,0.11576460481099657,,,1046,283
44,44,5,1,8,1,1,4,1146,245,52,32,96,EP,0.17725347852389595,0.11211340206185567,number,EP,1198,277
45,45,5,1,8,1,1,5,1214,245,20,32,96,3,0.1851179673321234,0.11211340206185567,number,3,1234,277
46,46,5,1,8,1,1,6,1249,245,68,32,96,382,0.1940411373260738,0.11211340206185567,number,382,1317,277
47,47,5,1,8,1,1,7,1332,245,67,32,92,553,0.20651845130066546,0.11211340206185567,number,553,1399,277
48,48,5,1,8,1,1,8,1413,245,47,32,87,A1,0.21725650332728372,0.11211340206185567,number,A1,1460,277
49,49,4,1,8,1,2,0,225,319,889,31,-1,,0.10125529340592862,0.14368556701030927,,,1114,350
50,50,5,1,8,1,2,1,225,324,45,26,96,(12),0.037431941923774956,0.14475945017182132,,,270,350
51,51,5,1,8,1,2,2,577,319,156,26,96,EUROPEAN,0.09906231094978826,0.14261168384879724,,,733,345
52,52,5,1,8,1,2,3,735,320,156,24,96,PATENT,0.12295825771324864,0.14261168384879724,,,891,344
53,53,5,1,8,1,2,4,901,319,213,26,96,APPLICATION,0.15237447065940715,0.14261168384879724,,,1114,345
54,54,4,1,8,1,3,0,225,395,763,26,-1,,0.09172716273442226,0.17525773195876287,,,988,421
55,55,5,1,8,1,3,1,225,395,45,26,96,(43),0.037431941923774956,0.17525773195876287,,,270,421
56,56,5,1,8,1,3,2,286,397,48,18,96,Date,0.04688445251058681,0.17439862542955326,,,334,415
57,57,5,1,8,1,3,3,342,397,20,18,97,of,0.05323653962492438,0.17439862542955326,,,362,415
58,58,5,1,8,1,3,4,370,397,117,23,96,publication:,0.0648064125831821,0.17547250859106528,,,487,420
59,59,5,1,8,1,3,5,862,395,44,26,67,(51),0.1336963097398669,0.17525773195876287,,,906,421
60,60,5,1,8,1,3,6,923,397,25,18,93,Int,0.1414851784633999,0.17439862542955326,,,948,415
61,61,5,1,8,1,3,7,955,397,33,18,65,Cl:,0.14692982456140352,0.17439862542955326,,,988,415
62,62,4,1,8,1,4,0,286,425,1105,23,-1,,0.12681488203266789,0.1875,,,1391,448
63,63,5,1,8,1,4,1,286,430,117,18,96,03.10.2018,0.052102238354506954,0.18857388316151202,publication_date,03.10.2018,403,448
64,64,5,1,8,1,4,2,426,430,84,18,96,Bulletin,0.07078039927404718,0.18857388316151202,,,510,448
65,65,5,1,8,1,4,3,519,430,84,18,96,2018/40,0.08484573502722323,0.18857388316151202,,,603,448
66,66,5,1,8,1,4,4,923,428,60,18,26,GO6F,0.1441318814277072,0.1877147766323024,class_international,G06F,983,446
67,67,5,1,8,1,4,5,991,428,57,18,86,11130,0.154189352692075,0.1877147766323024,class_international,11/30,1048,446
68,68,5,1,8,1,4,6,1052,425,67,16,69,(2096.01),0.16417120387174833,0.18599656357388317,,,1119,441
69,69,5,1,8,1,4,7,1194,428,60,18,80,GOGF,0.1851179673321234,0.1877147766323024,,,1254,446
70,70,5,1,8,1,4,8,1262,428,56,18,83,11134,0.19509981851179672,0.1877147766323024,,,1318,446
71,71,5,1,8,1,4,9,1324,425,67,16,92,(2006.01),0.20530852994555354,0.18599656357388317,,,1391,441
72,72,4,1,8,1,5,0,923,455,183,21,-1,,0.15343315184513007,0.19995704467353953,,,1106,476
73,73,5,1,8,1,5,1,923,458,60,18,38,GOGF,0.1441318814277072,0.20060137457044674,,,983,476
74,74,5,1,8,1,5,2,989,458,45,18,77,9150,0.1529794313369631,0.20060137457044674,,,1034,476
75,75,5,1,8,1,5,3,1040,455,66,16,77,(2006.07),0.16228070175438597,0.19888316151202748,,,1106,471
76,76,4,1,8,1,6,0,225,493,402,26,-1,,0.06442831215970962,0.21735395189003437,,,627,519
77,77,5,1,8,1,6,1,225,493,45,26,95,(21),0.037431941923774956,0.21735395189003437,,,270,519
78,78,5,1,8,1,6,2,285,495,115,23,96,Application,0.051799758015728975,0.21756872852233677,,,400,518
79,79,5,1,8,1,6,3,410,495,83,18,93,number:,0.06828493647912885,0.21649484536082475,,,493,513
80,80,5,1,8,1,6,4,505,495,122,18,92,18157347.8,0.08560193587416817,0.21649484536082475,application_number,18157347.8,627,513
81,81,4,1,8,1,7,0,225,559,325,26,-1,,0.05860556563823351,0.24570446735395188,,,550,585
82,82,5,1,8,1,7,1,225,559,45,26,96,(22),0.037431941923774956,0.24570446735395188,,,270,585
83,83,5,1,8,1,7,2,286,561,48,18,96,Date,0.04688445251058681,0.24484536082474226,,,334,579
84,84,5,1,8,1,7,3,342,566,12,13,96,of,0.05263157894736842,0.24591924398625428,,,354,579
85,85,5,1,8,1,7,4,355,561,67,23,96,filing:,0.058756805807622506,0.24591924398625428,,,422,584
86,86,5,1,8,1,7,5,433,561,117,18,96,19.02.2018,0.07433454325468844,0.24484536082474226,filing_date,19.02.2018,550,579
87,87,4,1,8,1,8,0,225,631,876,27,-1,,0.10027223230490018,0.2768470790378007,,,1101,658
88,88,5,1,8,1,8,1,225,631,45,27,96,(84),0.037431941923774956,0.2768470790378007,,,270,658
89,89,5,1,8,1,8,2,286,633,118,23,96,Designated,0.052177858439201454,0.2768470790378007,,,404,656
90,90,5,1,8,1,8,3,413,633,119,23,96,Contracting,0.07146098003629764,0.2768470790378007,,,532,656
91,91,5,1,8,1,8,4,542,633,71,19,96,States:,0.08734119782214156,0.2759879725085911,,,613,652
92,92,5,1,8,1,8,5,898,639,7,7,18,«,0.13634301270417423,0.2759879725085911,,,905,646
93,93,5,1,8,1,8,6,923,633,83,19,93,"Nakano,",0.14587114337568058,0.2759879725085911,,,1006,652
94,94,5,1,8,1,8,7,1009,633,92,22,90,Akihito,0.15955837870538414,0.2766323024054983,,,1101,655
95,95,4,1,8,1,9,0,285,666,919,23,-1,,0.11259830611010284,0.29102233676975947,,,1204,689
96,96,5,1,8,1,9,1,285,666,31,18,96,AL,0.04544767090139141,0.28994845360824745,,,316,684
97,97,5,1,8,1,9,2,323,666,31,18,94,AT,0.05119479733817302,0.28994845360824745,,,354,684
98,98,5,1,8,1,9,3,363,666,30,18,96,BE,0.05716878402903811,0.28994845360824745,,,393,684
99,99,5,1,8,1,9,4,403,666,32,18,96,BG,0.0633696309739867,0.28994845360824745,,,435,684
100,100,5,1,8,1,9,5,445,666,31,18,96,CH,0.06964609800362977,0.28994845360824745,,,476,684
101,101,5,1,8,1,9,6,486,666,15,18,96,CY,0.07463702359346643,0.28994845360824745,,,501,684
102,102,5,1,8,1,9,7,502,666,54,18,96,CZ,0.08000604960677556,0.28994845360824745,,,556,684
103,103,5,1,8,1,9,8,565,666,30,18,96,DE,0.08771929824561403,0.28994845360824745,,,595,684
104,104,5,1,8,1,9,9,605,666,32,18,92,DK,0.09392014519056262,0.28994845360824745,,,637,684
105,105,5,1,8,1,9,10,646,666,29,18,92,EE,0.0998941318814277,0.28994845360824745,,,675,684
106,106,5,1,8,1,9,11,684,666,29,18,93,ES,0.10564125831820932,0.28994845360824745,,,713,684
107,107,5,1,8,1,9,12,723,666,99,18,90,FIFRGB,0.11683303085299455,0.28994845360824745,,,822,684
108,108,5,1,8,1,9,13,923,666,115,23,96,"Kanagawa,",0.1482909860859044,0.29102233676975947,,,1038,689
109,109,5,1,8,1,9,14,1041,666,111,22,96,211-8588,0.16583484573502721,0.29080756013745707,,,1152,688
110,110,5,1,8,1,9,15,1161,666,43,23,96,(JP),0.17884150030248033,0.29102233676975947,,,1204,689
111,111,4,1,8,1,10,0,285,699,782,22,-1,,0.10223835450695705,0.30498281786941583,,,1067,721
112,112,5,1,8,1,10,1,285,699,35,18,87,GR,0.04575015124016939,0.30412371134020616,,,320,717
113,113,5,1,8,1,10,2,328,699,32,18,87,HR,0.05202661826981246,0.30412371134020616,,,360,717
114,114,5,1,8,1,10,3,368,699,31,18,27,HU,0.058000604960677556,0.30412371134020616,,,399,717
115,115,5,1,8,1,10,4,408,699,20,18,27,IE,0.06321839080459771,0.30412371134020616,,,428,717
116,116,5,1,8,1,10,5,436,699,20,18,41,IS,0.06745311554748941,0.30412371134020616,,,456,717
117,117,5,1,8,1,10,6,464,699,20,18,41,IT,0.07168784029038112,0.30412371134020616,,,484,717
118,118,5,1,8,1,10,7,492,699,54,18,75,LILT,0.07849364791288566,0.30412371134020616,,,546,717
119,119,5,1,8,1,10,8,554,699,28,18,82,LU,0.08590441621294616,0.30412371134020616,,,582,717
120,120,5,1,8,1,10,9,591,699,28,18,82,LV,0.09150030248033877,0.30412371134020616,,,619,717
121,121,5,1,8,1,10,10,627,699,35,18,95,MC,0.09747428917120388,0.30412371134020616,,,662,717
122,122,5,1,8,1,10,11,670,699,35,18,96,MK,0.10397761645493044,0.30412371134020616,,,705,717
123,123,5,1,8,1,10,12,713,699,32,18,96,MT,0.11025408348457351,0.30412371134020616,,,745,717
124,124,5,1,8,1,10,13,753,699,29,18,74,NL,0.11607683000604961,0.30412371134020616,,,782,717
125,125,5,1,8,1,10,14,791,699,33,18,74,NO,0.1221264367816092,0.30412371134020616,,,824,717
126,126,5,1,8,1,10,15,898,704,7,8,23,¢,0.13634301270417423,0.30412371134020616,,,905,712
127,127,5,1,8,1,10,16,922,699,87,22,96,"Tanaka,",0.14602238354506958,0.30498281786941583,,,1009,721
128,128,5,1,8,1,10,17,1016,699,51,18,96,Yuta,0.15751663641863278,0.30412371134020616,,,1067,717
129,129,4,1,8,1,11,0,286,732,918,23,-1,,0.11267392619479734,0.31937285223367695,,,1204,755
130,130,5,1,8,1,11,1,286,732,28,18,95,PL,0.045372050816696916,0.31829896907216493,,,314,750
131,131,5,1,8,1,11,2,323,732,29,18,95,PT,0.05104355716878403,0.31829896907216493,,,352,750
132,132,5,1,8,1,11,3,360,732,33,18,96,RO,0.05694192377495463,0.31829896907216493,,,393,750
133,133,5,1,8,1,11,4,403,732,31,18,94,RS,0.0632940108892922,0.31829896907216493,,,434,750
134,134,5,1,8,1,11,5,442,732,30,18,94,SE,0.0691167574107683,0.31829896907216493,,,472,750
135,135,5,1,8,1,11,6,480,732,20,18,90,SI,0.07410768300060495,0.31829896907216493,,,500,750
136,136,5,1,8,1,11,7,510,732,31,18,90,SK,0.0794767090139141,0.31829896907216493,,,541,750
137,137,5,1,8,1,11,8,550,732,72,18,91,SMTR,0.08862673926194797,0.31829896907216493,,,622,750
138,138,5,1,8,1,11,9,923,732,115,23,95,"Kanagawa,",0.1482909860859044,0.31937285223367695,,,1038,755
139,139,5,1,8,1,11,10,1041,732,111,22,96,211-8588,0.16583484573502721,0.31915807560137455,,,1152,754
140,140,5,1,8,1,11,11,1161,732,43,23,96,(JP),0.17884150030248033,0.31937285223367695,,,1204,755
141,141,4,1,8,1,12,0,286,765,845,23,-1,,0.10715366001209921,0.3335481099656357,,,1131,788
142,142,5,1,8,1,12,1,286,765,118,23,96,Designated,0.052177858439201454,0.3335481099656357,,,404,788
143,143,5,1,8,1,12,2,413,765,102,18,96,Extension,0.07017543859649122,0.3324742268041237,,,515,783
144,144,5,1,8,1,12,3,524,765,72,18,96,States:,0.08469449485783424,0.3324742268041237,,,596,783
145,145,5,1,8,1,12,4,898,770,7,8,35,¢,0.13634301270417423,0.3324742268041237,,,905,778
146,146,5,1,8,1,12,5,922,765,108,21,95,"Takeuchi,",0.14761040532365396,0.3331185567010309,,,1030,786
147,147,5,1,8,1,12,6,1039,765,92,18,95,Susumu,0.16409558378705383,0.3324742268041237,,,1131,783
148,148,4,1,8,1,13,0,286,797,918,23,-1,,0.11267392619479734,0.3472938144329897,,,1204,820
149,149,5,1,8,1,13,1,286,797,33,19,94,BA,0.04575015124016939,0.34643470790378006,,,319,816
150,150,5,1,8,1,13,2,327,797,33,19,94,ME,0.05195099818511797,0.34643470790378006,,,360,816
151,151,5,1,8,1,13,3,923,797,121,23,96,"Kanagawa,",0.14874470659407138,0.3472938144329897,,,1044,820
152,152,5,1,8,1,13,4,1054,797,98,19,96,211-8588,0.16681790683605566,0.34643470790378006,,,1152,816
153,153,5,1,8,1,13,5,1161,797,43,23,96,(JP),0.17884150030248033,0.3472938144329897,,,1204,820
154,154,4,1,8,1,14,0,286,830,831,23,-1,,0.10609497882637628,0.36146907216494845,,,1117,853
155,155,5,1,8,1,14,1,286,830,118,23,96,Designated,0.052177858439201454,0.36146907216494845,,,404,853
156,156,5,1,8,1,14,2,411,830,104,18,96,Validation,0.07002419842710224,0.3603951890034364,,,515,848
157,157,5,1,8,1,14,3,524,830,72,18,96,States:,0.08469449485783424,0.3603951890034364,,,596,848
158,158,5,1,8,1,14,4,898,835,7,8,56,«,0.13634301270417423,0.3603951890034364,,,905,843
159,159,5,1,8,1,14,5,923,830,86,18,91,"Kobune,",0.14609800362976408,0.3603951890034364,,,1009,848
160,160,5,1,8,1,14,6,1012,830,105,23,96,Hiroyuki,0.16099516031457956,0.36146907216494845,,,1117,853
161,161,4,1,8,1,15,0,286,863,918,23,-1,,0.11267392619479734,0.3756443298969072,,,1204,886
162,162,5,1,8,1,15,1,286,863,35,18,91,MA,0.04590139140955838,0.3745704467353952,,,321,881
163,163,5,1,8,1,15,2,330,863,34,18,91,MD,0.05248033877797943,0.3745704467353952,,,364,881
164,164,5,1,8,1,15,3,373,863,29,18,87,TN,0.05860556563823351,0.3745704467353952,,,402,881
165,165,5,1,8,1,15,4,923,863,115,23,96,"Kanagawa,",0.1482909860859044,0.3756443298969072,,,1038,886
166,166,5,1,8,1,15,5,1041,863,111,22,96,211-8588,0.16583484573502721,0.3754295532646048,,,1152,885
167,167,5,1,8,1,15,6,1161,863,43,23,96,(JP),0.17884150030248033,0.3756443298969072,,,1204,886
168,168,4,1,8,1,16,0,225,927,1038,26,-1,,0.11252268602540835,0.40378006872852235,,,1263,953
169,169,5,1,8,1,16,1,225,927,45,26,96,(30),0.037431941923774956,0.40378006872852235,,,270,953
170,170,5,1,8,1,16,2,286,929,77,23,95,Priority:,0.04907743496672716,0.40399484536082475,,,363,952
171,171,5,1,8,1,16,3,383,929,118,18,79,31.03.2017,0.06684815486993345,0.4029209621993127,priority_date_eu,31.03.2017,501,947
172,172,5,1,8,1,16,4,519,929,27,18,94,JP,0.08053539019963703,0.4029209621993127,,,546,947
173,173,5,1,8,1,16,5,555,929,130,18,96,2017072436,0.09376890502117362,0.4029209621993127,,,685,947
174,174,5,1,8,1,16,6,862,927,44,26,96,(74),0.1336963097398669,0.40378006872852235,,,906,953
175,175,5,1,8,1,16,7,923,929,163,23,96,Representative:,0.15192075015124018,0.40399484536082475,,,1086,952
176,176,5,1,8,1,16,8,1096,929,94,18,93,Hoffmann,0.17286751361161526,0.4029209621993127,representative_line_1_eu,Hoffmann,1190,947
177,177,5,1,8,1,16,9,1193,929,70,18,92,Eitle,0.18572292800967938,0.4029209621993127,representative_line_1_eu,Eitle,1263,947
178,178,2,1,9,0,0,0,225,992,372,58,-1,,0.06215970961887477,0.438573883161512,,,597,1050
179,179,3,1,9,1,0,0,225,992,372,58,-1,,0.06215970961887477,0.438573883161512,,,597,1050
180,180,4,1,9,1,1,0,225,992,372,26,-1,,0.06215970961887477,0.43170103092783507,,,597,1018
181,181,5,1,9,1,1,1,225,992,45,26,96,(71),0.037431941923774956,0.43170103092783507,,,270,1018
182,182,5,1,9,1,1,2,285,994,103,23,96,Applicant:,0.05089231699939504,0.4319158075601375,,,388,1017
183,183,5,1,9,1,1,3,397,994,96,18,95,FUJITSU,0.06730187537810042,0.43084192439862545,applicant_line_1,FUJITSU,493,1012
184,184,5,1,9,1,1,4,504,994,93,18,89,LIMITED,0.08325771324863884,0.43084192439862545,applicant_line_1,LIMITED,597,1012
185,185,4,1,9,1,2,0,286,1027,274,23,-1,,0.06397459165154265,0.44609106529209624,,,560,1050
186,186,5,1,9,1,2,1,286,1027,116,23,96,Kanagawa,0.05202661826981246,0.44609106529209624,,,402,1050
187,187,5,1,9,1,2,2,410,1027,99,18,96,211-8588,0.06949485783424078,0.44501718213058417,,,509,1045
188,188,5,1,9,1,2,3,518,1027,42,23,96,(JP),0.08151845130066546,0.44609106529209624,,,560,1050
189,189,2,1,10,0,0,0,234,1090,333,91,-1,,0.06057168784029038,0.4877577319587629,,,567,1181
190,190,3,1,10,1,0,0,234,1090,333,91,-1,,0.06057168784029038,0.4877577319587629,,,567,1181
191,191,4,1,10,1,1,0,234,1090,154,26,-1,,0.0470356926799758,0.4737972508591065,,,388,1116
192,192,5,1,10,1,1,1,234,1090,36,26,95,72),0.038112522686025406,0.4737972508591065,,,270,1116
193,193,5,1,10,1,1,2,287,1092,101,18,92,Inventors:,0.05104355716878403,0.4729381443298969,,,388,1110
194,194,4,1,10,1,2,0,262,1125,237,22,-1,,0.057546884452510584,0.4879725085910653,,,499,1147
195,195,5,1,10,1,2,1,262,1131,7,7,71,*,0.04015426497277677,0.48732817869415807,,,269,1138
196,196,5,1,10,1,2,2,286,1125,106,22,91,"Kukihara,",0.05127041742286751,0.4879725085910653,inventor_line_1,"Kukihara,",392,1147
197,197,5,1,10,1,2,3,402,1125,97,19,96,Kensuke,0.06813369630973987,0.48732817869415807,inventor_line_1,Kensuke,499,1144
198,198,4,1,10,1,3,0,286,1158,281,23,-1,,0.06450393224440411,0.5023625429553265,,,567,1181
199,199,5,1,10,1,3,1,286,1158,116,23,96,"Kanagawa,",0.05202661826981246,0.5023625429553265,,,402,1181
200,200,5,1,10,1,3,2,404,1158,112,22,96,211-8588,0.06957047791893527,0.502147766323024,,,516,1180
201,201,5,1,10,1,3,3,524,1158,43,23,96,(JP),0.08250151240169389,0.5023625429553265,,,567,1181
202,202,2,1,11,0,0,0,845,614,2,599,-1,,0.1279491833030853,0.39239690721649484,,,847,1213
203,203,3,1,11,1,0,0,845,614,2,599,-1,,0.1279491833030853,0.39239690721649484,,,847,1213
204,204,4,1,11,1,1,0,845,614,2,599,-1,,0.1279491833030853,0.39239690721649484,,,847,1213
205,205,5,1,11,1,1,1,845,614,2,599,95, ,0.1279491833030853,0.39239690721649484,,,847,1213
206,206,2,1,12,0,0,0,923,961,408,19,-1,,0.1704476709013914,0.4168814432989691,,,1331,980
207,207,3,1,12,1,0,0,923,961,408,19,-1,,0.1704476709013914,0.4168814432989691,,,1331,980
208,208,4,1,12,1,1,0,923,961,408,19,-1,,0.1704476709013914,0.4168814432989691,,,1331,980
209,209,5,1,12,1,1,1,923,961,78,19,92,Patent-,0.1454930429522081,0.4168814432989691,,,1001,980
210,210,5,1,12,1,1,2,1010,961,41,19,93,und,0.1558529945553539,0.4168814432989691,,,1051,980
211,211,5,1,12,1,1,3,1061,961,164,19,59,Rechtsanwalte,0.17286751361161526,0.4168814432989691,,,1225,980
212,212,5,1,12,1,1,4,1235,961,96,19,90,PartmbB,0.1940411373260738,0.4168814432989691,,,1331,980
213,213,2,1,13,0,0,0,921,994,198,18,-1,,0.1542649727767695,0.43084192439862545,,,1119,1012
214,214,3,1,13,1,0,0,921,994,198,18,-1,,0.1542649727767695,0.43084192439862545,,,1119,1012
215,215,4,1,13,1,1,0,921,994,198,18,-1,,0.1542649727767695,0.43084192439862545,,,1119,1012
216,216,5,1,13,1,1,1,921,994,165,18,67,ArabellastraRe,0.15176950998185118,0.43084192439862545,,,1086,1012
217,217,5,1,13,1,1,2,1094,994,25,18,96,30,0.16734724742891713,0.43084192439862545,,,1119,1012
218,218,2,1,14,0,0,0,922,1027,231,23,-1,,0.15691167574107684,0.44609106529209624,,,1153,1050
219,219,3,1,14,1,0,0,922,1027,231,23,-1,,0.15691167574107684,0.44609106529209624,,,1153,1050
220,220,4,1,14,1,1,0,922,1027,231,23,-1,,0.15691167574107684,0.44609106529209624,,,1153,1050
221,221,5,1,14,1,1,1,922,1027,64,18,93,81925,0.1442831215970962,0.44501718213058417,,,986,1045
222,222,5,1,14,1,1,2,996,1027,101,18,81,Miinchen,0.15827283726557773,0.44501718213058417,,,1097,1045
223,223,5,1,14,1,1,3,1107,1027,46,23,96,(DE),0.17090139140955837,0.44609106529209624,,,1153,1050
224,224,2,1,15,0,0,0,224,1211,1243,2,-1,,0.1278735632183908,0.520618556701031,,,1467,1213
225,225,3,1,15,1,0,0,224,1211,1243,2,-1,,0.1278735632183908,0.520618556701031,,,1467,1213
226,226,4,1,15,1,1,0,224,1211,1243,2,-1,,0.1278735632183908,0.520618556701031,,,1467,1213
227,227,5,1,15,1,1,1,224,1211,1243,2,95, ,0.1278735632183908,0.520618556701031,,,1467,1213
228,228,2,1,16,0,0,0,316,1263,135,21,-1,,0.058000604960677556,0.5470360824742269,,,451,1284
229,229,3,1,16,1,0,0,316,1263,135,21,-1,,0.058000604960677556,0.5470360824742269,,,451,1284
230,230,4,1,16,1,1,0,316,1263,135,21,-1,,0.058000604960677556,0.5470360824742269,,,451,1284
231,231,5,1,16,1,1,1,316,1263,135,21,96,PROGRAM,0.058000604960677556,0.5470360824742269,,,451,1284
232,232,2,1,17,0,0,0,224,1337,584,583,-1,,0.0780399274047187,0.6995274914089347,,,808,1920
233,233,3,1,17,1,0,0,224,1337,584,583,-1,,0.0780399274047187,0.6995274914089347,,,808,1920
234,234,4,1,17,1,1,0,225,1337,582,26,-1,,0.0780399274047187,0.5798969072164949,,,807,1363
235,235,5,1,17,1,1,1,225,1337,45,26,63,(57),0.037431941923774956,0.5798969072164949,,,270,1363
236,236,5,1,17,1,1,2,0,0,1653,2328,40,—,0.125,0.5,,,1653,2328
237,237,5,1,17,1,1,3,315,1339,15,18,94,A,0.04877495462794918,0.5790378006872853,,,330,1357
238,238,5,1,17,1,1,4,344,1339,76,18,96,method,0.05777374470659407,0.5790378006872853,,,420,1357
239,239,5,1,17,1,1,5,435,1339,85,18,96,includes,0.0722171808832426,0.5790378006872853,,,520,1357
240,240,5,1,17,1,1,6,534,1339,93,23,96,receiving,0.08779491833030853,0.5801116838487973,,,627,1362
241,241,5,1,17,1,1,7,640,1339,38,18,96,first,0.09966727162734422,0.5790378006872853,,,678,1357
242,242,5,1,17,1,1,8,691,1339,116,18,96,information,0.1132788868723533,0.5790378006872853,,,807,1357
243,243,4,1,17,1,2,0,232,1372,576,23,-1,,0.07864488808227466,0.594286941580756,,,808,1395
244,244,5,1,17,1,2,1,232,1372,32,19,95,hat,0.03750756200846945,0.5934278350515464,,,264,1391
245,245,5,1,17,1,2,2,274,1372,92,19,96,indicates,0.04839685420447671,0.5934278350515464,,,366,1391
246,246,5,1,17,1,2,3,376,1377,11,14,96,a,0.05769812462189958,0.5945017182130584,,,387,1391
247,247,5,1,17,1,2,4,399,1372,80,23,96,plurality,0.06639443436176648,0.594286941580756,,,479,1395
248,248,5,1,17,1,2,5,489,1372,19,19,96,of,0.07539322444041137,0.5934278350515464,,,508,1391
249,249,5,1,17,1,2,6,516,1372,95,19,96,functions,0.0852238354506957,0.5934278350515464,,,611,1391
250,250,5,1,17,1,2,7,622,1372,88,23,97,provided,0.10072595281306715,0.594286941580756,,,710,1395
251,251,5,1,17,1,2,8,722,1372,16,19,92,in,0.1104053236539625,0.5934278350515464,,,738,1391
252,252,5,1,17,1,2,9,0,0,1653,2328,92,a,0.125,0.5,,,1653,2328
253,253,5,1,17,1,2,10,749,1372,59,19,95,first,0.1177404718693285,0.5934278350515464,,,808,1391
254,254,4,1,17,1,3,0,225,1405,582,23,-1,,0.0780399274047187,0.6084621993127147,,,807,1428
255,255,5,1,17,1,3,1,225,1405,108,23,96,computing,0.04219600725952813,0.6084621993127147,,,333,1428
256,256,5,1,17,1,3,2,342,1406,79,22,96,"system,",0.05769812462189958,0.6086769759450171,,,421,1428
257,257,5,1,17,1,3,3,431,1405,103,23,96,specifying,0.07297338173018754,0.6084621993127147,,,534,1428
258,258,5,1,17,1,3,4,543,1410,11,13,96,a,0.08295523290986086,0.6084621993127147,,,554,1423
259,259,5,1,17,1,3,5,563,1405,38,18,95,first,0.08802177858439202,0.6073883161512027,,,601,1423
260,260,5,1,17,1,3,6,609,1405,73,23,96,linkage,0.09762552934059286,0.6084621993127147,,,682,1428
261,261,5,1,17,1,3,7,690,1406,51,17,96,state,0.10821234119782214,0.6076030927835051,,,741,1423
262,262,5,1,17,1,3,8,749,1405,20,18,96,of,0.1147912885662432,0.6073883161512027,,,769,1423
263,263,5,1,17,1,3,9,775,1405,32,18,96,the,0.11963097398669087,0.6073883161512027,,,807,1423
264,264,4,1,17,1,4,0,226,1438,581,23,-1,,0.07811554748941318,0.6226374570446735,,,807,1461
265,265,5,1,17,1,4,1,226,1438,80,23,95,plurality,0.040229885057471264,0.6226374570446735,,,306,1461
266,266,5,1,17,1,4,2,313,1438,20,18,95,of,0.04885057471264368,0.6215635738831615,,,333,1456
267,267,5,1,17,1,4,3,339,1438,95,18,96,functions,0.05845432546884453,0.6215635738831615,,,434,1456
268,268,5,1,17,1,4,4,443,1438,15,18,96,in,0.06813369630973987,0.6215635738831615,,,458,1456
269,269,5,1,17,1,4,5,466,1438,32,18,96,the,0.07289776164549304,0.6215635738831615,,,498,1456
270,270,5,1,17,1,4,6,505,1438,39,18,96,first,0.07932546884452511,0.6215635738831615,,,544,1456
271,271,5,1,17,1,4,7,551,1438,108,23,96,computing,0.09150030248033877,0.6226374570446735,,,659,1461
272,272,5,1,17,1,4,8,668,1438,72,23,96,system,0.10647307924984876,0.6226374570446735,,,740,1461
273,273,5,1,17,1,4,9,749,1438,38,18,94,and,0.1161524500907441,0.6215635738831615,,,787,1456
274,274,5,1,17,1,4,10,796,1442,11,14,94,a,0.12121899576527526,0.6224226804123711,,,807,1456
275,275,4,1,17,1,5,0,232,1470,575,23,-1,,0.07856926799758016,0.6363831615120275,,,807,1493
276,276,5,1,17,1,5,1,232,1470,31,19,92,irst,0.037431941923774956,0.6355240549828178,,,263,1489
277,277,5,1,17,1,5,2,273,1470,92,23,96,provision,0.04824561403508772,0.6363831615120275,,,365,1493
278,278,5,1,17,1,5,3,376,1470,68,19,96,format,0.062008469449485785,0.6355240549828178,,,444,1489
279,279,5,1,17,1,5,4,453,1470,20,19,96,of,0.07002419842710224,0.6355240549828178,,,473,1489
280,280,5,1,17,1,5,5,482,1470,31,19,96,the,0.07524198427102238,0.6355240549828178,,,513,1489
281,281,5,1,17,1,5,6,525,1470,80,23,96,plurality,0.08545069570477919,0.6363831615120275,,,605,1493
282,282,5,1,17,1,5,7,615,1470,19,19,96,of,0.09444948578342408,0.6355240549828178,,,634,1489
283,283,5,1,17,1,5,8,643,1470,95,19,96,functions,0.1044313369630974,0.6355240549828178,,,738,1489
284,284,5,1,17,1,5,9,749,1470,16,19,96,in,0.11448880822746521,0.6355240549828178,,,765,1489
285,285,5,1,17,1,5,10,775,1470,32,19,96,the,0.11963097398669087,0.6355240549828178,,,807,1489
286,286,4,1,17,1,6,0,232,1503,575,23,-1,,0.07856926799758016,0.6505584192439863,,,807,1526
287,287,5,1,17,1,6,1,232,1503,31,18,93,irst,0.037431941923774956,0.6494845360824743,,,263,1521
288,288,5,1,17,1,6,2,268,1503,107,23,94,computing,0.048623714458560195,0.6505584192439863,,,375,1526
289,289,5,1,17,1,6,3,382,1504,73,22,96,"system,",0.0632940108892922,0.6507731958762887,,,455,1526
290,290,5,1,17,1,6,4,459,1503,113,23,96,specifying,0.0779643073200242,0.6505584192439863,,,572,1526
291,291,5,1,17,1,6,5,579,1508,11,13,96,a,0.08839987900786449,0.6505584192439863,,,590,1521
292,292,5,1,17,1,6,6,596,1508,61,13,96,second,0.09475196612220206,0.6505584192439863,,,657,1521
293,293,5,1,17,1,6,7,660,1503,91,23,96,linkage,0.10669993950393225,0.6505584192439863,,,751,1526
294,294,5,1,17,1,6,8,756,1504,51,17,96,state,0.11819419237749547,0.6496993127147767,,,807,1521
295,295,4,1,17,1,7,0,225,1536,581,23,-1,,0.0779643073200242,0.664733676975945,,,806,1559
296,296,5,1,17,1,7,1,225,1536,20,18,94,of,0.035541439806412584,0.663659793814433,,,245,1554
297,297,5,1,17,1,7,2,249,1536,31,18,94,the,0.04000302480338778,0.663659793814433,,,280,1554
298,298,5,1,17,1,7,3,288,1536,79,23,96,plurality,0.04953115547489413,0.664733676975945,,,367,1559
299,299,5,1,17,1,7,4,373,1536,20,18,96,of,0.05792498487598306,0.663659793814433,,,393,1554
300,300,5,1,17,1,7,5,396,1536,95,18,89,functions,0.06707501512401694,0.663659793814433,,,491,1554
301,301,5,1,17,1,7,6,498,1536,15,18,83,in,0.0764519056261343,0.663659793814433,,,513,1554
302,302,5,1,17,1,7,7,520,1540,12,14,83,a,0.07955232909860858,0.6645189003436426,,,532,1554
303,303,5,1,17,1,7,8,537,1536,75,18,94,second,0.08688747731397459,0.663659793814433,,,612,1554
304,304,5,1,17,1,7,9,619,1536,107,23,96,computing,0.10170901391409558,0.664733676975945,,,726,1559
305,305,5,1,17,1,7,10,733,1536,73,23,96,system,0.11637931034482758,0.664733676975945,,,806,1559
306,306,4,1,17,1,8,0,225,1569,582,23,-1,,0.0780399274047187,0.6789089347079038,,,807,1592
307,307,5,1,17,1,8,1,225,1569,55,18,89,anda,0.038188142770719906,0.6778350515463918,,,280,1587
308,308,5,1,17,1,8,2,286,1574,62,13,93,second,0.04794313369630974,0.6789089347079038,,,348,1587
309,309,5,1,17,1,8,3,350,1569,112,23,96,provision,0.06140350877192982,0.6789089347079038,,,462,1592
310,310,5,1,17,1,8,4,467,1569,60,18,95,format,0.07516636418632788,0.6778350515463918,,,527,1587
311,311,5,1,17,1,8,5,529,1570,22,17,95,of,0.08166969147005444,0.6780498281786942,,,551,1587
312,312,5,1,17,1,8,6,552,1569,44,18,96,the,0.0868118572292801,0.6778350515463918,,,596,1587
313,313,5,1,17,1,8,7,603,1569,81,23,96,plurality,0.09732304900181488,0.6789089347079038,,,684,1592
314,314,5,1,17,1,8,8,688,1569,20,18,96,of,0.10556563823351482,0.6778350515463918,,,708,1587
315,315,5,1,17,1,8,9,712,1569,95,18,96,functions,0.11486690865093768,0.6778350515463918,,,807,1587
316,316,4,1,17,1,9,0,226,1602,581,23,-1,,0.07811554748941318,0.6930841924398625,,,807,1625
317,317,5,1,17,1,9,1,226,1602,15,18,96,in,0.0353145795523291,0.6920103092783505,,,241,1620
318,318,5,1,17,1,9,2,251,1602,32,18,96,the,0.04038112522686026,0.6920103092783505,,,283,1620
319,319,5,1,17,1,9,3,293,1602,74,18,96,second,0.0499092558983666,0.6920103092783505,,,367,1620
320,320,5,1,17,1,9,4,378,1602,107,23,96,computing,0.06526013309134907,0.6930841924398625,,,485,1625
321,321,5,1,17,1,9,5,495,1602,79,23,96,"system,",0.080837870538415,0.6930841924398625,,,574,1625
322,322,5,1,17,1,9,6,585,1602,104,23,96,specifying,0.09633998790078645,0.6930841924398625,,,689,1625
323,323,5,1,17,1,9,7,699,1606,11,14,95,a,0.10654869933454325,0.6928694158075601,,,710,1620
324,324,5,1,17,1,9,8,719,1602,38,18,93,first,0.11161524500907441,0.6920103092783505,,,757,1620
325,325,5,1,17,1,9,9,767,1606,40,19,93,per-,0.11902601330913491,0.6939432989690721,,,807,1625
326,326,4,1,17,1,10,0,231,1634,575,23,-1,,0.07841802782819117,0.7068298969072165,,,806,1657
327,327,5,1,17,1,10,1,231,1639,92,14,91,formance,0.04189352692075015,0.7070446735395189,,,323,1653
328,328,5,1,17,1,10,2,334,1634,117,19,96,determined,0.05936176648517846,0.7059707903780069,,,451,1653
329,329,5,1,17,1,10,3,464,1634,62,19,96,based,0.07486388384754991,0.7059707903780069,,,526,1653
330,330,5,1,17,1,10,4,538,1639,12,14,95,on,0.0822746521476104,0.7070446735395189,,,550,1653
331,331,5,1,17,1,10,5,552,1634,40,19,95,the,0.08650937689050212,0.7059707903780069,,,592,1653
332,332,5,1,17,1,10,6,594,1634,61,19,96,first,0.09444948578342408,0.7059707903780069,,,655,1653
333,333,5,1,17,1,10,7,666,1634,73,23,96,linkage,0.10624621899576528,0.7068298969072165,,,739,1657
334,334,5,1,17,1,10,8,750,1635,56,21,96,"state,",0.117664851784634,0.7068298969072165,,,806,1656
335,335,4,1,17,1,11,0,225,1667,582,23,-1,,0.0780399274047187,0.7210051546391752,,,807,1690
336,336,5,1,17,1,11,1,225,1667,104,23,96,specifying,0.04189352692075015,0.7210051546391752,,,329,1690
337,337,5,1,17,1,11,2,338,1672,12,13,96,a,0.05202661826981246,0.7210051546391752,,,350,1685
338,338,5,1,17,1,11,3,358,1667,75,18,96,second,0.059815486993345435,0.7199312714776632,,,433,1685
339,339,5,1,17,1,11,4,443,1667,132,23,96,performance,0.07698124621899577,0.7210051546391752,,,575,1690
340,340,5,1,17,1,11,5,583,1667,118,18,96,determined,0.09709618874773139,0.7199312714776632,,,701,1685
341,341,5,1,17,1,11,6,711,1667,62,18,96,based,0.11222020568663037,0.7199312714776632,,,773,1685
342,342,5,1,17,1,11,7,782,1672,25,13,96,on,0.12016031457955233,0.7210051546391752,,,807,1685
343,343,4,1,17,1,12,0,232,1700,575,23,-1,,0.07856926799758016,0.7351804123711341,,,807,1723
344,344,5,1,17,1,12,1,232,1700,24,18,94,he,0.03690260133091349,0.7341065292096219,,,256,1718
345,345,5,1,17,1,12,2,266,1700,75,18,96,second,0.04590139140955838,0.7341065292096219,,,341,1718
346,346,5,1,17,1,12,3,353,1700,73,23,96,linkage,0.05890804597701149,0.7351804123711341,,,426,1723
347,347,5,1,17,1,12,4,436,1700,56,21,96,"state,",0.07017543859649122,0.7347508591065293,,,492,1721
348,348,5,1,17,1,12,5,502,1700,123,23,96,determining,0.0852238354506957,0.7351804123711341,,,625,1723
349,349,5,1,17,1,12,6,636,1704,11,14,96,a,0.0970205686630369,0.7349656357388317,,,647,1718
350,350,5,1,17,1,12,7,656,1700,39,18,96,first,0.10216273442226255,0.7341065292096219,,,695,1718
351,351,5,1,17,1,12,8,704,1700,103,18,96,difference,0.11426194797338173,0.7341065292096219,,,807,1718
352,352,4,1,17,1,13,0,226,1732,581,23,-1,,0.07811554748941318,0.748926116838488,,,807,1755
353,353,5,1,17,1,13,1,226,1732,74,19,96,between,0.03977616454930429,0.7480670103092784,,,300,1751
354,354,5,1,17,1,13,2,303,1732,37,19,96,the,0.048623714458560195,0.7480670103092784,,,340,1751
355,355,5,1,17,1,13,3,342,1732,58,19,96,first,0.056110102843315184,0.7480670103092784,,,400,1751
356,356,5,1,17,1,13,4,408,1732,131,23,95,performance,0.07161222020568662,0.748926116838488,,,539,1755
357,357,5,1,17,1,13,5,548,1732,37,19,96,and,0.08567755595886267,0.7480670103092784,,,585,1751
358,358,5,1,17,1,13,6,595,1732,31,19,96,the,0.09233212341197822,0.7480670103092784,,,626,1751
359,359,5,1,17,1,13,7,635,1732,74,19,93,second,0.10163339382940109,0.7480670103092784,,,709,1751
360,360,5,1,17,1,13,8,719,1732,88,23,92,perform-,0.11539624924379915,0.748926116838488,,,807,1755
361,361,4,1,17,1,14,0,225,1766,582,23,-1,,0.0780399274047187,0.7635309278350515,,,807,1789
362,362,5,1,17,1,14,1,225,1770,55,17,96,"ance,",0.038188142770719906,0.7639604810996563,,,280,1787
363,363,5,1,17,1,14,2,290,1766,104,23,96,specifying,0.05172413793103448,0.7635309278350515,,,394,1789
364,364,5,1,17,1,14,3,404,1770,11,14,95,a,0.061932849364791286,0.7633161512027491,,,415,1784
365,365,5,1,17,1,14,4,423,1766,44,18,95,third,0.06730187537810042,0.7624570446735395,,,467,1784
366,366,5,1,17,1,14,5,478,1766,131,23,96,performance,0.08219903206291591,0.7635309278350515,,,609,1789
367,367,5,1,17,1,14,6,617,1766,118,18,96,determined,0.10223835450695705,0.7624570446735395,,,735,1784
368,368,5,1,17,1,14,7,744,1766,63,18,96,based,0.11728675136116153,0.7624570446735395,,,807,1784
369,369,4,1,17,1,15,0,225,1799,582,23,-1,,0.0780399274047187,0.7777061855670103,,,807,1822
370,370,5,1,17,1,15,1,225,1803,24,14,96,on,0.03584392014519056,0.7774914089347079,,,249,1817
371,371,5,1,17,1,15,2,257,1799,18,18,96,the,0.040229885057471264,0.7766323024054983,,,275,1817
372,372,5,1,17,1,15,3,277,1799,56,18,96,first,0.046128251663641866,0.7766323024054983,,,333,1817
373,373,5,1,17,1,15,4,341,1799,92,23,96,provision,0.05852994555353902,0.7777061855670103,,,433,1822
374,374,5,1,17,1,15,5,440,1799,73,21,96,"format,",0.0720659407138536,0.7772766323024055,,,513,1820
375,375,5,1,17,1,15,6,521,1799,104,23,96,specifying,0.0866606170598911,0.7777061855670103,,,625,1822
376,376,5,1,17,1,15,7,633,1803,12,14,96,a,0.09664246823956443,0.7774914089347079,,,645,1817
377,377,5,1,17,1,15,8,651,1799,59,18,93,fourth,0.1029189352692075,0.7766323024054983,,,710,1817
378,378,5,1,17,1,15,9,719,1799,88,23,92,perform-,0.11539624924379915,0.7777061855670103,,,807,1822
379,379,4,1,17,1,16,0,225,1831,581,23,-1,,0.0779643073200242,0.7914518900343642,,,806,1854
380,380,5,1,17,1,16,1,225,1836,50,14,96,ance,0.03781004234724743,0.7916666666666666,,,275,1850
381,381,5,1,17,1,16,2,282,1831,118,19,96,determined,0.051572897761645496,0.7905927835051546,,,400,1850
382,382,5,1,17,1,16,3,409,1831,62,19,96,based,0.06654567453115548,0.7905927835051546,,,471,1850
383,383,5,1,17,1,16,4,478,1836,25,14,96,on,0.07418330308529945,0.7916666666666666,,,503,1850
384,384,5,1,17,1,16,5,511,1831,32,19,96,the,0.07970356926799758,0.7905927835051546,,,543,1850
385,385,5,1,17,1,16,6,550,1836,61,14,96,second,0.08779491833030853,0.7916666666666666,,,611,1850
386,386,5,1,17,1,16,7,614,1831,112,23,96,provision,0.1013309134906231,0.7914518900343642,,,726,1854
387,387,5,1,17,1,16,8,734,1831,72,22,96,"format,",0.11645493042952208,0.7912371134020618,,,806,1853
388,388,4,1,17,1,17,0,225,1864,582,23,-1,,0.0780399274047187,0.805627147766323,,,807,1887
389,389,5,1,17,1,17,1,225,1864,122,23,96,determining,0.04325468844525106,0.805627147766323,,,347,1887
390,390,5,1,17,1,17,2,357,1869,11,13,96,a,0.05482456140350877,0.805627147766323,,,368,1882
391,391,5,1,17,1,17,3,378,1864,74,18,96,second,0.06276467029643074,0.804553264604811,,,452,1882
392,392,5,1,17,1,17,4,462,1864,103,18,96,difference,0.07766182698124621,0.804553264604811,,,565,1882
393,393,5,1,17,1,17,5,575,1864,75,18,96,between,0.0926346037507562,0.804553264604811,,,650,1882
394,394,5,1,17,1,17,6,653,1864,36,18,95,the,0.1014821536600121,0.804553264604811,,,689,1882
395,395,5,1,17,1,17,7,692,1864,64,18,93,third,0.10949788263762855,0.804553264604811,,,756,1882
396,396,5,1,17,1,17,8,767,1869,40,18,93,per-,0.11902601330913491,0.8067010309278351,,,807,1887
397,397,4,1,17,1,18,0,224,1897,399,23,-1,,0.06405021173623715,0.8198024054982818,,,623,1920
398,398,5,1,17,1,18,1,224,1897,99,18,96,formance,0.041364186327888686,0.8187285223367697,,,323,1915
399,399,5,1,17,1,18,2,332,1897,36,18,96,and,0.052934059286146404,0.8187285223367697,,,368,1915
400,400,5,1,17,1,18,3,377,1897,32,18,96,the,0.059437386569872956,0.8187285223367697,,,409,1915
401,401,5,1,17,1,18,4,417,1897,59,18,96,fourth,0.06752873563218391,0.8187285223367697,,,476,1915
402,402,5,1,17,1,18,5,486,1897,137,23,96,performance.,0.0838626739261948,0.8198024054982818,,,623,1920
403,403,2,1,18,0,0,0,227,1094,2,624,-1,,0.034482758620689655,0.6039518900343642,,,229,1718
404,404,3,1,18,1,0,0,227,1094,2,624,-1,,0.034482758620689655,0.6039518900343642,,,229,1718
405,405,4,1,18,1,1,0,227,1094,2,624,-1,,0.034482758620689655,0.6039518900343642,,,229,1718
406,406,5,1,18,1,1,1,227,1094,2,624,95, ,0.034482758620689655,0.6039518900343642,,,229,1718
407,407,2,1,19,0,0,0,234,1230,1201,27,-1,,0.12620992135511191,0.5341494845360825,,,1435,1257
408,408,3,1,19,1,0,0,234,1230,1201,27,-1,,0.12620992135511191,0.5341494845360825,,,1435,1257
409,409,4,1,19,1,1,0,234,1230,1201,27,-1,,0.12620992135511191,0.5341494845360825,,,1435,1257
410,410,5,1,19,1,1,1,234,1230,36,27,94,54),0.038112522686025406,0.5341494845360825,,,270,1257
411,411,5,1,19,1,1,2,316,1230,112,21,93,METHOD,0.056261343012704176,0.532860824742268,title_line_1,METHOD,428,1251
412,412,5,1,19,1,1,3,439,1230,141,21,95,EXECUTED,0.07705686630369026,0.532860824742268,title_line_1,EXECUTED,580,1251
413,413,5,1,19,1,1,4,591,1231,35,20,95,BY,0.09202964307320025,0.5330756013745704,title_line_1,BY,626,1251
414,414,5,1,19,1,1,5,634,1231,18,20,94,A,0.09724742891712039,0.5330756013745704,title_line_1,A,652,1251
415,415,5,1,19,1,1,6,661,1230,150,21,94,"COMPUTER,",0.11131276467029642,0.532860824742268,title_line_1,"COMPUTER,",811,1251
416,416,5,1,19,1,1,7,814,1230,197,25,95,INFORMATION,0.13800665456745312,0.5337199312714777,title_line_1,INFORMATION,1011,1255
417,417,5,1,19,1,1,8,1023,1230,173,21,96,PROCESSING,0.1678009679370841,0.532860824742268,title_line_1,PROCESSING,1196,1251
418,418,5,1,19,1,1,9,1206,1230,164,21,96,APPARATUS,0.19479733817301875,0.532860824742268,title_line_1,APPARATUS,1370,1251
419,419,5,1,19,1,1,10,1379,1231,56,20,92,AND,0.21279491833030853,0.5330756013745704,title_line_1,AND,1435,1251
420,420,2,1,20,0,0,0,1134,1372,76,21,-1,,0.17725347852389595,0.5938573883161512,,,1210,1393
421,421,3,1,20,1,0,0,1134,1372,76,21,-1,,0.17725347852389595,0.5938573883161512,,,1210,1393
422,422,4,1,20,1,1,0,1134,1372,76,21,-1,,0.17725347852389595,0.5938573883161512,,,1210,1393
423,423,5,1,20,1,1,1,1134,1372,51,21,94,FIG.,0.1753629764065336,0.5938573883161512,,,1185,1393
424,424,5,1,20,1,1,2,1202,1372,8,20,94,1,0.1823956442831216,0.5936426116838488,,,1210,1392
425,425,2,1,21,0,0,0,990,1417,215,14,-1,,0.16598608590441621,0.6116838487972509,,,1205,1431
426,426,3,1,21,1,0,0,990,1417,215,14,-1,,0.16598608590441621,0.6116838487972509,,,1205,1431
427,427,4,1,21,1,1,0,990,1417,215,14,-1,,0.16598608590441621,0.6116838487972509,,,1205,1431
428,428,5,1,21,1,1,1,990,1417,68,14,95,MIGRATION,0.15486993345432548,0.6116838487972509,,,1058,1431
429,429,5,1,21,1,1,2,1064,1417,49,14,96,SOURCE,0.1646249243799153,0.6116838487972509,,,1113,1431
430,430,5,1,21,1,1,3,1117,1417,88,14,96,ENVIRONMENT,0.17558983666061706,0.6116838487972509,,,1205,1431
431,431,2,1,22,0,0,0,1005,1441,25,2,-1,,0.15388687235329704,0.6194158075601375,,,1030,1443
432,432,3,1,22,1,0,0,1005,1441,25,2,-1,,0.15388687235329704,0.6194158075601375,,,1030,1443
433,433,4,1,22,1,1,0,1005,1441,25,2,-1,,0.15388687235329704,0.6194158075601375,,,1030,1443
434,434,5,1,22,1,1,1,1005,1441,25,2,95, ,0.15388687235329704,0.6194158075601375,,,1030,1443
435,435,2,1,23,0,0,0,1028,1446,296,2,-1,,0.17785843920145192,0.6215635738831615,,,1324,1448
436,436,3,1,23,1,0,0,1028,1446,296,2,-1,,0.17785843920145192,0.6215635738831615,,,1324,1448
437,437,4,1,23,1,1,0,1028,1446,296,2,-1,,0.17785843920145192,0.6215635738831615,,,1324,1448
438,438,5,1,23,1,1,1,1028,1446,296,2,95, ,0.17785843920145192,0.6215635738831615,,,1324,1448
439,439,2,1,24,0,0,0,1009,1464,17,1,-1,,0.15388687235329704,0.6290807560137457,,,1026,1465
440,440,3,1,24,1,0,0,1009,1464,17,1,-1,,0.15388687235329704,0.6290807560137457,,,1026,1465
441,441,4,1,24,1,1,0,1009,1464,17,1,-1,,0.15388687235329704,0.6290807560137457,,,1026,1465
442,442,5,1,24,1,1,1,1009,1464,17,1,95, ,0.15388687235329704,0.6290807560137457,,,1026,1465
443,443,2,1,25,0,0,0,1005,1441,2,47,-1,,0.15214761040532365,0.6290807560137457,,,1007,1488
444,444,3,1,25,1,0,0,1005,1441,2,47,-1,,0.15214761040532365,0.6290807560137457,,,1007,1488
445,445,4,1,25,1,1,0,1005,1441,2,47,-1,,0.15214761040532365,0.6290807560137457,,,1007,1488
446,446,5,1,25,1,1,1,1005,1441,2,47,95, ,0.15214761040532365,0.6290807560137457,,,1007,1488
447,447,2,1,26,0,0,0,1028,1441,2,47,-1,,0.15562613430127042,0.6290807560137457,,,1030,1488
448,448,3,1,26,1,0,0,1028,1441,2,47,-1,,0.15562613430127042,0.6290807560137457,,,1030,1488
449,449,4,1,26,1,1,0,1028,1441,2,47,-1,,0.15562613430127042,0.6290807560137457,,,1030,1488
450,450,5,1,26,1,1,1,1028,1441,2,47,95, ,0.15562613430127042,0.6290807560137457,,,1030,1488
451,451,2,1,27,0,0,0,1009,1464,2,17,-1,,0.15275257108287962,0.6325171821305842,,,1011,1481
452,452,3,1,27,1,0,0,1009,1464,2,17,-1,,0.15275257108287962,0.6325171821305842,,,1011,1481
453,453,4,1,27,1,1,0,1009,1464,2,17,-1,,0.15275257108287962,0.6325171821305842,,,1011,1481
454,454,5,1,27,1,1,1,1009,1464,2,17,95, ,0.15275257108287962,0.6325171821305842,,,1011,1481
455,455,2,1,28,0,0,0,1009,1479,17,2,-1,,0.15388687235329704,0.6357388316151202,,,1026,1481
456,456,3,1,28,1,0,0,1009,1479,17,2,-1,,0.15388687235329704,0.6357388316151202,,,1026,1481
457,457,4,1,28,1,1,0,1009,1479,17,2,-1,,0.15388687235329704,0.6357388316151202,,,1026,1481
458,458,5,1,28,1,1,1,1009,1479,17,2,95, ,0.15388687235329704,0.6357388316151202,,,1026,1481
459,459,2,1,29,0,0,0,1126,1454,95,16,-1,,0.17748033877797942,0.6280068728522337,,,1221,1470
460,460,3,1,29,1,0,0,1126,1454,95,16,-1,,0.17748033877797942,0.6280068728522337,,,1221,1470
461,461,4,1,29,1,1,0,1126,1454,95,16,-1,,0.17748033877797942,0.6280068728522337,,,1221,1470
462,462,5,1,29,1,1,1,1126,1454,45,16,87,Web/AP,0.1736993345432547,0.6280068728522337,,,1171,1470
463,463,5,1,29,1,1,2,1175,1454,46,13,96,SERVER,0.1811857229280097,0.6273625429553265,,,1221,1467
464,464,2,1,30,0,0,0,1005,1486,286,2,-1,,0.1736237144585602,0.6387457044673539,,,1291,1488
465,465,3,1,30,1,0,0,1005,1486,286,2,-1,,0.1736237144585602,0.6387457044673539,,,1291,1488
466,466,4,1,30,1,1,0,1005,1486,286,2,-1,,0.1736237144585602,0.6387457044673539,,,1291,1488
467,467,5,1,30,1,1,1,1005,1486,286,2,95, ,0.1736237144585602,0.6387457044673539,,,1291,1488
468,468,2,1,31,0,0,0,1040,1511,267,2,-1,,0.17748033877797942,0.6494845360824743,,,1307,1513
469,469,3,1,31,1,0,0,1040,1511,267,2,-1,,0.17748033877797942,0.6494845360824743,,,1307,1513
470,470,4,1,31,1,1,0,1040,1511,267,2,-1,,0.17748033877797942,0.6494845360824743,,,1307,1513
471,471,5,1,31,1,1,1,1040,1511,267,2,95, ,0.17748033877797942,0.6494845360824743,,,1307,1513
472,472,2,1,32,0,0,0,1096,1506,22,13,-1,,0.16742286751361163,0.6496993127147767,,,1118,1519
473,473,3,1,32,1,0,0,1096,1506,22,13,-1,,0.16742286751361163,0.6496993127147767,,,1118,1519
474,474,4,1,32,1,1,0,1096,1506,22,13,-1,,0.16742286751361163,0.6496993127147767,,,1118,1519
475,475,5,1,32,1,1,1,1096,1506,22,13,72,APP.,0.16742286751361163,0.6496993127147767,,,1118,1519
476,476,2,1,33,0,0,0,1181,1506,78,13,-1,,0.18451300665456746,0.6496993127147767,,,1259,1519
477,477,3,1,33,1,0,0,1181,1506,78,13,-1,,0.18451300665456746,0.6496993127147767,,,1259,1519
478,478,4,1,33,1,1,0,1181,1506,78,13,-1,,0.18451300665456746,0.6496993127147767,,,1259,1519
479,479,5,1,33,1,1,1,1181,1508,8,8,72,>,0.1792196007259528,0.6494845360824743,,,1189,1516
480,480,5,1,33,1,1,2,1220,1506,39,13,41,BATCH,0.18746218995765276,0.6496993127147767,,,1259,1519
481,481,2,1,34,0,0,0,1057,1533,234,2,-1,,0.17755595886267392,0.6589347079037801,,,1291,1535
482,482,3,1,34,1,0,0,1057,1533,234,2,-1,,0.17755595886267392,0.6589347079037801,,,1291,1535
483,483,4,1,34,1,1,0,1057,1533,234,2,-1,,0.17755595886267392,0.6589347079037801,,,1291,1535
484,484,5,1,34,1,1,1,1057,1533,234,2,95, ,0.17755595886267392,0.6589347079037801,,,1291,1535
485,485,2,1,35,0,0,0,1103,1533,141,38,-1,,0.17748033877797942,0.6666666666666666,,,1244,1571
486,486,3,1,35,1,0,0,1103,1533,141,38,-1,,0.17748033877797942,0.6666666666666666,,,1244,1571
487,487,4,1,35,1,1,0,1103,1533,141,38,-1,,0.17748033877797942,0.6666666666666666,,,1244,1571
488,488,5,1,35,1,1,1,1103,1533,141,38,16,LI],0.17748033877797942,0.6666666666666666,,,1244,1571
489,489,2,1,36,0,0,0,1056,1568,212,3,-1,,0.17574107683000606,0.6741838487972509,,,1268,1571
490,490,3,1,36,1,0,0,1056,1568,212,3,-1,,0.17574107683000606,0.6741838487972509,,,1268,1571
491,491,4,1,36,1,1,0,1056,1568,212,3,-1,,0.17574107683000606,0.6741838487972509,,,1268,1571
492,492,5,1,36,1,1,1,1056,1568,212,3,95, ,0.17574107683000606,0.6741838487972509,,,1268,1571
493,493,2,1,37,0,0,0,1056,1490,2,123,-1,,0.15986085904416214,0.6664518900343642,,,1058,1613
494,494,3,1,37,1,0,0,1056,1490,2,123,-1,,0.15986085904416214,0.6664518900343642,,,1058,1613
495,495,4,1,37,1,1,0,1056,1490,2,123,-1,,0.15986085904416214,0.6664518900343642,,,1058,1613
496,496,5,1,37,1,1,1,1056,1490,2,123,95, ,0.15986085904416214,0.6664518900343642,,,1058,1613
497,497,2,1,38,0,0,0,1072,1584,196,19,-1,,0.17695099818511797,0.6844931271477663,,,1268,1603
498,498,3,1,38,1,0,0,1072,1584,196,19,-1,,0.17695099818511797,0.6844931271477663,,,1268,1603
499,499,4,1,38,1,1,0,1072,1584,196,19,-1,,0.17695099818511797,0.6844931271477663,,,1268,1603
500,500,5,1,38,1,1,1,1072,1584,69,14,95,REPORTING,0.16734724742891713,0.6834192439862543,,,1141,1598
501,501,5,1,38,1,1,2,1157,1587,32,8,11,|,0.17740471869328495,0.6834192439862543,,,1189,1595
502,502,5,1,38,1,1,3,1212,1590,56,13,8,STORAGE,0.18753781004234724,0.6857817869415808,,,1268,1603
503,503,2,1,39,0,0,0,1189,1490,2,120,-1,,0.17997580157289775,0.665807560137457,,,1191,1610
504,504,3,1,39,1,0,0,1189,1490,2,120,-1,,0.17997580157289775,0.665807560137457,,,1191,1610
505,505,4,1,39,1,1,0,1189,1490,2,120,-1,,0.17997580157289775,0.665807560137457,,,1191,1610
506,506,5,1,39,1,1,1,1189,1490,2,120,95, ,0.17997580157289775,0.665807560137457,,,1191,1610
507,507,2,1,40,0,0,0,1289,1490,2,120,-1,,0.19509981851179672,0.665807560137457,,,1291,1610
508,508,3,1,40,1,0,0,1289,1490,2,120,-1,,0.19509981851179672,0.665807560137457,,,1291,1610
509,509,4,1,40,1,1,0,1289,1490,2,120,-1,,0.19509981851179672,0.665807560137457,,,1291,1610
510,510,5,1,40,1,1,1,1289,1490,2,120,95, ,0.19509981851179672,0.665807560137457,,,1291,1610
511,511,2,1,41,0,0,0,1156,1490,1,123,-1,,0.17490925589836662,0.6664518900343642,,,1157,1613
512,512,3,1,41,1,0,0,1156,1490,1,123,-1,,0.17490925589836662,0.6664518900343642,,,1157,1613
513,513,4,1,41,1,1,0,1156,1490,1,123,-1,,0.17490925589836662,0.6664518900343642,,,1157,1613
514,514,5,1,41,1,1,1,1156,1490,1,123,95, ,0.17490925589836662,0.6664518900343642,,,1157,1613
515,515,2,1,42,0,0,0,1057,1611,215,2,-1,,0.17611917725347853,0.6924398625429553,,,1272,1613
516,516,3,1,42,1,0,0,1057,1611,215,2,-1,,0.17611917725347853,0.6924398625429553,,,1272,1613
517,517,4,1,42,1,1,0,1057,1611,215,2,-1,,0.17611917725347853,0.6924398625429553,,,1272,1613
518,518,5,1,42,1,1,1,1057,1611,215,2,95, ,0.17611917725347853,0.6924398625429553,,,1272,1613
519,519,2,1,43,0,0,0,1023,1629,301,2,-1,,0.17748033877797942,0.7001718213058419,,,1324,1631
520,520,3,1,43,1,0,0,1023,1629,301,2,-1,,0.17748033877797942,0.7001718213058419,,,1324,1631
521,521,4,1,43,1,1,0,1023,1629,301,2,-1,,0.17748033877797942,0.7001718213058419,,,1324,1631
522,522,5,1,43,1,1,1,1023,1629,301,2,95, ,0.17748033877797942,0.7001718213058419,,,1324,1631
523,523,2,1,44,0,0,0,1005,1643,319,2,-1,,0.17611917725347853,0.7061855670103093,,,1324,1645
524,524,3,1,44,1,0,0,1005,1643,319,2,-1,,0.17611917725347853,0.7061855670103093,,,1324,1645
525,525,4,1,44,1,1,0,1005,1643,319,2,-1,,0.17611917725347853,0.7061855670103093,,,1324,1645
526,526,5,1,44,1,1,1,1005,1643,319,2,95, ,0.17611917725347853,0.7061855670103093,,,1324,1645
527,527,2,1,45,0,0,0,1028,1646,296,2,-1,,0.17785843920145192,0.7074742268041238,,,1324,1648
528,528,3,1,45,1,0,0,1028,1646,296,2,-1,,0.17785843920145192,0.7074742268041238,,,1324,1648
529,529,4,1,45,1,1,0,1028,1646,296,2,-1,,0.17785843920145192,0.7074742268041238,,,1324,1648
530,530,5,1,45,1,1,1,1028,1646,296,2,95, ,0.17785843920145192,0.7074742268041238,,,1324,1648
531,531,2,1,46,0,0,0,1009,1666,17,1,-1,,0.15388687235329704,0.7158505154639175,,,1026,1667
532,532,3,1,46,1,0,0,1009,1666,17,1,-1,,0.15388687235329704,0.7158505154639175,,,1026,1667
533,533,4,1,46,1,1,0,1009,1666,17,1,-1,,0.15388687235329704,0.7158505154639175,,,1026,1667
534,534,5,1,46,1,1,1,1009,1666,17,1,95, ,0.15388687235329704,0.7158505154639175,,,1026,1667
535,535,2,1,47,0,0,0,1009,1666,2,17,-1,,0.15275257108287962,0.719286941580756,,,1011,1683
536,536,3,1,47,1,0,0,1009,1666,2,17,-1,,0.15275257108287962,0.719286941580756,,,1011,1683
537,537,4,1,47,1,1,0,1009,1666,2,17,-1,,0.15275257108287962,0.719286941580756,,,1011,1683
538,538,5,1,47,1,1,1,1009,1666,2,17,95, ,0.15275257108287962,0.719286941580756,,,1011,1683
539,539,2,1,48,0,0,0,1009,1681,17,2,-1,,0.15388687235329704,0.7225085910652921,,,1026,1683
540,540,3,1,48,1,0,0,1009,1681,17,2,-1,,0.15388687235329704,0.7225085910652921,,,1026,1683
541,541,4,1,48,1,1,0,1009,1681,17,2,-1,,0.15388687235329704,0.7225085910652921,,,1026,1683
542,542,5,1,48,1,1,1,1009,1681,17,2,95, ,0.15388687235329704,0.7225085910652921,,,1026,1683
543,543,2,1,49,0,0,0,1005,1643,2,46,-1,,0.15214761040532365,0.7156357388316151,,,1007,1689
544,544,3,1,49,1,0,0,1005,1643,2,46,-1,,0.15214761040532365,0.7156357388316151,,,1007,1689
545,545,4,1,49,1,1,0,1005,1643,2,46,-1,,0.15214761040532365,0.7156357388316151,,,1007,1689
546,546,5,1,49,1,1,1,1005,1643,2,46,95, ,0.15214761040532365,0.7156357388316151,,,1007,1689
547,547,2,1,50,0,0,0,1028,1643,2,46,-1,,0.15562613430127042,0.7156357388316151,,,1030,1689
548,548,3,1,50,1,0,0,1028,1643,2,46,-1,,0.15562613430127042,0.7156357388316151,,,1030,1689
549,549,4,1,50,1,1,0,1028,1643,2,46,-1,,0.15562613430127042,0.7156357388316151,,,1030,1689
550,550,5,1,50,1,1,1,1028,1643,2,46,95, ,0.15562613430127042,0.7156357388316151,,,1030,1689
551,551,2,1,51,0,0,0,1140,1654,67,14,-1,,0.17748033877797942,0.7134879725085911,,,1207,1668
552,552,3,1,51,1,0,0,1140,1654,67,14,-1,,0.17748033877797942,0.7134879725085911,,,1207,1668
553,553,4,1,51,1,1,0,1140,1654,67,14,-1,,0.17748033877797942,0.7134879725085911,,,1207,1668
554,554,5,1,51,1,1,1,1140,1654,16,13,90,DB,0.1736237144585602,0.7132731958762887,,,1156,1667
555,555,5,1,51,1,1,2,1161,1654,46,14,90,SERVER,0.17906836055656383,0.7134879725085911,,,1207,1668
556,556,2,1,52,0,0,0,1005,1687,219,4,-1,,0.16855716878402904,0.7255154639175257,,,1224,1691
557,557,3,1,52,1,0,0,1005,1687,219,4,-1,,0.16855716878402904,0.7255154639175257,,,1224,1691
558,558,4,1,52,1,1,0,1005,1687,219,4,-1,,0.16855716878402904,0.7255154639175257,,,1224,1691
559,559,5,1,52,1,1,1,1005,1687,219,4,95, ,0.16855716878402904,0.7255154639175257,,,1224,1691
560,560,2,1,53,0,0,0,1040,1511,2,202,-1,,0.15744101633393828,0.6924398625429553,,,1042,1713
561,561,3,1,53,1,0,0,1040,1511,2,202,-1,,0.15744101633393828,0.6924398625429553,,,1042,1713
562,562,4,1,53,1,1,0,1040,1511,2,202,-1,,0.15744101633393828,0.6924398625429553,,,1042,1713
563,563,5,1,53,1,1,1,1040,1511,2,202,95, ,0.15744101633393828,0.6924398625429553,,,1042,1713
564,564,2,1,54,0,0,0,1306,1511,1,202,-1,,0.19759528130671505,0.6924398625429553,,,1307,1713
565,565,3,1,54,1,0,0,1306,1511,1,202,-1,,0.19759528130671505,0.6924398625429553,,,1307,1713
566,566,4,1,54,1,1,0,1306,1511,1,202,-1,,0.19759528130671505,0.6924398625429553,,,1307,1713
567,567,5,1,54,1,1,1,1306,1511,1,202,95, ,0.19759528130671505,0.6924398625429553,,,1307,1713
568,568,2,1,55,0,0,0,1040,1711,267,2,-1,,0.17748033877797942,0.7353951890034365,,,1307,1713
569,569,3,1,55,1,0,0,1040,1711,267,2,-1,,0.17748033877797942,0.7353951890034365,,,1307,1713
570,570,4,1,55,1,1,0,1040,1711,267,2,-1,,0.17748033877797942,0.7353951890034365,,,1307,1713
571,571,5,1,55,1,1,1,1040,1711,267,2,95, ,0.17748033877797942,0.7353951890034365,,,1307,1713
572,572,2,1,56,0,0,0,1023,1464,3,288,-1,,0.15494555353901995,0.6907216494845361,,,1026,1752
573,573,3,1,56,1,0,0,1023,1464,3,288,-1,,0.15494555353901995,0.6907216494845361,,,1026,1752
574,574,4,1,56,1,1,0,1023,1464,3,288,-1,,0.15494555353901995,0.6907216494845361,,,1026,1752
575,575,5,1,56,1,1,1,1023,1464,3,288,95, ,0.15494555353901995,0.6907216494845361,,,1026,1752
576,576,2,1,57,0,0,0,1165,1706,67,13,-1,,0.18126134301270416,0.7356099656357389,,,1232,1719
577,577,3,1,57,1,0,0,1165,1706,67,13,-1,,0.18126134301270416,0.7356099656357389,,,1232,1719
578,578,4,1,57,1,1,0,1165,1706,67,13,-1,,0.18126134301270416,0.7356099656357389,,,1232,1719
579,579,5,1,57,1,1,1,1165,1706,16,13,44,DB,0.17740471869328495,0.7356099656357389,,,1181,1719
580,580,5,1,57,1,1,2,1224,1708,8,8,44,+,0.18572292800967938,0.7353951890034365,,,1232,1716
581,581,2,1,58,0,0,0,1322,1446,2,306,-1,,0.20009074410163338,0.6868556701030928,,,1324,1752
582,582,3,1,58,1,0,0,1322,1446,2,306,-1,,0.20009074410163338,0.6868556701030928,,,1324,1752
583,583,4,1,58,1,1,0,1322,1446,2,306,-1,,0.20009074410163338,0.6868556701030928,,,1324,1752
584,584,5,1,58,1,1,1,1322,1446,2,306,95, ,0.20009074410163338,0.6868556701030928,,,1324,1752
585,585,2,1,59,0,0,0,1123,1689,2,46,-1,,0.16999395039322443,0.7353951890034365,,,1125,1735
586,586,3,1,59,1,0,0,1123,1689,2,46,-1,,0.16999395039322443,0.7353951890034365,,,1125,1735
587,587,4,1,59,1,1,0,1123,1689,2,46,-1,,0.16999395039322443,0.7353951890034365,,,1125,1735
588,588,5,1,59,1,1,1,1123,1689,2,46,95, ,0.16999395039322443,0.7353951890034365,,,1125,1735
589,589,2,1,60,0,0,0,1222,1689,2,46,-1,,0.18496672716273443,0.7353951890034365,,,1224,1735
590,590,3,1,60,1,0,0,1222,1689,2,46,-1,,0.18496672716273443,0.7353951890034365,,,1224,1735
591,591,4,1,60,1,1,0,1222,1689,2,46,-1,,0.18496672716273443,0.7353951890034365,,,1224,1735
592,592,5,1,60,1,1,1,1222,1689,2,46,95, ,0.18496672716273443,0.7353951890034365,,,1224,1735
593,593,2,1,61,0,0,0,1123,1733,101,2,-1,,0.17748033877797942,0.7448453608247423,,,1224,1735
594,594,3,1,61,1,0,0,1123,1733,101,2,-1,,0.17748033877797942,0.7448453608247423,,,1224,1735
595,595,4,1,61,1,1,0,1123,1733,101,2,-1,,0.17748033877797942,0.7448453608247423,,,1224,1735
596,596,5,1,61,1,1,1,1123,1733,101,2,95, ,0.17748033877797942,0.7448453608247423,,,1224,1735
597,597,2,1,62,0,0,0,1023,1750,301,2,-1,,0.17748033877797942,0.752147766323024,,,1324,1752
598,598,3,1,62,1,0,0,1023,1750,301,2,-1,,0.17748033877797942,0.752147766323024,,,1324,1752
599,599,4,1,62,1,1,0,1023,1750,301,2,-1,,0.17748033877797942,0.752147766323024,,,1324,1752
600,600,5,1,62,1,1,1,1023,1750,301,2,95, ,0.17748033877797942,0.752147766323024,,,1324,1752
601,601,2,1,63,0,0,0,999,1768,192,65,-1,,0.16560798548094374,0.7734106529209622,,,1191,1833
602,602,3,1,63,1,0,0,999,1768,192,65,-1,,0.16560798548094374,0.7734106529209622,,,1191,1833
603,603,4,1,63,1,1,0,999,1768,192,54,-1,,0.16560798548094374,0.7710481099656358,,,1191,1822
604,604,5,1,63,1,1,1,999,1799,40,13,96,CLOUD,0.1541137326073805,0.7755584192439863,,,1039,1812
605,605,5,1,63,1,1,2,1045,1799,87,13,95,ENVIRONMENT,0.1646249243799153,0.7755584192439863,,,1132,1812
606,606,5,1,63,1,1,3,1156,1768,35,54,91,U,0.17748033877797942,0.7710481099656358,,,1191,1822
607,607,4,1,63,1,2,0,1048,1816,35,17,-1,,0.16114640048396855,0.7837199312714777,,,1083,1833
608,608,5,1,63,1,2,1,1048,1816,35,17,23,(Pss5),0.16114640048396855,0.7837199312714777,,,1083,1833
609,609,2,1,64,0,0,0,982,1847,383,1,-1,,0.17748033877797942,0.7935996563573883,,,1365,1848
610,610,3,1,64,1,0,0,982,1847,383,1,-1,,0.17748033877797942,0.7935996563573883,,,1365,1848
611,611,4,1,64,1,1,0,982,1847,383,1,-1,,0.17748033877797942,0.7935996563573883,,,1365,1848
612,612,5,1,64,1,1,1,982,1847,383,1,95, ,0.17748033877797942,0.7935996563573883,,,1365,1848
613,613,2,1,65,0,0,0,1015,1854,101,16,-1,,0.16114640048396855,0.7998281786941581,,,1116,1870
614,614,3,1,65,1,0,0,1015,1854,101,16,-1,,0.16114640048396855,0.7998281786941581,,,1116,1870
615,615,4,1,65,1,1,0,1015,1854,101,16,-1,,0.16114640048396855,0.7998281786941581,,,1116,1870
616,616,5,1,65,1,1,1,1015,1854,46,16,41,‘Web/AP,0.1569872958257713,0.7998281786941581,,,1061,1870
617,617,5,1,65,1,1,2,1065,1855,51,13,96,SERVICE,0.16492740471869327,0.7996134020618557,,,1116,1868
618,618,2,1,66,0,0,0,1015,1933,99,2,-1,,0.16099516031457956,0.8307560137457045,,,1114,1935
619,619,3,1,66,1,0,0,1015,1933,99,2,-1,,0.16099516031457956,0.8307560137457045,,,1114,1935
620,620,4,1,66,1,1,0,1015,1933,99,2,-1,,0.16099516031457956,0.8307560137457045,,,1114,1935
621,621,5,1,66,1,1,1,1015,1933,99,2,95, ,0.16099516031457956,0.8307560137457045,,,1114,1935
622,622,2,1,67,0,0,0,1219,1855,125,13,-1,,0.1938142770719903,0.7996134020618557,,,1344,1868
623,623,3,1,67,1,0,0,1219,1855,125,13,-1,,0.1938142770719903,0.7996134020618557,,,1344,1868
624,624,4,1,67,1,1,0,1219,1855,125,13,-1,,0.1938142770719903,0.7996134020618557,,,1344,1868
625,625,5,1,67,1,1,1,1219,1855,70,13,96,REPORTING,0.1896551724137931,0.7996134020618557,,,1289,1868
626,626,5,1,67,1,1,2,1293,1855,51,13,96,SERVICE,0.19941016333938294,0.7996134020618557,,,1344,1868
627,627,2,1,68,0,0,0,1247,1906,69,14,-1,,0.1938142770719903,0.8217353951890034,,,1316,1920
628,628,3,1,68,1,0,0,1247,1906,69,14,-1,,0.1938142770719903,0.8217353951890034,,,1316,1920
629,629,4,1,68,1,1,0,1247,1906,69,14,-1,,0.1938142770719903,0.8217353951890034,,,1316,1920
630,630,5,1,68,1,1,1,1247,1906,69,14,96,REPORTING,0.1938142770719903,0.8217353951890034,,,1316,1920
631,631,2,1,69,0,0,0,982,2021,383,1,-1,,0.17748033877797942,0.8683419243986255,,,1365,2022
632,632,3,1,69,1,0,0,982,2021,383,1,-1,,0.17748033877797942,0.8683419243986255,,,1365,2022
633,633,4,1,69,1,1,0,982,2021,383,1,-1,,0.17748033877797942,0.8683419243986255,,,1365,2022
634,634,5,1,69,1,1,1,982,2021,383,1,95, ,0.17748033877797942,0.8683419243986255,,,1365,2022
635,635,2,1,70,0,0,0,982,2038,383,2,-1,,0.17748033877797942,0.8758591065292096,,,1365,2040
636,636,3,1,70,1,0,0,982,2038,383,2,-1,,0.17748033877797942,0.8758591065292096,,,1365,2040
637,637,4,1,70,1,1,0,982,2038,383,2,-1,,0.17748033877797942,0.8758591065292096,,,1365,2040
638,638,5,1,70,1,1,1,982,2038,383,2,95, ,0.17748033877797942,0.8758591065292096,,,1365,2040
639,639,2,1,71,0,0,0,1118,2077,105,2,-1,,0.17702661826981247,0.8926116838487973,,,1223,2079
640,640,3,1,71,1,0,0,1118,2077,105,2,-1,,0.17702661826981247,0.8926116838487973,,,1223,2079
641,641,4,1,71,1,1,0,1118,2077,105,2,-1,,0.17702661826981247,0.8926116838487973,,,1223,2079
642,642,5,1,71,1,1,1,1118,2077,105,2,95, ,0.17702661826981247,0.8926116838487973,,,1223,2079
643,643,2,1,72,0,0,0,1065,1933,2,185,-1,,0.16122202056866303,0.8700601374570447,,,1067,2118
644,644,3,1,72,1,0,0,1065,1933,2,185,-1,,0.16122202056866303,0.8700601374570447,,,1067,2118
645,645,4,1,72,1,1,0,1065,1933,2,185,-1,,0.16122202056866303,0.8700601374570447,,,1067,2118
646,646,5,1,72,1,1,1,1065,1933,2,185,95, ,0.16122202056866303,0.8700601374570447,,,1067,2118
647,647,2,1,73,0,0,0,1011,1886,323,218,-1,,0.17732909860859045,0.8569587628865979,,,1334,2104
648,648,3,1,73,1,0,0,1011,1886,323,218,-1,,0.17732909860859045,0.8569587628865979,,,1334,2104
649,649,4,1,73,1,1,0,1011,1886,323,218,-1,,0.17732909860859045,0.8569587628865979,,,1334,2104
650,650,5,1,73,1,1,1,1011,1886,323,218,95, ,0.17732909860859045,0.8569587628865979,,,1334,2104
651,651,2,1,74,0,0,0,1330,1890,2,210,-1,,0.2013006654567453,0.8569587628865979,,,1332,2100
652,652,3,1,74,1,0,0,1330,1890,2,210,-1,,0.2013006654567453,0.8569587628865979,,,1332,2100
653,653,4,1,74,1,1,0,1330,1890,2,210,-1,,0.2013006654567453,0.8569587628865979,,,1332,2100
654,654,5,1,74,1,1,1,1330,1890,2,210,95, ,0.2013006654567453,0.8569587628865979,,,1332,2100
655,655,2,1,75,0,0,0,1015,2099,317,2,-1,,0.17748033877797942,0.9020618556701031,,,1332,2101
656,656,3,1,75,1,0,0,1015,2099,317,2,-1,,0.17748033877797942,0.9020618556701031,,,1332,2101
657,657,4,1,75,1,1,0,1015,2099,317,2,-1,,0.17748033877797942,0.9020618556701031,,,1332,2101
658,658,5,1,75,1,1,1,1015,2099,317,2,95, ,0.17748033877797942,0.9020618556701031,,,1332,2101
659,659,2,1,76,0,0,0,1015,1890,1,276,-1,,0.15358439201451907,0.8711340206185567,,,1016,2166
660,660,3,1,76,1,0,0,1015,1890,1,276,-1,,0.15358439201451907,0.8711340206185567,,,1016,2166
661,661,4,1,76,1,1,0,1015,1890,1,276,-1,,0.15358439201451907,0.8711340206185567,,,1016,2166
662,662,5,1,76,1,1,1,1015,1890,1,276,95, ,0.15358439201451907,0.8711340206185567,,,1016,2166
663,663,2,1,77,0,0,0,1038,2145,56,14,-1,,0.16122202056866303,0.9243986254295533,,,1094,2159
664,664,3,1,77,1,0,0,1038,2145,56,14,-1,,0.16122202056866303,0.9243986254295533,,,1094,2159
665,665,4,1,77,1,1,0,1038,2145,56,14,-1,,0.16122202056866303,0.9243986254295533,,,1094,2159
666,666,5,1,77,1,1,1,1038,2145,56,14,96,STORAGE,0.16122202056866303,0.9243986254295533,,,1094,2159
667,667,2,1,78,0,0,0,1019,2187,94,14,-1,,0.16122202056866303,0.9424398625429553,,,1113,2201
668,668,3,1,78,1,0,0,1019,2187,94,14,-1,,0.16122202056866303,0.9424398625429553,,,1113,2201
669,669,4,1,78,1,1,0,1019,2187,94,14,-1,,0.16122202056866303,0.9424398625429553,,,1113,2201
670,670,5,1,78,1,1,1,1019,2187,38,14,96,BATCH,0.1569872958257713,0.9424398625429553,,,1057,2201
671,671,5,1,78,1,1,2,1063,2187,50,14,92,SERVICE,0.1645493042952208,0.9424398625429553,,,1113,2201
672,672,2,1,79,0,0,0,982,1847,1,366,-1,,0.1485934664246824,0.8719931271477663,,,983,2213
673,673,3,1,79,1,0,0,982,1847,1,366,-1,,0.1485934664246824,0.8719931271477663,,,983,2213
674,674,4,1,79,1,1,0,982,1847,1,366,-1,,0.1485934664246824,0.8719931271477663,,,983,2213
675,675,5,1,79,1,1,1,982,1847,1,366,95, ,0.1485934664246824,0.8719931271477663,,,983,2213
676,676,2,1,80,0,0,0,1147,1847,2,366,-1,,0.1736237144585602,0.8719931271477663,,,1149,2213
677,677,3,1,80,1,0,0,1147,1847,2,366,-1,,0.1736237144585602,0.8719931271477663,,,1149,2213
678,678,4,1,80,1,1,0,1147,1847,2,366,-1,,0.1736237144585602,0.8719931271477663,,,1149,2213
679,679,5,1,80,1,1,1,1147,1847,2,366,95, ,0.1736237144585602,0.8719931271477663,,,1149,2213
680,680,2,1,81,0,0,0,1197,1847,2,366,-1,,0.1811857229280097,0.8719931271477663,,,1199,2213
681,681,3,1,81,1,0,0,1197,1847,2,366,-1,,0.1811857229280097,0.8719931271477663,,,1199,2213
682,682,4,1,81,1,1,0,1197,1847,2,366,-1,,0.1811857229280097,0.8719931271477663,,,1199,2213
683,683,5,1,81,1,1,1,1197,1847,2,366,95, ,0.1811857229280097,0.8719931271477663,,,1199,2213
684,684,2,1,82,0,0,0,1364,1847,1,366,-1,,0.20636721113127646,0.8719931271477663,,,1365,2213
685,685,3,1,82,1,0,0,1364,1847,1,366,-1,,0.20636721113127646,0.8719931271477663,,,1365,2213
686,686,4,1,82,1,1,0,1364,1847,1,366,-1,,0.20636721113127646,0.8719931271477663,,,1365,2213
687,687,5,1,82,1,1,1,1364,1847,1,366,95, ,0.20636721113127646,0.8719931271477663,,,1365,2213
688,688,2,1,83,0,0,0,1246,2187,71,14,-1,,0.1938142770719903,0.9424398625429553,,,1317,2201
689,689,3,1,83,1,0,0,1246,2187,71,14,-1,,0.1938142770719903,0.9424398625429553,,,1317,2201
690,690,4,1,83,1,1,0,1246,2187,71,14,-1,,0.1938142770719903,0.9424398625429553,,,1317,2201
691,691,5,1,83,1,1,1,1246,2187,16,13,91,DB,0.1896551724137931,0.9422250859106529,,,1262,2200
692,692,5,1,83,1,1,2,1267,2187,50,14,95,SERVICE,0.19540229885057472,0.9424398625429553,,,1317,2201
693,693,2,1,84,0,0,0,982,2211,383,2,-1,,0.17748033877797942,0.9501718213058419,,,1365,2213
694,694,3,1,84,1,0,0,982,2211,383,2,-1,,0.17748033877797942,0.9501718213058419,,,1365,2213
695,695,4,1,84,1,1,0,982,2211,383,2,-1,,0.17748033877797942,0.9501718213058419,,,1365,2213
696,696,5,1,84,1,1,1,982,2211,383,2,95, ,0.17748033877797942,0.9501718213058419,,,1365,2213
697,697,2,1,85,0,0,0,716,2270,259,16,-1,,0.1278735632183908,0.9785223367697594,,,975,2286
698,698,3,1,85,1,0,0,716,2270,259,16,-1,,0.1278735632183908,0.9785223367697594,,,975,2286
699,699,4,1,85,1,1,0,716,2270,259,16,-1,,0.1278735632183908,0.9785223367697594,,,975,2286
700,700,5,1,85,1,1,1,716,2270,49,12,96,Printed,0.11199334543254688,0.9776632302405498,,,765,2282
701,701,5,1,85,1,1,2,771,2270,15,16,96,by,0.1177404718693285,0.9785223367697594,,,786,2286
702,702,5,1,85,1,1,3,792,2270,45,14,96,"Jouve,",0.12318511796733213,0.9780927835051546,,,837,2284
703,703,5,1,85,1,1,4,843,2270,41,12,96,75001,0.13059588626739263,0.9776632302405498,,,884,2282
704,704,5,1,85,1,1,5,893,2270,46,12,96,PARIS,0.1385359951603146,0.9776632302405498,,,939,2282
705,705,5,1,85,1,1,6,945,2270,30,16,95,(FR),0.14519056261343014,0.9785223367697594,,,975,2286
