,Unnamed: 0,level,page_num,block_num,par_num,line_num,word_num,left,top,width,height,conf,text,x,y,label,target,right,bottom
0,0,1,1,0,0,0,0,0,0,1653,2328,-1,,0.125,0.5,,,1653,2328
1,1,2,1,1,0,0,0,144,1905,31,328,-1,,0.02412280701754386,0.8887457044673539,,,175,2233
2,2,3,1,1,1,0,0,144,1905,31,328,-1,,0.02412280701754386,0.8887457044673539,,,175,2233
3,3,4,1,1,1,1,0,144,1905,31,328,-1,,0.02412280701754386,0.8887457044673539,,,175,2233
4,4,5,1,1,1,1,1,144,2179,30,54,95,EP,0.024047186932849365,0.947594501718213,,,174,2233
5,5,5,1,1,1,1,2,144,2142,31,21,95,3,0.02412280701754386,0.9246134020618557,,,175,2163
6,6,5,1,1,1,1,3,144,2055,31,71,94,398,0.02412280701754386,0.8979810996563574,,,175,2126
7,7,5,1,1,1,1,4,144,1969,31,71,86,902,0.02412280701754386,0.8610395189003437,,,175,2040
8,8,5,1,1,1,1,5,144,1905,30,50,86,A1,0.024047186932849365,0.8290378006872853,,,174,1955
9,9,2,1,2,0,0,0,429,153,88,28,-1,,0.07153660012099214,0.07173539518900343,,,517,181
10,10,3,1,2,1,0,0,429,153,88,28,-1,,0.07153660012099214,0.07173539518900343,,,517,181
11,11,4,1,2,1,1,0,429,153,88,16,-1,,0.07153660012099214,0.06915807560137457,,,517,169
12,12,5,1,2,1,1,1,429,153,88,16,84,Europaisches,0.07153660012099214,0.06915807560137457,,,517,169
13,13,4,1,2,1,2,0,429,170,71,11,-1,,0.07025105868118572,0.07538659793814433,,,500,181
14,14,5,1,2,1,2,1,429,170,71,11,96,Patentamt,0.07025105868118572,0.07538659793814433,,,500,181
15,15,2,1,3,0,0,0,429,196,89,28,-1,,0.07161222020568662,0.09020618556701031,,,518,224
16,16,3,1,3,1,0,0,429,196,89,28,-1,,0.07161222020568662,0.09020618556701031,,,518,224
17,17,4,1,3,1,1,0,429,196,63,15,-1,,0.06964609800362977,0.08741408934707903,,,492,211
18,18,5,1,3,1,1,1,429,196,63,15,95,European,0.06964609800362977,0.08741408934707903,,,492,211
19,19,4,1,3,1,2,0,429,212,89,12,-1,,0.07161222020568662,0.0936426116838488,,,518,224
20,20,5,1,3,1,2,1,429,213,43,11,96,Patent,0.06813369630973987,0.0938573883161512,,,472,224
21,21,5,1,3,1,2,2,478,212,40,12,90,Office,0.07531760435571688,0.0936426116838488,,,518,224
22,22,2,1,4,0,0,0,429,239,109,28,-1,,0.07312462189957653,0.10867697594501718,,,538,267
23,23,3,1,4,1,0,0,429,239,109,28,-1,,0.07312462189957653,0.10867697594501718,,,538,267
24,24,4,1,4,1,1,0,429,239,109,15,-1,,0.07312462189957653,0.10588487972508591,,,538,254
25,25,5,1,4,1,1,1,429,239,40,12,93,Office,0.06790683605565638,0.1052405498281787,,,469,251
26,26,5,1,4,1,1,2,474,239,64,15,93,europ√©en,0.0765275257108288,0.10588487972508591,,,538,254
27,27,4,1,4,1,2,0,429,255,77,12,-1,,0.0707047791893527,0.11211340206185567,,,506,267
28,28,5,1,4,1,2,1,429,255,22,12,95,des,0.06654567453115548,0.11211340206185567,,,451,267
29,29,5,1,4,1,2,2,457,255,49,12,82,brevets,0.07282214156079855,0.11211340206185567,,,506,267
30,30,2,1,5,0,0,0,281,136,274,150,-1,,0.06321839080459771,0.09063573883161512,,,555,286
31,31,3,1,5,1,0,0,281,136,274,150,-1,,0.06321839080459771,0.09063573883161512,,,555,286
32,32,4,1,5,1,1,0,281,136,274,150,-1,,0.06321839080459771,0.09063573883161512,,,555,286
33,33,5,1,5,1,1,1,281,136,274,150,95, ,0.06321839080459771,0.09063573883161512,,,555,286
34,34,2,1,6,0,0,0,225,324,45,26,-1,,0.037431941923774956,0.14475945017182132,,,270,350
35,35,3,1,6,1,0,0,225,324,45,26,-1,,0.037431941923774956,0.14475945017182132,,,270,350
36,36,4,1,6,1,1,0,225,324,45,26,-1,,0.037431941923774956,0.14475945017182132,,,270,350
37,37,5,1,6,1,1,1,225,324,45,26,96,(12),0.037431941923774956,0.14475945017182132,,,270,350
38,38,2,1,7,0,0,0,225,395,378,53,-1,,0.06261343012704174,0.18105670103092783,,,603,448
39,39,3,1,7,1,0,0,225,395,378,53,-1,,0.06261343012704174,0.18105670103092783,,,603,448
40,40,4,1,7,1,1,0,225,395,262,26,-1,,0.05384150030248034,0.17525773195876287,,,487,421
41,41,5,1,7,1,1,1,225,395,45,26,95,(43),0.037431941923774956,0.17525773195876287,,,270,421
42,42,5,1,7,1,1,2,286,397,48,18,95,Date,0.04688445251058681,0.17439862542955326,,,334,415
43,43,5,1,7,1,1,3,342,397,20,18,96,of,0.05323653962492438,0.17439862542955326,,,362,415
44,44,5,1,7,1,1,4,370,397,117,23,96,publication:,0.0648064125831821,0.17547250859106528,,,487,420
45,45,4,1,7,1,2,0,286,430,317,18,-1,,0.06722625529340592,0.18857388316151202,,,603,448
46,46,5,1,7,1,2,1,286,430,117,18,96,07.11.2018,0.052102238354506954,0.18857388316151202,publication_date,07.11.2018,403,448
47,47,5,1,7,1,2,2,426,430,84,18,95,Bulletin,0.07078039927404718,0.18857388316151202,,,510,448
48,48,5,1,7,1,2,3,519,430,84,18,95,2018/45,0.08484573502722323,0.18857388316151202,,,603,448
49,49,2,1,8,0,0,0,225,493,402,26,-1,,0.06442831215970962,0.21735395189003437,,,627,519
50,50,3,1,8,1,0,0,225,493,402,26,-1,,0.06442831215970962,0.21735395189003437,,,627,519
51,51,4,1,8,1,1,0,225,493,402,26,-1,,0.06442831215970962,0.21735395189003437,,,627,519
52,52,5,1,8,1,1,1,225,493,45,26,96,(21),0.037431941923774956,0.21735395189003437,,,270,519
53,53,5,1,8,1,1,2,285,495,115,23,96,Application,0.051799758015728975,0.21756872852233677,,,400,518
54,54,5,1,8,1,1,3,410,495,83,18,93,number:,0.06828493647912885,0.21649484536082475,,,493,513
55,55,5,1,8,1,1,4,505,495,122,18,92,18179050.2,0.08560193587416817,0.21649484536082475,application_number,18179050.2,627,513
56,56,2,1,9,0,0,0,225,559,325,26,-1,,0.05860556563823351,0.24570446735395188,,,550,585
57,57,3,1,9,1,0,0,225,559,325,26,-1,,0.05860556563823351,0.24570446735395188,,,550,585
58,58,4,1,9,1,1,0,225,559,325,26,-1,,0.05860556563823351,0.24570446735395188,,,550,585
59,59,5,1,9,1,1,1,225,559,45,26,96,(22),0.037431941923774956,0.24570446735395188,,,270,585
60,60,5,1,9,1,1,2,286,561,48,18,96,Date,0.04688445251058681,0.24484536082474226,,,334,579
61,61,5,1,9,1,1,3,342,566,12,13,96,of,0.05263157894736842,0.24591924398625428,,,354,579
62,62,5,1,9,1,1,4,355,561,67,23,95,filing:,0.058756805807622506,0.24591924398625428,,,422,584
63,63,5,1,9,1,1,5,432,561,118,18,95,06.08.2010,0.07425892316999395,0.24484536082474226,filing_date,06.08.2010,550,579
64,64,2,1,10,0,0,0,1002,245,458,38,-1,,0.18617664851784635,0.1134020618556701,,,1460,283
65,65,3,1,10,1,0,0,1002,245,458,38,-1,,0.18617664851784635,0.1134020618556701,,,1460,283
66,66,4,1,10,1,1,0,1002,245,458,38,-1,,0.18617664851784635,0.1134020618556701,,,1460,283
67,67,5,1,10,1,1,1,1002,256,44,27,74,(11),0.15486993345432548,0.11576460481099657,,,1046,283
68,68,5,1,10,1,1,2,1146,245,52,32,94,EP,0.17725347852389595,0.11211340206185567,number,EP,1198,277
69,69,5,1,10,1,1,3,1214,245,20,32,94,3,0.1851179673321234,0.11211340206185567,number,3,1234,277
70,70,5,1,10,1,1,4,1249,245,68,32,95,398,0.1940411373260738,0.11211340206185567,number,398,1317,277
71,71,5,1,10,1,1,5,1331,245,68,32,91,902,0.20644283121597096,0.11211340206185567,number,902,1399,277
72,72,5,1,10,1,1,6,1413,245,47,32,89,A1,0.21725650332728372,0.11211340206185567,number,A1,1460,277
73,73,2,1,11,0,0,0,577,319,537,26,-1,,0.1278735632183908,0.14261168384879724,,,1114,345
74,74,3,1,11,1,0,0,577,319,537,26,-1,,0.1278735632183908,0.14261168384879724,,,1114,345
75,75,4,1,11,1,1,0,577,319,537,26,-1,,0.1278735632183908,0.14261168384879724,,,1114,345
76,76,5,1,11,1,1,1,577,319,156,26,95,EUROPEAN,0.09906231094978826,0.14261168384879724,,,733,345
77,77,5,1,11,1,1,2,735,320,135,24,95,PATENT,0.12137023593466424,0.14261168384879724,,,870,344
78,78,5,1,11,1,1,3,873,319,241,26,96,APPLICATION,0.1502571082879613,0.14261168384879724,,,1114,345
79,79,2,1,12,0,0,0,862,395,126,26,-1,,0.13989715668481548,0.17525773195876287,,,988,421
80,80,3,1,12,1,0,0,862,395,126,26,-1,,0.13989715668481548,0.17525773195876287,,,988,421
81,81,4,1,12,1,1,0,862,395,126,26,-1,,0.13989715668481548,0.17525773195876287,,,988,421
82,82,5,1,12,1,1,1,862,395,44,26,67,(51),0.1336963097398669,0.17525773195876287,,,906,421
83,83,5,1,12,1,1,2,923,397,25,18,93,Int,0.1414851784633999,0.17439862542955326,,,948,415
84,84,5,1,12,1,1,3,955,397,33,18,65,Cl:,0.14692982456140352,0.17439862542955326,,,988,415
85,85,2,1,13,0,0,0,922,425,470,21,-1,,0.1749848759830611,0.1870704467353952,,,1392,446
86,86,3,1,13,1,0,0,922,425,470,21,-1,,0.1749848759830611,0.1870704467353952,,,1392,446
87,87,4,1,13,1,1,0,922,425,470,21,-1,,0.1749848759830611,0.1870704467353952,,,1392,446
88,88,5,1,13,1,1,1,922,428,60,18,0,B66C,0.14398064125831822,0.1877147766323024,class_international,B66C,982,446
89,89,5,1,13,1,1,2,990,428,59,18,74,23/76,0.154189352692075,0.1877147766323024,class_international,23/76,1049,446
90,90,5,1,13,1,1,3,1054,425,67,16,80,(2006.01),0.16447368421052633,0.18599656357388317,,,1121,441
91,91,5,1,13,1,1,4,1193,428,60,18,25,B6EC,0.18496672716273443,0.1877147766323024,,,1253,446
92,92,5,1,13,1,1,5,1261,428,59,18,80,23/82,0.19517543859649122,0.1877147766323024,,,1320,446
93,93,5,1,13,1,1,6,1325,425,67,16,92,(2006.01),0.20545977011494254,0.18599656357388317,,,1392,441
94,94,2,1,14,0,0,0,224,613,1243,4,-1,,0.1278735632183908,0.26417525773195877,,,1467,617
95,95,3,1,14,1,0,0,224,613,1243,4,-1,,0.1278735632183908,0.26417525773195877,,,1467,617
96,96,4,1,14,1,1,0,224,613,1243,4,-1,,0.1278735632183908,0.26417525773195877,,,1467,617
97,97,5,1,14,1,1,1,224,613,1243,4,95, ,0.1278735632183908,0.26417525773195877,,,1467,617
98,98,2,1,15,0,0,0,225,631,599,119,-1,,0.07932546884452511,0.296606529209622,,,824,750
99,99,3,1,15,1,0,0,225,631,599,119,-1,,0.07932546884452511,0.296606529209622,,,824,750
100,100,4,1,15,1,1,0,225,631,388,27,-1,,0.0633696309739867,0.2768470790378007,,,613,658
101,101,5,1,15,1,1,1,225,631,45,27,96,(84),0.037431941923774956,0.2768470790378007,,,270,658
102,102,5,1,15,1,1,2,286,633,118,23,96,Designated,0.052177858439201454,0.2768470790378007,,,404,656
103,103,5,1,15,1,1,3,413,633,119,23,96,Contracting,0.07146098003629764,0.2768470790378007,,,532,656
104,104,5,1,15,1,1,4,542,633,71,19,96,States:,0.08734119782214156,0.2759879725085911,,,613,652
105,105,4,1,15,1,2,0,285,666,537,18,-1,,0.08371143375680581,0.28994845360824745,,,822,684
106,106,5,1,15,1,2,1,285,666,31,18,94,AL,0.04544767090139141,0.28994845360824745,,,316,684
107,107,5,1,15,1,2,2,323,666,31,18,94,AT,0.05119479733817302,0.28994845360824745,,,354,684
108,108,5,1,15,1,2,3,363,666,30,18,96,BE,0.05716878402903811,0.28994845360824745,,,393,684
109,109,5,1,15,1,2,4,403,666,32,18,96,BG,0.0633696309739867,0.28994845360824745,,,435,684
110,110,5,1,15,1,2,5,445,666,31,18,96,CH,0.06964609800362977,0.28994845360824745,,,476,684
111,111,5,1,15,1,2,6,486,666,32,18,95,CY,0.07592256503327284,0.28994845360824745,,,518,684
112,112,5,1,15,1,2,7,526,666,30,18,93,CZ,0.08182093163944344,0.28994845360824745,,,556,684
113,113,5,1,15,1,2,8,565,666,30,18,93,DE,0.08771929824561403,0.28994845360824745,,,595,684
114,114,5,1,15,1,2,9,605,666,32,18,95,DK,0.09392014519056262,0.28994845360824745,,,637,684
115,115,5,1,15,1,2,10,646,666,29,18,95,EE,0.0998941318814277,0.28994845360824745,,,675,684
116,116,5,1,15,1,2,11,684,666,29,18,93,ES,0.10564125831820932,0.28994845360824745,,,713,684
117,117,5,1,15,1,2,12,723,666,57,18,90,FIFR,0.11365698729582577,0.28994845360824745,,,780,684
118,118,5,1,15,1,2,13,788,666,34,18,95,GB,0.12174833635813673,0.28994845360824745,,,822,684
119,119,4,1,15,1,3,0,285,699,539,18,-1,,0.0838626739261948,0.30412371134020616,,,824,717
120,120,5,1,15,1,3,1,285,699,297,18,83,GRHRHUIEISITLILTLU,0.06556261343012704,0.30412371134020616,,,582,717
121,121,5,1,15,1,3,2,591,699,28,18,85,LV,0.09150030248033877,0.30412371134020616,,,619,717
122,122,5,1,15,1,3,3,627,699,35,18,85,MC,0.09747428917120388,0.30412371134020616,,,662,717
123,123,5,1,15,1,3,4,670,699,35,18,94,MK,0.10397761645493044,0.30412371134020616,,,705,717
124,124,5,1,15,1,3,5,713,699,32,18,91,MT,0.11025408348457351,0.30412371134020616,,,745,717
125,125,5,1,15,1,3,6,753,699,29,18,49,NL,0.11607683000604961,0.30412371134020616,,,782,717
126,126,5,1,15,1,3,7,791,699,33,18,49,NO,0.1221264367816092,0.30412371134020616,,,824,717
127,127,4,1,15,1,4,0,286,732,297,18,-1,,0.06571385359951604,0.31829896907216493,,,583,750
128,128,5,1,15,1,4,1,286,732,28,18,96,PL,0.045372050816696916,0.31829896907216493,,,314,750
129,129,5,1,15,1,4,2,323,732,29,18,95,PT,0.05104355716878403,0.31829896907216493,,,352,750
130,130,5,1,15,1,4,3,360,732,33,18,95,RO,0.05694192377495463,0.31829896907216493,,,393,750
131,131,5,1,15,1,4,4,403,732,29,18,96,SE,0.06314277071990321,0.31829896907216493,,,432,750
132,132,5,1,15,1,4,5,441,732,61,18,95,SISK,0.07130973986690865,0.31829896907216493,,,502,750
133,133,5,1,15,1,4,6,510,732,33,18,0,SM,0.07962794918330308,0.31829896907216493,,,543,750
134,134,5,1,15,1,4,7,552,732,31,18,0,TR,0.08582879612825166,0.31829896907216493,,,583,750
135,135,2,1,16,0,0,0,225,795,434,53,-1,,0.06684815486993345,0.35287800687285226,,,659,848
136,136,3,1,16,1,0,0,225,795,434,53,-1,,0.06684815486993345,0.35287800687285226,,,659,848
137,137,4,1,16,1,1,0,225,795,434,27,-1,,0.06684815486993345,0.3472938144329897,,,659,822
138,138,5,1,16,1,1,1,225,795,45,27,96,(30),0.037431941923774956,0.3472938144329897,,,270,822
139,139,5,1,16,1,1,2,286,797,77,23,96,Priority:,0.04907743496672716,0.3472938144329897,,,363,820
140,140,5,1,16,1,1,3,383,797,118,19,96,06.08.2009,0.06684815486993345,0.34643470790378006,priority_date_eu,06.08.2009,501,816
141,141,5,1,16,1,1,4,520,797,30,19,96,US,0.0809134906231095,0.34643470790378006,,,550,816
142,142,5,1,16,1,1,5,559,797,78,19,92,231884,0.09044162129461585,0.34643470790378006,,,637,816
143,143,5,1,16,1,1,6,646,797,13,19,92,P,0.09868421052631579,0.34643470790378006,,,659,816
144,144,4,1,16,1,2,0,385,830,274,18,-1,,0.07894736842105263,0.3603951890034364,,,659,848
145,145,5,1,16,1,2,1,385,830,116,18,96,16.07.2010,0.06699939503932244,0.3603951890034364,,,501,848
146,146,5,1,16,1,2,2,520,830,30,18,96,US,0.0809134906231095,0.3603951890034364,,,550,848
147,147,5,1,16,1,2,3,559,830,77,18,92,365217,0.09036600120992136,0.3603951890034364,,,636,848
148,148,5,1,16,1,2,4,646,830,13,18,92,P,0.09868421052631579,0.3603951890034364,,,659,848
149,149,2,1,17,0,0,0,225,893,596,119,-1,,0.07909860859044163,0.40914948453608246,,,821,1012
150,150,3,1,17,1,0,0,225,893,596,119,-1,,0.07909860859044163,0.40914948453608246,,,821,1012
151,151,4,1,17,1,1,0,225,893,596,27,-1,,0.07909860859044163,0.3893900343642612,,,821,920
152,152,5,1,17,1,1,1,225,893,45,27,96,(62),0.037431941923774956,0.3893900343642612,,,270,920
153,153,5,1,17,1,1,2,286,895,107,19,96,Document,0.05134603750756201,0.38853092783505155,,,393,914
154,154,5,1,17,1,1,3,402,895,105,23,95,number(s),0.06873865698729582,0.3893900343642612,,,507,918
155,155,5,1,17,1,1,4,516,895,20,19,96,of,0.07955232909860858,0.38853092783505155,,,536,914
156,156,5,1,17,1,1,5,542,895,32,19,96,the,0.08439201451905626,0.38853092783505155,,,574,914
157,157,5,1,17,1,1,6,582,895,66,19,96,earlier,0.09301270417422867,0.38853092783505155,,,648,914
158,158,5,1,17,1,1,7,655,895,140,23,95,application(s),0.10964912280701754,0.3893900343642612,,,795,918
159,159,5,1,17,1,1,8,805,895,16,19,96,in,0.12295825771324864,0.38853092783505155,,,821,914
160,160,4,1,17,1,2,0,286,929,308,18,-1,,0.06654567453115548,0.4029209621993127,,,594,947
161,161,5,1,17,1,2,1,286,929,121,18,95,accordance,0.05240471869328494,0.4029209621993127,,,407,947
162,162,5,1,17,1,2,2,415,929,40,18,96,with,0.06578947368421052,0.4029209621993127,,,455,947
163,163,5,1,17,1,2,3,464,929,35,18,95,Art.,0.07282214156079855,0.4029209621993127,,,499,947
164,164,5,1,17,1,2,4,508,929,25,18,95,76,0.07872050816696914,0.4029209621993127,,,533,947
165,165,5,1,17,1,2,5,542,929,52,18,96,EPC:,0.08590441621294616,0.4029209621993127,,,594,947
166,166,4,1,17,1,3,0,286,961,250,19,-1,,0.06215970961887477,0.4168814432989691,,,536,980
167,167,5,1,17,1,3,1,286,961,124,19,88,17166174.7,0.05263157894736842,0.4168814432989691,,,410,980
168,168,5,1,17,1,3,2,417,961,7,19,88,/,0.06359649122807018,0.4168814432989691,,,424,980
169,169,5,1,17,1,3,3,432,961,11,19,91,3,0.066167574107683,0.4168814432989691,,,443,980
170,170,5,1,17,1,3,4,452,961,37,19,91,208,0.07115849969751967,0.4168814432989691,,,489,980
171,171,5,1,17,1,3,5,498,961,38,19,96,226,0.07819116757410768,0.4168814432989691,,,536,980
172,172,4,1,17,1,4,0,286,994,247,18,-1,,0.061932849364791286,0.43084192439862545,,,533,1012
173,173,5,1,17,1,4,1,286,994,124,18,90,10172110.8,0.05263157894736842,0.43084192439862545,,,410,1012
174,174,5,1,17,1,4,2,417,994,7,18,90,/,0.06359649122807018,0.43084192439862545,,,424,1012
175,175,5,1,17,1,4,3,432,994,11,18,94,2,0.066167574107683,0.43084192439862545,,,443,1012
176,176,5,1,17,1,4,4,452,994,34,18,83,281,0.07093163944343618,0.43084192439862545,,,486,1012
177,177,5,1,17,1,4,5,498,994,35,18,93,771,0.0779643073200242,0.43084192439862545,,,533,1012
178,178,2,1,18,0,0,0,225,1057,562,58,-1,,0.0765275257108288,0.46649484536082475,,,787,1115
179,179,3,1,18,1,0,0,225,1057,562,58,-1,,0.0765275257108288,0.46649484536082475,,,787,1115
180,180,4,1,18,1,1,0,225,1057,562,27,-1,,0.0765275257108288,0.45983676975945015,,,787,1084
181,181,5,1,18,1,1,1,225,1057,45,27,96,(71),0.037431941923774956,0.45983676975945015,,,270,1084
182,182,5,1,18,1,1,2,285,1059,103,23,96,Applicant:,0.05089231699939504,0.45983676975945015,,,388,1082
183,183,5,1,18,1,1,3,397,1059,122,19,95,Manitowoc,0.0692679975801573,0.45897766323024053,applicant_line_1,Manitowoc,519,1078
184,184,5,1,18,1,1,4,527,1059,66,19,96,Crane,0.08469449485783424,0.45897766323024053,applicant_line_1,Crane,593,1078
185,185,5,1,18,1,1,5,602,1059,133,23,96,"Companies,",0.10110405323653962,0.45983676975945015,applicant_line_1,"Companies,",735,1082
186,186,5,1,18,1,1,6,744,1059,43,19,96,LLC,0.11577434966727163,0.45897766323024053,applicant_line_1,LLC,787,1078
187,187,4,1,18,1,2,0,286,1092,346,23,-1,,0.06941923774954628,0.4740120274914089,,,632,1115
188,188,5,1,18,1,2,1,286,1092,121,18,96,Manitowoc,0.05240471869328494,0.4729381443298969,,,407,1110
189,189,5,1,18,1,2,2,414,1092,28,18,93,WI,0.0647307924984876,0.4729381443298969,,,442,1110
190,190,5,1,18,1,2,3,452,1092,125,18,93,54221-0066,0.07781306715063521,0.4729381443298969,,,577,1110
191,191,5,1,18,1,2,4,586,1092,46,23,96,(US),0.09210526315789473,0.4740120274914089,,,632,1115
192,192,2,1,19,0,0,0,845,614,2,566,-1,,0.1279491833030853,0.3853092783505155,,,847,1180
193,193,3,1,19,1,0,0,845,614,2,566,-1,,0.1279491833030853,0.3853092783505155,,,847,1180
194,194,4,1,19,1,1,0,845,614,2,566,-1,,0.1279491833030853,0.3853092783505155,,,847,1180
195,195,5,1,19,1,1,1,845,614,2,566,95, ,0.1279491833030853,0.3853092783505155,,,847,1180
196,196,2,1,20,0,0,0,862,631,478,157,-1,,0.16651542649727769,0.30476804123711343,,,1340,788
197,197,3,1,20,1,0,0,862,631,478,157,-1,,0.16651542649727769,0.30476804123711343,,,1340,788
198,198,4,1,20,1,1,0,862,631,162,27,-1,,0.1426194797338173,0.2768470790378007,,,1024,658
199,199,5,1,20,1,1,1,862,631,44,27,94,(72),0.1336963097398669,0.2768470790378007,,,906,658
200,200,5,1,20,1,1,2,923,633,101,19,94,Inventors:,0.1472323049001815,0.2759879725085911,,,1024,652
201,201,4,1,20,1,2,0,898,666,193,22,-1,,0.15040834845735027,0.29080756013745707,,,1091,688
202,202,5,1,20,1,2,1,898,671,7,8,47,¬¢,0.13634301270417423,0.28994845360824745,,,905,679
203,203,5,1,20,1,2,2,923,666,63,18,92,"PECH,",0.1443587416817907,0.28994845360824745,inventor_line_1,"PECH,",986,684
204,204,5,1,20,1,2,3,989,666,75,22,96,David,0.15524803387779795,0.29080756013745707,inventor_line_1,David,1064,688
205,205,5,1,20,1,2,4,1073,666,18,18,95,J.,0.16364186327888688,0.28994845360824745,inventor_line_1,J.,1091,684
206,206,4,1,20,1,3,0,923,699,417,23,-1,,0.17112825166364187,0.30519759450171824,,,1340,722
207,207,5,1,20,1,3,1,923,699,127,22,96,"Manitowoc,",0.14919842710223835,0.30498281786941583,,,1050,721
208,208,5,1,20,1,3,2,1057,699,28,18,96,WI,0.161978221415608,0.30412371134020616,,,1085,717
209,209,5,1,20,1,3,3,1093,699,118,18,96,Wisconsin,0.17422867513611615,0.30412371134020616,,,1211,717
210,210,5,1,20,1,3,4,1220,699,65,18,96,54220,0.18942831215970962,0.30412371134020616,,,1285,717
211,211,5,1,20,1,3,5,1293,699,47,23,96,(US),0.19910768300060497,0.30519759450171824,,,1340,722
212,212,4,1,20,1,4,0,898,732,264,23,-1,,0.1557773744706594,0.31937285223367695,,,1162,755
213,213,5,1,20,1,4,1,898,737,7,8,38,¬´,0.13634301270417423,0.31829896907216493,,,905,745
214,214,5,1,20,1,4,2,923,732,119,22,91,"RUCINSKI,",0.1485934664246824,0.31915807560137455,,,1042,754
215,215,5,1,20,1,4,3,1050,732,82,23,92,Joseph,0.16500302480338777,0.31937285223367695,,,1132,755
216,216,5,1,20,1,4,4,1142,732,20,18,90,R.,0.17422867513611615,0.31829896907216493,,,1162,750
217,217,4,1,20,1,5,0,923,765,417,23,-1,,0.17112825166364187,0.3335481099656357,,,1340,788
218,218,5,1,20,1,5,1,923,765,127,22,96,"Manitowoc,",0.14919842710223835,0.3333333333333333,,,1050,787
219,219,5,1,20,1,5,2,1057,765,28,18,96,WI,0.161978221415608,0.3324742268041237,,,1085,783
220,220,5,1,20,1,5,3,1093,765,118,18,96,Wisconsin,0.17422867513611615,0.3324742268041237,,,1211,783
221,221,5,1,20,1,5,4,1221,765,64,18,96,54220,0.18950393224440412,0.3324742268041237,,,1285,783
222,222,5,1,20,1,5,5,1293,765,47,23,96,(US),0.19910768300060497,0.3335481099656357,,,1340,788
223,223,2,1,21,0,0,0,862,828,542,156,-1,,0.17135511191772534,0.38917525773195877,,,1404,984
224,224,3,1,21,1,0,0,862,828,542,156,-1,,0.17135511191772534,0.38917525773195877,,,1404,984
225,225,4,1,21,1,1,0,862,828,542,26,-1,,0.17135511191772534,0.36125429553264604,,,1404,854
226,226,5,1,21,1,1,1,862,828,44,26,95,(74),0.1336963097398669,0.36125429553264604,,,906,854
227,227,5,1,21,1,1,2,923,830,163,23,96,Representative:,0.15192075015124018,0.36146907216494845,,,1086,853
228,228,5,1,21,1,1,3,1096,830,102,18,93,Schwabe,0.1734724742891712,0.3603951890034364,representative_line_1_eu,Schwabe,1198,848
229,229,5,1,21,1,1,4,1205,840,7,4,93,-,0.18277374470659408,0.36168384879725085,representative_line_1_eu,-,1212,844
230,230,5,1,21,1,1,5,1221,830,97,18,92,Sandmair,0.19199939503932245,0.3603951890034364,representative_line_1_eu,Sandmair,1318,848
231,231,5,1,21,1,1,6,1321,835,21,13,92,-,0.2013762855414398,0.36146907216494845,representative_line_1_eu,-,1342,848
232,232,5,1,21,1,1,7,1351,830,53,18,96,Marx,0.20833333333333334,0.3603951890034364,representative_line_1_eu,Marx,1404,848
233,233,4,1,21,1,2,0,923,863,319,18,-1,,0.16371748336358136,0.3745704467353952,,,1242,881
234,234,5,1,21,1,2,1,923,863,158,18,67,Patentanwalte,0.1515426497277677,0.3745704467353952,,,1081,881
235,235,5,1,21,1,2,2,1090,863,152,18,96,Rechtsanwalt,0.176346037507562,0.3745704467353952,,,1242,881
236,236,4,1,21,1,3,0,923,895,211,19,-1,,0.15555051421657592,0.38853092783505155,,,1134,914
237,237,5,1,21,1,3,1,923,895,152,19,91,Partnerschaft,0.15108892921960074,0.38853092783505155,,,1075,914
238,238,5,1,21,1,3,2,1082,895,52,19,91,mbB,0.1675741076830006,0.38853092783505155,,,1134,914
239,239,4,1,21,1,4,0,922,929,255,23,-1,,0.1587265577737447,0.40399484536082475,,,1177,952
240,240,5,1,21,1,4,1,922,929,222,23,85,Joseph-Wild-StraRe,0.15623109497882637,0.40399484536082475,,,1144,952
241,241,5,1,21,1,4,2,1153,929,24,18,96,20,0.17619479733817303,0.4029209621993127,,,1177,947
242,242,4,1,21,1,5,0,922,961,231,23,-1,,0.15691167574107684,0.4177405498281787,,,1153,984
243,243,5,1,21,1,5,1,922,961,64,19,93,81829,0.1442831215970962,0.4168814432989691,,,986,980
244,244,5,1,21,1,5,2,996,961,101,19,82,Miinchen,0.15827283726557773,0.4168814432989691,,,1097,980
245,245,5,1,21,1,5,3,1107,961,46,23,96,(DE),0.17090139140955837,0.4177405498281787,,,1153,984
246,246,2,1,22,0,0,0,862,1027,99,18,-1,,0.13785541439806412,0.44501718213058417,,,961,1045
247,247,3,1,22,1,0,0,862,1027,99,18,-1,,0.13785541439806412,0.44501718213058417,,,961,1045
248,248,4,1,22,1,1,0,862,1027,99,18,-1,,0.13785541439806412,0.44501718213058417,,,961,1045
249,249,5,1,22,1,1,1,862,1027,99,18,96,Remarks:,0.13785541439806412,0.44501718213058417,,,961,1045
250,250,2,1,23,0,0,0,922,1059,522,85,-1,,0.17891712038717483,0.4731529209621993,,,1444,1144
251,251,3,1,23,1,0,0,922,1059,522,85,-1,,0.17891712038717483,0.4731529209621993,,,1444,1144
252,252,4,1,23,1,1,0,922,1059,477,23,-1,,0.17551421657592256,0.45983676975945015,,,1399,1082
253,253,5,1,23,1,1,1,922,1059,43,19,96,This,0.1426950998185118,0.45897766323024053,,,965,1078
254,254,5,1,23,1,1,2,974,1059,111,23,96,application,0.15570175438596492,0.45983676975945015,,,1085,1082
255,255,5,1,23,1,1,3,1093,1064,42,14,96,was,0.16848154869933454,0.46005154639175255,,,1135,1078
256,256,5,1,23,1,1,4,1142,1059,43,19,96,filed,0.17596793708408953,0.45897766323024053,,,1185,1078
257,257,5,1,23,1,1,5,1193,1064,25,14,96,on,0.1823200241984271,0.46005154639175255,,,1218,1078
258,258,5,1,23,1,1,6,1226,1059,121,19,96,21-06-2018,0.19457047791893528,0.45897766323024053,,,1347,1078
259,259,5,1,23,1,1,7,1356,1064,23,14,95,as,0.20682093163944343,0.46005154639175255,,,1379,1078
260,260,5,1,23,1,1,8,1388,1064,11,14,95,a,0.21075317604355717,0.46005154639175255,,,1399,1078
261,261,4,1,23,1,2,0,922,1092,522,23,-1,,0.17891712038717483,0.4740120274914089,,,1444,1115
262,262,5,1,23,1,2,1,922,1092,96,18,96,divisional,0.14670296430732002,0.4729381443298969,,,1018,1110
263,263,5,1,23,1,2,2,1027,1092,111,23,96,application,0.16371748336358136,0.4740120274914089,,,1138,1115
264,264,5,1,23,1,2,3,1147,1093,19,17,96,to,0.17490925589836662,0.4731529209621993,,,1166,1110
265,265,5,1,23,1,2,4,1174,1092,31,18,96,the,0.17990018148820328,0.4729381443298969,,,1205,1110
266,266,5,1,23,1,2,5,1214,1092,112,23,96,application,0.19207501512401695,0.4740120274914089,,,1326,1115
267,267,5,1,23,1,2,6,1336,1092,108,18,96,mentioned,0.2102238354506957,0.4729381443298969,,,1444,1110
268,268,4,1,23,1,3,0,923,1125,209,19,-1,,0.15539927404718692,0.48732817869415807,,,1132,1144
269,269,5,1,23,1,3,1,923,1125,59,19,93,under,0.1440562613430127,0.48732817869415807,,,982,1144
270,270,5,1,23,1,3,2,991,1125,45,19,92,INID,0.15328191167574107,0.48732817869415807,,,1036,1144
271,271,5,1,23,1,3,3,1044,1125,50,19,96,code,0.16167574107683,0.48732817869415807,,,1094,1144
272,272,5,1,23,1,3,4,1103,1125,29,19,96,62.,0.16901088929219601,0.48732817869415807,,,1132,1144
273,273,2,1,24,0,0,0,224,1177,1243,4,-1,,0.1278735632183908,0.5064432989690721,,,1467,1181
274,274,3,1,24,1,0,0,224,1177,1243,4,-1,,0.1278735632183908,0.5064432989690721,,,1467,1181
275,275,4,1,24,1,1,0,224,1177,1243,4,-1,,0.1278735632183908,0.5064432989690721,,,1467,1181
276,276,5,1,24,1,1,1,224,1177,1243,4,95, ,0.1278735632183908,0.5064432989690721,,,1467,1181
277,277,2,1,25,0,0,0,225,1198,45,26,-1,,0.037431941923774956,0.5201890034364262,,,270,1224
278,278,3,1,25,1,0,0,225,1198,45,26,-1,,0.037431941923774956,0.5201890034364262,,,270,1224
279,279,4,1,25,1,1,0,225,1198,45,26,-1,,0.037431941923774956,0.5201890034364262,,,270,1224
280,280,5,1,25,1,1,1,225,1198,45,26,96,(54),0.037431941923774956,0.5201890034364262,,,270,1224
281,281,2,1,26,0,0,0,225,1272,583,451,-1,,0.07811554748941318,0.6432560137457045,,,808,1723
282,282,3,1,26,1,0,0,225,1272,583,451,-1,,0.07811554748941318,0.6432560137457045,,,808,1723
283,283,4,1,26,1,1,0,225,1272,582,26,-1,,0.0780399274047187,0.5519759450171822,,,807,1298
284,284,5,1,26,1,1,1,225,1272,45,26,73,(57),0.037431941923774956,0.5519759450171822,,,270,1298
285,285,5,1,26,1,1,2,0,0,1653,2328,29,‚Äî,0.125,0.5,,,1653,2328
286,286,5,1,26,1,1,3,315,1274,39,18,95,The,0.05058983666061706,0.5511168384879725,,,354,1292
287,287,5,1,26,1,1,4,364,1274,92,18,96,invention,0.062008469449485785,0.5511168384879725,,,456,1292
288,288,5,1,26,1,1,5,466,1274,95,23,96,comprises,0.07766182698124621,0.5521907216494846,,,561,1297
289,289,5,1,26,1,1,6,563,1278,10,14,95,a,0.08590441621294616,0.5519759450171822,,,573,1292
290,290,5,1,26,1,1,7,582,1274,43,18,95,lift,0.09127344222625529,0.5511168384879725,,,625,1292
291,291,5,1,26,1,1,8,633,1278,58,14,96,crane,0.10012099213551119,0.5519759450171822,,,691,1292
292,292,5,1,26,1,1,9,700,1274,51,23,96,"(410,",0.10972474289171204,0.5521907216494846,,,751,1297
293,293,5,1,26,1,1,10,761,1274,46,23,96,510),0.11857229280096794,0.5521907216494846,,,807,1297
294,294,4,1,26,1,2,0,225,1306,582,23,-1,,0.0780399274047187,0.5659364261168385,,,807,1329
295,295,5,1,26,1,2,1,225,1311,11,14,91,a,0.034860859044162126,0.5661512027491409,,,236,1325
296,296,5,1,26,1,2,2,246,1306,84,23,90,carbody,0.043557168784029036,0.5659364261168385,,,330,1329
297,297,5,1,26,1,2,3,339,1306,59,23,96,(412);,0.05573200241984271,0.5659364261168385,,,398,1329
298,298,5,1,26,1,2,4,410,1306,101,19,96,moveable,0.06964609800362977,0.5650773195876289,,,511,1325
299,299,5,1,26,1,2,5,521,1306,72,23,95,ground,0.08424077434966727,0.5659364261168385,,,593,1329
300,300,5,1,26,1,2,6,603,1306,96,23,96,engaging,0.0984573502722323,0.5659364261168385,,,699,1329
301,301,5,1,26,1,2,7,710,1306,97,19,96,members,0.1147156684815487,0.5650773195876289,,,807,1325
302,302,4,1,26,1,3,0,225,1339,582,23,-1,,0.0780399274047187,0.5801116838487973,,,807,1362
303,303,5,1,26,1,3,1,225,1339,38,23,96,"(14,",0.03690260133091349,0.5801116838487973,,,263,1362
304,304,5,1,26,1,3,2,275,1339,46,23,96,414),0.04506957047791894,0.5801116838487973,,,321,1362
305,305,5,1,26,1,3,3,334,1339,89,18,96,mounted,0.057244404113732605,0.5790378006872853,,,423,1357
306,306,5,1,26,1,3,4,435,1344,24,13,96,on,0.06760435571687841,0.5801116838487973,,,459,1357
307,307,5,1,26,1,3,5,471,1339,31,18,93,the,0.0735783424077435,0.5790378006872853,,,502,1357
308,308,5,1,26,1,3,6,514,1339,83,23,92,carbody,0.08401391409558379,0.5801116838487973,,,597,1362
309,309,5,1,26,1,3,7,609,1339,59,23,96,"(412),",0.09656684815486993,0.5801116838487973,,,668,1362
310,310,5,1,26,1,3,8,680,1339,84,23,96,allowing,0.10919540229885058,0.5801116838487973,,,764,1362
311,311,5,1,26,1,3,9,775,1339,32,18,96,the,0.11963097398669087,0.5790378006872853,,,807,1357
312,312,4,1,26,1,4,0,225,1372,582,23,-1,,0.0780399274047187,0.594286941580756,,,807,1395
313,313,5,1,26,1,4,1,225,1377,58,14,96,crane,0.038415003024803385,0.5945017182130584,,,283,1391
314,314,5,1,26,1,4,2,290,1372,51,23,96,"(410,",0.04771627344222625,0.594286941580756,,,341,1395
315,315,5,1,26,1,4,3,349,1372,46,23,96,510),0.056261343012704176,0.594286941580756,,,395,1395
316,316,5,1,26,1,4,4,402,1373,18,18,96,to,0.06215970961887477,0.5936426116838488,,,420,1391
317,317,5,1,26,1,4,5,428,1377,55,14,96,move,0.06888989715668481,0.5945017182130584,,,483,1391
318,318,5,1,26,1,4,6,490,1377,37,14,96,over,0.07690562613430127,0.5945017182130584,,,527,1391
319,319,5,1,26,1,4,7,529,1372,44,19,96,the,0.08333333333333333,0.5934278350515464,,,573,1391
320,320,5,1,26,1,4,8,580,1372,78,23,96,ground;,0.09361766485178463,0.594286941580756,,,658,1395
321,321,5,1,26,1,4,9,666,1377,11,14,15,a,0.10155777374470659,0.5945017182130584,,,677,1391
322,322,5,1,26,1,4,10,684,1372,77,23,15,rotating,0.10927102238354507,0.594286941580756,,,761,1395
323,323,5,1,26,1,4,11,770,1372,37,19,96,bed,0.11925287356321838,0.5934278350515464,,,807,1391
324,324,4,1,26,1,5,0,225,1405,582,23,-1,,0.0780399274047187,0.6084621993127147,,,807,1428
325,325,5,1,26,1,5,1,225,1405,52,23,96,"(420,",0.03796128251663642,0.6084621993127147,,,277,1428
326,326,5,1,26,1,5,2,288,1405,46,23,96,520),0.0470356926799758,0.6084621993127147,,,334,1428
327,327,5,1,26,1,5,3,346,1405,66,23,96,having,0.057320024198427105,0.6084621993127147,,,412,1428
328,328,5,1,26,1,5,4,424,1410,11,13,96,a,0.06495765275257108,0.6084621993127147,,,435,1423
329,329,5,1,26,1,5,5,445,1405,48,18,96,front,0.07093163944343618,0.6073883161512027,,,493,1423
330,330,5,1,26,1,5,6,504,1405,69,23,96,portion,0.08144283121597096,0.6084621993127147,,,573,1428
331,331,5,1,26,1,5,7,585,1405,37,18,96,and,0.09127344222625529,0.6073883161512027,,,622,1423
332,332,5,1,26,1,5,8,633,1410,11,13,92,a,0.09656684815486993,0.6084621993127147,,,644,1423
333,333,5,1,26,1,5,9,656,1410,85,13,91,rearmost,0.10564125831820932,0.6084621993127147,,,741,1423
334,334,5,1,26,1,5,10,742,1405,65,18,96,fixed,0.11713551119177254,0.6073883161512027,,,807,1423
335,335,4,1,26,1,6,0,226,1438,581,23,-1,,0.07811554748941318,0.6226374570446735,,,807,1461
336,336,5,1,26,1,6,1,226,1438,76,23,97,"portion,",0.039927404718693285,0.6226374570446735,,,302,1461
337,337,5,1,26,1,6,2,311,1438,32,18,96,the,0.04945553539019964,0.6215635738831615,,,343,1456
338,338,5,1,26,1,6,3,352,1438,76,23,96,rotating,0.05898366606170599,0.6226374570446735,,,428,1461
339,339,5,1,26,1,6,4,438,1438,37,18,96,bed,0.06904113732607381,0.6215635738831615,,,475,1456
340,340,5,1,26,1,6,5,484,1438,52,23,96,"(420,",0.07713248638838476,0.6226374570446735,,,536,1461
341,341,5,1,26,1,6,6,545,1438,45,23,96,520),0.08582879612825166,0.6226374570446735,,,590,1461
342,342,5,1,26,1,6,7,600,1438,55,23,97,being,0.09490320629159105,0.6226374570446735,,,655,1461
343,343,5,1,26,1,6,8,665,1438,90,23,93,rotatably,0.1073805202661827,0.6226374570446735,,,755,1461
344,344,5,1,26,1,6,9,763,1442,44,14,93,con-,0.11872353297035693,0.6224226804123711,,,807,1456
345,345,4,1,26,1,7,0,226,1470,582,23,-1,,0.07819116757410768,0.6363831615120275,,,808,1493
346,346,5,1,26,1,7,1,226,1470,68,19,96,nected,0.03932244404113733,0.6355240549828178,,,294,1489
347,347,5,1,26,1,7,2,301,1471,19,18,96,to,0.04696007259528131,0.6357388316151202,,,320,1489
348,348,5,1,26,1,7,3,326,1470,32,19,93,the,0.05172413793103448,0.6355240549828178,,,358,1489
349,349,5,1,26,1,7,4,365,1470,84,23,92,carbody,0.061554748941318814,0.6363831615120275,,,449,1493
350,350,5,1,26,1,7,5,455,1470,53,23,96,(412),0.07282214156079855,0.6363831615120275,,,508,1493
351,351,5,1,26,1,7,6,515,1470,59,19,96,about,0.0823502722323049,0.6355240549828178,,,574,1489
352,352,5,1,26,1,7,7,580,1475,24,14,96,an,0.08953418027828192,0.6365979381443299,,,604,1489
353,353,5,1,26,1,7,8,612,1470,41,19,96,axis,0.09565940713853599,0.6355240549828178,,,653,1489
354,354,5,1,26,1,7,9,659,1475,12,14,96,of,0.10057471264367816,0.6365979381443299,,,671,1489
355,355,5,1,26,1,7,10,672,1470,89,19,96,rotation,0.10836358136721114,0.6355240549828178,,,761,1489
356,356,5,1,26,1,7,11,769,1470,39,19,96,that,0.11925287356321838,0.6355240549828178,,,808,1489
357,357,4,1,26,1,8,0,226,1503,581,23,-1,,0.07811554748941318,0.6505584192439863,,,807,1526
358,358,5,1,26,1,8,1,226,1503,88,23,96,provides,0.04083484573502722,0.6505584192439863,,,314,1526
359,359,5,1,26,1,8,2,322,1508,11,13,96,a,0.04953115547489413,0.6505584192439863,,,333,1521
360,360,5,1,26,1,8,3,343,1503,42,23,95,plane,0.055051421657592255,0.6505584192439863,,,385,1526
361,361,5,1,26,1,8,4,388,1508,31,13,95,of,0.06102540834845735,0.6505584192439863,,,419,1521
362,362,5,1,26,1,8,5,420,1503,92,18,96,rotation,0.07047791893526921,0.6494845360824743,,,512,1521
363,363,5,1,26,1,8,6,522,1503,134,23,96,perpendicular,0.08908045977011494,0.6505584192439863,,,656,1526
364,364,5,1,26,1,8,7,658,1504,33,17,96,to,0.10201149425287356,0.6496993127147767,,,691,1521
365,365,5,1,26,1,8,8,699,1503,32,18,96,the,0.10813672111312765,0.6494845360824743,,,731,1521
366,366,5,1,26,1,8,9,740,1503,46,21,94,axis;,0.11539624924379915,0.6501288659793815,,,786,1524
367,367,5,1,26,1,8,10,796,1508,11,13,94,a,0.12121899576527526,0.6505584192439863,,,807,1521
368,368,4,1,26,1,9,0,226,1536,581,23,-1,,0.07811554748941318,0.664733676975945,,,807,1559
369,369,5,1,26,1,9,1,226,1536,56,18,96,boom,0.038415003024803385,0.663659793814433,,,282,1554
370,370,5,1,26,1,9,2,293,1536,51,23,96,"(422,",0.048169993950393224,0.664733676975945,,,344,1559
371,371,5,1,26,1,9,3,355,1536,45,23,96,522),0.05709316394434362,0.664733676975945,,,400,1559
372,372,5,1,26,1,9,4,411,1536,85,23,96,pivotally,0.06858741681790684,0.664733676975945,,,496,1559
373,373,5,1,26,1,9,5,506,1536,90,18,96,mounted,0.08333333333333333,0.663659793814433,,,596,1554
374,374,5,1,26,1,9,6,605,1540,12,14,96,on,0.09240774349667272,0.6645189003436426,,,617,1554
375,375,5,1,26,1,9,7,620,1536,51,18,96,the,0.09762552934059286,0.663659793814433,,,671,1554
376,376,5,1,26,1,9,8,682,1536,77,23,96,rotating,0.1089685420447671,0.664733676975945,,,759,1559
377,377,5,1,26,1,9,9,770,1536,37,18,96,bed,0.11925287356321838,0.663659793814433,,,807,1554
378,378,4,1,26,1,10,0,225,1569,582,23,-1,,0.0780399274047187,0.6789089347079038,,,807,1592
379,379,5,1,26,1,10,1,225,1569,52,23,96,"(420,",0.03796128251663642,0.6789089347079038,,,277,1592
380,380,5,1,26,1,10,2,286,1569,46,23,96,520),0.04673321234119782,0.6789089347079038,,,332,1592
381,381,5,1,26,1,10,3,341,1574,24,13,96,and,0.05338777979431337,0.6789089347079038,,,365,1587
382,382,5,1,26,1,10,4,367,1569,113,23,96,including,0.06405021173623715,0.6789089347079038,,,480,1592
383,383,5,1,26,1,10,5,489,1574,11,13,96,a,0.07478826376285541,0.6789089347079038,,,500,1587
384,384,5,1,26,1,10,6,510,1569,42,18,96,load,0.08030852994555354,0.6778350515463918,,,552,1587
385,385,5,1,26,1,10,7,563,1569,41,18,96,hoist,0.0882486388384755,0.6778350515463918,,,604,1587
386,386,5,1,26,1,10,8,605,1569,50,18,96,line,0.09528130671506352,0.6778350515463918,,,655,1587
387,387,5,1,26,1,10,9,662,1569,29,18,96,for,0.10231397459165155,0.6778350515463918,,,691,1587
388,388,5,1,26,1,10,10,699,1569,87,23,96,handling,0.11229582577132487,0.6789089347079038,,,786,1592
389,389,5,1,26,1,10,11,795,1574,12,13,96,a,0.12114337568058076,0.6789089347079038,,,807,1587
390,390,4,1,26,1,11,0,226,1602,581,23,-1,,0.07811554748941318,0.6930841924398625,,,807,1625
391,391,5,1,26,1,11,1,226,1602,48,21,96,load;,0.03781004234724743,0.6926546391752577,,,274,1623
392,392,5,1,26,1,11,2,279,1602,82,18,96,wherein,0.04839685420447671,0.6920103092783505,,,361,1620
393,393,5,1,26,1,11,3,367,1602,32,18,96,the,0.05792498487598306,0.6920103092783505,,,399,1620
394,394,5,1,26,1,11,4,405,1602,77,23,96,rotating,0.06707501512401694,0.6930841924398625,,,482,1625
395,395,5,1,26,1,11,5,489,1602,36,18,96,bed,0.07667876588021778,0.6920103092783505,,,525,1620
396,396,5,1,26,1,11,6,531,1602,52,22,96,"(420,",0.08424077434966727,0.6928694158075601,,,583,1624
397,397,5,1,26,1,11,7,589,1602,38,18,96,520),0.09195402298850575,0.6920103092783505,,,627,1620
398,398,5,1,26,1,11,8,630,1602,97,23,91,includes,0.10261645493042952,0.6930841924398625,,,727,1625
399,399,5,1,26,1,11,9,732,1606,11,14,91,a,0.11153962492437991,0.6928694158075601,,,743,1620
400,400,5,1,26,1,11,10,749,1606,58,14,92,coun-,0.117664851784634,0.6928694158075601,,,807,1620
401,401,4,1,26,1,12,0,225,1634,582,23,-1,,0.0780399274047187,0.7068298969072165,,,807,1657
402,402,5,1,26,1,12,1,225,1634,96,23,92,terweight,0.04128856624319419,0.7068298969072165,,,321,1657
403,403,5,1,26,1,12,2,325,1639,72,18,96,support,0.05459770114942529,0.7079037800687286,,,397,1657
404,404,5,1,26,1,12,3,398,1634,70,19,95,frame,0.06548699334543255,0.7059707903780069,,,468,1653
405,405,5,1,26,1,12,4,473,1634,52,23,95,"(432,",0.07546884452510587,0.7068298969072165,,,525,1657
406,406,5,1,26,1,12,5,531,1634,45,23,90,532),0.08371143375680581,0.7068298969072165,,,576,1657
407,407,5,1,26,1,12,6,583,1634,91,23,90,including,0.09505444646098003,0.7068298969072165,,,674,1657
408,408,5,1,26,1,12,7,680,1634,127,19,90,asetofteeth,0.11244706594071385,0.7059707903780069,,,807,1653
409,409,4,1,26,1,13,0,225,1667,582,23,-1,,0.0780399274047187,0.7210051546391752,,,807,1690
410,410,5,1,26,1,13,1,225,1667,54,23,96,(436),0.038112522686025406,0.7210051546391752,,,279,1690
411,411,5,1,26,1,13,2,286,1667,81,23,96,coupled,0.049379915305505145,0.7210051546391752,,,367,1690
412,412,5,1,26,1,13,3,374,1667,75,23,96,directly,0.06223532970356927,0.7210051546391752,,,449,1690
413,413,5,1,26,1,13,4,454,1668,19,17,95,to,0.07009981851179674,0.7201460481099656,,,473,1685
414,414,5,1,26,1,13,5,479,1672,12,13,95,a,0.07335148215366001,0.7210051546391752,,,491,1685
415,415,5,1,26,1,13,6,497,1667,38,18,96,first,0.0780399274047187,0.7199312714776632,,,535,1685
416,416,5,1,26,1,13,7,542,1667,55,18,96,lower,0.08613127646702964,0.7199312714776632,,,597,1685
417,417,5,1,26,1,13,8,603,1667,77,18,96,surface,0.0970205686630369,0.7199312714776632,,,680,1685
418,418,5,1,26,1,13,9,686,1667,20,18,96,of,0.10526315789473684,0.7199312714776632,,,706,1685
419,419,5,1,26,1,13,10,711,1667,31,18,93,the,0.10987598306110102,0.7199312714776632,,,742,1685
420,420,5,1,26,1,13,11,749,1672,58,13,92,coun-,0.117664851784634,0.7210051546391752,,,807,1685
421,421,4,1,26,1,14,0,225,1700,583,23,-1,,0.07811554748941318,0.7351804123711341,,,808,1723
422,422,5,1,26,1,14,1,225,1700,96,23,91,terweight,0.04128856624319419,0.7351804123711341,,,321,1723
423,423,5,1,26,1,14,2,327,1700,79,23,96,support,0.05542952208106473,0.7351804123711341,,,406,1723
424,424,5,1,26,1,14,3,411,1700,60,18,96,frame,0.06669691470054447,0.7341065292096219,,,471,1718
425,425,5,1,26,1,14,4,478,1700,52,23,96,"(432,",0.07622504537205081,0.7351804123711341,,,530,1723
426,426,5,1,26,1,14,5,538,1700,52,23,96,532);,0.0852994555353902,0.7351804123711341,,,590,1723
427,427,5,1,26,1,14,6,598,1704,12,14,96,a,0.09134906231094979,0.7349656357388317,,,610,1718
428,428,5,1,26,1,14,7,617,1700,147,23,96,counterweight,0.1044313369630974,0.7351804123711341,,,764,1723
429,429,5,1,26,1,14,8,771,1700,37,18,96,unit,0.11940411373260738,0.7341065292096219,,,808,1718
430,430,2,1,27,0,0,0,575,1781,267,103,-1,,0.10715366001209921,0.7871563573883161,,,842,1884
431,431,3,1,27,1,0,0,575,1781,267,103,-1,,0.10715366001209921,0.7871563573883161,,,842,1884
432,432,4,1,27,1,1,0,593,1781,175,57,-1,,0.1029189352692075,0.7772766323024055,,,768,1838
433,433,5,1,27,1,1,1,593,1781,133,57,82,FIG.,0.09974289171203872,0.7772766323024055,,,726,1838
434,434,5,1,27,1,1,2,756,1782,12,55,82,1,0.11524500907441017,0.7772766323024055,,,768,1837
435,435,4,1,27,1,2,0,575,1843,267,41,-1,,0.10715366001209921,0.8004725085910653,,,842,1884
436,436,5,1,27,1,2,1,575,1856,36,22,94,23,0.0896854204476709,0.8019759450171822,,,611,1878
437,437,5,1,27,1,2,2,786,1843,56,41,45,LO,0.12310949788263763,0.8004725085910653,,,842,1884
438,438,2,1,28,0,0,0,520,1889,135,34,-1,,0.08885359951603146,0.8187285223367697,,,655,1923
439,439,3,1,28,1,0,0,520,1889,135,34,-1,,0.08885359951603146,0.8187285223367697,,,655,1923
440,440,4,1,28,1,1,0,520,1889,135,34,-1,,0.08885359951603146,0.8187285223367697,,,655,1923
441,441,5,1,28,1,1,1,520,1901,33,22,62,42,0.08114035087719298,0.8213058419243986,,,553,1923
442,442,5,1,28,1,1,2,0,0,1653,2328,62,),0.125,0.5,,,1653,2328
443,443,5,1,28,1,1,3,633,1889,22,22,60,2!,0.09739866908650938,0.8161512027491409,,,655,1911
444,444,2,1,29,0,0,0,316,1198,617,21,-1,,0.09444948578342408,0.5191151202749141,,,933,1219
445,445,3,1,29,1,0,0,316,1198,617,21,-1,,0.09444948578342408,0.5191151202749141,,,933,1219
446,446,4,1,29,1,1,0,316,1198,617,21,-1,,0.09444948578342408,0.5191151202749141,,,933,1219
447,447,5,1,29,1,1,1,316,1198,54,20,96,LIFT,0.051875378100423475,0.5189003436426117,title_line_1,LIFT,370,1218
448,448,5,1,29,1,1,2,379,1198,92,21,96,CRANE,0.06427707199032062,0.5191151202749141,title_line_1,CRANE,471,1219
449,449,5,1,29,1,1,3,480,1198,66,20,96,WITH,0.07758620689655173,0.5189003436426117,title_line_1,WITH,546,1218
450,450,5,1,29,1,1,4,557,1198,129,21,93,MOVABLE,0.0939957652752571,0.5191151202749141,title_line_1,MOVABLE,686,1219
451,451,5,1,29,1,1,5,697,1198,236,21,91,COUNTERWEIGHT,0.12326073805202661,0.5191151202749141,title_line_1,COUNTERWEIGHT,933,1219
452,452,2,1,30,0,0,0,883,1274,584,449,-1,,0.17770719903206292,0.6436855670103093,,,1467,1723
453,453,3,1,30,1,0,0,883,1274,584,449,-1,,0.17770719903206292,0.6436855670103093,,,1467,1723
454,454,4,1,30,1,1,0,885,1274,581,23,-1,,0.17778281911675742,0.5521907216494846,,,1466,1297
455,455,5,1,30,1,1,1,885,1274,50,23,96,"(435,",0.13762855414398065,0.5521907216494846,,,935,1297
456,456,5,1,30,1,1,2,944,1274,46,22,96,535),0.14624924379915305,0.5519759450171822,,,990,1296
457,457,5,1,30,1,1,3,996,1274,40,18,95,that,0.15366001209921354,0.5511168384879725,,,1036,1292
458,458,5,1,30,1,1,4,1043,1274,73,18,95,includes,0.16326376285541438,0.5511168384879725,,,1116,1292
459,459,5,1,30,1,1,5,1118,1278,10,14,96,a,0.16984271022383546,0.5519759450171822,,,1128,1292
460,460,5,1,30,1,1,6,1135,1274,81,23,96,trolley,0.17778281911675742,0.5521907216494846,,,1216,1297
461,461,5,1,30,1,1,7,1223,1274,51,23,96,"(470,",0.18882335148215365,0.5521907216494846,,,1274,1297
462,462,5,1,30,1,1,8,1282,1274,52,22,96,"570),",0.19782214156079855,0.5519759450171822,,,1334,1296
463,463,5,1,30,1,1,9,1341,1274,32,18,93,the,0.20523290986085904,0.5511168384879725,,,1373,1292
464,464,5,1,30,1,1,10,1381,1274,85,18,92,counter-,0.21529038112522686,0.5511168384879725,,,1466,1292
465,465,4,1,30,1,2,0,883,1306,583,23,-1,,0.17763157894736842,0.5659364261168385,,,1466,1329
466,466,5,1,30,1,2,1,883,1306,69,23,96,weight,0.13876285541439806,0.5659364261168385,,,952,1329
467,467,5,1,30,1,2,2,962,1306,37,19,95,unit,0.1482909860859044,0.5650773195876289,,,999,1325
468,468,5,1,30,1,2,3,1007,1306,51,23,95,"(435,",0.15615547489413187,0.5659364261168385,,,1058,1329
469,469,5,1,30,1,2,4,1069,1306,46,23,96,535),0.16515426497277677,0.5659364261168385,,,1115,1329
470,470,5,1,30,1,2,5,1126,1306,55,23,96,being,0.17445553539019965,0.5659364261168385,,,1181,1329
471,471,5,1,30,1,2,6,1191,1306,104,23,96,supported,0.1879915305505142,0.5659364261168385,,,1295,1329
472,472,5,1,30,1,2,7,1305,1311,24,14,96,on,0.19918330308529947,0.5661512027491409,,,1329,1325
473,473,5,1,30,1,2,8,1339,1306,32,19,93,the,0.20493042952208107,0.5650773195876289,,,1371,1325
474,474,5,1,30,1,2,9,1381,1307,85,18,92,counter-,0.21529038112522686,0.5652920962199313,,,1466,1325
475,475,4,1,30,1,3,0,883,1339,583,23,-1,,0.17763157894736842,0.5801116838487973,,,1466,1362
476,476,5,1,30,1,3,1,883,1339,69,23,96,weight,0.13876285541439806,0.5801116838487973,,,952,1362
477,477,5,1,30,1,3,2,959,1340,79,22,96,support,0.15101330913490624,0.5803264604810997,,,1038,1362
478,478,5,1,30,1,3,3,1044,1339,60,18,95,frame,0.16243194192377494,0.5790378006872853,,,1104,1357
479,479,5,1,30,1,3,4,1113,1339,51,23,96,"(432,",0.1721869328493648,0.5801116838487973,,,1164,1362
480,480,5,1,30,1,3,5,1174,1339,45,23,96,532),0.1809588626739262,0.5801116838487973,,,1219,1362
481,481,5,1,30,1,3,6,1228,1339,15,18,94,in,0.1868572292800968,0.5790378006872853,,,1243,1357
482,482,5,1,30,1,3,7,1253,1344,10,13,94,a,0.19026013309134907,0.5801116838487973,,,1263,1357
483,483,5,1,30,1,3,8,1272,1339,88,18,93,moveable,0.19903206291591047,0.5790378006872853,,,1360,1357
484,484,5,1,30,1,3,9,1362,1339,104,18,92,relation-,0.21385359951603145,0.5790378006872853,,,1466,1357
485,485,4,1,30,1,4,0,884,1372,582,23,-1,,0.17770719903206292,0.594286941580756,,,1466,1395
486,486,5,1,30,1,4,1,884,1372,42,23,96,ship,0.1368723532970357,0.594286941580756,,,926,1395
487,487,5,1,30,1,4,2,935,1372,41,19,96,with,0.14450998185117966,0.5934278350515464,,,976,1391
488,488,5,1,30,1,4,3,987,1373,78,22,96,respect,0.15517241379310345,0.5945017182130584,,,1065,1395
489,489,5,1,30,1,4,4,1073,1373,19,18,96,to,0.16371748336358136,0.5936426116838488,,,1092,1391
490,490,5,1,30,1,4,5,1102,1372,32,19,96,the,0.16908650937689051,0.5934278350515464,,,1134,1391
491,491,5,1,30,1,4,6,1144,1372,77,23,96,rotating,0.17884150030248033,0.594286941580756,,,1221,1395
492,492,5,1,30,1,4,7,1233,1372,37,19,96,bed,0.18927707199032062,0.5934278350515464,,,1270,1391
493,493,5,1,30,1,4,8,1281,1372,51,23,96,"(420,",0.19759528130671505,0.594286941580756,,,1332,1395
494,494,5,1,30,1,4,9,1344,1372,51,23,96,520);,0.20712341197822143,0.594286941580756,,,1395,1395
495,495,5,1,30,1,4,10,1406,1372,38,19,92,and,0.21551724137931033,0.5934278350515464,,,1444,1391
496,496,5,1,30,1,4,11,1454,1377,12,14,92,a,0.220810647307925,0.5945017182130584,,,1466,1391
497,497,4,1,30,1,5,0,885,1405,581,23,-1,,0.17778281911675742,0.6084621993127147,,,1466,1428
498,498,5,1,30,1,5,1,885,1405,147,23,96,counterweight,0.14496370235934664,0.6084621993127147,,,1032,1428
499,499,5,1,30,1,5,2,1038,1405,36,18,96,unit,0.15970961887477314,0.6073883161512027,,,1074,1423
500,500,5,1,30,1,5,3,1081,1410,101,13,96,movement,0.17112825166364187,0.6084621993127147,,,1182,1423
501,501,5,1,30,1,5,4,1184,1405,79,18,96,device,0.1850423472474289,0.6073883161512027,,,1263,1423
502,502,5,1,30,1,5,5,1270,1405,109,23,96,configured,0.20031760435571688,0.6084621993127147,,,1379,1428
503,503,5,1,30,1,5,6,1385,1406,19,17,96,to,0.21090441621294617,0.6076030927835051,,,1404,1423
504,504,5,1,30,1,5,7,1410,1410,56,13,96,move,0.21748336358136722,0.6084621993127147,,,1466,1423
505,505,4,1,30,1,6,0,884,1438,581,23,-1,,0.17763157894736842,0.6226374570446735,,,1465,1461
506,506,5,1,30,1,6,1,884,1438,32,18,96,the,0.13611615245009073,0.6215635738831615,,,916,1456
507,507,5,1,30,1,6,2,924,1438,139,23,96,counterweight,0.1502571082879613,0.6226374570446735,,,1063,1461
508,508,5,1,30,1,6,3,1065,1438,50,18,95,unit,0.1648517846339988,0.6215635738831615,,,1115,1456
509,509,5,1,30,1,6,4,1122,1438,51,23,95,"(435,",0.1735480943738657,0.6226374570446735,,,1173,1461
510,510,5,1,30,1,6,5,1182,1438,45,23,96,535),0.1821687840290381,0.6226374570446735,,,1227,1461
511,511,5,1,30,1,6,6,1235,1438,70,18,96,toward,0.19207501512401695,0.6215635738831615,,,1305,1456
512,512,5,1,30,1,6,7,1313,1438,38,18,96,and,0.2014519056261343,0.6215635738831615,,,1351,1456
513,513,5,1,30,1,6,8,1359,1442,54,19,96,away,0.20961887477313976,0.6234965635738832,,,1413,1461
514,514,5,1,30,1,6,9,1419,1438,46,18,96,from,0.21808832425892316,0.6215635738831615,,,1465,1456
515,515,4,1,30,1,7,0,884,1470,583,23,-1,,0.17778281911675742,0.6363831615120275,,,1467,1493
516,516,5,1,30,1,7,1,884,1470,32,19,96,the,0.13611615245009073,0.6355240549828178,,,916,1489
517,517,5,1,30,1,7,2,925,1470,56,19,96,boom,0.1441318814277072,0.6355240549828178,,,981,1489
518,518,5,1,30,1,7,3,992,1470,51,23,95,"(422,",0.15388687235329704,0.6363831615120275,,,1043,1493
519,519,5,1,30,1,7,4,1053,1470,51,23,95,"522),",0.1631125226860254,0.6363831615120275,,,1104,1493
520,520,5,1,30,1,7,5,1114,1470,32,19,96,the,0.17090139140955837,0.6355240549828178,,,1146,1489
521,521,5,1,30,1,7,6,1155,1470,148,23,96,counterweight,0.18587416817906835,0.6363831615120275,,,1303,1493
522,522,5,1,30,1,7,7,1312,1470,36,19,96,unit,0.20114942528735633,0.6355240549828178,,,1348,1489
523,523,5,1,30,1,7,8,1357,1471,110,18,96,movement,0.21355111917725347,0.6357388316151202,,,1467,1489
524,524,4,1,30,1,8,0,884,1503,582,23,-1,,0.17770719903206292,0.6505584192439863,,,1466,1526
525,525,5,1,30,1,8,1,884,1503,67,18,96,device,0.13876285541439806,0.6494845360824743,,,951,1521
526,526,5,1,30,1,8,2,961,1503,91,23,96,including,0.15222323049001815,0.6505584192439863,,,1052,1526
527,527,5,1,30,1,8,3,1061,1504,19,17,96,at,0.1619026013309135,0.6496993127147767,,,1080,1521
528,528,5,1,30,1,8,4,1089,1503,49,18,96,least,0.16840592861464004,0.6494845360824743,,,1138,1521
529,529,5,1,30,1,8,5,1146,1508,38,13,96,one,0.17619479733817303,0.6505584192439863,,,1184,1521
530,530,5,1,30,1,8,6,1194,1504,59,17,96,motor,0.1850423472474289,0.6496993127147767,,,1253,1521
531,531,5,1,30,1,8,7,1261,1503,51,23,96,"(472,",0.19457047791893528,0.6505584192439863,,,1312,1526
532,532,5,1,30,1,8,8,1323,1503,37,18,96,572),0.2028886872353297,0.6494845360824743,,,1360,1521
533,533,5,1,30,1,8,9,1362,1503,83,23,96,driving,0.21226557773744706,0.6505584192439863,,,1445,1526
534,534,5,1,30,1,8,10,1454,1508,12,13,96,a,0.220810647307925,0.6505584192439863,,,1466,1521
535,535,4,1,30,1,9,0,884,1536,581,23,-1,,0.17763157894736842,0.664733676975945,,,1465,1559
536,536,5,1,30,1,9,1,884,1540,47,19,97,gear,0.13725045372050818,0.6655927835051546,,,931,1559
537,537,5,1,30,1,9,2,939,1536,51,23,96,"(474,",0.14587114337568058,0.664733676975945,,,990,1559
538,538,5,1,30,1,9,3,999,1536,46,23,96,574),0.15456745311554748,0.664733676975945,,,1045,1559
539,539,5,1,30,1,9,4,1054,1536,94,18,96,connected,0.16651542649727769,0.663659793814433,,,1148,1554
540,540,5,1,30,1,9,5,1150,1536,38,18,96,to,0.17679975801572897,0.663659793814433,,,1188,1554
541,541,5,1,30,1,9,6,1196,1536,18,18,96,the,0.1822444041137326,0.663659793814433,,,1214,1554
542,542,5,1,30,1,9,7,1217,1536,82,23,96,trolley,0.19026013309134907,0.664733676975945,,,1299,1559
543,543,5,1,30,1,9,8,1307,1536,51,23,96,"(470,",0.2015275257108288,0.664733676975945,,,1358,1559
544,544,5,1,30,1,9,9,1367,1536,52,23,96,"570),",0.21067755595886267,0.664733676975945,,,1419,1559
545,545,5,1,30,1,9,10,1428,1536,37,18,96,and,0.21876890502117363,0.663659793814433,,,1465,1554
546,546,4,1,30,1,10,0,885,1569,580,23,-1,,0.17770719903206292,0.6789089347079038,,,1465,1592
547,547,5,1,30,1,10,1,885,1569,15,18,96,in,0.13498185117967332,0.6778350515463918,,,900,1587
548,548,5,1,30,1,10,2,911,1569,59,18,96,which,0.14224137931034483,0.6778350515463918,,,970,1587
549,549,5,1,30,1,10,3,982,1569,31,18,96,the,0.15086206896551724,0.6778350515463918,,,1013,1587
550,550,5,1,30,1,10,4,1024,1574,47,18,96,gear,0.15842407743496673,0.6799828178694158,,,1071,1592
551,551,5,1,30,1,10,5,1082,1569,51,23,96,"(474,",0.1674984875983061,0.6789089347079038,,,1133,1592
552,552,5,1,30,1,10,6,1145,1569,46,23,96,574),0.17664851784633998,0.6789089347079038,,,1191,1592
553,553,5,1,30,1,10,7,1202,1574,78,18,96,engages,0.18768905021173624,0.6799828178694158,,,1280,1592
554,554,5,1,30,1,10,8,1281,1569,53,18,96,the,0.19774652147610405,0.6778350515463918,,,1334,1587
555,555,5,1,30,1,10,9,1344,1570,31,17,96,set,0.2056110102843315,0.6780498281786942,,,1375,1587
556,556,5,1,30,1,10,10,1385,1569,20,18,96,of,0.21098003629764064,0.6778350515463918,,,1405,1587
557,557,5,1,30,1,10,11,1415,1569,50,18,97,teeth,0.2177858439201452,0.6778350515463918,,,1465,1587
558,558,4,1,30,1,11,0,885,1602,581,23,-1,,0.17778281911675742,0.6930841924398625,,,1466,1625
559,559,5,1,30,1,11,1,885,1602,52,23,96,(436),0.13777979431336962,0.6930841924398625,,,937,1625
560,560,5,1,30,1,11,2,947,1606,24,14,96,on,0.14503932244404114,0.6928694158075601,,,971,1620
561,561,5,1,30,1,11,3,980,1602,32,18,96,the,0.15063520871143377,0.6920103092783505,,,1012,1620
562,562,5,1,30,1,11,4,1021,1602,148,23,96,counterweight,0.16560798548094374,0.6930841924398625,,,1169,1625
563,563,5,1,30,1,11,5,1176,1602,80,23,96,support,0.1839080459770115,0.6930841924398625,,,1256,1625
564,564,5,1,30,1,11,6,1262,1602,61,18,96,frame,0.1954779189352692,0.6920103092783505,,,1323,1620
565,565,5,1,30,1,11,7,1332,1602,51,23,96,"(432,",0.20530852994555354,0.6930841924398625,,,1383,1625
566,566,5,1,30,1,11,8,1393,1602,46,23,96,532),0.21415607985480944,0.6930841924398625,,,1439,1625
567,567,5,1,30,1,11,9,1448,1602,18,18,96,to,0.22035692679975802,0.6920103092783505,,,1466,1620
568,568,4,1,30,1,12,0,885,1634,580,23,-1,,0.17770719903206292,0.7068298969072165,,,1465,1657
569,569,5,1,30,1,12,1,885,1639,43,14,96,move,0.13709921355111918,0.7070446735395189,,,928,1653
570,570,5,1,30,1,12,2,929,1634,39,19,96,the,0.14345130066545675,0.7059707903780069,,,968,1653
571,571,5,1,30,1,12,3,970,1634,85,23,96,trolley,0.1531306715063521,0.7068298969072165,,,1055,1657
572,572,5,1,30,1,12,4,1064,1634,51,23,96,"(470,",0.1647761645493043,0.7068298969072165,,,1115,1657
573,573,5,1,30,1,12,5,1126,1634,46,23,96,570),0.17377495462794917,0.7068298969072165,,,1172,1657
574,574,5,1,30,1,12,6,1181,1634,41,19,96,with,0.18171506352087113,0.7059707903780069,,,1222,1653
575,575,5,1,30,1,12,7,1233,1639,70,18,96,respect,0.19177253478523895,0.7079037800687286,,,1303,1657
576,576,5,1,30,1,12,8,1304,1635,33,18,96,to,0.1997126436781609,0.7061855670103093,,,1337,1653
577,577,5,1,30,1,12,9,1346,1634,33,19,96,the,0.20606473079249849,0.7059707903780069,,,1379,1653
578,578,5,1,30,1,12,10,1388,1634,77,23,96,rotating,0.21574410163339383,0.7068298969072165,,,1465,1657
579,579,4,1,30,1,13,0,885,1667,582,23,-1,,0.17785843920145192,0.7210051546391752,,,1467,1690
580,580,5,1,30,1,13,1,885,1667,36,18,96,bed,0.1365698729582577,0.7199312714776632,,,921,1685
581,581,5,1,30,1,13,2,933,1667,51,23,96,"(420,",0.14496370235934664,0.7210051546391752,,,984,1690
582,582,5,1,30,1,13,3,996,1667,45,23,96,520),0.15403811252268604,0.7210051546391752,,,1041,1690
583,583,5,1,30,1,13,4,1052,1672,24,13,96,as,0.16091954022988506,0.7210051546391752,,,1076,1685
584,584,5,1,30,1,13,5,1086,1667,31,18,96,the,0.16659104658197219,0.7199312714776632,,,1117,1685
585,585,5,1,30,1,13,6,1128,1668,60,17,96,motor,0.1751361161524501,0.7201460481099656,,,1188,1685
586,586,5,1,30,1,13,7,1197,1667,52,23,96,"(472,",0.18496672716273443,0.7210051546391752,,,1249,1690
587,587,5,1,30,1,13,8,1260,1667,46,23,96,572),0.1940411373260738,0.7210051546391752,,,1306,1690
588,588,5,1,30,1,13,9,1316,1668,52,17,96,turns,0.2029643073200242,0.7201460481099656,,,1368,1685
589,589,5,1,30,1,13,10,1378,1667,32,18,96,the,0.21082879612825167,0.7199312714776632,,,1410,1685
590,590,5,1,30,1,13,11,1420,1672,47,18,96,gear,0.21831518451300666,0.7220790378006873,,,1467,1690
591,591,4,1,30,1,14,0,885,1700,112,23,-1,,0.14231699939503933,0.7351804123711341,,,997,1723
592,592,5,1,30,1,14,1,885,1700,50,23,96,"(474,",0.13762855414398065,0.7351804123711341,,,935,1723
593,593,5,1,30,1,14,2,945,1700,52,23,95,574).,0.14685420447670902,0.7351804123711341,,,997,1723
594,594,2,1,31,0,0,0,515,1880,656,300,-1,,0.12749546279491833,0.8719931271477663,,,1171,2180
595,595,3,1,31,1,0,0,515,1880,656,300,-1,,0.12749546279491833,0.8719931271477663,,,1171,2180
596,596,4,1,31,1,1,0,515,1880,656,300,-1,,0.12749546279491833,0.8719931271477663,,,1171,2180
597,597,5,1,31,1,1,1,515,1880,656,300,95, ,0.12749546279491833,0.8719931271477663,,,1171,2180
598,598,2,1,32,0,0,0,716,2270,259,16,-1,,0.1278735632183908,0.9785223367697594,,,975,2286
599,599,3,1,32,1,0,0,716,2270,259,16,-1,,0.1278735632183908,0.9785223367697594,,,975,2286
600,600,4,1,32,1,1,0,716,2270,259,16,-1,,0.1278735632183908,0.9785223367697594,,,975,2286
601,601,5,1,32,1,1,1,716,2270,49,12,96,Printed,0.11199334543254688,0.9776632302405498,,,765,2282
602,602,5,1,32,1,1,2,771,2270,15,16,96,by,0.1177404718693285,0.9785223367697594,,,786,2286
603,603,5,1,32,1,1,3,792,2270,45,14,96,"Jouve,",0.12318511796733213,0.9780927835051546,,,837,2284
604,604,5,1,32,1,1,4,843,2270,41,12,96,75001,0.13059588626739263,0.9776632302405498,,,884,2282
605,605,5,1,32,1,1,5,893,2270,46,12,96,PARIS,0.1385359951603146,0.9776632302405498,,,939,2282
606,606,5,1,32,1,1,6,945,2270,30,16,95,(FR),0.14519056261343014,0.9785223367697594,,,975,2286
