,Unnamed: 0,level,page_num,block_num,par_num,line_num,word_num,left,top,width,height,conf,text,x,y,label,target,right,bottom
0,0,1,1,0,0,0,0,0,0,1653,2328,-1,,0.125,0.5,,,1653,2328
1,1,2,1,1,0,0,0,144,1905,31,328,-1,,0.02412280701754386,0.8887457044673539,,,175,2233
2,2,3,1,1,1,0,0,144,1905,31,328,-1,,0.02412280701754386,0.8887457044673539,,,175,2233
3,3,4,1,1,1,1,0,144,1905,31,328,-1,,0.02412280701754386,0.8887457044673539,,,175,2233
4,4,5,1,1,1,1,1,144,2179,30,54,96,EP,0.024047186932849365,0.947594501718213,,,174,2233
5,5,5,1,1,1,1,2,144,2142,31,21,96,3,0.02412280701754386,0.9246134020618557,,,175,2163
6,6,5,1,1,1,1,3,144,2055,31,71,94,398,0.02412280701754386,0.8979810996563574,,,175,2126
7,7,5,1,1,1,1,4,144,1969,31,70,92,627,0.02412280701754386,0.8608247422680413,,,175,2039
8,8,5,1,1,1,1,5,144,1905,30,50,91,A1,0.024047186932849365,0.8290378006872853,,,174,1955
9,9,2,1,2,0,0,0,429,153,88,28,-1,,0.07153660012099214,0.07173539518900343,,,517,181
10,10,3,1,2,1,0,0,429,153,88,28,-1,,0.07153660012099214,0.07173539518900343,,,517,181
11,11,4,1,2,1,1,0,429,153,88,16,-1,,0.07153660012099214,0.06915807560137457,,,517,169
12,12,5,1,2,1,1,1,429,153,88,16,84,Europaisches,0.07153660012099214,0.06915807560137457,,,517,169
13,13,4,1,2,1,2,0,429,170,71,11,-1,,0.07025105868118572,0.07538659793814433,,,500,181
14,14,5,1,2,1,2,1,429,170,71,11,96,Patentamt,0.07025105868118572,0.07538659793814433,,,500,181
15,15,2,1,3,0,0,0,429,196,89,28,-1,,0.07161222020568662,0.09020618556701031,,,518,224
16,16,3,1,3,1,0,0,429,196,89,28,-1,,0.07161222020568662,0.09020618556701031,,,518,224
17,17,4,1,3,1,1,0,429,196,63,15,-1,,0.06964609800362977,0.08741408934707903,,,492,211
18,18,5,1,3,1,1,1,429,196,63,15,95,European,0.06964609800362977,0.08741408934707903,,,492,211
19,19,4,1,3,1,2,0,429,212,89,12,-1,,0.07161222020568662,0.0936426116838488,,,518,224
20,20,5,1,3,1,2,1,429,213,43,11,96,Patent,0.06813369630973987,0.0938573883161512,,,472,224
21,21,5,1,3,1,2,2,478,212,40,12,90,Office,0.07531760435571688,0.0936426116838488,,,518,224
22,22,2,1,4,0,0,0,429,239,109,28,-1,,0.07312462189957653,0.10867697594501718,,,538,267
23,23,3,1,4,1,0,0,429,239,109,28,-1,,0.07312462189957653,0.10867697594501718,,,538,267
24,24,4,1,4,1,1,0,429,239,109,15,-1,,0.07312462189957653,0.10588487972508591,,,538,254
25,25,5,1,4,1,1,1,429,239,40,12,93,Office,0.06790683605565638,0.1052405498281787,,,469,251
26,26,5,1,4,1,1,2,474,239,64,15,93,europ√©en,0.0765275257108288,0.10588487972508591,,,538,254
27,27,4,1,4,1,2,0,429,255,77,12,-1,,0.0707047791893527,0.11211340206185567,,,506,267
28,28,5,1,4,1,2,1,429,255,22,12,95,des,0.06654567453115548,0.11211340206185567,,,451,267
29,29,5,1,4,1,2,2,457,255,49,12,82,brevets,0.07282214156079855,0.11211340206185567,,,506,267
30,30,2,1,5,0,0,0,281,136,274,150,-1,,0.06321839080459771,0.09063573883161512,,,555,286
31,31,3,1,5,1,0,0,281,136,274,150,-1,,0.06321839080459771,0.09063573883161512,,,555,286
32,32,4,1,5,1,1,0,281,136,274,150,-1,,0.06321839080459771,0.09063573883161512,,,555,286
33,33,5,1,5,1,1,1,281,136,274,150,95, ,0.06321839080459771,0.09063573883161512,,,555,286
34,34,2,1,6,0,0,0,225,324,45,26,-1,,0.037431941923774956,0.14475945017182132,,,270,350
35,35,3,1,6,1,0,0,225,324,45,26,-1,,0.037431941923774956,0.14475945017182132,,,270,350
36,36,4,1,6,1,1,0,225,324,45,26,-1,,0.037431941923774956,0.14475945017182132,,,270,350
37,37,5,1,6,1,1,1,225,324,45,26,96,(12),0.037431941923774956,0.14475945017182132,,,270,350
38,38,2,1,7,0,0,0,225,395,378,53,-1,,0.06261343012704174,0.18105670103092783,,,603,448
39,39,3,1,7,1,0,0,225,395,378,53,-1,,0.06261343012704174,0.18105670103092783,,,603,448
40,40,4,1,7,1,1,0,225,395,262,26,-1,,0.05384150030248034,0.17525773195876287,,,487,421
41,41,5,1,7,1,1,1,225,395,45,26,95,(43),0.037431941923774956,0.17525773195876287,,,270,421
42,42,5,1,7,1,1,2,286,397,48,18,95,Date,0.04688445251058681,0.17439862542955326,,,334,415
43,43,5,1,7,1,1,3,342,397,20,18,96,of,0.05323653962492438,0.17439862542955326,,,362,415
44,44,5,1,7,1,1,4,370,397,117,23,96,publication:,0.0648064125831821,0.17547250859106528,,,487,420
45,45,4,1,7,1,2,0,286,430,317,18,-1,,0.06722625529340592,0.18857388316151202,,,603,448
46,46,5,1,7,1,2,1,286,430,117,18,96,07.11.2018,0.052102238354506954,0.18857388316151202,publication_date,07.11.2018,403,448
47,47,5,1,7,1,2,2,426,430,84,18,95,Bulletin,0.07078039927404718,0.18857388316151202,,,510,448
48,48,5,1,7,1,2,3,519,430,84,18,95,2018/45,0.08484573502722323,0.18857388316151202,,,603,448
49,49,2,1,8,0,0,0,225,493,402,26,-1,,0.06442831215970962,0.21735395189003437,,,627,519
50,50,3,1,8,1,0,0,225,493,402,26,-1,,0.06442831215970962,0.21735395189003437,,,627,519
51,51,4,1,8,1,1,0,225,493,402,26,-1,,0.06442831215970962,0.21735395189003437,,,627,519
52,52,5,1,8,1,1,1,225,493,45,26,96,(21),0.037431941923774956,0.21735395189003437,,,270,519
53,53,5,1,8,1,1,2,285,495,115,23,96,Application,0.051799758015728975,0.21756872852233677,,,400,518
54,54,5,1,8,1,1,3,410,495,83,18,93,number:,0.06828493647912885,0.21649484536082475,,,493,513
55,55,5,1,8,1,1,4,505,495,122,18,92,18179628.5,0.08560193587416817,0.21649484536082475,application_number,18179628.5,627,513
56,56,2,1,9,0,0,0,225,559,325,26,-1,,0.05860556563823351,0.24570446735395188,,,550,585
57,57,3,1,9,1,0,0,225,559,325,26,-1,,0.05860556563823351,0.24570446735395188,,,550,585
58,58,4,1,9,1,1,0,225,559,325,26,-1,,0.05860556563823351,0.24570446735395188,,,550,585
59,59,5,1,9,1,1,1,225,559,45,26,96,(22),0.037431941923774956,0.24570446735395188,,,270,585
60,60,5,1,9,1,1,2,286,561,48,18,96,Date,0.04688445251058681,0.24484536082474226,,,334,579
61,61,5,1,9,1,1,3,342,566,12,13,96,of,0.05263157894736842,0.24591924398625428,,,354,579
62,62,5,1,9,1,1,4,355,561,67,23,96,filing:,0.058756805807622506,0.24591924398625428,,,422,584
63,63,5,1,9,1,1,5,432,561,118,18,96,07.12.2012,0.07425892316999395,0.24484536082474226,filing_date,07.12.2012,550,579
64,64,2,1,10,0,0,0,1002,245,458,38,-1,,0.18617664851784635,0.1134020618556701,,,1460,283
65,65,3,1,10,1,0,0,1002,245,458,38,-1,,0.18617664851784635,0.1134020618556701,,,1460,283
66,66,4,1,10,1,1,0,1002,245,458,38,-1,,0.18617664851784635,0.1134020618556701,,,1460,283
67,67,5,1,10,1,1,1,1002,256,44,27,74,(11),0.15486993345432548,0.11576460481099657,,,1046,283
68,68,5,1,10,1,1,2,1146,245,52,32,96,EP,0.17725347852389595,0.11211340206185567,number,EP,1198,277
69,69,5,1,10,1,1,3,1214,245,20,32,96,3,0.1851179673321234,0.11211340206185567,number,3,1234,277
70,70,5,1,10,1,1,4,1249,245,68,32,96,398,0.1940411373260738,0.11211340206185567,number,398,1317,277
71,71,5,1,10,1,1,5,1332,245,67,32,93,627,0.20651845130066546,0.11211340206185567,number,627,1399,277
72,72,5,1,10,1,1,6,1413,245,47,32,89,A1,0.21725650332728372,0.11211340206185567,number,A1,1460,277
73,73,2,1,11,0,0,0,577,319,537,26,-1,,0.1278735632183908,0.14261168384879724,,,1114,345
74,74,3,1,11,1,0,0,577,319,537,26,-1,,0.1278735632183908,0.14261168384879724,,,1114,345
75,75,4,1,11,1,1,0,577,319,537,26,-1,,0.1278735632183908,0.14261168384879724,,,1114,345
76,76,5,1,11,1,1,1,577,319,156,26,95,EUROPEAN,0.09906231094978826,0.14261168384879724,,,733,345
77,77,5,1,11,1,1,2,735,320,135,24,95,PATENT,0.12137023593466424,0.14261168384879724,,,870,344
78,78,5,1,11,1,1,3,873,319,241,26,96,APPLICATION,0.1502571082879613,0.14261168384879724,,,1114,345
79,79,2,1,12,0,0,0,862,395,126,26,-1,,0.13989715668481548,0.17525773195876287,,,988,421
80,80,3,1,12,1,0,0,862,395,126,26,-1,,0.13989715668481548,0.17525773195876287,,,988,421
81,81,4,1,12,1,1,0,862,395,126,26,-1,,0.13989715668481548,0.17525773195876287,,,988,421
82,82,5,1,12,1,1,1,862,395,44,26,67,(51),0.1336963097398669,0.17525773195876287,,,906,421
83,83,5,1,12,1,1,2,923,397,25,18,93,Int,0.1414851784633999,0.17439862542955326,,,948,415
84,84,5,1,12,1,1,3,955,397,33,18,65,Cl:,0.14692982456140352,0.17439862542955326,,,988,415
85,85,2,1,13,0,0,0,921,425,460,21,-1,,0.17407743496672717,0.1870704467353952,,,1381,446
86,86,3,1,13,1,0,0,921,425,460,21,-1,,0.17407743496672717,0.1870704467353952,,,1381,446
87,87,4,1,13,1,1,0,921,425,460,21,-1,,0.17407743496672717,0.1870704467353952,,,1381,446
88,88,5,1,13,1,1,1,921,428,64,18,45,AG1M,0.1441318814277072,0.1877147766323024,class_international,A61M,985,446
89,89,5,1,13,1,1,2,994,428,44,18,95,1136,0.15366001209921354,0.1877147766323024,class_international,1/36,1038,446
90,90,5,1,13,1,1,3,1043,425,67,16,78,(2006.01),0.16281004234724744,0.18599656357388317,,,1110,441
91,91,5,1,13,1,1,4,1192,428,64,18,43,AGIM,0.1851179673321234,0.1877147766323024,,,1256,446
92,92,5,1,13,1,1,5,1265,428,44,18,94,1138,0.19464609800362975,0.1877147766323024,,,1309,446
93,93,5,1,13,1,1,6,1315,425,66,16,74,(2006.07),0.20387174833635813,0.18599656357388317,,,1381,441
94,94,2,1,14,0,0,0,224,614,1243,2,-1,,0.1278735632183908,0.26417525773195877,,,1467,616
95,95,3,1,14,1,0,0,224,614,1243,2,-1,,0.1278735632183908,0.26417525773195877,,,1467,616
96,96,4,1,14,1,1,0,224,614,1243,2,-1,,0.1278735632183908,0.26417525773195877,,,1467,616
97,97,5,1,14,1,1,1,224,614,1243,2,95, ,0.1278735632183908,0.26417525773195877,,,1467,616
98,98,2,1,15,0,0,0,225,631,599,119,-1,,0.07932546884452511,0.296606529209622,,,824,750
99,99,3,1,15,1,0,0,225,631,599,119,-1,,0.07932546884452511,0.296606529209622,,,824,750
100,100,4,1,15,1,1,0,225,631,388,27,-1,,0.0633696309739867,0.2768470790378007,,,613,658
101,101,5,1,15,1,1,1,225,631,45,27,96,(84),0.037431941923774956,0.2768470790378007,,,270,658
102,102,5,1,15,1,1,2,286,633,118,23,96,Designated,0.052177858439201454,0.2768470790378007,,,404,656
103,103,5,1,15,1,1,3,413,633,119,23,96,Contracting,0.07146098003629764,0.2768470790378007,,,532,656
104,104,5,1,15,1,1,4,542,633,71,19,96,States:,0.08734119782214156,0.2759879725085911,,,613,652
105,105,4,1,15,1,2,0,285,666,537,18,-1,,0.08371143375680581,0.28994845360824745,,,822,684
106,106,5,1,15,1,2,1,285,666,31,18,94,AL,0.04544767090139141,0.28994845360824745,,,316,684
107,107,5,1,15,1,2,2,323,666,31,18,94,AT,0.05119479733817302,0.28994845360824745,,,354,684
108,108,5,1,15,1,2,3,363,666,30,18,96,BE,0.05716878402903811,0.28994845360824745,,,393,684
109,109,5,1,15,1,2,4,403,666,32,18,96,BG,0.0633696309739867,0.28994845360824745,,,435,684
110,110,5,1,15,1,2,5,445,666,31,18,96,CH,0.06964609800362977,0.28994845360824745,,,476,684
111,111,5,1,15,1,2,6,486,666,32,18,95,CY,0.07592256503327284,0.28994845360824745,,,518,684
112,112,5,1,15,1,2,7,526,666,30,18,93,CZ,0.08182093163944344,0.28994845360824745,,,556,684
113,113,5,1,15,1,2,8,565,666,30,18,93,DE,0.08771929824561403,0.28994845360824745,,,595,684
114,114,5,1,15,1,2,9,605,666,32,18,95,DK,0.09392014519056262,0.28994845360824745,,,637,684
115,115,5,1,15,1,2,10,646,666,29,18,95,EE,0.0998941318814277,0.28994845360824745,,,675,684
116,116,5,1,15,1,2,11,684,666,29,18,93,ES,0.10564125831820932,0.28994845360824745,,,713,684
117,117,5,1,15,1,2,12,723,666,57,18,90,FIFR,0.11365698729582577,0.28994845360824745,,,780,684
118,118,5,1,15,1,2,13,788,666,34,18,95,GB,0.12174833635813673,0.28994845360824745,,,822,684
119,119,4,1,15,1,3,0,285,699,539,18,-1,,0.0838626739261948,0.30412371134020616,,,824,717
120,120,5,1,15,1,3,1,285,699,297,18,83,GRHRHUIEISITLILTLU,0.06556261343012704,0.30412371134020616,,,582,717
121,121,5,1,15,1,3,2,591,699,28,18,85,LV,0.09150030248033877,0.30412371134020616,,,619,717
122,122,5,1,15,1,3,3,627,699,35,18,85,MC,0.09747428917120388,0.30412371134020616,,,662,717
123,123,5,1,15,1,3,4,670,699,35,18,94,MK,0.10397761645493044,0.30412371134020616,,,705,717
124,124,5,1,15,1,3,5,713,699,32,18,91,MT,0.11025408348457351,0.30412371134020616,,,745,717
125,125,5,1,15,1,3,6,753,699,29,18,49,NL,0.11607683000604961,0.30412371134020616,,,782,717
126,126,5,1,15,1,3,7,791,699,33,18,49,NO,0.1221264367816092,0.30412371134020616,,,824,717
127,127,4,1,15,1,4,0,286,732,336,18,-1,,0.06866303690260134,0.31829896907216493,,,622,750
128,128,5,1,15,1,4,1,286,732,28,18,93,PL,0.045372050816696916,0.31829896907216493,,,314,750
129,129,5,1,15,1,4,2,323,732,29,18,92,PT,0.05104355716878403,0.31829896907216493,,,352,750
130,130,5,1,15,1,4,3,360,732,58,18,92,RORS,0.058832425892317,0.31829896907216493,,,418,750
131,131,5,1,15,1,4,4,420,732,52,18,92,SE,0.06745311554748941,0.31829896907216493,,,472,750
132,132,5,1,15,1,4,5,480,732,20,18,95,SI,0.07410768300060495,0.31829896907216493,,,500,750
133,133,5,1,15,1,4,6,510,732,31,18,93,SK,0.0794767090139141,0.31829896907216493,,,541,750
134,134,5,1,15,1,4,7,550,732,72,18,90,SMTR,0.08862673926194797,0.31829896907216493,,,622,750
135,135,2,1,16,0,0,0,225,795,596,152,-1,,0.07909860859044163,0.3741408934707904,,,821,947
136,136,3,1,16,1,0,0,225,795,513,27,-1,,0.07282214156079855,0.3472938144329897,,,738,822
137,137,4,1,16,1,1,0,225,795,513,27,-1,,0.07282214156079855,0.3472938144329897,,,738,822
138,138,5,1,16,1,1,1,225,795,45,27,96,(30),0.037431941923774956,0.3472938144329897,,,270,822
139,139,5,1,16,1,1,2,286,797,77,23,95,Priority:,0.04907743496672716,0.3472938144329897,,,363,820
140,140,5,1,16,1,1,3,383,797,116,19,94,07.12.2011,0.06669691470054447,0.34643470790378006,priority_date_eu,07.12.2011,499,816
141,141,5,1,16,1,1,4,520,797,30,19,96,US,0.0809134906231095,0.34643470790378006,,,550,816
142,142,5,1,16,1,1,5,559,797,157,19,92,201161567855,0.09641560798548095,0.34643470790378006,,,716,816
143,143,5,1,16,1,1,6,725,797,13,19,92,P,0.11063218390804598,0.34643470790378006,,,738,816
144,144,3,1,16,2,0,0,225,861,596,86,-1,,0.07909860859044163,0.38831615120274915,,,821,947
145,145,4,1,16,2,1,0,225,861,596,26,-1,,0.07909860859044163,0.3754295532646048,,,821,887
146,146,5,1,16,2,1,1,225,861,45,26,96,(62),0.037431941923774956,0.3754295532646048,,,270,887
147,147,5,1,16,2,1,2,286,863,107,18,96,Document,0.05134603750756201,0.3745704467353952,,,393,881
148,148,5,1,16,2,1,3,402,863,105,23,96,number(s),0.06873865698729582,0.3756443298969072,,,507,886
149,149,5,1,16,2,1,4,516,863,20,18,96,of,0.07955232909860858,0.3745704467353952,,,536,881
150,150,5,1,16,2,1,5,542,863,32,18,96,the,0.08439201451905626,0.3745704467353952,,,574,881
151,151,5,1,16,2,1,6,583,863,65,18,96,earlier,0.09308832425892317,0.3745704467353952,,,648,881
152,152,5,1,16,2,1,7,655,863,140,23,94,application(s),0.10964912280701754,0.3756443298969072,,,795,886
153,153,5,1,16,2,1,8,805,863,16,18,96,in,0.12295825771324864,0.3745704467353952,,,821,881
154,154,4,1,16,2,2,0,286,895,308,19,-1,,0.06654567453115548,0.38853092783505155,,,594,914
155,155,5,1,16,2,2,1,286,895,109,19,96,accordance,0.051497277676950996,0.38853092783505155,,,395,914
156,156,5,1,16,2,2,2,395,895,60,19,96,with,0.06427707199032062,0.38853092783505155,,,455,914
157,157,5,1,16,2,2,3,464,895,35,19,96,Art.,0.07282214156079855,0.38853092783505155,,,499,914
158,158,5,1,16,2,2,4,508,895,25,19,96,76,0.07872050816696914,0.38853092783505155,,,533,914
159,159,5,1,16,2,2,5,542,895,52,19,96,EPC:,0.08590441621294616,0.38853092783505155,,,594,914
160,160,4,1,16,2,3,0,286,929,250,18,-1,,0.06215970961887477,0.4029209621993127,,,536,947
161,161,5,1,16,2,3,1,286,929,121,18,90,12809433.1,0.05240471869328494,0.4029209621993127,,,407,947
162,162,5,1,16,2,3,2,417,929,7,18,90,/,0.06359649122807018,0.4029209621993127,,,424,947
163,163,5,1,16,2,3,3,432,929,11,18,88,2,0.066167574107683,0.4029209621993127,,,443,947
164,164,5,1,16,2,3,4,451,929,38,18,88,788,0.07108287961282517,0.4029209621993127,,,489,947
165,165,5,1,16,2,3,5,498,929,38,18,96,043,0.07819116757410768,0.4029209621993127,,,536,947
166,166,2,1,17,0,0,0,225,992,367,58,-1,,0.0617816091954023,0.438573883161512,,,592,1050
167,167,3,1,17,1,0,0,225,992,367,58,-1,,0.0617816091954023,0.438573883161512,,,592,1050
168,168,4,1,17,1,1,0,225,992,367,26,-1,,0.0617816091954023,0.43170103092783507,,,592,1018
169,169,5,1,17,1,1,1,225,992,45,26,96,(71),0.037431941923774956,0.43170103092783507,,,270,1018
170,170,5,1,17,1,1,2,285,994,103,23,96,Applicant:,0.05089231699939504,0.4319158075601375,,,388,1017
171,171,5,1,17,1,1,3,396,994,87,18,96,Terumo,0.06647005444646098,0.43084192439862545,applicant_line_1,Terumo,483,1012
172,172,5,1,17,1,1,4,492,994,47,18,95,"BCT,",0.0779643073200242,0.43084192439862545,applicant_line_1,"BCT,",539,1012
173,173,5,1,17,1,1,5,541,994,51,22,96,Inc.,0.08567755595886267,0.43170103092783507,applicant_line_1,Inc.,592,1016
174,174,4,1,17,1,2,0,286,1027,292,23,-1,,0.06533575317604355,0.44609106529209624,,,578,1050
175,175,5,1,17,1,2,1,286,1027,121,21,96,"Lakewood,",0.05240471869328494,0.44566151202749144,,,407,1048
176,176,5,1,17,1,2,2,415,1027,34,18,96,CO,0.06533575317604355,0.44501718213058417,,,449,1045
177,177,5,1,17,1,2,3,458,1027,64,18,96,80215,0.07410768300060495,0.44501718213058417,,,522,1045
178,178,5,1,17,1,2,4,531,1027,47,23,96,(US),0.0838626739261948,0.44609106529209624,,,578,1050
179,179,2,1,18,0,0,0,845,614,2,533,-1,,0.1279491833030853,0.37822164948453607,,,847,1147
180,180,3,1,18,1,0,0,845,614,2,533,-1,,0.1279491833030853,0.37822164948453607,,,847,1147
181,181,4,1,18,1,1,0,845,614,2,533,-1,,0.1279491833030853,0.37822164948453607,,,847,1147
182,182,5,1,18,1,1,1,845,614,2,533,95, ,0.1279491833030853,0.37822164948453607,,,847,1147
183,183,2,1,19,0,0,0,862,631,464,157,-1,,0.16545674531155474,0.30476804123711343,,,1326,788
184,184,3,1,19,1,0,0,862,631,464,157,-1,,0.16545674531155474,0.30476804123711343,,,1326,788
185,185,4,1,19,1,1,0,862,631,162,27,-1,,0.1426194797338173,0.2768470790378007,,,1024,658
186,186,5,1,19,1,1,1,862,631,44,27,94,(72),0.1336963097398669,0.2768470790378007,,,906,658
187,187,5,1,19,1,1,2,923,633,101,19,94,Inventors:,0.1472323049001815,0.2759879725085911,,,1024,652
188,188,4,1,19,1,2,0,898,666,204,23,-1,,0.1512401693889897,0.29102233676975947,,,1102,689
189,189,5,1,19,1,2,1,898,671,7,8,69,¬´,0.13634301270417423,0.28994845360824745,,,905,679
190,190,5,1,19,1,2,2,923,666,102,22,96,"FENDER,",0.147307924984876,0.29080756013745707,inventor_line_1,"FENDER,",1025,688
191,191,5,1,19,1,2,3,1034,666,68,23,96,Logan,0.16152450090744103,0.29102233676975947,inventor_line_1,Logan,1102,689
192,192,4,1,19,1,3,0,923,699,403,23,-1,,0.17006957047791893,0.30519759450171824,,,1326,722
193,193,5,1,19,1,3,1,923,699,120,21,96,"Lakewood,",0.14866908650937688,0.30476804123711343,,,1043,720
194,194,5,1,19,1,3,2,1052,699,34,18,96,CO,0.16167574107683,0.30412371134020616,,,1086,717
195,195,5,1,19,1,3,3,1094,699,104,18,96,Colorado,0.1733212341197822,0.30412371134020616,,,1198,717
196,196,5,1,19,1,3,4,1206,699,64,18,96,80226,0.18723532970356926,0.30412371134020616,,,1270,717
197,197,5,1,19,1,3,5,1279,699,47,23,96,(US),0.1969903206291591,0.30519759450171824,,,1326,722
198,198,4,1,19,1,4,0,898,732,303,22,-1,,0.1587265577737447,0.31915807560137455,,,1201,754
199,199,5,1,19,1,4,1,898,737,7,8,66,¬´,0.13634301270417423,0.31829896907216493,,,905,745
200,200,5,1,19,1,4,2,921,732,152,18,91,"ZELINSKAYA,",0.15078644888082274,0.31829896907216493,,,1073,750
201,201,5,1,19,1,4,3,1075,732,126,22,95,Alexandra,0.1721113127646703,0.31915807560137455,,,1201,754
202,202,4,1,19,1,5,0,923,765,403,23,-1,,0.17006957047791893,0.3335481099656357,,,1326,788
203,203,5,1,19,1,5,1,923,765,120,21,96,"Lakewood,",0.14866908650937688,0.3331185567010309,,,1043,786
204,204,5,1,19,1,5,2,1052,765,34,18,96,CO,0.16167574107683,0.3324742268041237,,,1086,783
205,205,5,1,19,1,5,3,1094,765,104,18,96,Colorado,0.1733212341197822,0.3324742268041237,,,1198,783
206,206,5,1,19,1,5,4,1206,765,64,18,96,80027,0.18723532970356926,0.3324742268041237,,,1270,783
207,207,5,1,19,1,5,5,1279,765,47,23,96,(US),0.1969903206291591,0.3335481099656357,,,1326,788
208,208,2,1,20,0,0,0,862,828,342,124,-1,,0.15623109497882637,0.38230240549828176,,,1204,952
209,209,3,1,20,1,0,0,862,828,342,124,-1,,0.15623109497882637,0.38230240549828176,,,1204,952
210,210,4,1,20,1,1,0,862,828,342,26,-1,,0.15623109497882637,0.36125429553264604,,,1204,854
211,211,5,1,20,1,1,1,862,828,44,26,95,(74),0.1336963097398669,0.36125429553264604,,,906,854
212,212,5,1,20,1,1,2,923,830,163,23,96,Representative:,0.15192075015124018,0.36146907216494845,,,1086,853
213,213,5,1,20,1,1,3,1095,830,11,18,96,J,0.16643980641258319,0.3603951890034364,representative_line_1_eu,J,1106,848
214,214,5,1,20,1,1,4,1115,830,17,18,94,A,0.16991833030852996,0.3603951890034364,representative_line_1_eu,A,1132,848
215,215,5,1,20,1,1,5,1140,830,64,23,94,Kemp,0.17725347852389595,0.36146907216494845,representative_line_1_eu,Kemp,1204,853
216,216,4,1,20,1,2,0,923,863,185,23,-1,,0.15358439201451907,0.3756443298969072,,,1108,886
217,217,5,1,20,1,2,1,923,863,24,18,96,14,0.1414095583787054,0.3745704467353952,,,947,881
218,218,5,1,20,1,2,2,955,863,65,18,96,South,0.14934966727162735,0.3745704467353952,,,1020,881
219,219,5,1,20,1,2,3,1029,863,79,23,96,Square,0.1616001209921355,0.3756443298969072,,,1108,886
220,220,4,1,20,1,3,0,922,895,114,23,-1,,0.14806412583182094,0.3893900343642612,,,1036,918
221,221,5,1,20,1,3,1,922,895,72,23,92,Gray‚Äôs,0.14488808227465214,0.3893900343642612,,,994,918
222,222,5,1,20,1,3,2,1004,895,32,19,96,Inn,0.1542649727767695,0.38853092783505155,,,1036,914
223,223,4,1,20,1,4,0,923,929,266,23,-1,,0.15970961887477314,0.40399484536082475,,,1189,952
224,224,5,1,20,1,4,1,923,929,84,18,93,London,0.14594676346037508,0.4029209621993127,,,1007,947
225,225,5,1,20,1,4,2,1015,929,70,18,88,WC1R,0.1588021778584392,0.4029209621993127,,,1085,947
226,226,5,1,20,1,4,3,1093,929,37,18,92,5JJ,0.16810344827586207,0.4029209621993127,,,1130,947
227,227,5,1,20,1,4,4,1140,929,49,23,96,(GB),0.17611917725347853,0.40399484536082475,,,1189,952
228,228,2,1,21,0,0,0,862,994,99,18,-1,,0.13785541439806412,0.43084192439862545,,,961,1012
229,229,3,1,21,1,0,0,862,994,99,18,-1,,0.13785541439806412,0.43084192439862545,,,961,1012
230,230,4,1,21,1,1,0,862,994,99,18,-1,,0.13785541439806412,0.43084192439862545,,,961,1012
231,231,5,1,21,1,1,1,862,994,99,18,95,Remarks:,0.13785541439806412,0.43084192439862545,,,961,1012
232,232,2,1,22,0,0,0,922,1027,522,83,-1,,0.17891712038717483,0.45897766323024053,,,1444,1110
233,233,3,1,22,1,0,0,922,1027,522,83,-1,,0.17891712038717483,0.45897766323024053,,,1444,1110
234,234,4,1,22,1,1,0,922,1027,474,23,-1,,0.1752873563218391,0.44609106529209624,,,1396,1050
235,235,5,1,22,1,1,1,922,1027,43,18,97,This,0.1426950998185118,0.44501718213058417,,,965,1045
236,236,5,1,22,1,1,2,974,1027,111,23,96,application,0.15570175438596492,0.44609106529209624,,,1085,1050
237,237,5,1,22,1,1,3,1093,1031,42,14,96,was,0.16848154869933454,0.44587628865979384,,,1135,1045
238,238,5,1,22,1,1,4,1142,1027,43,18,96,filed,0.17596793708408953,0.44501718213058417,,,1185,1045
239,239,5,1,22,1,1,5,1193,1031,25,14,95,on,0.1823200241984271,0.44587628865979384,,,1218,1045
240,240,5,1,22,1,1,6,1226,1027,119,18,95,25.06.2018,0.19441923774954628,0.44501718213058417,,,1345,1045
241,241,5,1,22,1,1,7,1353,1031,24,14,95,as,0.20644283121597096,0.44587628865979384,,,1377,1045
242,242,5,1,22,1,1,8,1385,1031,11,14,95,a,0.2102994555353902,0.44587628865979384,,,1396,1045
243,243,4,1,22,1,2,0,922,1059,522,23,-1,,0.17891712038717483,0.45983676975945015,,,1444,1082
244,244,5,1,22,1,2,1,922,1059,96,19,96,divisional,0.14670296430732002,0.45897766323024053,,,1018,1078
245,245,5,1,22,1,2,2,1027,1059,111,23,96,application,0.16371748336358136,0.45983676975945015,,,1138,1082
246,246,5,1,22,1,2,3,1147,1060,19,18,96,to,0.17490925589836662,0.45919243986254293,,,1166,1078
247,247,5,1,22,1,2,4,1174,1059,31,19,96,the,0.17990018148820328,0.45897766323024053,,,1205,1078
248,248,5,1,22,1,2,5,1214,1059,112,23,96,application,0.19207501512401695,0.45983676975945015,,,1326,1082
249,249,5,1,22,1,2,6,1336,1059,108,19,96,mentioned,0.2102238354506957,0.45897766323024053,,,1444,1078
250,250,4,1,22,1,3,0,923,1092,209,18,-1,,0.15539927404718692,0.4729381443298969,,,1132,1110
251,251,5,1,22,1,3,1,923,1092,59,18,93,under,0.1440562613430127,0.4729381443298969,,,982,1110
252,252,5,1,22,1,3,2,991,1092,45,18,92,INID,0.15328191167574107,0.4729381443298969,,,1036,1110
253,253,5,1,22,1,3,3,1044,1092,50,18,96,code,0.16167574107683,0.4729381443298969,,,1094,1110
254,254,5,1,22,1,3,4,1103,1092,29,18,96,62.,0.16901088929219601,0.4729381443298969,,,1132,1110
255,255,2,1,23,0,0,0,224,1145,1243,2,-1,,0.1278735632183908,0.49226804123711343,,,1467,1147
256,256,3,1,23,1,0,0,224,1145,1243,2,-1,,0.1278735632183908,0.49226804123711343,,,1467,1147
257,257,4,1,23,1,1,0,224,1145,1243,2,-1,,0.1278735632183908,0.49226804123711343,,,1467,1147
258,258,5,1,23,1,1,1,224,1145,1243,2,95, ,0.1278735632183908,0.49226804123711343,,,1467,1147
259,259,2,1,24,0,0,0,225,1165,45,26,-1,,0.037431941923774956,0.5060137457044673,,,270,1191
260,260,3,1,24,1,0,0,225,1165,45,26,-1,,0.037431941923774956,0.5060137457044673,,,270,1191
261,261,4,1,24,1,1,0,225,1165,45,26,-1,,0.037431941923774956,0.5060137457044673,,,270,1191
262,262,5,1,24,1,1,1,225,1165,45,26,96,(54),0.037431941923774956,0.5060137457044673,,,270,1191
263,263,2,1,25,0,0,0,225,1239,583,222,-1,,0.07811554748941318,0.5798969072164949,,,808,1461
264,264,3,1,25,1,0,0,225,1239,583,222,-1,,0.07811554748941318,0.5798969072164949,,,808,1461
265,265,4,1,25,1,1,0,225,1239,582,26,-1,,0.0780399274047187,0.5378006872852233,,,807,1265
266,266,5,1,25,1,1,1,225,1239,45,26,92,(57),0.037431941923774956,0.5378006872852233,,,270,1265
267,267,5,1,25,1,1,2,0,0,1653,2328,46,|,0.125,0.5,,,1653,2328
268,268,5,1,25,1,1,3,315,1241,15,18,20,A,0.04877495462794918,0.5369415807560137,,,330,1259
269,269,5,1,25,1,1,4,340,1241,77,18,20,method,0.057244404113732605,0.5369415807560137,,,417,1259
270,270,5,1,25,1,1,5,426,1241,28,18,96,for,0.06654567453115548,0.5369415807560137,,,454,1259
271,271,5,1,25,1,1,6,463,1241,122,23,96,determining,0.07924984875983061,0.5380154639175257,,,585,1264
272,272,5,1,25,1,1,7,597,1241,75,23,93,platelet,0.09596188747731398,0.5380154639175257,,,672,1264
273,273,5,1,25,1,1,8,682,1242,99,22,93,pre-count,0.11063218390804598,0.5382302405498282,,,781,1264
274,274,5,1,25,1,1,9,791,1241,16,18,96,in,0.12084089534180278,0.5369415807560137,,,807,1259
275,275,4,1,25,1,2,0,225,1274,582,23,-1,,0.0780399274047187,0.5521907216494846,,,807,1297
276,276,5,1,25,1,2,1,225,1274,108,23,96,centrifugal,0.04219600725952813,0.5521907216494846,,,333,1297
277,277,5,1,25,1,2,2,342,1274,55,18,96,blood,0.0558832425892317,0.5511168384879725,,,397,1292
278,278,5,1,25,1,2,3,406,1274,112,23,96,processing,0.06987295825771325,0.5521907216494846,,,518,1297
279,279,5,1,25,1,2,4,527,1274,104,23,96,apparatus,0.08756805807622504,0.5521907216494846,,,631,1297
280,280,5,1,25,1,2,5,639,1274,27,23,96,(2),0.09868421052631579,0.5521907216494846,,,666,1297
281,281,5,1,25,1,2,6,674,1274,113,23,96,comprising,0.11048094373865698,0.5521907216494846,,,787,1297
282,282,5,1,25,1,2,7,796,1278,11,14,96,a,0.12121899576527526,0.5519759450171822,,,807,1292
283,283,4,1,25,1,3,0,225,1306,582,23,-1,,0.0780399274047187,0.5659364261168385,,,807,1329
284,284,5,1,25,1,3,1,225,1306,103,23,96,centrifuge,0.04181790683605566,0.5659364261168385,,,328,1329
285,285,5,1,25,1,3,2,334,1307,49,18,94,rotor,0.05421960072595281,0.5652920962199313,,,383,1325
286,286,5,1,25,1,3,3,388,1306,46,23,94,"(20),",0.06215970961887477,0.5659364261168385,,,434,1329
287,287,5,1,25,1,3,4,441,1311,11,14,95,a,0.06752873563218391,0.5661512027491409,,,452,1325
288,288,5,1,25,1,3,5,459,1306,109,23,95,separation,0.07766182698124621,0.5659364261168385,,,568,1329
289,289,5,1,25,1,3,6,575,1306,83,19,96,chamber,0.09323956442831216,0.5650773195876289,,,658,1325
290,290,5,1,25,1,3,7,660,1306,59,23,96,"(53),",0.10428009679370841,0.5659364261168385,,,719,1329
291,291,5,1,25,1,3,8,726,1311,11,14,85,a,0.11063218390804598,0.5661512027491409,,,737,1325
292,292,5,1,25,1,3,9,743,1306,64,23,85,tubing,0.11721113127646703,0.5659364261168385,,,807,1329
293,293,4,1,25,1,4,0,225,1339,582,23,-1,,0.0780399274047187,0.5801116838487973,,,807,1362
294,294,5,1,25,1,4,1,225,1340,31,17,94,set,0.03637326073805203,0.5792525773195877,,,256,1357
295,295,5,1,25,1,4,2,264,1339,27,23,96,(8),0.04196914700544464,0.5801116838487973,,,291,1362
296,296,5,1,25,1,4,3,299,1339,28,18,96,for,0.04733817301875378,0.5790378006872853,,,327,1357
297,297,5,1,25,1,4,4,335,1339,113,23,35,conducting,0.05921052631578947,0.5801116838487973,,,448,1362
298,298,5,1,25,1,4,5,458,1339,55,18,96,blood,0.07342710223835451,0.5790378006872853,,,513,1357
299,299,5,1,25,1,4,6,523,1340,128,22,96,components,0.08877797943133696,0.5803264604810997,,,651,1362
300,300,5,1,25,1,4,7,659,1344,25,13,96,and,0.10155777374470659,0.5801116838487973,,,684,1357
301,301,5,1,25,1,4,8,686,1339,74,18,96,fluids,0.10934664246823957,0.5790378006872853,,,760,1357
302,302,5,1,25,1,4,9,769,1339,38,18,96,and,0.1191772534785239,0.5790378006872853,,,807,1357
303,303,4,1,25,1,5,0,226,1372,581,23,-1,,0.07811554748941318,0.594286941580756,,,807,1395
304,304,5,1,25,1,5,1,226,1372,67,23,96,having,0.03924682395644283,0.594286941580756,,,293,1395
305,305,5,1,25,1,5,2,301,1377,12,14,96,an,0.046430732002419844,0.5945017182130584,,,313,1391
306,306,5,1,25,1,5,3,316,1372,61,19,96,inlet,0.05240471869328494,0.5934278350515464,,,377,1391
307,307,5,1,25,1,5,4,386,1372,34,19,95,line,0.06094978826376286,0.5934278350515464,,,420,1391
308,308,5,1,25,1,5,5,429,1372,45,23,95,"(46),",0.06828493647912885,0.594286941580756,,,474,1395
309,309,5,1,25,1,5,6,484,1372,38,19,96,and,0.07607380520266183,0.5934278350515464,,,522,1391
310,310,5,1,25,1,5,7,530,1377,24,14,96,an,0.08197217180883243,0.5945017182130584,,,554,1391
311,311,5,1,25,1,5,8,563,1372,57,19,96,outlet,0.08945856019358742,0.5934278350515464,,,620,1391
312,312,5,1,25,1,5,9,629,1372,34,19,96,line,0.09770114942528736,0.5934278350515464,,,663,1391
313,313,5,1,25,1,5,10,672,1372,45,23,96,(52).,0.10503629764065336,0.594286941580756,,,717,1395
314,314,5,1,25,1,5,11,727,1372,39,19,91,The,0.11290078644888082,0.5934278350515464,,,766,1391
315,315,5,1,25,1,5,12,774,1377,33,18,91,ap-,0.11955535390199637,0.595360824742268,,,807,1395
316,316,4,1,25,1,6,0,226,1405,582,23,-1,,0.07819116757410768,0.6084621993127147,,,808,1428
317,317,5,1,25,1,6,1,226,1406,64,22,92,paratus,0.03901996370235935,0.6086769759450171,,,290,1428
318,318,5,1,25,1,6,2,292,1406,67,17,96,tests,0.04922867513611615,0.6076030927835051,,,359,1423
319,319,5,1,25,1,6,3,365,1405,42,18,96,flow,0.05837870538415003,0.6073883161512027,,,407,1423
320,320,5,1,25,1,6,4,413,1405,106,18,96,conditions,0.07047791893526921,0.6073883161512027,,,519,1423
321,321,5,1,25,1,6,5,527,1405,54,23,96,using,0.0837870538415003,0.6084621993127147,,,581,1428
322,322,5,1,25,1,6,6,588,1410,12,13,89,a,0.08983666061705989,0.6084621993127147,,,600,1423
323,323,5,1,25,1,6,7,607,1405,32,18,89,red,0.09422262552934059,0.6073883161512027,,,639,1423
324,324,5,1,25,1,6,8,648,1405,109,23,92,light-green,0.10624621899576528,0.6084621993127147,,,757,1428
325,325,5,1,25,1,6,9,766,1405,42,23,96,light,0.11902601330913491,0.6084621993127147,,,808,1428
326,326,4,1,25,1,7,0,225,1438,543,23,-1,,0.0750907441016334,0.6226374570446735,,,768,1461
327,327,5,1,25,1,7,1,225,1442,71,14,96,sensor,0.03939806412583182,0.6224226804123711,,,296,1456
328,328,5,1,25,1,7,2,304,1438,40,23,96,(74),0.04900181488203267,0.6226374570446735,,,344,1461
329,329,5,1,25,1,7,3,352,1438,18,18,96,to,0.05459770114942529,0.6215635738831615,,,370,1456
330,330,5,1,25,1,7,4,378,1438,105,18,96,determine,0.06510889292196008,0.6215635738831615,,,483,1456
331,331,5,1,25,1,7,5,492,1442,11,14,96,a,0.07524198427102238,0.6224226804123711,,,503,1456
332,332,5,1,25,1,7,6,512,1438,51,18,96,donor,0.08129159104658197,0.6215635738831615,,,563,1456
333,333,5,1,25,1,7,7,565,1438,90,23,93,platelet,0.09225650332728373,0.6226374570446735,,,655,1461
334,334,5,1,25,1,7,8,664,1438,104,23,92,pre-count.,0.10828796128251664,0.6226374570446735,,,768,1461
335,335,2,1,26,0,0,0,315,1165,1152,21,-1,,0.13475499092558985,0.5049398625429553,,,1467,1186
336,336,3,1,26,1,0,0,315,1165,1152,21,-1,,0.13475499092558985,0.5049398625429553,,,1467,1186
337,337,4,1,26,1,1,0,315,1165,1152,21,-1,,0.13475499092558985,0.5049398625429553,,,1467,1186
338,338,5,1,26,1,1,1,315,1165,164,21,96,APPARATUS,0.06004234724742892,0.5049398625429553,title_line_1,APPARATUS,479,1186
339,339,5,1,26,1,1,2,489,1165,54,21,96,FOR,0.0780399274047187,0.5049398625429553,title_line_1,FOR,543,1186
340,340,5,1,26,1,1,3,552,1165,77,21,95,DONOR,0.08930732002419843,0.5049398625429553,title_line_1,DONOR,629,1186
341,341,5,1,26,1,1,4,631,1165,162,20,93,PLATELET,0.10768300060496068,0.5047250859106529,title_line_1,PLATELET,793,1185
342,342,5,1,26,1,1,5,802,1165,139,21,92,PRE-COUNT,0.13180580762250454,0.5049398625429553,title_line_1,PRE-COUNT,941,1186
343,343,5,1,26,1,1,6,943,1165,48,20,96,IN,0.14624924379915305,0.5047250859106529,title_line_1,IN,991,1185
344,344,5,1,26,1,1,7,1001,1165,188,21,96,CENTRIFUGAL,0.16560798548094374,0.5049398625429553,title_line_1,CENTRIFUGAL,1189,1186
345,345,5,1,26,1,1,8,1199,1165,93,21,96,BLOOD,0.18836963097398668,0.5049398625429553,title_line_1,BLOOD,1292,1186
346,346,5,1,26,1,1,9,1301,1165,166,21,95,SEPARATOR,0.20931639443436176,0.5049398625429553,title_line_1,SEPARATOR,1467,1186
347,347,2,1,27,0,0,0,941,1317,86,47,-1,,0.14882032667876588,0.5758161512027491,,,1027,1364
348,348,3,1,27,1,0,0,941,1279,246,94,-1,,0.16091954022988506,0.5695876288659794,,,1187,1373
349,349,4,1,27,1,1,0,941,1317,86,47,-1,,0.14882032667876588,0.5758161512027491,,,1027,1364
350,350,5,1,27,1,1,1,941,1317,86,47,10,o,0.14882032667876588,0.5758161512027491,,,1027,1364
351,351,2,1,28,0,0,0,1107,1384,188,43,-1,,0.18163944343617666,0.6037371134020618,,,1295,1427
352,352,3,1,28,1,0,0,1107,1384,188,43,-1,,0.18163944343617666,0.6037371134020618,,,1295,1427
353,353,4,1,28,1,1,0,1141,1384,154,21,-1,,0.18421052631578946,0.5990120274914089,,,1295,1405
354,354,5,1,28,1,1,1,1141,1390,23,15,96,Set,0.17430429522081065,0.6003006872852233,,,1164,1405
355,355,5,1,28,1,1,2,1168,1390,30,15,96,VBP,0.17891712038717483,0.6003006872852233,,,1198,1405
356,356,5,1,28,1,1,3,1270,1384,25,15,67,228,0.1939655172413793,0.5977233676975945,,,1295,1399
357,357,4,1,28,1,2,0,1107,1408,125,19,-1,,0.17687537810042347,0.6088917525773195,,,1232,1427
358,358,5,1,28,1,2,1,1107,1408,28,19,96,Open,0.16954022988505746,0.6088917525773195,,,1135,1427
359,359,5,1,28,1,2,2,1137,1408,56,15,92,collect,0.17619479733817303,0.6080326460481099,,,1193,1423
360,360,5,1,28,1,2,3,1197,1408,35,15,86,valve,0.18368118572292802,0.6080326460481099,,,1232,1423
361,361,2,1,29,0,0,0,1088,1373,163,2,-1,,0.17687537810042347,0.5902061855670103,,,1251,1375
362,362,3,1,29,1,0,0,1088,1373,163,2,-1,,0.17687537810042347,0.5902061855670103,,,1251,1375
363,363,4,1,29,1,1,0,1088,1373,163,2,-1,,0.17687537810042347,0.5902061855670103,,,1251,1375
364,364,5,1,29,1,1,1,1088,1373,163,2,95, ,0.17687537810042347,0.5902061855670103,,,1251,1375
365,365,2,1,30,0,0,0,1089,1442,162,1,-1,,0.17695099818511797,0.6196305841924399,,,1251,1443
366,366,3,1,30,1,0,0,1089,1442,162,1,-1,,0.17695099818511797,0.6196305841924399,,,1251,1443
367,367,4,1,30,1,1,0,1089,1442,162,1,-1,,0.17695099818511797,0.6196305841924399,,,1251,1443
368,368,5,1,30,1,1,1,1089,1442,162,1,95, ,0.17695099818511797,0.6196305841924399,,,1251,1443
369,369,2,1,31,0,0,0,1164,1465,12,11,-1,,0.17695099818511797,0.6316580756013745,,,1176,1476
370,370,3,1,31,1,0,0,1164,1465,12,11,-1,,0.17695099818511797,0.6316580756013745,,,1176,1476
371,371,4,1,31,1,1,0,1164,1465,12,11,-1,,0.17695099818511797,0.6316580756013745,,,1176,1476
372,372,5,1,31,1,1,1,1164,1465,12,11,33,Y,0.17695099818511797,0.6316580756013745,,,1176,1476
373,373,2,1,32,0,0,0,1112,1499,140,2,-1,,0.17876588021778583,0.6443298969072165,,,1252,1501
374,374,3,1,32,1,0,0,1112,1499,140,2,-1,,0.17876588021778583,0.6443298969072165,,,1252,1501
375,375,4,1,32,1,1,0,1112,1499,140,2,-1,,0.17876588021778583,0.6443298969072165,,,1252,1501
376,376,5,1,32,1,1,1,1112,1499,140,2,95, ,0.17876588021778583,0.6443298969072165,,,1252,1501
377,377,2,1,33,0,0,0,1270,1510,26,15,-1,,0.1940411373260738,0.6518470790378007,,,1296,1525
378,378,3,1,33,1,0,0,1270,1510,26,15,-1,,0.1940411373260738,0.6518470790378007,,,1296,1525
379,379,4,1,33,1,1,0,1270,1510,26,15,-1,,0.1940411373260738,0.6518470790378007,,,1296,1525
380,380,5,1,33,1,1,1,1270,1510,26,15,87,230,0.1940411373260738,0.6518470790378007,,,1296,1525
381,381,2,1,34,0,0,0,1103,1524,134,20,-1,,0.17695099818511797,0.6589347079037801,,,1237,1544
382,382,3,1,34,1,0,0,1103,1524,134,20,-1,,0.17695099818511797,0.6589347079037801,,,1237,1544
383,383,4,1,34,1,1,0,1103,1524,134,20,-1,,0.17695099818511797,0.6589347079037801,,,1237,1544
384,384,5,1,34,1,1,1,1103,1524,65,16,93,Calculate,0.17173321234119782,0.6580756013745704,,,1168,1540
385,385,5,1,34,1,1,2,1173,1525,64,19,76,pre-count,0.1822444041137326,0.6591494845360825,,,1237,1544
386,386,2,1,35,0,0,0,1088,1373,3,197,-1,,0.1647761645493043,0.6320876288659794,,,1091,1570
387,387,3,1,35,1,0,0,1088,1373,3,197,-1,,0.1647761645493043,0.6320876288659794,,,1091,1570
388,388,4,1,35,1,1,0,1088,1373,3,197,-1,,0.1647761645493043,0.6320876288659794,,,1091,1570
389,389,5,1,35,1,1,1,1088,1373,3,197,95, ,0.1647761645493043,0.6320876288659794,,,1091,1570
390,390,2,1,36,0,0,0,1249,1373,3,197,-1,,0.18912583182093165,0.6320876288659794,,,1252,1570
391,391,3,1,36,1,0,0,1249,1373,3,197,-1,,0.18912583182093165,0.6320876288659794,,,1252,1570
392,392,4,1,36,1,1,0,1249,1373,3,197,-1,,0.18912583182093165,0.6320876288659794,,,1252,1570
393,393,5,1,36,1,1,1,1249,1373,3,197,95, ,0.18912583182093165,0.6320876288659794,,,1252,1570
394,394,2,1,37,0,0,0,1089,1568,163,2,-1,,0.17702661826981247,0.6739690721649485,,,1252,1570
395,395,3,1,37,1,0,0,1089,1568,163,2,-1,,0.17702661826981247,0.6739690721649485,,,1252,1570
396,396,4,1,37,1,1,0,1089,1568,163,2,-1,,0.17702661826981247,0.6739690721649485,,,1252,1570
397,397,5,1,37,1,1,1,1089,1568,163,2,95, ,0.17702661826981247,0.6739690721649485,,,1252,1570
398,398,2,1,38,0,0,0,1169,1442,3,184,-1,,0.17702661826981247,0.6589347079037801,,,1172,1626
399,399,3,1,38,1,0,0,1169,1442,3,184,-1,,0.17702661826981247,0.6589347079037801,,,1172,1626
400,400,4,1,38,1,1,0,1169,1442,3,184,-1,,0.17702661826981247,0.6589347079037801,,,1172,1626
401,401,5,1,38,1,1,1,1169,1442,3,184,95, ,0.17702661826981247,0.6589347079037801,,,1172,1626
402,402,2,1,39,0,0,0,1091,1570,280,227,-1,,0.18617664851784635,0.7231529209621993,,,1371,1797
403,403,3,1,39,1,0,0,1091,1570,280,227,-1,,0.18617664851784635,0.7231529209621993,,,1371,1797
404,404,4,1,39,1,1,0,1091,1570,280,227,-1,,0.18617664851784635,0.7231529209621993,,,1371,1797
405,405,5,1,39,1,1,1,1091,1570,280,227,95, ,0.18617664851784635,0.7231529209621993,,,1371,1797
406,406,2,1,40,0,0,0,923,1792,499,2,-1,,0.17732909860859045,0.7701890034364262,,,1422,1794
407,407,3,1,40,1,0,0,923,1792,499,2,-1,,0.17732909860859045,0.7701890034364262,,,1422,1794
408,408,4,1,40,1,1,0,923,1792,499,2,-1,,0.17732909860859045,0.7701890034364262,,,1422,1794
409,409,5,1,40,1,1,1,923,1792,499,2,95, ,0.17732909860859045,0.7701890034364262,,,1422,1794
410,410,2,1,41,0,0,0,1113,1793,309,1,-1,,0.19169691470054445,0.7704037800687286,,,1422,1794
411,411,3,1,41,1,0,0,1113,1793,309,1,-1,,0.19169691470054445,0.7704037800687286,,,1422,1794
412,412,4,1,41,1,1,0,1113,1793,309,1,-1,,0.19169691470054445,0.7704037800687286,,,1422,1794
413,413,5,1,41,1,1,1,1113,1793,309,1,95, ,0.19169691470054445,0.7704037800687286,,,1422,1794
414,414,2,1,42,0,0,0,903,1794,332,67,-1,,0.16167574107683,0.7850085910652921,,,1235,1861
415,415,3,1,42,1,0,0,903,1794,332,67,-1,,0.16167574107683,0.7850085910652921,,,1235,1861
416,416,4,1,42,1,1,0,903,1794,332,67,-1,,0.16167574107683,0.7850085910652921,,,1235,1861
417,417,5,1,42,1,1,1,903,1794,22,67,63,(,0.1382335148215366,0.7850085910652921,,,925,1861
418,418,5,1,42,1,1,2,935,1809,18,15,50,Uae,0.14277071990320628,0.7802835051546392,,,953,1824
419,419,5,1,42,1,1,3,952,1809,80,37,23,estinaied,0.1500302480338778,0.7850085910652921,,,1032,1846
420,420,5,1,42,1,1,4,1109,1819,48,19,88,Update,0.17135511191772534,0.7854381443298969,,,1157,1838
421,421,5,1,42,1,1,5,1163,1819,72,19,64,predictions,0.18133696309739866,0.7854381443298969,,,1235,1838
422,422,2,1,43,0,0,0,924,1861,499,3,-1,,0.17748033877797942,0.8000429553264605,,,1423,1864
423,423,3,1,43,1,0,0,924,1861,499,3,-1,,0.17748033877797942,0.8000429553264605,,,1423,1864
424,424,4,1,43,1,1,0,924,1861,499,3,-1,,0.17748033877797942,0.8000429553264605,,,1423,1864
425,425,5,1,43,1,1,1,924,1861,499,3,95, ,0.17748033877797942,0.8000429553264605,,,1423,1864
426,426,2,1,44,0,0,0,1359,1669,4,286,-1,,0.205837870538415,0.7783505154639175,,,1363,1955
427,427,3,1,44,1,0,0,1359,1669,4,286,-1,,0.205837870538415,0.7783505154639175,,,1363,1955
428,428,4,1,44,1,1,0,1359,1669,4,286,-1,,0.205837870538415,0.7783505154639175,,,1363,1955
429,429,5,1,44,1,1,1,1359,1669,4,286,95, ,0.205837870538415,0.7783505154639175,,,1363,1955
430,430,2,1,45,0,0,0,984,1861,2,93,-1,,0.14897156684815488,0.819372852233677,,,986,1954
431,431,3,1,45,1,0,0,984,1861,2,93,-1,,0.14897156684815488,0.819372852233677,,,986,1954
432,432,4,1,45,1,1,0,984,1861,2,93,-1,,0.14897156684815488,0.819372852233677,,,986,1954
433,433,5,1,45,1,1,1,984,1861,2,93,95, ,0.14897156684815488,0.819372852233677,,,986,1954
434,434,2,1,46,0,0,0,984,1953,110,1,-1,,0.1571385359951603,0.8391323024054983,,,1094,1954
435,435,3,1,46,1,0,0,984,1953,110,1,-1,,0.1571385359951603,0.8391323024054983,,,1094,1954
436,436,4,1,46,1,1,0,984,1953,110,1,-1,,0.1571385359951603,0.8391323024054983,,,1094,1954
437,437,5,1,46,1,1,1,984,1953,110,1,95, ,0.1571385359951603,0.8391323024054983,,,1094,1954
438,438,2,1,47,0,0,0,1253,1953,110,2,-1,,0.19782214156079855,0.8393470790378007,,,1363,1955
439,439,3,1,47,1,0,0,1253,1953,110,2,-1,,0.19782214156079855,0.8393470790378007,,,1363,1955
440,440,4,1,47,1,1,0,1253,1953,110,2,-1,,0.19782214156079855,0.8393470790378007,,,1363,1955
441,441,5,1,47,1,1,1,1253,1953,110,2,95, ,0.19782214156079855,0.8393470790378007,,,1363,1955
442,442,2,1,48,0,0,0,1032,1944,282,19,-1,,0.17740471869328495,0.8391323024054983,,,1314,1963
443,443,3,1,48,1,0,0,1032,1944,282,19,-1,,0.17740471869328495,0.8391323024054983,,,1314,1963
444,444,4,1,48,1,1,0,1032,1944,282,19,-1,,0.17740471869328495,0.8391323024054983,,,1314,1963
445,445,5,1,48,1,1,1,1032,1947,11,13,95,>,0.15691167574107684,0.8391323024054983,,,1043,1960
446,446,5,1,48,1,1,2,1103,1944,48,16,95,Collect,0.1704476709013914,0.8384879725085911,,,1151,1960
447,447,5,1,48,1,1,3,1156,1944,85,19,92,Components.,0.18126134301270416,0.8391323024054983,,,1241,1963
448,448,5,1,48,1,1,4,1303,1947,11,13,40,¬¢-,0.19789776164549305,0.8391323024054983,,,1314,1960
449,449,2,1,49,0,0,0,1252,1793,3,196,-1,,0.18957955232909862,0.8122852233676976,,,1255,1989
450,450,3,1,49,1,0,0,1252,1793,3,196,-1,,0.18957955232909862,0.8122852233676976,,,1255,1989
451,451,4,1,49,1,1,0,1252,1793,3,196,-1,,0.18957955232909862,0.8122852233676976,,,1255,1989
452,452,5,1,49,1,1,1,1252,1793,3,196,95, ,0.18957955232909862,0.8122852233676976,,,1255,1989
453,453,2,1,50,0,0,0,1091,1817,3,172,-1,,0.16522988505747127,0.8174398625429553,,,1094,1989
454,454,3,1,50,1,0,0,1091,1817,3,172,-1,,0.16522988505747127,0.8174398625429553,,,1094,1989
455,455,4,1,50,1,1,0,1091,1817,3,172,-1,,0.16522988505747127,0.8174398625429553,,,1094,1989
456,456,5,1,50,1,1,1,1091,1817,3,172,95, ,0.16522988505747127,0.8174398625429553,,,1094,1989
457,457,2,1,51,0,0,0,1092,1987,163,2,-1,,0.17748033877797942,0.8539518900343642,,,1255,1989
458,458,3,1,51,1,0,0,1092,1987,163,2,-1,,0.17748033877797942,0.8539518900343642,,,1255,1989
459,459,4,1,51,1,1,0,1092,1987,163,2,-1,,0.17748033877797942,0.8539518900343642,,,1255,1989
460,460,5,1,51,1,1,1,1092,1987,163,2,95, ,0.17748033877797942,0.8539518900343642,,,1255,1989
461,461,2,1,52,0,0,0,1121,2036,106,29,-1,,0.17755595886267392,0.8807989690721649,,,1227,2065
462,462,3,1,52,1,0,0,1121,2036,106,29,-1,,0.17755595886267392,0.8807989690721649,,,1227,2065
463,463,4,1,52,1,1,0,1121,2036,106,29,-1,,0.17755595886267392,0.8807989690721649,,,1227,2065
464,464,5,1,52,1,1,1,1121,2036,56,29,92,FIG.,0.17377495462794917,0.8807989690721649,,,1177,2065
465,465,5,1,52,1,1,2,1190,2036,37,29,79,5C,0.18277374470659408,0.8807989690721649,,,1227,2065
466,466,2,1,53,0,0,0,716,2270,259,16,-1,,0.1278735632183908,0.9785223367697594,,,975,2286
467,467,3,1,53,1,0,0,716,2270,259,16,-1,,0.1278735632183908,0.9785223367697594,,,975,2286
468,468,4,1,53,1,1,0,716,2270,259,16,-1,,0.1278735632183908,0.9785223367697594,,,975,2286
469,469,5,1,53,1,1,1,716,2270,49,12,96,Printed,0.11199334543254688,0.9776632302405498,,,765,2282
470,470,5,1,53,1,1,2,771,2270,15,16,96,by,0.1177404718693285,0.9785223367697594,,,786,2286
471,471,5,1,53,1,1,3,792,2270,45,14,96,"Jouve,",0.12318511796733213,0.9780927835051546,,,837,2284
472,472,5,1,53,1,1,4,843,2270,41,12,96,75001,0.13059588626739263,0.9776632302405498,,,884,2282
473,473,5,1,53,1,1,5,893,2270,46,12,96,PARIS,0.1385359951603146,0.9776632302405498,,,939,2282
474,474,5,1,53,1,1,6,945,2270,30,16,95,(FR),0.14519056261343014,0.9785223367697594,,,975,2286
