,Unnamed: 0,level,page_num,block_num,par_num,line_num,word_num,left,top,width,height,conf,text,x,y,label,target,right,bottom
0,0,1,1,0,0,0,0,0,0,1653,2328,-1,,0.125,0.5,,,1653,2328
1,1,2,1,1,0,0,0,144,1905,31,328,-1,,0.02412280701754386,0.8887457044673539,,,175,2233
2,2,3,1,1,1,0,0,144,1905,31,328,-1,,0.02412280701754386,0.8887457044673539,,,175,2233
3,3,4,1,1,1,1,0,144,1905,31,328,-1,,0.02412280701754386,0.8887457044673539,,,175,2233
4,4,5,1,1,1,1,1,144,2179,30,54,96,EP,0.024047186932849365,0.947594501718213,,,174,2233
5,5,5,1,1,1,1,2,144,2142,31,21,96,3,0.02412280701754386,0.9246134020618557,,,175,2163
6,6,5,1,1,1,1,3,144,2055,31,71,96,376,0.02412280701754386,0.8979810996563574,,,175,2126
7,7,5,1,1,1,1,4,144,1974,31,65,92,331,0.02412280701754386,0.8618986254295533,,,175,2039
8,8,5,1,1,1,1,5,144,1905,30,50,89,A1,0.024047186932849365,0.8290378006872853,,,174,1955
9,9,2,1,2,0,0,0,429,153,88,28,-1,,0.07153660012099214,0.07173539518900343,,,517,181
10,10,3,1,2,1,0,0,429,153,88,28,-1,,0.07153660012099214,0.07173539518900343,,,517,181
11,11,4,1,2,1,1,0,429,153,88,16,-1,,0.07153660012099214,0.06915807560137457,,,517,169
12,12,5,1,2,1,1,1,429,153,88,16,84,Europaisches,0.07153660012099214,0.06915807560137457,,,517,169
13,13,4,1,2,1,2,0,429,170,71,11,-1,,0.07025105868118572,0.07538659793814433,,,500,181
14,14,5,1,2,1,2,1,429,170,71,11,96,Patentamt,0.07025105868118572,0.07538659793814433,,,500,181
15,15,2,1,3,0,0,0,429,196,63,15,-1,,0.06964609800362977,0.08741408934707903,,,492,211
16,16,3,1,3,1,0,0,429,196,63,15,-1,,0.06964609800362977,0.08741408934707903,,,492,211
17,17,4,1,3,1,1,0,429,196,63,15,-1,,0.06964609800362977,0.08741408934707903,,,492,211
18,18,5,1,3,1,1,1,429,196,63,15,95,European,0.06964609800362977,0.08741408934707903,,,492,211
19,19,2,1,4,0,0,0,429,212,89,12,-1,,0.07161222020568662,0.0936426116838488,,,518,224
20,20,3,1,4,1,0,0,429,212,89,12,-1,,0.07161222020568662,0.0936426116838488,,,518,224
21,21,4,1,4,1,1,0,429,212,89,12,-1,,0.07161222020568662,0.0936426116838488,,,518,224
22,22,5,1,4,1,1,1,429,213,43,11,97,Patent,0.06813369630973987,0.0938573883161512,,,472,224
23,23,5,1,4,1,1,2,478,212,40,12,96,Office,0.07531760435571688,0.0936426116838488,,,518,224
24,24,2,1,5,0,0,0,429,239,109,28,-1,,0.07312462189957653,0.10867697594501718,,,538,267
25,25,3,1,5,1,0,0,429,239,109,28,-1,,0.07312462189957653,0.10867697594501718,,,538,267
26,26,4,1,5,1,1,0,429,239,109,15,-1,,0.07312462189957653,0.10588487972508591,,,538,254
27,27,5,1,5,1,1,1,429,239,40,12,93,Office,0.06790683605565638,0.1052405498281787,,,469,251
28,28,5,1,5,1,1,2,474,239,64,15,93,europ√©en,0.0765275257108288,0.10588487972508591,,,538,254
29,29,4,1,5,1,2,0,429,255,77,12,-1,,0.0707047791893527,0.11211340206185567,,,506,267
30,30,5,1,5,1,2,1,429,255,22,12,95,des,0.06654567453115548,0.11211340206185567,,,451,267
31,31,5,1,5,1,2,2,457,255,49,12,82,brevets,0.07282214156079855,0.11211340206185567,,,506,267
32,32,2,1,6,0,0,0,281,136,274,150,-1,,0.06321839080459771,0.09063573883161512,,,555,286
33,33,3,1,6,1,0,0,281,136,274,150,-1,,0.06321839080459771,0.09063573883161512,,,555,286
34,34,4,1,6,1,1,0,281,136,274,150,-1,,0.06321839080459771,0.09063573883161512,,,555,286
35,35,5,1,6,1,1,1,281,136,274,150,95, ,0.06321839080459771,0.09063573883161512,,,555,286
36,36,2,1,7,0,0,0,225,324,45,26,-1,,0.037431941923774956,0.14475945017182132,,,270,350
37,37,3,1,7,1,0,0,225,324,45,26,-1,,0.037431941923774956,0.14475945017182132,,,270,350
38,38,4,1,7,1,1,0,225,324,45,26,-1,,0.037431941923774956,0.14475945017182132,,,270,350
39,39,5,1,7,1,1,1,225,324,45,26,96,(12),0.037431941923774956,0.14475945017182132,,,270,350
40,40,2,1,8,0,0,0,225,395,415,53,-1,,0.06541137326073805,0.18105670103092783,,,640,448
41,41,3,1,8,1,0,0,225,395,415,53,-1,,0.06541137326073805,0.18105670103092783,,,640,448
42,42,4,1,8,1,1,0,225,395,282,26,-1,,0.05535390199637023,0.17525773195876287,,,507,421
43,43,5,1,8,1,1,1,225,395,45,26,92,(43),0.037431941923774956,0.17525773195876287,,,270,421
44,44,5,1,8,1,1,2,285,397,222,23,90,Verdffentlichungstag:,0.05989110707803993,0.17547250859106528,,,507,420
45,45,4,1,8,1,2,0,287,430,353,18,-1,,0.07009981851179674,0.18857388316151202,,,640,448
46,46,5,1,8,1,2,1,287,430,116,18,92,19.09.2018,0.052177858439201454,0.18857388316151202,publication_date,19.09.2018,403,448
47,47,5,1,8,1,2,2,426,430,121,18,92,Patentblatt,0.0735783424077435,0.18857388316151202,,,547,448
48,48,5,1,8,1,2,3,555,430,85,18,95,2018/38,0.09036600120992136,0.18857388316151202,,,640,448
49,49,2,1,9,0,0,0,225,493,379,26,-1,,0.06268905021173624,0.21735395189003437,,,604,519
50,50,3,1,9,1,0,0,225,493,379,26,-1,,0.06268905021173624,0.21735395189003437,,,604,519
51,51,4,1,9,1,1,0,225,493,379,26,-1,,0.06268905021173624,0.21735395189003437,,,604,519
52,52,5,1,9,1,1,1,225,493,45,26,93,(21),0.037431941923774956,0.21735395189003437,,,270,519
53,53,5,1,9,1,1,2,285,495,186,18,91,Anmeldenummer:,0.05716878402903811,0.21649484536082475,,,471,513
54,54,5,1,9,1,1,3,481,495,123,18,92,18159437.5,0.08204779189352691,0.21649484536082475,application_number,18159437.5,604,513
55,55,2,1,10,0,0,0,225,559,319,26,-1,,0.05815184513006655,0.24570446735395188,,,544,585
56,56,3,1,10,1,0,0,225,559,319,26,-1,,0.05815184513006655,0.24570446735395188,,,544,585
57,57,4,1,10,1,1,0,225,559,319,26,-1,,0.05815184513006655,0.24570446735395188,,,544,585
58,58,5,1,10,1,1,1,225,559,45,26,93,(22),0.037431941923774956,0.24570446735395188,,,270,585
59,59,5,1,10,1,1,2,285,561,131,23,92,Anmeldetag:,0.0530096793708409,0.24591924398625428,,,416,584
60,60,5,1,10,1,1,3,426,561,118,18,96,01.03.2018,0.07335148215366001,0.24484536082474226,filing_date,01.03.2018,544,579
61,61,2,1,11,0,0,0,1002,245,458,38,-1,,0.18617664851784635,0.1134020618556701,,,1460,283
62,62,3,1,11,1,0,0,1002,245,458,38,-1,,0.18617664851784635,0.1134020618556701,,,1460,283
63,63,4,1,11,1,1,0,1002,245,458,38,-1,,0.18617664851784635,0.1134020618556701,,,1460,283
64,64,5,1,11,1,1,1,1002,256,44,27,74,(11),0.15486993345432548,0.11576460481099657,,,1046,283
65,65,5,1,11,1,1,2,1146,245,52,32,96,EP,0.17725347852389595,0.11211340206185567,number,EP,1198,277
66,66,5,1,11,1,1,3,1214,245,20,32,96,3,0.1851179673321234,0.11211340206185567,number,3,1234,277
67,67,5,1,11,1,1,4,1249,245,68,32,96,376,0.1940411373260738,0.11211340206185567,number,376,1317,277
68,68,5,1,11,1,1,5,1332,245,62,32,81,331,0.20614035087719298,0.11211340206185567,number,331,1394,277
69,69,5,1,11,1,1,6,1413,245,47,32,81,A1,0.21725650332728372,0.11211340206185567,number,A1,1460,277
70,70,2,1,12,0,0,0,559,314,573,31,-1,,0.1278735632183908,0.14153780068728522,,,1132,345
71,71,3,1,12,1,0,0,559,314,573,31,-1,,0.1278735632183908,0.14153780068728522,,,1132,345
72,72,4,1,12,1,1,0,559,314,573,31,-1,,0.1278735632183908,0.14153780068728522,,,1132,345
73,73,5,1,12,1,1,1,559,314,230,31,92,EUROPAISCHE,0.10193587416817906,0.14153780068728522,,,789,345
74,74,5,1,12,1,1,2,802,319,330,26,91,PATENTANMELDUNG,0.14624924379915305,0.14261168384879724,,,1132,345
75,75,2,1,13,0,0,0,862,395,126,26,-1,,0.13989715668481548,0.17525773195876287,,,988,421
76,76,3,1,13,1,0,0,862,395,126,26,-1,,0.13989715668481548,0.17525773195876287,,,988,421
77,77,4,1,13,1,1,0,862,395,126,26,-1,,0.13989715668481548,0.17525773195876287,,,988,421
78,78,5,1,13,1,1,1,862,395,44,26,67,(51),0.1336963097398669,0.17525773195876287,,,906,421
79,79,5,1,13,1,1,2,923,397,25,18,93,Int,0.1414851784633999,0.17439862542955326,,,948,415
80,80,5,1,13,1,1,3,955,397,33,18,65,Cl:,0.14692982456140352,0.17439862542955326,,,988,415
81,81,2,1,14,0,0,0,923,425,457,23,-1,,0.17415305505142165,0.1875,,,1380,448
82,82,3,1,14,1,0,0,923,425,457,23,-1,,0.17415305505142165,0.1875,,,1380,448
83,83,4,1,14,1,1,0,923,425,457,23,-1,,0.17415305505142165,0.1875,,,1380,448
84,84,5,1,14,1,1,1,923,428,60,18,71,GO5D,0.1441318814277072,0.1877147766323024,class_international,G05D,983,446
85,85,5,1,14,1,1,2,993,428,44,18,96,1102,0.15350877192982457,0.1877147766323024,class_international,1/02,1037,446
86,86,5,1,14,1,1,3,1042,425,67,16,55,(2006.07),0.16265880217785844,0.18599656357388317,,,1109,441
87,87,5,1,14,1,1,4,1193,428,61,20,22,BGEOQ,0.1850423472474289,0.18814432989690721,,,1254,448
88,88,5,1,14,1,1,5,1264,428,44,18,86,1100,0.19449485783424078,0.1877147766323024,,,1308,446
89,89,5,1,14,1,1,6,1313,425,67,16,74,(2906.01),0.20364488808227466,0.18599656357388317,,,1380,441
90,90,2,1,15,0,0,0,224,612,1243,6,-1,,0.1278735632183908,0.26417525773195877,,,1467,618
91,91,3,1,15,1,0,0,224,612,1243,6,-1,,0.1278735632183908,0.26417525773195877,,,1467,618
92,92,4,1,15,1,1,0,224,612,1243,6,-1,,0.1278735632183908,0.26417525773195877,,,1467,618
93,93,5,1,15,1,1,1,224,612,1243,6,95, ,0.1278735632183908,0.26417525773195877,,,1467,618
94,94,2,1,16,0,0,0,225,631,599,250,-1,,0.07932546884452511,0.3247422680412371,,,824,881
95,95,3,1,16,1,0,0,225,631,599,250,-1,,0.07932546884452511,0.3247422680412371,,,824,881
96,96,4,1,16,1,1,0,225,631,342,27,-1,,0.05989110707803993,0.2768470790378007,,,567,658
97,97,5,1,16,1,1,1,225,631,45,27,93,(84),0.037431941923774956,0.2768470790378007,,,270,658
98,98,5,1,16,1,1,2,286,633,100,19,93,Benannte,0.050816696914700546,0.2759879725085911,,,386,652
99,99,5,1,16,1,1,3,393,633,174,23,92,Vertragsstaaten:,0.07259528130671507,0.2768470790378007,,,567,656
100,100,4,1,16,1,2,0,285,666,537,18,-1,,0.08371143375680581,0.28994845360824745,,,822,684
101,101,5,1,16,1,2,1,285,666,31,18,94,AL,0.04544767090139141,0.28994845360824745,,,316,684
102,102,5,1,16,1,2,2,323,666,31,18,94,AT,0.05119479733817302,0.28994845360824745,,,354,684
103,103,5,1,16,1,2,3,363,666,30,18,95,BE,0.05716878402903811,0.28994845360824745,,,393,684
104,104,5,1,16,1,2,4,403,666,32,18,95,BG,0.0633696309739867,0.28994845360824745,,,435,684
105,105,5,1,16,1,2,5,445,666,31,18,95,CH,0.06964609800362977,0.28994845360824745,,,476,684
106,106,5,1,16,1,2,6,486,666,32,18,96,CY,0.07592256503327284,0.28994845360824745,,,518,684
107,107,5,1,16,1,2,7,526,666,30,18,96,CZ,0.08182093163944344,0.28994845360824745,,,556,684
108,108,5,1,16,1,2,8,565,666,30,18,96,DE,0.08771929824561403,0.28994845360824745,,,595,684
109,109,5,1,16,1,2,9,605,666,32,18,93,DK,0.09392014519056262,0.28994845360824745,,,637,684
110,110,5,1,16,1,2,10,646,666,29,18,93,EE,0.0998941318814277,0.28994845360824745,,,675,684
111,111,5,1,16,1,2,11,684,666,29,18,93,ES,0.10564125831820932,0.28994845360824745,,,713,684
112,112,5,1,16,1,2,12,723,666,99,18,86,FIFRGB,0.11683303085299455,0.28994845360824745,,,822,684
113,113,4,1,16,1,3,0,285,699,539,18,-1,,0.0838626739261948,0.30412371134020616,,,824,717
114,114,5,1,16,1,3,1,285,699,35,18,94,GR,0.04575015124016939,0.30412371134020616,,,320,717
115,115,5,1,16,1,3,2,328,699,32,18,94,HR,0.05202661826981246,0.30412371134020616,,,360,717
116,116,5,1,16,1,3,3,368,699,14,18,41,HU,0.05671506352087114,0.30412371134020616,,,382,717
117,117,5,1,16,1,3,4,385,699,43,18,41,IE,0.06147912885662432,0.30412371134020616,,,428,717
118,118,5,1,16,1,3,5,436,699,20,18,47,IS,0.06745311554748941,0.30412371134020616,,,456,717
119,119,5,1,16,1,3,6,464,699,20,18,47,IT,0.07168784029038112,0.30412371134020616,,,484,717
120,120,5,1,16,1,3,7,492,699,54,18,83,LILT,0.07849364791288566,0.30412371134020616,,,546,717
121,121,5,1,16,1,3,8,554,699,28,18,75,LU,0.08590441621294616,0.30412371134020616,,,582,717
122,122,5,1,16,1,3,9,591,699,28,18,75,LV,0.09150030248033877,0.30412371134020616,,,619,717
123,123,5,1,16,1,3,10,627,699,35,18,95,MC,0.09747428917120388,0.30412371134020616,,,662,717
124,124,5,1,16,1,3,11,670,699,35,18,94,MK,0.10397761645493044,0.30412371134020616,,,705,717
125,125,5,1,16,1,3,12,713,699,32,18,93,MT,0.11025408348457351,0.30412371134020616,,,745,717
126,126,5,1,16,1,3,13,753,699,29,18,20,NL,0.11607683000604961,0.30412371134020616,,,782,717
127,127,5,1,16,1,3,14,791,699,33,18,20,NO,0.1221264367816092,0.30412371134020616,,,824,717
128,128,4,1,16,1,4,0,286,732,336,18,-1,,0.06866303690260134,0.31829896907216493,,,622,750
129,129,5,1,16,1,4,1,286,732,28,18,95,PL,0.045372050816696916,0.31829896907216493,,,314,750
130,130,5,1,16,1,4,2,323,732,29,18,92,PT,0.05104355716878403,0.31829896907216493,,,352,750
131,131,5,1,16,1,4,3,360,732,58,18,92,RORS,0.058832425892317,0.31829896907216493,,,418,750
132,132,5,1,16,1,4,4,420,732,52,18,96,SE,0.06745311554748941,0.31829896907216493,,,472,750
133,133,5,1,16,1,4,5,480,732,20,18,91,SI,0.07410768300060495,0.31829896907216493,,,500,750
134,134,5,1,16,1,4,6,510,732,31,18,91,SK,0.0794767090139141,0.31829896907216493,,,541,750
135,135,5,1,16,1,4,7,550,732,72,18,91,SMTR,0.08862673926194797,0.31829896907216493,,,622,750
136,136,4,1,16,1,5,0,286,765,330,23,-1,,0.06820931639443437,0.3335481099656357,,,616,788
137,137,5,1,16,1,5,1,286,765,100,18,92,Benannte,0.050816696914700546,0.3324742268041237,,,386,783
138,138,5,1,16,1,5,2,395,765,221,23,91,Erstreckungsstaaten:,0.0764519056261343,0.3335481099656357,,,616,788
139,139,4,1,16,1,6,0,286,797,74,19,-1,,0.04885057471264368,0.34643470790378006,,,360,816
140,140,5,1,16,1,6,1,286,797,33,19,96,BA,0.04575015124016939,0.34643470790378006,,,319,816
141,141,5,1,16,1,6,2,327,797,33,19,96,ME,0.05195099818511797,0.34643470790378006,,,360,816
142,142,4,1,16,1,7,0,286,830,322,23,-1,,0.06760435571687841,0.36146907216494845,,,608,853
143,143,5,1,16,1,7,1,286,830,100,18,92,Benannte,0.050816696914700546,0.3603951890034364,,,386,848
144,144,5,1,16,1,7,2,393,830,215,23,92,Validierungsstaaten:,0.07569570477918935,0.36146907216494845,,,608,853
145,145,4,1,16,1,8,0,286,863,157,18,-1,,0.055127041742286755,0.3745704467353952,,,443,881
146,146,5,1,16,1,8,1,286,863,31,18,95,KH,0.0455989110707804,0.3745704467353952,,,317,881
147,147,5,1,16,1,8,2,327,863,35,18,96,MA,0.052102238354506954,0.3745704467353952,,,362,881
148,148,5,1,16,1,8,3,371,863,34,18,95,MD,0.05868118572292801,0.3745704467353952,,,405,881
149,149,5,1,16,1,8,4,413,863,30,18,95,TN,0.0647307924984876,0.3745704467353952,,,443,881
150,150,2,1,17,0,0,0,225,927,491,26,-1,,0.07115849969751967,0.40378006872852235,,,716,953
151,151,3,1,17,1,0,0,225,927,491,26,-1,,0.07115849969751967,0.40378006872852235,,,716,953
152,152,4,1,17,1,1,0,225,927,491,26,-1,,0.07115849969751967,0.40378006872852235,,,716,953
153,153,5,1,17,1,1,1,225,927,45,26,91,(30),0.037431941923774956,0.40378006872852235,,,270,953
154,154,5,1,17,1,1,2,286,929,86,18,64,Prioritat:,0.04975801572897762,0.4029209621993127,,,372,947
155,155,5,1,17,1,1,3,384,929,117,18,94,15.03.2017,0.06692377495462795,0.4029209621993127,priority_date_eu,15.03.2017,501,947
156,156,5,1,17,1,1,4,520,929,30,18,94,DE,0.0809134906231095,0.4029209621993127,,,550,947
157,157,5,1,17,1,1,5,559,929,157,18,95,102017105540,0.09641560798548095,0.4029209621993127,,,716,947
158,158,2,1,18,0,0,0,844,614,4,402,-1,,0.1279491833030853,0.35008591065292094,,,848,1016
159,159,3,1,18,1,0,0,844,614,4,402,-1,,0.1279491833030853,0.35008591065292094,,,848,1016
160,160,4,1,18,1,1,0,844,614,4,402,-1,,0.1279491833030853,0.35008591065292094,,,848,1016
161,161,5,1,18,1,1,1,844,614,4,402,95, ,0.1279491833030853,0.35008591065292094,,,848,1016
162,162,2,1,19,0,0,0,862,631,559,58,-1,,0.17264065335753176,0.28350515463917525,,,1421,689
163,163,3,1,19,1,0,0,862,631,559,58,-1,,0.17264065335753176,0.28350515463917525,,,1421,689
164,164,4,1,19,1,1,0,862,631,559,27,-1,,0.17264065335753176,0.2768470790378007,,,1421,658
165,165,5,1,19,1,1,1,862,631,44,27,93,(71),0.1336963097398669,0.2768470790378007,,,906,658
166,166,5,1,19,1,1,2,921,633,107,19,92,Anmelder:,0.14738354506957047,0.2759879725085911,,,1028,652
167,167,5,1,19,1,1,3,1036,633,95,19,93,Vorwerk,0.16386872353297036,0.2759879725085911,applicant_line_1,Vorwerk,1131,652
168,168,5,1,19,1,1,4,1138,633,16,19,93,&,0.1733212341197822,0.2759879725085911,applicant_line_1,&,1154,652
169,169,5,1,19,1,1,5,1162,633,30,19,93,Co.,0.1780096793708409,0.2759879725085911,applicant_line_1,Co.,1192,652
170,170,5,1,19,1,1,6,1195,633,148,23,91,Interholding,0.19192377495462795,0.2768470790378007,applicant_line_1,Interholding,1343,656
171,171,5,1,19,1,1,7,1352,633,69,19,96,GmbH,0.20969449485783423,0.2759879725085911,applicant_line_1,GmbH,1421,652
172,172,4,1,19,1,2,0,922,666,243,23,-1,,0.15781911675741075,0.29102233676975947,,,1165,689
173,173,5,1,19,1,2,1,922,666,64,18,96,42275,0.1442831215970962,0.28994845360824745,,,986,684
174,174,5,1,19,1,2,2,994,666,116,23,95,Wuppertal,0.15910465819721717,0.29102233676975947,,,1110,689
175,175,5,1,19,1,2,3,1119,666,46,23,95,(DE),0.17271627344222626,0.29102233676975947,,,1165,689
176,176,2,1,20,0,0,0,862,730,348,58,-1,,0.15668481548699334,0.32603092783505155,,,1210,788
177,177,3,1,20,1,0,0,862,730,348,58,-1,,0.15668481548699334,0.32603092783505155,,,1210,788
178,178,4,1,20,1,1,0,862,730,348,26,-1,,0.15668481548699334,0.31915807560137455,,,1210,756
179,179,5,1,20,1,1,1,862,730,44,26,90,(72),0.1336963097398669,0.31915807560137455,,,906,756
180,180,5,1,20,1,1,2,923,732,86,18,90,Erfinder:,0.14609800362976408,0.31829896907216493,,,1009,750
181,181,5,1,20,1,1,3,1019,732,104,22,96,"Ortmann,",0.161978221415608,0.31915807560137455,inventor_line_1,"Ortmann,",1123,754
182,182,5,1,20,1,1,4,1132,732,78,18,96,Roman,0.17710223835450695,0.31829896907216493,inventor_line_1,Roman,1210,750
183,183,4,1,20,1,2,0,922,765,190,23,-1,,0.15381125226860254,0.3335481099656357,,,1112,788
184,184,5,1,20,1,2,1,922,765,65,18,96,50354,0.1443587416817907,0.3324742268041237,,,987,783
185,185,5,1,20,1,2,2,996,765,60,18,44,Hirth,0.15517241379310345,0.3324742268041237,,,1056,783
186,186,5,1,20,1,2,3,1065,765,47,23,96,(DE),0.1646249243799153,0.3335481099656357,,,1112,788
187,187,2,1,21,0,0,0,862,828,395,156,-1,,0.1602389594676346,0.38917525773195877,,,1257,984
188,188,3,1,21,1,0,0,862,828,395,156,-1,,0.1602389594676346,0.38917525773195877,,,1257,984
189,189,4,1,21,1,1,0,862,828,362,26,-1,,0.15774349667271628,0.36125429553264604,,,1224,854
190,190,5,1,21,1,1,1,862,828,44,26,93,(74),0.1336963097398669,0.36125429553264604,,,906,854
191,191,5,1,21,1,1,2,921,830,97,18,92,Vertreter:,0.14662734422262552,0.3603951890034364,,,1018,848
192,192,5,1,21,1,1,3,1029,830,73,22,75,"Miller,",0.16114640048396855,0.36125429553264604,representative_line_1_eu,"M‚àö¬∫ller,",1102,852
193,193,5,1,21,1,1,4,1112,830,57,18,96,Enno,0.17248941318814276,0.3603951890034364,representative_line_1_eu,Enno,1169,848
194,194,5,1,21,1,1,5,1177,831,21,17,96,et,0.17959770114942528,0.3606099656357388,representative_line_1_eu,et,1198,848
195,195,5,1,21,1,1,6,1205,830,19,18,96,al,0.18368118572292802,0.3603951890034364,representative_line_1_eu,al,1224,848
196,196,4,1,21,1,2,0,923,863,245,18,-1,,0.15812159709618875,0.3745704467353952,,,1168,881
197,197,5,1,21,1,2,1,923,863,73,18,93,Rieder,0.14511494252873564,0.3745704467353952,,,996,881
198,198,5,1,21,1,2,2,1003,863,16,18,93,&,0.1529038112522686,0.3745704467353952,,,1019,881
199,199,5,1,21,1,2,3,1028,863,82,18,93,Partner,0.16167574107683,0.3745704467353952,,,1110,881
200,200,5,1,21,1,2,4,1117,863,51,18,92,mbB,0.17279189352692076,0.3745704467353952,,,1168,881
201,201,4,1,21,1,3,0,923,895,334,19,-1,,0.1648517846339988,0.38853092783505155,,,1257,914
202,202,5,1,21,1,3,1,923,895,158,19,89,Patentanwalte,0.1515426497277677,0.38853092783505155,,,1081,914
203,203,5,1,21,1,3,2,1089,905,6,4,93,-,0.16515426497277677,0.3896048109965636,,,1095,909
204,204,5,1,21,1,3,3,1105,895,152,19,95,Rechtsanwalt,0.17861464004839686,0.38853092783505155,,,1257,914
205,205,4,1,21,1,4,0,922,929,225,18,-1,,0.15645795523290987,0.4029209621993127,,,1147,947
206,206,5,1,21,1,4,1,922,929,192,18,92,Corneliusstrasse,0.15396249243799154,0.4029209621993127,,,1114,947
207,207,5,1,21,1,4,2,1122,929,25,18,96,45,0.17158197217180884,0.4029209621993127,,,1147,947
208,208,4,1,21,1,5,0,922,961,243,23,-1,,0.15781911675741075,0.4177405498281787,,,1165,984
209,209,5,1,21,1,5,1,922,961,64,19,96,42329,0.1442831215970962,0.4168814432989691,,,986,980
210,210,5,1,21,1,5,2,994,961,116,23,96,Wuppertal,0.15910465819721717,0.4177405498281787,,,1110,984
211,211,5,1,21,1,5,3,1119,961,46,23,96,(DE),0.17271627344222626,0.4177405498281787,,,1165,984
212,212,2,1,22,0,0,0,224,1013,1243,5,-1,,0.1278735632183908,0.43621134020618557,,,1467,1018
213,213,3,1,22,1,0,0,224,1013,1243,5,-1,,0.1278735632183908,0.43621134020618557,,,1467,1018
214,214,4,1,22,1,1,0,224,1013,1243,5,-1,,0.1278735632183908,0.43621134020618557,,,1467,1018
215,215,5,1,22,1,1,1,224,1013,1243,5,95, ,0.1278735632183908,0.43621134020618557,,,1467,1018
216,216,2,1,23,0,0,0,225,1033,525,54,-1,,0.07372958257713248,0.45532646048109965,,,750,1087
217,217,3,1,23,1,0,0,225,1033,525,54,-1,,0.07372958257713248,0.45532646048109965,,,750,1087
218,218,4,1,23,1,1,0,225,1033,45,27,-1,,0.037431941923774956,0.4495274914089347,,,270,1060
219,219,5,1,23,1,1,1,225,1033,45,27,92,(54),0.037431941923774956,0.4495274914089347,,,270,1060
220,220,4,1,23,1,2,0,316,1061,434,26,-1,,0.08061101028433151,0.46134020618556704,,,750,1087
221,221,5,1,23,1,2,1,316,1061,434,26,91,BODENBEABREITUNGSGERATES,0.08061101028433151,0.46134020618556704,,,750,1087
222,222,2,1,24,0,0,0,224,1140,583,316,-1,,0.0779643073200242,0.5575601374570447,,,807,1456
223,223,3,1,24,1,0,0,224,1140,583,316,-1,,0.0779643073200242,0.5575601374570447,,,807,1456
224,224,4,1,24,1,1,0,225,1140,582,26,-1,,0.0780399274047187,0.4952749140893471,,,807,1166
225,225,5,1,24,1,1,1,225,1140,45,26,93,(57),0.037431941923774956,0.4952749140893471,,,270,1166
226,226,5,1,24,1,1,2,316,1142,33,18,47,Die,0.05028735632183908,0.4944158075601375,,,349,1160
227,227,5,1,24,1,1,3,357,1142,86,18,88,Erfindung,0.060496067755595885,0.4944158075601375,,,443,1160
228,228,5,1,24,1,1,4,445,1142,84,23,80,betrifft,0.073653962492438,0.4954896907216495,,,529,1165
229,229,5,1,24,1,1,5,536,1142,29,18,96,ein,0.08325771324863884,0.4944158075601375,,,565,1160
230,230,5,1,24,1,1,6,572,1142,103,18,96,Verfahren,0.09429824561403509,0.4944158075601375,,,675,1160
231,231,5,1,24,1,1,7,683,1147,42,13,93,zum,0.10647307924984876,0.4954896907216495,,,725,1160
232,232,5,1,24,1,1,8,734,1142,73,18,92,Betrieb,0.11653055051421658,0.4944158075601375,,,807,1160
233,233,4,1,24,1,2,0,225,1175,582,24,-1,,0.0780399274047187,0.5098797250859106,,,807,1199
234,234,5,1,24,1,2,1,225,1175,55,19,96,eines,0.038188142770719906,0.5088058419243986,,,280,1194
235,235,5,1,24,1,2,2,289,1175,40,19,93,sich,0.04673321234119782,0.5088058419243986,,,329,1194
236,236,5,1,24,1,2,3,338,1175,105,24,93,selbsttatig,0.059059286146400485,0.5098797250859106,,,443,1199
237,237,5,1,24,1,2,4,453,1175,95,19,96,innerhalb,0.07569570477918935,0.5088058419243986,,,548,1194
238,238,5,1,24,1,2,5,557,1175,52,19,93,einer,0.088173018753781,0.5088058419243986,,,609,1194
239,239,5,1,24,1,2,6,617,1175,100,24,91,Umgebung,0.10087719298245613,0.5098797250859106,,,717,1199
240,240,5,1,24,1,2,7,719,1175,88,24,91,fortbe-,0.11539624924379915,0.5098797250859106,,,807,1199
241,241,4,1,24,1,3,0,224,1208,583,23,-1,,0.0779643073200242,0.523840206185567,,,807,1231
242,242,5,1,24,1,3,1,224,1208,109,23,90,wegenden,0.042120387174833636,0.523840206185567,,,333,1231
243,243,5,1,24,1,3,2,346,1208,285,23,87,Bodenbearbeitungsgerates,0.07388082274652148,0.523840206185567,,,631,1231
244,244,5,1,24,1,3,3,644,1208,32,23,92,"(1),",0.0998185117967332,0.523840206185567,,,676,1231
245,245,5,1,24,1,3,4,690,1208,60,19,92,wobei,0.1088929219600726,0.5229810996563574,,,750,1227
246,246,5,1,24,1,3,5,764,1208,43,19,96,eine,0.11879915305505143,0.5229810996563574,,,807,1227
247,247,4,1,24,1,4,0,225,1241,582,23,-1,,0.0780399274047187,0.5380154639175257,,,807,1264
248,248,5,1,24,1,4,1,225,1241,77,18,92,Steuer-,0.03985178463399879,0.5369415807560137,,,302,1259
249,249,5,1,24,1,4,2,308,1241,37,18,93,und,0.049379915305505145,0.5369415807560137,,,345,1259
250,250,5,1,24,1,4,3,350,1241,215,23,92,Auswerteeinrichtung,0.0691923774954628,0.5380154639175257,,,565,1264
251,251,5,1,24,1,4,4,571,1241,38,18,93,den,0.08923169993950393,0.5369415807560137,,,609,1259
252,252,5,1,24,1,4,5,616,1241,149,18,92,Betriebsstatus,0.1044313369630974,0.5369415807560137,,,765,1259
253,253,5,1,24,1,4,6,770,1241,37,18,96,des,0.11925287356321838,0.5369415807560137,,,807,1259
254,254,4,1,24,1,5,0,225,1274,582,23,-1,,0.0780399274047187,0.5521907216494846,,,807,1297
255,255,5,1,24,1,5,1,225,1274,273,23,92,Bodenbearbeitungsgerates,0.05467332123411978,0.5521907216494846,,,498,1297
256,256,5,1,24,1,5,2,500,1274,43,23,91,(1),0.07887174833635814,0.5521907216494846,,,543,1297
257,257,5,1,24,1,5,3,550,1274,114,21,46,"berwacht,",0.09180278281911676,0.5517611683848798,,,664,1295
258,258,5,1,24,1,5,4,671,1274,55,18,92,einen,0.10564125831820932,0.5511168384879725,,,726,1292
259,259,5,1,24,1,5,5,734,1274,73,18,92,Fehler-,0.11653055051421658,0.5511168384879725,,,807,1292
260,260,4,1,24,1,6,0,225,1306,582,23,-1,,0.0780399274047187,0.5659364261168385,,,807,1329
261,261,5,1,24,1,6,1,225,1306,81,19,92,zustand,0.04015426497277677,0.5650773195876289,,,306,1325
262,262,5,1,24,1,6,2,313,1306,38,19,93,des,0.05021173623714459,0.5650773195876289,,,351,1325
263,263,5,1,24,1,6,3,358,1306,285,23,90,Bodenbearbeitungsgerates,0.07569570477918935,0.5659364261168385,,,643,1329
264,264,5,1,24,1,6,4,650,1306,26,23,91,(1),0.10027223230490018,0.5659364261168385,,,676,1329
265,265,5,1,24,1,6,5,684,1306,79,19,91,erkennt,0.10942226255293407,0.5650773195876289,,,763,1325
266,266,5,1,24,1,6,6,770,1306,37,19,96,und,0.11925287356321838,0.5650773195876289,,,807,1325
267,267,4,1,24,1,7,0,226,1339,581,18,-1,,0.07811554748941318,0.5790378006872853,,,807,1357
268,268,5,1,24,1,7,1,226,1339,21,18,93,im,0.03576830006049607,0.5790378006872853,,,247,1357
269,269,5,1,24,1,7,2,258,1339,49,18,92,Falle,0.04272534785238959,0.5790378006872853,,,307,1357
270,270,5,1,24,1,7,3,315,1339,36,18,93,des,0.050362976406533574,0.5790378006872853,,,351,1357
271,271,5,1,24,1,7,4,359,1339,108,18,92,Auftretens,0.06246218995765275,0.5790378006872853,,,467,1357
272,272,5,1,24,1,7,5,475,1339,55,18,93,eines,0.07599818511796733,0.5790378006872853,,,530,1357
273,273,5,1,24,1,7,6,540,1339,160,18,91,Fehlerzustands,0.09376890502117362,0.5790378006872853,,,700,1357
274,274,5,1,24,1,7,7,708,1339,44,18,93,eine,0.1104053236539625,0.5790378006872853,,,752,1357
275,275,5,1,24,1,7,8,759,1339,48,18,90,Aus-,0.11842105263157894,0.5790378006872853,,,807,1357
276,276,4,1,24,1,8,0,225,1372,582,23,-1,,0.0780399274047187,0.594286941580756,,,807,1395
277,277,5,1,24,1,8,1,225,1372,38,23,96,gabe,0.03690260133091349,0.594286941580756,,,263,1395
278,278,5,1,24,1,8,2,265,1372,77,19,92,eines,0.04590139140955838,0.5934278350515464,,,342,1391
279,279,5,1,24,1,8,3,353,1372,202,23,90,Informationssignals,0.06866303690260134,0.594286941580756,,,555,1395
280,280,5,1,24,1,8,4,565,1372,27,23,93,(2),0.08749243799153054,0.594286941580756,,,592,1395
281,281,5,1,24,1,8,5,602,1372,113,19,88,veranlasst.,0.09959165154264973,0.5934278350515464,,,715,1391
282,282,5,1,24,1,8,6,726,1372,33,19,96,Um,0.11229582577132487,0.5934278350515464,,,759,1391
283,283,5,1,24,1,8,7,770,1372,37,19,96,das,0.11925287356321838,0.5934278350515464,,,807,1391
284,284,4,1,24,1,9,0,225,1405,582,23,-1,,0.0780399274047187,0.6084621993127147,,,807,1428
285,285,5,1,24,1,9,1,225,1405,261,23,91,Bodenbearbeitungsgerat,0.05376588021778585,0.6084621993127147,,,486,1428
286,286,5,1,24,1,9,2,503,1405,27,23,93,(1),0.07811554748941318,0.6084621993127147,,,530,1428
287,287,5,1,24,1,9,3,549,1405,109,18,92,besonders,0.09127344222625529,0.6073883161512027,,,658,1423
288,288,5,1,24,1,9,4,675,1405,75,18,96,einfach,0.10775862068965517,0.6073883161512027,,,750,1423
289,289,5,1,24,1,9,5,770,1405,37,18,96,und,0.11925287356321838,0.6073883161512027,,,807,1423
290,290,4,1,24,1,10,0,226,1438,581,18,-1,,0.07811554748941318,0.6215635738831615,,,807,1456
291,291,5,1,24,1,10,1,226,1438,121,18,90,komfortabel,0.04333030852994555,0.6215635738831615,,,347,1456
292,292,5,1,24,1,10,2,353,1438,91,18,91,wahrend,0.0602692075015124,0.6215635738831615,,,444,1456
293,293,5,1,24,1,10,3,451,1438,55,18,92,eines,0.07236842105263158,0.6215635738831615,,,506,1456
294,294,5,1,24,1,10,4,514,1438,160,18,92,Fehlerzustands,0.08983666061705989,0.6215635738831615,,,674,1456
295,295,5,1,24,1,10,5,680,1438,97,18,92,auffinden,0.11017846339987901,0.6215635738831615,,,777,1456
296,296,5,1,24,1,10,6,783,1442,24,14,96,zu,0.12023593466424683,0.6224226804123711,,,807,1456
297,297,2,1,25,0,0,0,315,1029,974,25,-1,,0.12129461584996976,0.4473797250859107,,,1289,1054
298,298,3,1,25,1,0,0,315,1029,974,25,-1,,0.12129461584996976,0.4473797250859107,,,1289,1054
299,299,4,1,25,1,1,0,315,1029,974,25,-1,,0.12129461584996976,0.4473797250859107,,,1289,1054
300,300,5,1,25,1,1,1,315,1034,163,20,92,VERFAHREN,0.05996672716273442,0.4484536082474227,title_line_1,VERFAHREN,478,1054
301,301,5,1,25,1,1,2,487,1034,56,20,93,ZUM,0.0778886872353297,0.4484536082474227,title_line_1,ZUM,543,1054
302,302,5,1,25,1,1,3,554,1034,94,20,90,BETRIEB,0.09089534180278282,0.4484536082474227,title_line_1,BETRIEB,648,1054
303,303,5,1,25,1,1,4,651,1033,104,21,96,EINES,0.10632183908045977,0.4482388316151203,title_line_1,EINES,755,1054
304,304,5,1,25,1,1,5,764,1033,61,21,93,SICH,0.12016031457955233,0.4482388316151203,title_line_1,SICH,825,1054
305,305,5,1,25,1,1,6,835,1029,181,25,90,SELBSTTATIG,0.13997277676950998,0.4473797250859107,title_line_1,SELBSTT‚àö√ëTIG,1016,1054
306,306,5,1,25,1,1,7,1028,1033,261,21,90,FORTBEWEGENDEN,0.1752117362371446,0.4482388316151203,title_line_1,FORTBEWEGENDEN,1289,1054
307,307,2,1,26,0,0,0,884,1142,582,319,-1,,0.17770719903206292,0.5590635738831615,,,1466,1461
308,308,3,1,26,1,0,0,884,1142,582,319,-1,,0.17770719903206292,0.5590635738831615,,,1466,1461
309,309,4,1,26,1,1,0,885,1142,581,23,-1,,0.17778281911675742,0.4954896907216495,,,1466,1165
310,310,5,1,26,1,1,1,885,1142,75,18,23,"k6nnen,",0.139519056261343,0.4944158075601375,,,960,1160
311,311,5,1,26,1,1,2,963,1142,53,21,93,wird,0.14965214761040532,0.4950601374570447,,,1016,1163
312,312,5,1,26,1,1,3,1024,1142,153,23,91,"vorgeschlagen,",0.16643980641258319,0.4954896907216495,,,1177,1165
313,313,5,1,26,1,1,4,1181,1142,48,21,96,dass,0.1822444041137326,0.4950601374570447,,,1229,1163
314,314,5,1,26,1,1,5,1230,1142,61,18,93,eine,0.19063823351482154,0.4944158075601375,,,1291,1160
315,315,5,1,26,1,1,6,1299,1142,87,23,85,optische,0.20303992740471868,0.4954896907216495,,,1386,1165
316,316,5,1,26,1,1,7,1394,1142,72,23,93,Signal-,0.2162734422262553,0.4954896907216495,,,1466,1165
317,317,4,1,26,1,2,0,884,1175,582,24,-1,,0.17770719903206292,0.5098797250859106,,,1466,1199
318,318,5,1,26,1,2,1,884,1175,206,24,92,ausgabeeinrichtung,0.14927404718693285,0.5098797250859106,,,1090,1199
319,319,5,1,26,1,2,2,1100,1175,27,24,96,(3),0.16840592861464004,0.5098797250859106,,,1127,1199
320,320,5,1,26,1,2,3,1135,1175,38,19,93,des,0.17453115547489415,0.5088058419243986,,,1173,1194
321,321,5,1,26,1,2,4,1182,1175,284,24,91,Bodenbearbeitungsgerates,0.20024198427102238,0.5098797250859106,,,1466,1199
322,322,4,1,26,1,3,0,885,1208,581,23,-1,,0.17778281911675742,0.523840206185567,,,1466,1231
323,323,5,1,26,1,3,1,885,1208,26,23,94,(1),0.13581367211131276,0.523840206185567,,,911,1231
324,324,5,1,26,1,3,2,917,1208,29,19,87,ein,0.14088021778584392,0.5229810996563574,,,946,1227
325,325,5,1,26,1,3,3,952,1208,99,23,87,optisches,0.1514670296430732,0.523840206185567,,,1051,1231
326,326,5,1,26,1,3,4,1058,1208,185,23,92,Informationssignal,0.17400181488203267,0.523840206185567,,,1243,1231
327,327,5,1,26,1,3,5,1246,1208,35,23,90,(2),0.1910919540229885,0.523840206185567,,,1281,1231
328,328,5,1,26,1,3,6,1286,1208,89,22,90,"emittiert,",0.20122504537205083,0.5236254295532646,,,1375,1230
329,329,5,1,26,1,3,7,1381,1208,85,19,82,welches,0.21529038112522686,0.5229810996563574,,,1466,1227
330,330,4,1,26,1,4,0,884,1241,582,23,-1,,0.17770719903206292,0.5380154639175257,,,1466,1264
331,331,5,1,26,1,4,1,884,1241,43,18,96,eine,0.13694797338173018,0.5369415807560137,,,927,1259
332,332,5,1,26,1,4,2,934,1241,44,18,93,eine,0.14458560193587416,0.5369415807560137,,,978,1259
333,333,5,1,26,1,4,3,985,1241,170,23,90,Richtungsangabe,0.161826981246219,0.5380154639175257,,,1155,1264
334,334,5,1,26,1,4,4,1157,1241,37,23,93,(5),0.17778281911675742,0.5380154639175257,,,1194,1264
335,335,5,1,26,1,4,5,1196,1241,142,23,93,darstellende,0.19162129461584998,0.5380154639175257,,,1338,1264
336,336,5,1,26,1,4,6,1345,1241,121,23,93,Lichtprojek-,0.21256805807622506,0.5380154639175257,,,1466,1264
337,337,4,1,26,1,5,0,884,1274,581,23,-1,,0.17763157894736842,0.5521907216494846,,,1465,1297
338,338,5,1,26,1,5,1,884,1274,36,18,93,tion,0.13641863278886873,0.5511168384879725,,,920,1292
339,339,5,1,26,1,5,2,929,1274,84,23,92,"erzeugt,",0.14685420447670902,0.5521907216494846,,,1013,1297
340,340,5,1,26,1,5,3,1021,1274,61,18,92,wobei,0.1590290381125227,0.5511168384879725,,,1082,1292
341,341,5,1,26,1,5,4,1091,1274,30,18,93,die,0.16727162734422263,0.5511168384879725,,,1121,1292
342,342,5,1,26,1,5,5,1130,1274,170,23,91,Richtungsangabe,0.1837568058076225,0.5521907216494846,,,1300,1297
343,343,5,1,26,1,5,6,1302,1274,47,23,96,(5),0.20046884452510585,0.5521907216494846,,,1349,1297
344,344,5,1,26,1,5,7,1357,1278,37,14,95,von,0.20803085299455534,0.5519759450171822,,,1394,1292
345,345,5,1,26,1,5,8,1403,1274,62,18,96,einem,0.21687840290381125,0.5511168384879725,,,1465,1292
346,346,4,1,26,1,6,0,885,1306,580,23,-1,,0.17770719903206292,0.5659364261168385,,,1465,1329
347,347,5,1,26,1,6,1,885,1306,144,23,92,Projektionsort,0.14473684210526316,0.5659364261168385,,,1029,1329
348,348,5,1,26,1,6,2,1038,1306,27,23,95,(8),0.1590290381125227,0.5659364261168385,,,1065,1329
349,349,5,1,26,1,6,3,1075,1306,96,19,95,innerhalb,0.16984271022383546,0.5650773195876289,,,1171,1325
350,350,5,1,26,1,6,4,1181,1306,33,19,93,der,0.1811101028433152,0.5650773195876289,,,1214,1325
351,351,5,1,26,1,6,5,1224,1306,113,23,92,Umgebung,0.19366303690260134,0.5659364261168385,,,1337,1329
352,352,5,1,26,1,6,6,1348,1306,15,19,93,in,0.20500604960677557,0.5650773195876289,,,1363,1325
353,353,5,1,26,1,6,7,1374,1306,91,23,92,Richtung,0.2146854204476709,0.5659364261168385,,,1465,1329
354,354,4,1,26,1,7,0,884,1339,582,23,-1,,0.17770719903206292,0.5801116838487973,,,1466,1362
355,355,5,1,26,1,7,1,884,1339,37,18,96,des,0.13649425287356323,0.5790378006872853,,,921,1357
356,356,5,1,26,1,7,2,931,1339,93,18,93,aktuellen,0.14783726557773744,0.5790378006872853,,,1024,1357
357,357,5,1,26,1,7,3,1035,1339,113,18,92,Standortes,0.16507864488808227,0.5790378006872853,,,1148,1357
358,358,5,1,26,1,7,4,1158,1339,37,18,93,des,0.1779340592861464,0.5790378006872853,,,1195,1357
359,359,5,1,26,1,7,5,1205,1339,261,23,91,Bodenbearbeitungsgera-,0.20198124621899577,0.5801116838487973,,,1466,1362
360,360,4,1,26,1,8,0,884,1372,582,23,-1,,0.17770719903206292,0.594286941580756,,,1466,1395
361,361,5,1,26,1,8,1,884,1373,30,18,96,tes,0.13596491228070176,0.5936426116838488,,,914,1391
362,362,5,1,26,1,8,2,925,1372,26,23,96,(1),0.14186327888687236,0.594286941580756,,,951,1395
363,363,5,1,26,1,8,3,962,1372,54,23,95,zeigt.,0.14957652752571082,0.594286941580756,,,1016,1395
364,364,5,1,26,1,8,4,1028,1372,40,19,93,Des,0.15849969751966123,0.5934278350515464,,,1068,1391
365,365,5,1,26,1,8,5,1077,1372,94,19,92,Weiteren,0.16999395039322443,0.5934278350515464,,,1171,1391
366,366,5,1,26,1,8,6,1181,1372,43,19,96,wird,0.18186630369026013,0.5934278350515464,,,1224,1391
367,367,5,1,26,1,8,7,1235,1372,29,19,97,ein,0.18897459165154265,0.5934278350515464,,,1264,1391
368,368,5,1,26,1,8,8,1275,1372,40,19,93,sich,0.1958560193587417,0.5934278350515464,,,1315,1391
369,369,5,1,26,1,8,9,1326,1372,104,23,92,selbsttatig,0.20840895341802781,0.594286941580756,,,1430,1395
370,370,5,1,26,1,8,10,1442,1372,24,19,93,in-,0.21990320629159105,0.5934278350515464,,,1466,1391
371,371,4,1,26,1,9,0,885,1405,581,23,-1,,0.17778281911675742,0.6084621993127147,,,1466,1428
372,372,5,1,26,1,9,1,885,1405,77,18,90,nerhalb,0.139670296430732,0.6073883161512027,,,962,1423
373,373,5,1,26,1,9,2,973,1405,53,18,93,einer,0.1511645493042952,0.6073883161512027,,,1026,1423
374,374,5,1,26,1,9,3,1038,1405,113,23,91,Umgebung,0.16553236539624924,0.6084621993127147,,,1151,1428
375,375,5,1,26,1,9,4,1162,1405,169,23,91,fortbewegendes,0.18852087114337568,0.6084621993127147,,,1331,1428
376,376,5,1,26,1,9,5,1343,1405,123,18,90,Bodenbear-,0.21241681790683606,0.6073883161512027,,,1466,1423
377,377,4,1,26,1,10,0,885,1438,346,23,-1,,0.1600120992135511,0.6226374570446735,,,1231,1461
378,378,5,1,26,1,10,1,885,1438,135,23,91,beitungsgerat,0.1440562613430127,0.6226374570446735,,,1020,1461
379,379,5,1,26,1,10,2,1022,1438,40,23,93,(1),0.15759225650332728,0.6226374570446735,,,1062,1461
380,380,5,1,26,1,10,3,1071,1438,160,23,91,vorgeschlagen.,0.17407743496672717,0.6226374570446735,,,1231,1461
381,381,2,1,27,0,0,0,762,1524,146,35,-1,,0.12628554143980641,0.6621563573883161,,,908,1559
382,382,3,1,27,1,0,0,762,1524,146,35,-1,,0.12628554143980641,0.6621563573883161,,,908,1559
383,383,4,1,27,1,1,0,762,1524,146,35,-1,,0.12628554143980641,0.6621563573883161,,,908,1559
384,384,5,1,27,1,1,1,762,1524,146,35,0,hig-3,0.12628554143980641,0.6621563573883161,,,908,1559
385,385,2,1,28,0,0,0,601,1625,562,1,-1,,0.13339382940108893,0.6982388316151202,,,1163,1626
386,386,3,1,28,1,0,0,601,1625,562,1,-1,,0.13339382940108893,0.6982388316151202,,,1163,1626
387,387,4,1,28,1,1,0,601,1625,562,1,-1,,0.13339382940108893,0.6982388316151202,,,1163,1626
388,388,5,1,28,1,1,1,601,1625,562,1,95, ,0.13339382940108893,0.6982388316151202,,,1163,1626
389,389,2,1,29,0,0,0,524,1714,376,2,-1,,0.10768300060496068,0.7366838487972509,,,900,1716
390,390,3,1,29,1,0,0,524,1714,376,2,-1,,0.10768300060496068,0.7366838487972509,,,900,1716
391,391,4,1,29,1,1,0,524,1714,376,2,-1,,0.10768300060496068,0.7366838487972509,,,900,1716
392,392,5,1,29,1,1,1,524,1714,376,2,95, ,0.10768300060496068,0.7366838487972509,,,900,1716
393,393,2,1,30,0,0,0,524,1714,2,19,-1,,0.0794010889292196,0.7403350515463918,,,526,1733
394,394,3,1,30,1,0,0,524,1714,2,19,-1,,0.0794010889292196,0.7403350515463918,,,526,1733
395,395,4,1,30,1,1,0,524,1714,2,19,-1,,0.0794010889292196,0.7403350515463918,,,526,1733
396,396,5,1,30,1,1,1,524,1714,2,19,95, ,0.0794010889292196,0.7403350515463918,,,526,1733
397,397,2,1,31,0,0,0,1040,1714,55,2,-1,,0.16144888082274653,0.7366838487972509,,,1095,1716
398,398,3,1,31,1,0,0,1040,1714,55,2,-1,,0.16144888082274653,0.7366838487972509,,,1095,1716
399,399,4,1,31,1,1,0,1040,1714,55,2,-1,,0.16144888082274653,0.7366838487972509,,,1095,1716
400,400,5,1,31,1,1,1,1040,1714,55,2,95, ,0.16144888082274653,0.7366838487972509,,,1095,1716
401,401,2,1,32,0,0,0,898,1714,2,19,-1,,0.13596491228070176,0.7403350515463918,,,900,1733
402,402,3,1,32,1,0,0,898,1714,2,19,-1,,0.13596491228070176,0.7403350515463918,,,900,1733
403,403,4,1,32,1,1,0,898,1714,2,19,-1,,0.13596491228070176,0.7403350515463918,,,900,1733
404,404,5,1,32,1,1,1,898,1714,2,19,95, ,0.13596491228070176,0.7403350515463918,,,900,1733
405,405,2,1,33,0,0,0,524,1732,376,1,-1,,0.10768300060496068,0.7442010309278351,,,900,1733
406,406,3,1,33,1,0,0,524,1732,376,1,-1,,0.10768300060496068,0.7442010309278351,,,900,1733
407,407,4,1,33,1,1,0,524,1732,376,1,-1,,0.10768300060496068,0.7442010309278351,,,900,1733
408,408,5,1,33,1,1,1,524,1732,376,1,95, ,0.10768300060496068,0.7442010309278351,,,900,1733
409,409,2,1,34,0,0,0,643,1769,37,2,-1,,0.10004537205081669,0.7603092783505154,,,680,1771
410,410,3,1,34,1,0,0,643,1769,37,2,-1,,0.10004537205081669,0.7603092783505154,,,680,1771
411,411,4,1,34,1,1,0,643,1769,37,2,-1,,0.10004537205081669,0.7603092783505154,,,680,1771
412,412,5,1,34,1,1,1,643,1769,37,2,95, ,0.10004537205081669,0.7603092783505154,,,680,1771
413,413,2,1,35,0,0,0,677,1769,1,38,-1,,0.10246521476104054,0.7680412371134021,,,678,1807
414,414,3,1,35,1,0,0,677,1769,1,38,-1,,0.10246521476104054,0.7680412371134021,,,678,1807
415,415,4,1,35,1,1,0,677,1769,1,38,-1,,0.10246521476104054,0.7680412371134021,,,678,1807
416,416,5,1,35,1,1,1,677,1769,1,38,95, ,0.10246521476104054,0.7680412371134021,,,678,1807
417,417,2,1,36,0,0,0,643,1805,35,2,-1,,0.0998941318814277,0.7757731958762887,,,678,1807
418,418,3,1,36,1,0,0,643,1805,35,2,-1,,0.0998941318814277,0.7757731958762887,,,678,1807
419,419,4,1,36,1,1,0,643,1805,35,2,-1,,0.0998941318814277,0.7757731958762887,,,678,1807
420,420,5,1,36,1,1,1,643,1805,35,2,95, ,0.0998941318814277,0.7757731958762887,,,678,1807
421,421,2,1,37,0,0,0,612,1877,134,4,-1,,0.10269207501512402,0.8071305841924399,,,746,1881
422,422,3,1,37,1,0,0,612,1877,134,4,-1,,0.10269207501512402,0.8071305841924399,,,746,1881
423,423,4,1,37,1,1,0,612,1877,134,4,-1,,0.10269207501512402,0.8071305841924399,,,746,1881
424,424,5,1,37,1,1,1,612,1877,134,4,95, ,0.10269207501512402,0.8071305841924399,,,746,1881
425,425,2,1,38,0,0,0,705,1918,137,2,-1,,0.11698427102238354,0.8243127147766323,,,842,1920
426,426,3,1,38,1,0,0,705,1918,137,2,-1,,0.11698427102238354,0.8243127147766323,,,842,1920
427,427,4,1,38,1,1,0,705,1918,137,2,-1,,0.11698427102238354,0.8243127147766323,,,842,1920
428,428,5,1,38,1,1,1,705,1918,137,2,95, ,0.11698427102238354,0.8243127147766323,,,842,1920
429,429,2,1,39,0,0,0,704,1828,3,171,-1,,0.10669993950393225,0.8219501718213058,,,707,1999
430,430,3,1,39,1,0,0,704,1828,3,171,-1,,0.10669993950393225,0.8219501718213058,,,707,1999
431,431,4,1,39,1,1,0,704,1828,3,171,-1,,0.10669993950393225,0.8219501718213058,,,707,1999
432,432,5,1,39,1,1,1,704,1828,3,171,95, ,0.10669993950393225,0.8219501718213058,,,707,1999
433,433,2,1,40,0,0,0,840,1854,3,145,-1,,0.12726860254083486,0.8275343642611683,,,843,1999
434,434,3,1,40,1,0,0,840,1854,3,145,-1,,0.12726860254083486,0.8275343642611683,,,843,1999
435,435,4,1,40,1,1,0,840,1854,3,145,-1,,0.12726860254083486,0.8275343642611683,,,843,1999
436,436,5,1,40,1,1,1,840,1854,3,145,95, ,0.12726860254083486,0.8275343642611683,,,843,1999
437,437,2,1,41,0,0,0,705,1997,137,2,-1,,0.11698427102238354,0.8582474226804123,,,842,1999
438,438,3,1,41,1,0,0,705,1997,137,2,-1,,0.11698427102238354,0.8582474226804123,,,842,1999
439,439,4,1,41,1,1,0,705,1997,137,2,-1,,0.11698427102238354,0.8582474226804123,,,842,1999
440,440,5,1,41,1,1,1,705,1997,137,2,95, ,0.11698427102238354,0.8582474226804123,,,842,1999
441,441,2,1,42,0,0,0,651,1825,4,188,-1,,0.09875983061101029,0.8243127147766323,,,655,2013
442,442,3,1,42,1,0,0,651,1825,4,188,-1,,0.09875983061101029,0.8243127147766323,,,655,2013
443,443,4,1,42,1,1,0,651,1825,4,188,-1,,0.09875983061101029,0.8243127147766323,,,655,2013
444,444,5,1,42,1,1,1,651,1825,4,188,95, ,0.09875983061101029,0.8243127147766323,,,655,2013
445,445,2,1,43,0,0,0,643,2019,35,2,-1,,0.0998941318814277,0.8676975945017182,,,678,2021
446,446,3,1,43,1,0,0,643,2019,35,2,-1,,0.0998941318814277,0.8676975945017182,,,678,2021
447,447,4,1,43,1,1,0,643,2019,35,2,-1,,0.0998941318814277,0.8676975945017182,,,678,2021
448,448,5,1,43,1,1,1,643,2019,35,2,95, ,0.0998941318814277,0.8676975945017182,,,678,2021
449,449,2,1,44,0,0,0,642,1769,4,288,-1,,0.09739866908650938,0.8217353951890034,,,646,2057
450,450,3,1,44,1,0,0,642,1769,4,288,-1,,0.09739866908650938,0.8217353951890034,,,646,2057
451,451,4,1,44,1,1,0,642,1769,4,288,-1,,0.09739866908650938,0.8217353951890034,,,646,2057
452,452,5,1,44,1,1,1,642,1769,4,288,95, ,0.09739866908650938,0.8217353951890034,,,646,2057
453,453,2,1,45,0,0,0,677,2018,1,39,-1,,0.10246521476104054,0.8752147766323024,,,678,2057
454,454,3,1,45,1,0,0,677,2018,1,39,-1,,0.10246521476104054,0.8752147766323024,,,678,2057
455,455,4,1,45,1,1,0,677,2018,1,39,-1,,0.10246521476104054,0.8752147766323024,,,678,2057
456,456,5,1,45,1,1,1,677,2018,1,39,95, ,0.10246521476104054,0.8752147766323024,,,678,2057
457,457,2,1,46,0,0,0,643,2055,35,2,-1,,0.0998941318814277,0.8831615120274914,,,678,2057
458,458,3,1,46,1,0,0,643,2055,35,2,-1,,0.0998941318814277,0.8831615120274914,,,678,2057
459,459,4,1,46,1,1,0,643,2055,35,2,-1,,0.0998941318814277,0.8831615120274914,,,678,2057
460,460,5,1,46,1,1,1,643,2055,35,2,95, ,0.0998941318814277,0.8831615120274914,,,678,2057
461,461,2,1,47,0,0,0,629,1625,4,469,-1,,0.0954325468844525,0.7987542955326461,,,633,2094
462,462,3,1,47,1,0,0,629,1625,4,469,-1,,0.0954325468844525,0.7987542955326461,,,633,2094
463,463,4,1,47,1,1,0,629,1625,4,469,-1,,0.0954325468844525,0.7987542955326461,,,633,2094
464,464,5,1,47,1,1,1,629,1625,4,469,95, ,0.0954325468844525,0.7987542955326461,,,633,2094
465,465,2,1,48,0,0,0,1040,1732,55,1,-1,,0.16144888082274653,0.7442010309278351,,,1095,1733
466,466,3,1,48,1,0,0,1040,1732,55,1,-1,,0.16144888082274653,0.7442010309278351,,,1095,1733
467,467,4,1,48,1,1,0,1040,1732,55,1,-1,,0.16144888082274653,0.7442010309278351,,,1095,1733
468,468,5,1,48,1,1,1,1040,1732,55,1,95, ,0.16144888082274653,0.7442010309278351,,,1095,1733
469,469,2,1,49,0,0,0,1040,1715,3,322,-1,,0.15751663641863278,0.8058419243986255,,,1043,2037
470,470,3,1,49,1,0,0,1040,1715,3,322,-1,,0.15751663641863278,0.8058419243986255,,,1043,2037
471,471,4,1,49,1,1,0,1040,1715,3,322,-1,,0.15751663641863278,0.8058419243986255,,,1043,2037
472,472,5,1,49,1,1,1,1040,1715,3,322,95, ,0.15751663641863278,0.8058419243986255,,,1043,2037
473,473,2,1,50,0,0,0,1093,1625,3,469,-1,,0.16553236539624924,0.7987542955326461,,,1096,2094
474,474,3,1,50,1,0,0,1093,1625,3,469,-1,,0.16553236539624924,0.7987542955326461,,,1096,2094
475,475,4,1,50,1,1,0,1093,1625,3,469,-1,,0.16553236539624924,0.7987542955326461,,,1096,2094
476,476,5,1,50,1,1,1,1093,1625,3,469,95, ,0.16553236539624924,0.7987542955326461,,,1096,2094
477,477,2,1,51,0,0,0,1109,1625,4,469,-1,,0.16802782819116757,0.7987542955326461,,,1113,2094
478,478,3,1,51,1,0,0,1109,1625,4,469,-1,,0.16802782819116757,0.7987542955326461,,,1113,2094
479,479,4,1,51,1,1,0,1109,1625,4,469,-1,,0.16802782819116757,0.7987542955326461,,,1113,2094
480,480,5,1,51,1,1,1,1109,1625,4,469,95, ,0.16802782819116757,0.7987542955326461,,,1113,2094
481,481,2,1,52,0,0,0,630,2093,522,1,-1,,0.13475499092558985,0.8992697594501718,,,1152,2094
482,482,3,1,52,1,0,0,630,2093,522,1,-1,,0.13475499092558985,0.8992697594501718,,,1152,2094
483,483,4,1,52,1,1,0,630,2093,522,1,-1,,0.13475499092558985,0.8992697594501718,,,1152,2094
484,484,5,1,52,1,1,1,630,2093,522,1,95, ,0.13475499092558985,0.8992697594501718,,,1152,2094
485,485,2,1,53,0,0,0,613,1625,3,487,-1,,0.09293708408953417,0.8026202749140894,,,616,2112
486,486,3,1,53,1,0,0,613,1625,3,487,-1,,0.09293708408953417,0.8026202749140894,,,616,2112
487,487,4,1,53,1,1,0,613,1625,3,487,-1,,0.09293708408953417,0.8026202749140894,,,616,2112
488,488,5,1,53,1,1,1,613,1625,3,487,95, ,0.09293708408953417,0.8026202749140894,,,616,2112
489,489,2,1,54,0,0,0,1150,1615,3,507,-1,,0.17415305505142165,0.8026202749140894,,,1153,2122
490,490,3,1,54,1,0,0,1150,1615,3,507,-1,,0.17415305505142165,0.8026202749140894,,,1153,2122
491,491,4,1,54,1,1,0,1150,1615,3,507,-1,,0.17415305505142165,0.8026202749140894,,,1153,2122
492,492,5,1,54,1,1,1,1150,1615,3,507,95, ,0.17415305505142165,0.8026202749140894,,,1153,2122
493,493,2,1,55,0,0,0,614,2110,538,2,-1,,0.13354506957047793,0.906786941580756,,,1152,2112
494,494,3,1,55,1,0,0,614,2110,538,2,-1,,0.13354506957047793,0.906786941580756,,,1152,2112
495,495,4,1,55,1,1,0,614,2110,538,2,-1,,0.13354506957047793,0.906786941580756,,,1152,2112
496,496,5,1,55,1,1,1,614,2110,538,2,95, ,0.13354506957047793,0.906786941580756,,,1152,2112
497,497,2,1,56,0,0,0,562,1648,536,530,-1,,0.12552934059286147,0.8217353951890034,,,1098,2178
498,498,3,1,56,1,0,0,562,1648,536,530,-1,,0.12552934059286147,0.8217353951890034,,,1098,2178
499,499,4,1,56,1,1,0,562,1648,536,530,-1,,0.12552934059286147,0.8217353951890034,,,1098,2178
500,500,5,1,56,1,1,1,562,1648,536,530,95, ,0.12552934059286147,0.8217353951890034,,,1098,2178
501,501,2,1,57,0,0,0,716,2270,259,16,-1,,0.1278735632183908,0.9785223367697594,,,975,2286
502,502,3,1,57,1,0,0,716,2270,259,16,-1,,0.1278735632183908,0.9785223367697594,,,975,2286
503,503,4,1,57,1,1,0,716,2270,259,16,-1,,0.1278735632183908,0.9785223367697594,,,975,2286
504,504,5,1,57,1,1,1,716,2270,49,12,96,Printed,0.11199334543254688,0.9776632302405498,,,765,2282
505,505,5,1,57,1,1,2,771,2270,15,16,96,by,0.1177404718693285,0.9785223367697594,,,786,2286
506,506,5,1,57,1,1,3,792,2270,45,14,96,"Jouve,",0.12318511796733213,0.9780927835051546,,,837,2284
507,507,5,1,57,1,1,4,843,2270,41,12,96,75001,0.13059588626739263,0.9776632302405498,,,884,2282
508,508,5,1,57,1,1,5,893,2270,46,12,96,PARIS,0.1385359951603146,0.9776632302405498,,,939,2282
509,509,5,1,57,1,1,6,945,2270,30,16,95,(FR),0.14519056261343014,0.9785223367697594,,,975,2286
