,Unnamed: 0,level,page_num,block_num,par_num,line_num,word_num,left,top,width,height,conf,text,x,y,label,target,right,bottom
0,0,1,1,0,0,0,0,0,0,1653,2328,-1,,0.125,0.5,,,1653,2328
1,1,2,1,1,0,0,0,144,1905,31,328,-1,,0.02412280701754386,0.8887457044673539,,,175,2233
2,2,3,1,1,1,0,0,144,1905,31,328,-1,,0.02412280701754386,0.8887457044673539,,,175,2233
3,3,4,1,1,1,1,0,144,1905,31,328,-1,,0.02412280701754386,0.8887457044673539,,,175,2233
4,4,5,1,1,1,1,1,144,2179,30,54,96,EP,0.024047186932849365,0.947594501718213,,,174,2233
5,5,5,1,1,1,1,2,144,2142,31,21,96,3,0.02412280701754386,0.9246134020618557,,,175,2163
6,6,5,1,1,1,1,3,144,2055,31,71,96,399,0.02412280701754386,0.8979810996563574,,,175,2126
7,7,5,1,1,1,1,4,144,1968,31,71,92,096,0.02412280701754386,0.8606099656357389,,,175,2039
8,8,5,1,1,1,1,5,144,1905,30,50,86,A1,0.024047186932849365,0.8290378006872853,,,174,1955
9,9,2,1,2,0,0,0,429,153,88,28,-1,,0.07153660012099214,0.07173539518900343,,,517,181
10,10,3,1,2,1,0,0,429,153,88,28,-1,,0.07153660012099214,0.07173539518900343,,,517,181
11,11,4,1,2,1,1,0,429,153,88,16,-1,,0.07153660012099214,0.06915807560137457,,,517,169
12,12,5,1,2,1,1,1,429,153,88,16,84,Europaisches,0.07153660012099214,0.06915807560137457,,,517,169
13,13,4,1,2,1,2,0,429,170,71,11,-1,,0.07025105868118572,0.07538659793814433,,,500,181
14,14,5,1,2,1,2,1,429,170,71,11,96,Patentamt,0.07025105868118572,0.07538659793814433,,,500,181
15,15,2,1,3,0,0,0,429,196,89,28,-1,,0.07161222020568662,0.09020618556701031,,,518,224
16,16,3,1,3,1,0,0,429,196,89,28,-1,,0.07161222020568662,0.09020618556701031,,,518,224
17,17,4,1,3,1,1,0,429,196,63,15,-1,,0.06964609800362977,0.08741408934707903,,,492,211
18,18,5,1,3,1,1,1,429,196,63,15,95,European,0.06964609800362977,0.08741408934707903,,,492,211
19,19,4,1,3,1,2,0,429,212,89,12,-1,,0.07161222020568662,0.0936426116838488,,,518,224
20,20,5,1,3,1,2,1,429,213,43,11,96,Patent,0.06813369630973987,0.0938573883161512,,,472,224
21,21,5,1,3,1,2,2,478,212,40,12,90,Office,0.07531760435571688,0.0936426116838488,,,518,224
22,22,2,1,4,0,0,0,429,239,109,28,-1,,0.07312462189957653,0.10867697594501718,,,538,267
23,23,3,1,4,1,0,0,429,239,109,28,-1,,0.07312462189957653,0.10867697594501718,,,538,267
24,24,4,1,4,1,1,0,429,239,109,15,-1,,0.07312462189957653,0.10588487972508591,,,538,254
25,25,5,1,4,1,1,1,429,239,40,12,93,Office,0.06790683605565638,0.1052405498281787,,,469,251
26,26,5,1,4,1,1,2,474,239,64,15,93,europ√©en,0.0765275257108288,0.10588487972508591,,,538,254
27,27,4,1,4,1,2,0,429,255,77,12,-1,,0.0707047791893527,0.11211340206185567,,,506,267
28,28,5,1,4,1,2,1,429,255,22,12,95,des,0.06654567453115548,0.11211340206185567,,,451,267
29,29,5,1,4,1,2,2,457,255,49,12,82,brevets,0.07282214156079855,0.11211340206185567,,,506,267
30,30,2,1,5,0,0,0,281,136,274,150,-1,,0.06321839080459771,0.09063573883161512,,,555,286
31,31,3,1,5,1,0,0,281,136,274,150,-1,,0.06321839080459771,0.09063573883161512,,,555,286
32,32,4,1,5,1,1,0,281,136,274,150,-1,,0.06321839080459771,0.09063573883161512,,,555,286
33,33,5,1,5,1,1,1,281,136,274,150,95, ,0.06321839080459771,0.09063573883161512,,,555,286
34,34,2,1,6,0,0,0,225,324,45,26,-1,,0.037431941923774956,0.14475945017182132,,,270,350
35,35,3,1,6,1,0,0,225,324,45,26,-1,,0.037431941923774956,0.14475945017182132,,,270,350
36,36,4,1,6,1,1,0,225,324,45,26,-1,,0.037431941923774956,0.14475945017182132,,,270,350
37,37,5,1,6,1,1,1,225,324,45,26,96,(12),0.037431941923774956,0.14475945017182132,,,270,350
38,38,2,1,7,0,0,0,225,395,378,53,-1,,0.06261343012704174,0.18105670103092783,,,603,448
39,39,3,1,7,1,0,0,225,395,378,53,-1,,0.06261343012704174,0.18105670103092783,,,603,448
40,40,4,1,7,1,1,0,225,395,262,26,-1,,0.05384150030248034,0.17525773195876287,,,487,421
41,41,5,1,7,1,1,1,225,395,45,26,95,(43),0.037431941923774956,0.17525773195876287,,,270,421
42,42,5,1,7,1,1,2,286,397,48,18,95,Date,0.04688445251058681,0.17439862542955326,,,334,415
43,43,5,1,7,1,1,3,342,397,20,18,96,of,0.05323653962492438,0.17439862542955326,,,362,415
44,44,5,1,7,1,1,4,370,397,117,23,96,publication:,0.0648064125831821,0.17547250859106528,,,487,420
45,45,4,1,7,1,2,0,286,430,317,18,-1,,0.06722625529340592,0.18857388316151202,,,603,448
46,46,5,1,7,1,2,1,286,430,117,18,96,07.11.2018,0.052102238354506954,0.18857388316151202,publication_date,07.11.2018,403,448
47,47,5,1,7,1,2,2,426,430,84,18,95,Bulletin,0.07078039927404718,0.18857388316151202,,,510,448
48,48,5,1,7,1,2,3,519,430,84,18,95,2018/45,0.08484573502722323,0.18857388316151202,,,603,448
49,49,2,1,8,0,0,0,225,493,402,26,-1,,0.06442831215970962,0.21735395189003437,,,627,519
50,50,3,1,8,1,0,0,225,493,402,26,-1,,0.06442831215970962,0.21735395189003437,,,627,519
51,51,4,1,8,1,1,0,225,493,402,26,-1,,0.06442831215970962,0.21735395189003437,,,627,519
52,52,5,1,8,1,1,1,225,493,45,26,96,(21),0.037431941923774956,0.21735395189003437,,,270,519
53,53,5,1,8,1,1,2,285,495,115,23,96,Application,0.051799758015728975,0.21756872852233677,,,400,518
54,54,5,1,8,1,1,3,410,495,83,18,93,number:,0.06828493647912885,0.21649484536082475,,,493,513
55,55,5,1,8,1,1,4,505,495,122,18,92,18179661.6,0.08560193587416817,0.21649484536082475,application_number,18179661.6,627,513
56,56,2,1,9,0,0,0,225,559,325,26,-1,,0.05860556563823351,0.24570446735395188,,,550,585
57,57,3,1,9,1,0,0,225,559,325,26,-1,,0.05860556563823351,0.24570446735395188,,,550,585
58,58,4,1,9,1,1,0,225,559,325,26,-1,,0.05860556563823351,0.24570446735395188,,,550,585
59,59,5,1,9,1,1,1,225,559,45,26,96,(22),0.037431941923774956,0.24570446735395188,,,270,585
60,60,5,1,9,1,1,2,286,561,48,18,96,Date,0.04688445251058681,0.24484536082474226,,,334,579
61,61,5,1,9,1,1,3,342,566,12,13,96,of,0.05263157894736842,0.24591924398625428,,,354,579
62,62,5,1,9,1,1,4,355,561,67,23,96,filing:,0.058756805807622506,0.24591924398625428,,,422,584
63,63,5,1,9,1,1,5,432,561,118,18,93,06.11.2015,0.07425892316999395,0.24484536082474226,filing_date,06.11.2015,550,579
64,64,2,1,10,0,0,0,1002,245,458,38,-1,,0.18617664851784635,0.1134020618556701,,,1460,283
65,65,3,1,10,1,0,0,1002,245,458,38,-1,,0.18617664851784635,0.1134020618556701,,,1460,283
66,66,4,1,10,1,1,0,1002,245,458,38,-1,,0.18617664851784635,0.1134020618556701,,,1460,283
67,67,5,1,10,1,1,1,1002,256,44,27,74,(11),0.15486993345432548,0.11576460481099657,,,1046,283
68,68,5,1,10,1,1,2,1146,245,52,32,94,EP,0.17725347852389595,0.11211340206185567,number,EP,1198,277
69,69,5,1,10,1,1,3,1214,245,20,32,94,3,0.1851179673321234,0.11211340206185567,number,3,1234,277
70,70,5,1,10,1,1,4,1249,245,68,32,95,399,0.1940411373260738,0.11211340206185567,number,399,1317,277
71,71,5,1,10,1,1,5,1332,245,68,32,93,096,0.20659407138535996,0.11211340206185567,number,096,1400,277
72,72,5,1,10,1,1,6,1413,245,47,32,90,A1,0.21725650332728372,0.11211340206185567,number,A1,1460,277
73,73,2,1,11,0,0,0,577,319,537,26,-1,,0.1278735632183908,0.14261168384879724,,,1114,345
74,74,3,1,11,1,0,0,577,319,537,26,-1,,0.1278735632183908,0.14261168384879724,,,1114,345
75,75,4,1,11,1,1,0,577,319,537,26,-1,,0.1278735632183908,0.14261168384879724,,,1114,345
76,76,5,1,11,1,1,1,577,319,156,26,95,EUROPEAN,0.09906231094978826,0.14261168384879724,,,733,345
77,77,5,1,11,1,1,2,735,320,135,24,95,PATENT,0.12137023593466424,0.14261168384879724,,,870,344
78,78,5,1,11,1,1,3,873,319,241,26,96,APPLICATION,0.1502571082879613,0.14261168384879724,,,1114,345
79,79,2,1,12,0,0,0,862,395,243,51,-1,,0.14874470659407138,0.18062714776632302,,,1105,446
80,80,3,1,12,1,0,0,862,395,243,51,-1,,0.14874470659407138,0.18062714776632302,,,1105,446
81,81,4,1,12,1,1,0,862,395,126,26,-1,,0.13989715668481548,0.17525773195876287,,,988,421
82,82,5,1,12,1,1,1,862,395,44,26,67,(51),0.1336963097398669,0.17525773195876287,,,906,421
83,83,5,1,12,1,1,2,923,397,25,18,93,Int,0.1414851784633999,0.17439862542955326,,,948,415
84,84,5,1,12,1,1,3,955,397,33,18,65,Cl:,0.14692982456140352,0.17439862542955326,,,988,415
85,85,4,1,12,1,2,0,922,425,183,21,-1,,0.15328191167574107,0.1870704467353952,,,1105,446
86,86,5,1,12,1,2,1,922,428,59,18,91,D21F,0.14390502117362372,0.1877147766323024,class_international,D21F,981,446
87,87,5,1,12,1,2,2,989,428,44,18,94,1144,0.1529038112522686,0.1877147766323024,class_international,1/44,1033,446
88,88,5,1,12,1,2,3,1038,425,67,16,74,(2006.01),0.16205384150030247,0.18599656357388317,,,1105,441
89,89,2,1,13,0,0,0,224,613,1243,4,-1,,0.1278735632183908,0.26417525773195877,,,1467,617
90,90,3,1,13,1,0,0,224,613,1243,4,-1,,0.1278735632183908,0.26417525773195877,,,1467,617
91,91,4,1,13,1,1,0,224,613,1243,4,-1,,0.1278735632183908,0.26417525773195877,,,1467,617
92,92,5,1,13,1,1,1,224,613,1243,4,95, ,0.1278735632183908,0.26417525773195877,,,1467,617
93,93,2,1,14,0,0,0,225,631,599,119,-1,,0.07932546884452511,0.296606529209622,,,824,750
94,94,3,1,14,1,0,0,225,631,599,119,-1,,0.07932546884452511,0.296606529209622,,,824,750
95,95,4,1,14,1,1,0,225,631,388,27,-1,,0.0633696309739867,0.2768470790378007,,,613,658
96,96,5,1,14,1,1,1,225,631,45,27,96,(84),0.037431941923774956,0.2768470790378007,,,270,658
97,97,5,1,14,1,1,2,286,633,118,23,96,Designated,0.052177858439201454,0.2768470790378007,,,404,656
98,98,5,1,14,1,1,3,413,633,119,23,96,Contracting,0.07146098003629764,0.2768470790378007,,,532,656
99,99,5,1,14,1,1,4,542,633,71,19,96,States:,0.08734119782214156,0.2759879725085911,,,613,652
100,100,4,1,14,1,2,0,285,666,537,18,-1,,0.08371143375680581,0.28994845360824745,,,822,684
101,101,5,1,14,1,2,1,285,666,31,18,94,AL,0.04544767090139141,0.28994845360824745,,,316,684
102,102,5,1,14,1,2,2,323,666,31,18,94,AT,0.05119479733817302,0.28994845360824745,,,354,684
103,103,5,1,14,1,2,3,363,666,30,18,96,BE,0.05716878402903811,0.28994845360824745,,,393,684
104,104,5,1,14,1,2,4,403,666,32,18,96,BG,0.0633696309739867,0.28994845360824745,,,435,684
105,105,5,1,14,1,2,5,445,666,31,18,96,CH,0.06964609800362977,0.28994845360824745,,,476,684
106,106,5,1,14,1,2,6,486,666,32,18,95,CY,0.07592256503327284,0.28994845360824745,,,518,684
107,107,5,1,14,1,2,7,526,666,30,18,93,CZ,0.08182093163944344,0.28994845360824745,,,556,684
108,108,5,1,14,1,2,8,565,666,30,18,93,DE,0.08771929824561403,0.28994845360824745,,,595,684
109,109,5,1,14,1,2,9,605,666,32,18,95,DK,0.09392014519056262,0.28994845360824745,,,637,684
110,110,5,1,14,1,2,10,646,666,29,18,95,EE,0.0998941318814277,0.28994845360824745,,,675,684
111,111,5,1,14,1,2,11,684,666,29,18,93,ES,0.10564125831820932,0.28994845360824745,,,713,684
112,112,5,1,14,1,2,12,723,666,57,18,90,FIFR,0.11365698729582577,0.28994845360824745,,,780,684
113,113,5,1,14,1,2,13,788,666,34,18,95,GB,0.12174833635813673,0.28994845360824745,,,822,684
114,114,4,1,14,1,3,0,285,699,539,18,-1,,0.0838626739261948,0.30412371134020616,,,824,717
115,115,5,1,14,1,3,1,285,699,297,18,83,GRHRHUIEISITLILTLU,0.06556261343012704,0.30412371134020616,,,582,717
116,116,5,1,14,1,3,2,591,699,28,18,85,LV,0.09150030248033877,0.30412371134020616,,,619,717
117,117,5,1,14,1,3,3,627,699,35,18,85,MC,0.09747428917120388,0.30412371134020616,,,662,717
118,118,5,1,14,1,3,4,670,699,35,18,94,MK,0.10397761645493044,0.30412371134020616,,,705,717
119,119,5,1,14,1,3,5,713,699,32,18,91,MT,0.11025408348457351,0.30412371134020616,,,745,717
120,120,5,1,14,1,3,6,753,699,29,18,49,NL,0.11607683000604961,0.30412371134020616,,,782,717
121,121,5,1,14,1,3,7,791,699,33,18,49,NO,0.1221264367816092,0.30412371134020616,,,824,717
122,122,4,1,14,1,4,0,286,732,336,18,-1,,0.06866303690260134,0.31829896907216493,,,622,750
123,123,5,1,14,1,4,1,286,732,28,18,93,PL,0.045372050816696916,0.31829896907216493,,,314,750
124,124,5,1,14,1,4,2,323,732,29,18,92,PT,0.05104355716878403,0.31829896907216493,,,352,750
125,125,5,1,14,1,4,3,360,732,58,18,92,RORS,0.058832425892317,0.31829896907216493,,,418,750
126,126,5,1,14,1,4,4,420,732,52,18,92,SE,0.06745311554748941,0.31829896907216493,,,472,750
127,127,5,1,14,1,4,5,480,732,20,18,95,SI,0.07410768300060495,0.31829896907216493,,,500,750
128,128,5,1,14,1,4,6,510,732,31,18,93,SK,0.0794767090139141,0.31829896907216493,,,541,750
129,129,5,1,14,1,4,7,550,732,72,18,90,SMTR,0.08862673926194797,0.31829896907216493,,,622,750
130,130,2,1,15,0,0,0,225,795,454,185,-1,,0.06836055656382335,0.38122852233676974,,,679,980
131,131,3,1,15,1,0,0,225,795,454,185,-1,,0.06836055656382335,0.38122852233676974,,,679,980
132,132,4,1,15,1,1,0,225,795,454,27,-1,,0.06836055656382335,0.3472938144329897,,,679,822
133,133,5,1,15,1,1,1,225,795,45,27,96,(30),0.037431941923774956,0.3472938144329897,,,270,822
134,134,5,1,15,1,1,2,286,797,77,23,96,Priority:,0.04907743496672716,0.3472938144329897,,,363,820
135,135,5,1,15,1,1,3,384,797,118,19,96,10.11.2014,0.06699939503932244,0.34643470790378006,,,502,816
136,136,5,1,15,1,1,4,519,797,34,19,92,GB,0.08106473079249849,0.34643470790378006,,,553,816
137,137,5,1,15,1,1,5,561,797,118,19,92,201419956,0.09376890502117362,0.34643470790378006,,,679,816
138,138,4,1,15,1,2,0,385,830,294,18,-1,,0.08045977011494253,0.3603951890034364,,,679,848
139,139,5,1,15,1,2,1,385,830,117,18,90,10.11.2014,0.06707501512401694,0.3603951890034364,,,502,848
140,140,5,1,15,1,2,2,519,830,34,18,90,GB,0.08106473079249849,0.3603951890034364,,,553,848
141,141,5,1,15,1,2,3,561,830,118,18,95,201419957,0.09376890502117362,0.3603951890034364,,,679,848
142,142,4,1,15,1,3,0,385,863,294,18,-1,,0.08045977011494253,0.3745704467353952,,,679,881
143,143,5,1,15,1,3,1,385,863,117,18,92,10.11.2014,0.06707501512401694,0.3745704467353952,priority_date_eu,10.11.2014,502,881
144,144,5,1,15,1,3,2,519,863,34,18,92,GB,0.08106473079249849,0.3745704467353952,,,553,881
145,145,5,1,15,1,3,3,561,863,118,18,95,201419960,0.09376890502117362,0.3745704467353952,,,679,881
146,146,4,1,15,1,4,0,385,895,294,19,-1,,0.08045977011494253,0.38853092783505155,,,679,914
147,147,5,1,15,1,4,1,385,895,117,19,91,10.11.2014,0.06707501512401694,0.38853092783505155,,,502,914
148,148,5,1,15,1,4,2,519,895,34,19,91,GB,0.08106473079249849,0.38853092783505155,,,553,914
149,149,5,1,15,1,4,3,561,895,118,19,95,201419978,0.09376890502117362,0.38853092783505155,,,679,914
150,150,4,1,15,1,5,0,385,929,294,18,-1,,0.08045977011494253,0.4029209621993127,,,679,947
151,151,5,1,15,1,5,1,385,929,117,18,92,10.11.2014,0.06707501512401694,0.4029209621993127,,,502,947
152,152,5,1,15,1,5,2,519,929,34,18,95,GB,0.08106473079249849,0.4029209621993127,,,553,947
153,153,5,1,15,1,5,3,561,929,118,18,96,201419986,0.09376890502117362,0.4029209621993127,,,679,947
154,154,4,1,15,1,6,0,385,961,294,19,-1,,0.08045977011494253,0.4168814432989691,,,679,980
155,155,5,1,15,1,6,1,385,961,117,19,89,10.11.2014,0.06707501512401694,0.4168814432989691,,,502,980
156,156,5,1,15,1,6,2,519,961,34,19,89,GB,0.08106473079249849,0.4168814432989691,,,553,980
157,157,5,1,15,1,6,3,561,961,118,19,95,201419987,0.09376890502117362,0.4168814432989691,,,679,980
158,158,2,1,16,0,0,0,225,1025,596,85,-1,,0.07909860859044163,0.4585481099656357,,,821,1110
159,159,3,1,16,1,0,0,225,1025,596,85,-1,,0.07909860859044163,0.4585481099656357,,,821,1110
160,160,4,1,16,1,1,0,225,1025,596,26,-1,,0.07909860859044163,0.44587628865979384,,,821,1051
161,161,5,1,16,1,1,1,225,1025,45,26,96,(62),0.037431941923774956,0.44587628865979384,,,270,1051
162,162,5,1,16,1,1,2,286,1027,107,18,96,Document,0.05134603750756201,0.44501718213058417,,,393,1045
163,163,5,1,16,1,1,3,402,1027,105,23,96,number(s),0.06873865698729582,0.44609106529209624,,,507,1050
164,164,5,1,16,1,1,4,516,1027,20,18,96,of,0.07955232909860858,0.44501718213058417,,,536,1045
165,165,5,1,16,1,1,5,542,1027,32,18,96,the,0.08439201451905626,0.44501718213058417,,,574,1045
166,166,5,1,16,1,1,6,582,1027,66,18,96,earlier,0.09301270417422867,0.44501718213058417,,,648,1045
167,167,5,1,16,1,1,7,656,1027,139,23,96,application(s),0.10972474289171204,0.44609106529209624,,,795,1050
168,168,5,1,16,1,1,8,805,1027,16,18,96,in,0.12295825771324864,0.44501718213058417,,,821,1045
169,169,4,1,16,1,2,0,286,1059,308,19,-1,,0.06654567453115548,0.45897766323024053,,,594,1078
170,170,5,1,16,1,2,1,286,1059,109,19,96,accordance,0.051497277676950996,0.45897766323024053,,,395,1078
171,171,5,1,16,1,2,2,395,1059,60,19,96,with,0.06427707199032062,0.45897766323024053,,,455,1078
172,172,5,1,16,1,2,3,464,1059,35,19,96,Art.,0.07282214156079855,0.45897766323024053,,,499,1078
173,173,5,1,16,1,2,4,508,1059,25,19,96,76,0.07872050816696914,0.45897766323024053,,,533,1078
174,174,5,1,16,1,2,5,542,1059,52,19,96,EPC:,0.08590441621294616,0.45897766323024053,,,594,1078
175,175,4,1,16,1,3,0,287,1092,249,18,-1,,0.06223532970356927,0.4729381443298969,,,536,1110
176,176,5,1,16,1,3,1,287,1092,123,18,48,15794255.8,0.05270719903206292,0.4729381443298969,,,410,1110
177,177,5,1,16,1,3,2,417,1092,7,18,48,/,0.06359649122807018,0.4729381443298969,,,424,1110
178,178,5,1,16,1,3,3,432,1092,11,18,87,3,0.066167574107683,0.4729381443298969,,,443,1110
179,179,5,1,16,1,3,4,452,1092,37,18,87,218,0.07115849969751967,0.4729381443298969,,,489,1110
180,180,5,1,16,1,3,5,498,1092,38,18,95,545,0.07819116757410768,0.4729381443298969,,,536,1110
181,181,2,1,17,0,0,0,845,614,2,566,-1,,0.1279491833030853,0.3853092783505155,,,847,1180
182,182,3,1,17,1,0,0,845,614,2,566,-1,,0.1279491833030853,0.3853092783505155,,,847,1180
183,183,4,1,17,1,1,0,845,614,2,566,-1,,0.1279491833030853,0.3853092783505155,,,847,1180
184,184,5,1,17,1,1,1,845,614,2,566,95, ,0.1279491833030853,0.3853092783505155,,,847,1180
185,185,2,1,18,0,0,0,862,631,465,91,-1,,0.16553236539624924,0.29059278350515466,,,1327,722
186,186,3,1,18,1,0,0,862,631,465,91,-1,,0.16553236539624924,0.29059278350515466,,,1327,722
187,187,4,1,18,1,1,0,862,631,465,27,-1,,0.16553236539624924,0.2768470790378007,,,1327,658
188,188,5,1,18,1,1,1,862,631,44,27,96,(71),0.1336963097398669,0.2768470790378007,,,906,658
189,189,5,1,18,1,1,2,921,633,103,23,96,Applicant:,0.1470810647307925,0.2768470790378007,,,1024,656
190,190,5,1,18,1,1,3,1034,633,79,19,96,Portals,0.16235632183908047,0.2759879725085911,applicant_line_1,Portals,1113,652
191,191,5,1,18,1,1,4,1122,633,28,19,96,De,0.17180883242589232,0.2759879725085911,applicant_line_1,De,1150,652
192,192,5,1,18,1,1,5,1159,633,25,19,96,La,0.17717785843920145,0.2759879725085911,applicant_line_1,La,1184,652
193,193,5,1,18,1,1,6,1193,633,43,19,96,Rue,0.18368118572292802,0.2759879725085911,applicant_line_1,Rue,1236,652
194,194,5,1,18,1,1,7,1245,633,82,19,96,Limited,0.19449485783424078,0.2759879725085911,applicant_line_1,Limited,1327,652
195,195,4,1,18,1,2,0,922,666,89,18,-1,,0.14617362371445855,0.28994845360824745,,,1011,684
196,196,5,1,18,1,2,1,922,666,89,18,96,Overton,0.14617362371445855,0.28994845360824745,,,1011,684
197,197,4,1,18,1,3,0,923,699,298,23,-1,,0.16212946158499697,0.30519759450171824,,,1221,722
198,198,5,1,18,1,3,1,923,699,120,23,92,Hampshire,0.14866908650937688,0.30519759450171824,,,1043,722
199,199,5,1,18,1,3,2,1053,699,60,18,92,RG25,0.16379310344827586,0.30412371134020616,,,1113,717
200,200,5,1,18,1,3,3,1121,699,43,18,95,3ST,0.17279189352692076,0.30412371134020616,,,1164,717
201,201,5,1,18,1,3,4,1172,699,49,23,95,(GB),0.1809588626739262,0.30519759450171824,,,1221,722
202,202,2,1,19,0,0,0,862,763,580,57,-1,,0.17422867513611615,0.3399914089347079,,,1442,820
203,203,3,1,19,1,0,0,862,763,580,57,-1,,0.17422867513611615,0.3399914089347079,,,1442,820
204,204,4,1,19,1,1,0,862,763,357,26,-1,,0.1573653962492438,0.3333333333333333,,,1219,789
205,205,5,1,19,1,1,1,862,763,44,26,95,(72),0.1336963097398669,0.3333333333333333,,,906,789
206,206,5,1,19,1,1,2,923,765,89,18,93,Inventor:,0.14632486388384755,0.3324742268041237,,,1012,783
207,207,5,1,19,1,1,3,1022,765,82,18,96,"CLARK,",0.16076830006049606,0.3324742268041237,inventor_line_1,"CLARK,",1104,783
208,208,5,1,19,1,1,4,1106,765,113,21,96,Christian,0.17581669691470053,0.3331185567010309,inventor_line_1,Christian,1219,786
209,209,4,1,19,1,2,0,923,797,519,23,-1,,0.17884150030248033,0.3472938144329897,,,1442,820
210,210,5,1,19,1,2,1,923,797,79,22,96,"Bristol,",0.1455686630369026,0.3470790378006873,,,1002,819
211,211,5,1,19,1,2,2,1011,797,65,19,96,South,0.15781911675741075,0.34643470790378006,,,1076,816
212,212,5,1,19,1,2,3,1085,797,180,19,93,Gloucestershire,0.17770719903206292,0.34643470790378006,,,1265,816
213,213,5,1,19,1,2,4,1274,797,57,19,93,BS30,0.1969903206291591,0.34643470790378006,,,1331,816
214,214,5,1,19,1,2,5,1339,797,45,19,92,9SU,0.20591349062310949,0.34643470790378006,,,1384,816
215,215,5,1,19,1,2,6,1393,797,49,23,96,(GB),0.21438294010889292,0.3472938144329897,,,1442,820
216,216,2,1,20,0,0,0,862,861,514,123,-1,,0.1692377495462795,0.3962628865979381,,,1376,984
217,217,3,1,20,1,0,0,862,861,514,123,-1,,0.1692377495462795,0.3962628865979381,,,1376,984
218,218,4,1,20,1,1,0,862,861,514,26,-1,,0.1692377495462795,0.3754295532646048,,,1376,887
219,219,5,1,20,1,1,1,862,861,44,26,96,(74),0.1336963097398669,0.3754295532646048,,,906,887
220,220,5,1,20,1,1,2,923,863,163,23,93,Representative:,0.15192075015124018,0.3756443298969072,,,1086,886
221,221,5,1,20,1,1,3,1096,863,59,18,89,Boult,0.17022081064730793,0.3745704467353952,representative_line_1_eu,Boult,1155,881
222,222,5,1,20,1,1,4,1162,863,63,18,96,Wade,0.18050514216575922,0.3745704467353952,representative_line_1_eu,Wade,1225,881
223,223,5,1,20,1,1,5,1234,863,92,18,96,Tennant,0.19358741681790684,0.3745704467353952,representative_line_1_eu,Tennant,1326,881
224,224,5,1,20,1,1,6,1334,863,42,18,96,LLP,0.20493042952208107,0.3745704467353952,representative_line_1_eu,LLP,1376,881
225,225,4,1,20,1,2,0,921,895,197,19,-1,,0.154189352692075,0.38853092783505155,,,1118,914
226,226,5,1,20,1,2,1,921,895,93,19,96,Verulam,0.14632486388384755,0.38853092783505155,,,1014,914
227,227,5,1,20,1,2,2,1023,895,95,19,96,Gardens,0.1619026013309135,0.38853092783505155,,,1118,914
228,228,4,1,20,1,3,0,922,929,214,23,-1,,0.15562613430127042,0.40399484536082475,,,1136,952
229,229,5,1,20,1,3,1,922,929,24,18,92,70,0.1412583182093164,0.4029209621993127,,,946,947
230,230,5,1,20,1,3,2,955,929,72,23,92,Gray‚Äôs,0.1498790078644888,0.40399484536082475,,,1027,952
231,231,5,1,20,1,3,3,1037,929,32,18,96,Inn,0.15925589836660617,0.4029209621993127,,,1069,947
232,232,5,1,20,1,3,4,1079,929,57,18,96,Road,0.1674984875983061,0.4029209621993127,,,1136,947
233,233,4,1,20,1,4,0,923,961,270,23,-1,,0.1600120992135511,0.4177405498281787,,,1193,984
234,234,5,1,20,1,4,1,923,961,84,19,93,London,0.14594676346037508,0.4168814432989691,,,1007,980
235,235,5,1,20,1,4,2,1015,961,69,19,77,WC1X,0.1587265577737447,0.4168814432989691,,,1084,980
236,236,5,1,20,1,4,3,1092,961,28,19,92,8BT,0.16727162734422263,0.4168814432989691,,,1120,980
237,237,5,1,20,1,4,4,1122,961,71,23,96,(GB),0.1750604960677556,0.4177405498281787,,,1193,984
238,238,2,1,21,0,0,0,862,1027,99,18,-1,,0.13785541439806412,0.44501718213058417,,,961,1045
239,239,3,1,21,1,0,0,862,1027,99,18,-1,,0.13785541439806412,0.44501718213058417,,,961,1045
240,240,4,1,21,1,1,0,862,1027,99,18,-1,,0.13785541439806412,0.44501718213058417,,,961,1045
241,241,5,1,21,1,1,1,862,1027,99,18,96,Remarks:,0.13785541439806412,0.44501718213058417,,,961,1045
242,242,2,1,22,0,0,0,922,1059,522,85,-1,,0.17891712038717483,0.4731529209621993,,,1444,1144
243,243,3,1,22,1,0,0,922,1059,522,85,-1,,0.17891712038717483,0.4731529209621993,,,1444,1144
244,244,4,1,22,1,1,0,922,1059,477,23,-1,,0.17551421657592256,0.45983676975945015,,,1399,1082
245,245,5,1,22,1,1,1,922,1059,43,19,96,This,0.1426950998185118,0.45897766323024053,,,965,1078
246,246,5,1,22,1,1,2,974,1059,111,23,96,application,0.15570175438596492,0.45983676975945015,,,1085,1082
247,247,5,1,22,1,1,3,1093,1064,42,14,96,was,0.16848154869933454,0.46005154639175255,,,1135,1078
248,248,5,1,22,1,1,4,1142,1059,43,19,96,filed,0.17596793708408953,0.45897766323024053,,,1185,1078
249,249,5,1,22,1,1,5,1193,1064,25,14,96,on,0.1823200241984271,0.46005154639175255,,,1218,1078
250,250,5,1,22,1,1,6,1226,1059,121,19,96,25-06-2018,0.19457047791893528,0.45897766323024053,,,1347,1078
251,251,5,1,22,1,1,7,1356,1064,23,14,95,as,0.20682093163944343,0.46005154639175255,,,1379,1078
252,252,5,1,22,1,1,8,1388,1064,11,14,95,a,0.21075317604355717,0.46005154639175255,,,1399,1078
253,253,4,1,22,1,2,0,922,1092,522,23,-1,,0.17891712038717483,0.4740120274914089,,,1444,1115
254,254,5,1,22,1,2,1,922,1092,96,18,96,divisional,0.14670296430732002,0.4729381443298969,,,1018,1110
255,255,5,1,22,1,2,2,1027,1092,111,23,96,application,0.16371748336358136,0.4740120274914089,,,1138,1115
256,256,5,1,22,1,2,3,1147,1093,19,17,96,to,0.17490925589836662,0.4731529209621993,,,1166,1110
257,257,5,1,22,1,2,4,1174,1092,31,18,96,the,0.17990018148820328,0.4729381443298969,,,1205,1110
258,258,5,1,22,1,2,5,1214,1092,112,23,96,application,0.19207501512401695,0.4740120274914089,,,1326,1115
259,259,5,1,22,1,2,6,1336,1092,108,18,96,mentioned,0.2102238354506957,0.4729381443298969,,,1444,1110
260,260,4,1,22,1,3,0,923,1125,209,19,-1,,0.15539927404718692,0.48732817869415807,,,1132,1144
261,261,5,1,22,1,3,1,923,1125,59,19,93,under,0.1440562613430127,0.48732817869415807,,,982,1144
262,262,5,1,22,1,3,2,991,1125,45,19,92,INID,0.15328191167574107,0.48732817869415807,,,1036,1144
263,263,5,1,22,1,3,3,1044,1125,50,19,96,code,0.16167574107683,0.48732817869415807,,,1094,1144
264,264,5,1,22,1,3,4,1103,1125,29,19,96,62.,0.16901088929219601,0.48732817869415807,,,1132,1144
265,265,2,1,23,0,0,0,224,1177,1243,4,-1,,0.1278735632183908,0.5064432989690721,,,1467,1181
266,266,3,1,23,1,0,0,224,1177,1243,4,-1,,0.1278735632183908,0.5064432989690721,,,1467,1181
267,267,4,1,23,1,1,0,224,1177,1243,4,-1,,0.1278735632183908,0.5064432989690721,,,1467,1181
268,268,5,1,23,1,1,1,224,1177,1243,4,95, ,0.1278735632183908,0.5064432989690721,,,1467,1181
269,269,2,1,24,0,0,0,224,1198,584,652,-1,,0.0780399274047187,0.654639175257732,,,808,1850
270,270,3,1,24,1,0,0,224,1198,584,652,-1,,0.0780399274047187,0.654639175257732,,,808,1850
271,271,4,1,24,1,1,0,225,1198,569,26,-1,,0.07705686630369026,0.5201890034364262,,,794,1224
272,272,5,1,24,1,1,1,225,1198,45,26,90,(54),0.037431941923774956,0.5201890034364262,,,270,1224
273,273,5,1,24,1,1,2,316,1198,213,21,87,IMPROVEMENTS,0.06389897156684815,0.5191151202749141,title_line_1,IMPROVEMENTS,529,1219
274,274,5,1,24,1,1,3,539,1198,23,20,92,IN,0.08325771324863884,0.5189003436426117,title_line_1,IN,562,1218
275,275,5,1,24,1,1,4,571,1198,223,21,91,WATERMARKING,0.10322141560798548,0.5191151202749141,title_line_1,WATERMARKING,794,1219
276,276,4,1,24,1,2,0,225,1272,582,26,-1,,0.0780399274047187,0.5519759450171822,,,807,1298
277,277,5,1,24,1,2,1,225,1272,45,26,92,(57),0.037431941923774956,0.5519759450171822,,,270,1298
278,278,5,1,24,1,2,2,315,1274,39,18,38,The,0.05058983666061706,0.5511168384879725,,,354,1292
279,279,5,1,24,1,2,3,364,1274,92,18,96,invention,0.062008469449485785,0.5511168384879725,,,456,1292
280,280,5,1,24,1,2,4,466,1274,70,18,96,relates,0.07577132486388385,0.5511168384879725,,,536,1292
281,281,5,1,24,1,2,5,544,1274,18,18,95,to,0.08363581367211131,0.5511168384879725,,,562,1292
282,282,5,1,24,1,2,6,571,1278,11,14,95,a,0.08718995765275257,0.5519759450171822,,,582,1292
283,283,5,1,24,1,2,7,590,1274,111,18,96,watermark,0.09762552934059286,0.5511168384879725,,,701,1292
284,284,5,1,24,1,2,8,708,1274,99,18,96,formation,0.11456442831215971,0.5511168384879725,,,807,1292
285,285,4,1,24,1,3,0,225,1306,582,23,-1,,0.0780399274047187,0.5659364261168385,,,807,1329
286,286,5,1,24,1,3,1,225,1306,76,19,96,element,0.03977616454930429,0.5650773195876289,,,301,1325
287,287,5,1,24,1,3,2,303,1306,43,19,97,for,0.04907743496672716,0.5650773195876289,,,346,1325
288,288,5,1,24,1,3,3,353,1306,79,23,93,forming,0.05936176648517846,0.5659364261168385,,,432,1329
289,289,5,1,24,1,3,4,443,1306,107,19,87,multi-tonal,0.0750907441016334,0.5650773195876289,,,550,1325
290,290,5,1,24,1,3,5,560,1306,122,19,96,watermarks,0.09392014519056262,0.5650773195876289,,,682,1325
291,291,5,1,24,1,3,6,693,1306,16,19,96,in,0.1060193587416818,0.5650773195876289,,,709,1325
292,292,5,1,24,1,3,7,720,1311,64,18,95,"paper,",0.11373260738052027,0.5670103092783505,,,784,1329
293,293,5,1,24,1,3,8,796,1311,11,14,96,a,0.12121899576527526,0.5661512027491409,,,807,1325
294,294,4,1,24,1,4,0,225,1339,582,23,-1,,0.0780399274047187,0.5801116838487973,,,807,1362
295,295,5,1,24,1,4,1,225,1339,82,23,95,cylinder,0.040229885057471264,0.5801116838487973,,,307,1362
296,296,5,1,24,1,4,2,316,1339,61,18,96,mould,0.05240471869328494,0.5790378006872853,,,377,1357
297,297,5,1,24,1,4,3,387,1344,57,13,96,cover,0.06284029038112522,0.5801116838487973,,,444,1357
298,298,5,1,24,1,4,4,453,1339,113,23,96,comprising,0.07705686630369026,0.5801116838487973,,,566,1362
299,299,5,1,24,1,4,5,576,1339,48,18,96,such,0.09074410163339383,0.5790378006872853,,,624,1357
300,300,5,1,24,1,4,6,634,1344,11,13,96,a,0.09671808832425892,0.5801116838487973,,,645,1357
301,301,5,1,24,1,4,7,653,1340,99,17,93,watermark,0.10624621899576528,0.5792525773195877,,,752,1357
302,302,5,1,24,1,4,8,755,1339,52,18,92,for-,0.11811857229280097,0.5790378006872853,,,807,1357
303,303,4,1,24,1,5,0,226,1372,582,23,-1,,0.07819116757410768,0.594286941580756,,,808,1395
304,304,5,1,24,1,5,1,226,1372,68,19,96,mation,0.03932244404113733,0.5934278350515464,,,294,1391
305,305,5,1,24,1,5,2,307,1372,89,22,96,"element,",0.05316091954022988,0.5940721649484536,,,396,1394
306,306,5,1,24,1,5,3,410,1377,10,14,96,a,0.06276467029643074,0.5945017182130584,,,420,1391
307,307,5,1,24,1,5,4,434,1372,77,19,96,method,0.07146098003629764,0.5934278350515464,,,511,1391
308,308,5,1,24,1,5,5,523,1372,20,19,96,of,0.08061101028433151,0.5934278350515464,,,543,1391
309,309,5,1,24,1,5,6,555,1372,74,23,96,making,0.08953418027828192,0.594286941580756,,,629,1395
310,310,5,1,24,1,5,7,641,1372,49,19,96,such,0.10065033272837265,0.5934278350515464,,,690,1391
311,311,5,1,24,1,5,8,703,1377,11,14,96,a,0.10715366001209921,0.5945017182130584,,,714,1391
312,312,5,1,24,1,5,9,727,1372,81,23,95,cylinder,0.11607683000604961,0.594286941580756,,,808,1395
313,313,4,1,24,1,6,0,226,1405,581,23,-1,,0.07811554748941318,0.6084621993127147,,,807,1428
314,314,5,1,24,1,6,1,226,1405,61,18,95,mould,0.03879310344827586,0.6073883161512027,,,287,1423
315,315,5,1,24,1,6,2,299,1410,62,17,96,"cover,",0.0499092558983666,0.6093213058419243,,,361,1427
316,316,5,1,24,1,6,3,373,1410,12,13,96,a,0.057320024198427105,0.6084621993127147,,,385,1423
317,317,5,1,24,1,6,4,397,1405,76,18,96,method,0.06578947368421052,0.6073883161512027,,,473,1423
318,318,5,1,24,1,6,5,484,1405,20,18,95,of,0.07471264367816093,0.6073883161512027,,,504,1423
319,319,5,1,24,1,6,6,514,1405,74,23,96,making,0.08333333333333333,0.6084621993127147,,,588,1428
320,320,5,1,24,1,6,7,600,1410,60,18,96,paper,0.09528130671506352,0.6095360824742269,,,660,1428
321,321,5,1,24,1,6,8,670,1405,54,23,96,using,0.10541439806412584,0.6084621993127147,,,724,1428
322,322,5,1,24,1,6,9,735,1405,49,18,96,such,0.11486690865093768,0.6073883161512027,,,784,1423
323,323,5,1,24,1,6,10,795,1410,12,13,96,a,0.12114337568058076,0.6084621993127147,,,807,1423
324,324,4,1,24,1,7,0,225,1438,582,23,-1,,0.0780399274047187,0.6226374570446735,,,807,1461
325,325,5,1,24,1,7,1,225,1438,82,23,96,cylinder,0.040229885057471264,0.6226374570446735,,,307,1461
326,326,5,1,24,1,7,2,315,1438,61,18,96,mould,0.052253478523895946,0.6215635738831615,,,376,1456
327,327,5,1,24,1,7,3,385,1442,57,14,96,cover,0.06253781004234725,0.6224226804123711,,,442,1456
328,328,5,1,24,1,7,4,450,1438,38,18,96,and,0.07093163944343618,0.6215635738831615,,,488,1456
329,329,5,1,24,1,7,5,497,1442,60,19,96,paper,0.07970356926799758,0.6234965635738832,,,557,1461
330,330,5,1,24,1,7,6,565,1438,57,18,96,made,0.0897610405323654,0.6215635738831615,,,622,1456
331,331,5,1,24,1,7,7,630,1438,83,23,96,thereby.,0.10155777374470659,0.6226374570446735,,,713,1461
332,332,5,1,24,1,7,8,722,1438,40,18,93,The,0.11222020568663037,0.6215635738831615,,,762,1456
333,333,5,1,24,1,7,9,769,1442,38,14,92,wa-,0.1191772534785239,0.6224226804123711,,,807,1456
334,334,4,1,24,1,8,0,225,1470,582,23,-1,,0.0780399274047187,0.6363831615120275,,,807,1493
335,335,5,1,24,1,8,1,225,1470,80,19,92,termark,0.04007864488808228,0.6355240549828178,,,305,1489
336,336,5,1,24,1,8,2,311,1470,98,19,96,formation,0.0544464609800363,0.6355240549828178,,,409,1489
337,337,5,1,24,1,8,3,417,1470,85,19,96,element,0.06949485783424078,0.6355240549828178,,,502,1489
338,338,5,1,24,1,8,4,510,1470,35,19,96,has,0.07977918935269207,0.6355240549828178,,,545,1489
339,339,5,1,24,1,8,5,552,1475,25,14,95,an,0.0853750756200847,0.6365979381443299,,,577,1489
340,340,5,1,24,1,8,6,587,1470,102,23,96,integrated,0.09649122807017543,0.6363831615120275,,,689,1493
341,341,5,1,24,1,8,7,699,1470,50,23,92,body,0.10949788263762855,0.6363831615120275,,,749,1493
342,342,5,1,24,1,8,8,756,1475,51,14,92,com-,0.11819419237749547,0.6365979381443299,,,807,1489
343,343,4,1,24,1,9,0,226,1503,582,23,-1,,0.07819116757410768,0.6505584192439863,,,808,1526
344,344,5,1,24,1,9,1,226,1503,67,23,96,prising,0.03924682395644283,0.6505584192439863,,,293,1526
345,345,5,1,24,1,9,2,303,1508,12,13,96,a,0.04673321234119782,0.6505584192439863,,,315,1521
346,346,5,1,24,1,9,3,323,1503,112,18,96,watermark,0.057320024198427105,0.6494845360824743,,,435,1521
347,347,5,1,24,1,9,4,443,1503,78,23,96,forming,0.07289776164549304,0.6505584192439863,,,521,1526
348,348,5,1,24,1,9,5,532,1503,81,22,96,"surface,",0.08658499697519662,0.6503436426116839,,,613,1525
349,349,5,1,24,1,9,6,623,1503,60,18,96,which,0.09875983061101029,0.6494845360824743,,,683,1521
350,350,5,1,24,1,9,7,694,1503,36,18,96,has,0.10768300060496068,0.6494845360824743,,,730,1521
351,351,5,1,24,1,9,8,739,1508,39,13,96,one,0.1147156684815487,0.6505584192439863,,,778,1521
352,352,5,1,24,1,9,9,787,1508,21,13,96,or,0.1206140350877193,0.6505584192439863,,,808,1521
353,353,4,1,24,1,10,0,226,1536,581,23,-1,,0.07811554748941318,0.664733676975945,,,807,1559
354,354,5,1,24,1,10,1,226,1540,52,14,96,more,0.038112522686025406,0.6645189003436426,,,278,1554
355,355,5,1,24,1,10,2,288,1536,111,18,96,watermark,0.05195099818511797,0.663659793814433,,,399,1554
356,356,5,1,24,1,10,3,409,1536,78,23,96,forming,0.0677555958862674,0.664733676975945,,,487,1559
357,357,5,1,24,1,10,4,499,1536,82,23,96,"regions,",0.08166969147005444,0.664733676975945,,,581,1559
358,358,5,1,24,1,10,5,593,1536,38,18,96,and,0.0925589836660617,0.663659793814433,,,631,1554
359,359,5,1,24,1,10,6,643,1540,11,14,95,a,0.09807924984875983,0.6645189003436426,,,654,1554
360,360,5,1,24,1,10,7,665,1536,91,23,92,drainage,0.1074561403508772,0.664733676975945,,,756,1559
361,361,5,1,24,1,10,8,768,1540,39,14,91,sur-,0.1191016333938294,0.6645189003436426,,,807,1554
362,362,4,1,24,1,11,0,224,1569,584,23,-1,,0.0780399274047187,0.6789089347079038,,,808,1592
363,363,5,1,24,1,11,1,224,1569,50,21,96,"face,",0.03765880217785844,0.678479381443299,,,274,1590
364,364,5,1,24,1,11,2,280,1569,42,18,96,said,0.0455232909860859,0.6778350515463918,,,322,1587
365,365,5,1,24,1,11,3,327,1569,112,18,91,watermark,0.05792498487598306,0.6778350515463918,,,439,1587
366,366,5,1,24,1,11,4,442,1569,99,18,91,formation,0.07433454325468844,0.6778350515463918,,,541,1587
367,367,5,1,24,1,11,5,546,1569,85,18,88,element,0.08900483968542044,0.6778350515463918,,,631,1587
368,368,5,1,24,1,11,6,636,1569,67,23,88,having,0.10125529340592862,0.6789089347079038,,,703,1592
369,369,5,1,24,1,11,7,710,1574,11,13,93,a,0.10821234119782214,0.6789089347079038,,,721,1587
370,370,5,1,24,1,11,8,727,1569,81,23,93,plurality,0.11607683000604961,0.6789089347079038,,,808,1592
371,371,4,1,24,1,12,0,225,1602,582,23,-1,,0.0780399274047187,0.6930841924398625,,,807,1625
372,372,5,1,24,1,12,1,225,1602,20,18,96,of,0.035541439806412584,0.6920103092783505,,,245,1620
373,373,5,1,24,1,12,2,251,1602,91,23,96,drainage,0.04484271022383545,0.6930841924398625,,,342,1625
374,374,5,1,24,1,12,3,350,1602,94,18,96,channels,0.06004234724742892,0.6920103092783505,,,444,1620
375,375,5,1,24,1,12,4,451,1602,102,23,96,extending,0.07592256503327284,0.6930841924398625,,,553,1625
376,376,5,1,24,1,12,5,560,1602,46,18,96,from,0.088173018753781,0.6920103092783505,,,606,1620
377,377,5,1,24,1,12,6,614,1602,48,18,96,front,0.09649122807017543,0.6920103092783505,,,662,1620
378,378,5,1,24,1,12,7,669,1602,76,18,93,surface,0.10692679975801572,0.6920103092783505,,,745,1620
379,379,5,1,24,1,12,8,753,1606,54,19,93,aper-,0.11796733212341198,0.6939432989690721,,,807,1625
380,380,4,1,24,1,13,0,225,1634,582,23,-1,,0.0780399274047187,0.7068298969072165,,,807,1657
381,381,5,1,24,1,13,1,225,1635,52,18,96,tures,0.03796128251663642,0.7061855670103093,,,277,1653
382,382,5,1,24,1,13,2,287,1634,15,19,96,in,0.04454022988505747,0.7059707903780069,,,302,1653
383,383,5,1,24,1,13,3,312,1634,32,19,96,the,0.049606775559588624,0.7059707903780069,,,344,1653
384,384,5,1,24,1,13,4,353,1634,111,19,96,watermark,0.0617816091954023,0.7059707903780069,,,464,1653
385,385,5,1,24,1,13,5,472,1634,78,23,96,forming,0.07728372655777374,0.7068298969072165,,,550,1657
386,386,5,1,24,1,13,6,560,1634,77,19,96,surface,0.09051724137931035,0.7059707903780069,,,637,1653
387,387,5,1,24,1,13,7,647,1635,18,18,96,to,0.09921355111917725,0.7061855670103093,,,665,1653
388,388,5,1,24,1,13,8,674,1634,32,19,96,the,0.10435571687840291,0.7059707903780069,,,706,1653
389,389,5,1,24,1,13,9,716,1634,91,23,96,drainage,0.11516938898971567,0.7068298969072165,,,807,1657
390,390,4,1,24,1,14,0,225,1667,581,23,-1,,0.0779643073200242,0.7210051546391752,,,806,1690
391,391,5,1,24,1,14,1,225,1667,82,18,95,surface.,0.040229885057471264,0.7199312714776632,,,307,1685
392,392,5,1,24,1,14,2,316,1667,40,18,96,The,0.050816696914700546,0.7199312714776632,,,356,1685
393,393,5,1,24,1,14,3,363,1667,51,23,96,shape,0.058756805807622506,0.7210051546391752,,,414,1690
394,394,5,1,24,1,14,4,416,1667,42,22,96,"of,",0.06609195402298851,0.7207903780068728,,,458,1689
395,395,5,1,24,1,14,5,468,1667,40,18,97,size,0.07380520266182698,0.7199312714776632,,,508,1685
396,396,5,1,24,1,14,6,516,1667,24,22,96,"of,",0.07985480943738657,0.7207903780068728,,,540,1689
397,397,5,1,24,1,14,7,549,1667,67,18,96,and/or,0.08809739866908652,0.7199312714776632,,,616,1685
398,398,5,1,24,1,14,8,623,1667,80,23,96,spacing,0.10027223230490018,0.7210051546391752,,,703,1690
399,399,5,1,24,1,14,9,712,1667,94,22,96,"between,",0.1147912885662432,0.7207903780068728,,,806,1689
400,400,4,1,24,1,15,0,225,1700,581,23,-1,,0.0779643073200242,0.7351804123711341,,,806,1723
401,401,5,1,24,1,15,1,225,1700,31,18,97,the,0.03637326073805203,0.7341065292096219,,,256,1718
402,402,5,1,24,1,15,2,265,1700,49,18,97,front,0.04378402903811252,0.7341065292096219,,,314,1718
403,403,5,1,24,1,15,3,322,1700,77,18,96,surface,0.05452208106473079,0.7341065292096219,,,399,1718
404,404,5,1,24,1,15,4,409,1700,99,23,96,apertures,0.06934361766485178,0.7351804123711341,,,508,1723
405,405,5,1,24,1,15,5,519,1700,15,18,96,in,0.07962794918330308,0.7341065292096219,,,534,1718
406,406,5,1,24,1,15,6,545,1704,12,14,96,a,0.08333333333333333,0.7349656357388317,,,557,1718
407,407,5,1,24,1,15,7,566,1700,55,23,96,given,0.0897610405323654,0.7351804123711341,,,621,1723
408,408,5,1,24,1,15,8,633,1700,100,18,96,horizontal,0.10329703569267998,0.7341065292096219,,,733,1718
409,409,5,1,24,1,15,9,744,1700,62,23,96,"plane,",0.11721113127646703,0.7351804123711341,,,806,1723
410,410,4,1,24,1,16,0,224,1732,583,23,-1,,0.0779643073200242,0.748926116838488,,,807,1755
411,411,5,1,24,1,16,1,224,1732,48,19,96,which,0.03750756200846945,0.7480670103092784,,,272,1751
412,412,5,1,24,1,16,2,274,1732,34,19,96,is,0.04401088929219601,0.7480670103092784,,,308,1751
413,413,5,1,24,1,16,3,317,1732,74,23,95,parallel,0.05353901996370236,0.748926116838488,,,391,1755
414,414,5,1,24,1,16,4,399,1733,19,18,96,to,0.0617816091954023,0.7482817869415808,,,418,1751
415,415,5,1,24,1,16,5,426,1732,31,19,96,the,0.06677253478523897,0.7480670103092784,,,457,1751
416,416,5,1,24,1,16,6,465,1732,91,23,96,drainage,0.07720810647307925,0.748926116838488,,,556,1755
417,417,5,1,24,1,16,7,564,1732,77,19,96,"surface,",0.0911222020568663,0.7480670103092784,,,641,1751
418,418,5,1,24,1,16,8,644,1732,27,22,97,is,0.09944041137326073,0.7487113402061856,,,671,1754
419,419,5,1,24,1,16,9,679,1732,63,19,96,varied,0.1074561403508772,0.7480670103092784,,,742,1751
420,420,5,1,24,1,16,10,751,1732,16,19,96,in,0.1147912885662432,0.7480670103092784,,,767,1751
421,421,5,1,24,1,16,11,775,1732,32,19,96,the,0.11963097398669087,0.7480670103092784,,,807,1751
422,422,4,1,24,1,17,0,225,1766,582,23,-1,,0.0780399274047187,0.7635309278350515,,,807,1789
423,423,5,1,24,1,17,1,225,1770,38,14,94,one,0.03690260133091349,0.7633161512027491,,,263,1784
424,424,5,1,24,1,17,2,272,1770,21,14,95,or,0.04272534785238959,0.7633161512027491,,,293,1784
425,425,5,1,24,1,17,3,302,1770,52,14,96,more,0.049606775559588624,0.7633161512027491,,,354,1784
426,426,5,1,24,1,17,4,362,1766,112,18,96,watermark,0.06321839080459771,0.7624570446735395,,,474,1784
427,427,5,1,24,1,17,5,482,1766,78,23,96,forming,0.07879612825166364,0.7635309278350515,,,560,1789
428,428,5,1,24,1,17,6,570,1766,76,23,96,regions,0.09195402298850575,0.7635309278350515,,,646,1789
429,429,5,1,24,1,17,7,655,1766,18,18,96,to,0.10042347247428918,0.7624570446735395,,,673,1784
430,430,5,1,24,1,17,8,683,1766,64,18,96,create,0.10813672111312765,0.7624570446735395,,,747,1784
431,431,5,1,24,1,17,9,756,1766,51,18,96,tonal,0.11819419237749547,0.7624570446735395,,,807,1784
432,432,4,1,24,1,18,0,225,1799,582,23,-1,,0.0780399274047187,0.7777061855670103,,,807,1822
433,433,5,1,24,1,18,1,225,1799,88,18,96,variation,0.040683605565638235,0.7766323024054983,,,313,1817
434,434,5,1,24,1,18,2,325,1799,15,18,96,in,0.05028735632183908,0.7766323024054983,,,340,1817
435,435,5,1,24,1,18,3,352,1803,59,19,96,paper,0.05769812462189958,0.7785652920962199,,,411,1822
436,436,5,1,24,1,18,4,419,1799,73,18,96,formed,0.06888989715668481,0.7766323024054983,,,492,1817
437,437,5,1,24,1,18,5,502,1803,25,14,96,on,0.07781306715063521,0.7774914089347079,,,527,1817
438,438,5,1,24,1,18,6,537,1799,42,18,96,said,0.08439201451905626,0.7766323024054983,,,579,1817
439,439,5,1,24,1,18,7,589,1799,111,18,96,watermark,0.09747428917120388,0.7766323024054983,,,700,1817
440,440,5,1,24,1,18,8,708,1799,99,18,96,formation,0.11456442831215971,0.7766323024054983,,,807,1817
441,441,4,1,24,1,19,0,225,1831,89,19,-1,,0.04075922565033273,0.7905927835051546,,,314,1850
442,442,5,1,24,1,19,1,225,1831,89,19,96,element.,0.04075922565033273,0.7905927835051546,,,314,1850
443,443,2,1,25,0,0,0,933,1302,482,583,-1,,0.17755595886267392,0.6844931271477663,,,1415,1885
444,444,3,1,25,1,0,0,933,1302,482,583,-1,,0.17755595886267392,0.6844931271477663,,,1415,1885
445,445,4,1,25,1,1,0,933,1302,482,583,-1,,0.17755595886267392,0.6844931271477663,,,1415,1885
446,446,5,1,25,1,1,1,933,1302,482,583,95, ,0.17755595886267392,0.6844931271477663,,,1415,1885
447,447,2,1,26,0,0,0,716,2270,259,16,-1,,0.1278735632183908,0.9785223367697594,,,975,2286
448,448,3,1,26,1,0,0,716,2270,259,16,-1,,0.1278735632183908,0.9785223367697594,,,975,2286
449,449,4,1,26,1,1,0,716,2270,259,16,-1,,0.1278735632183908,0.9785223367697594,,,975,2286
450,450,5,1,26,1,1,1,716,2270,49,12,96,Printed,0.11199334543254688,0.9776632302405498,,,765,2282
451,451,5,1,26,1,1,2,771,2270,15,16,96,by,0.1177404718693285,0.9785223367697594,,,786,2286
452,452,5,1,26,1,1,3,792,2270,45,14,96,"Jouve,",0.12318511796733213,0.9780927835051546,,,837,2284
453,453,5,1,26,1,1,4,843,2270,41,12,96,75001,0.13059588626739263,0.9776632302405498,,,884,2282
454,454,5,1,26,1,1,5,893,2270,46,12,96,PARIS,0.1385359951603146,0.9776632302405498,,,939,2282
455,455,5,1,26,1,1,6,945,2270,30,16,95,(FR),0.14519056261343014,0.9785223367697594,,,975,2286
