,Unnamed: 0,level,page_num,block_num,par_num,line_num,word_num,left,top,width,height,conf,text,x,y,label,target,right,bottom
0,0,1,1,0,0,0,0,0,0,1653,2328,-1,,0.125,0.5,,,1653,2328
1,1,2,1,1,0,0,0,144,1905,31,328,-1,,0.02412280701754386,0.8887457044673539,,,175,2233
2,2,3,1,1,1,0,0,144,1905,31,328,-1,,0.02412280701754386,0.8887457044673539,,,175,2233
3,3,4,1,1,1,1,0,144,1905,31,328,-1,,0.02412280701754386,0.8887457044673539,,,175,2233
4,4,5,1,1,1,1,1,144,2179,30,54,96,EP,0.024047186932849365,0.947594501718213,,,174,2233
5,5,5,1,1,1,1,2,144,2142,31,21,96,3,0.02412280701754386,0.9246134020618557,,,175,2163
6,6,5,1,1,1,1,3,144,2056,31,70,95,400,0.02412280701754386,0.8981958762886598,,,175,2126
7,7,5,1,1,1,1,4,144,1969,31,71,91,947,0.02412280701754386,0.8610395189003437,,,175,2040
8,8,5,1,1,1,1,5,144,1905,30,50,90,A1,0.024047186932849365,0.8290378006872853,,,174,1955
9,9,2,1,2,0,0,0,429,153,88,28,-1,,0.07153660012099214,0.07173539518900343,,,517,181
10,10,3,1,2,1,0,0,429,153,88,28,-1,,0.07153660012099214,0.07173539518900343,,,517,181
11,11,4,1,2,1,1,0,429,153,88,16,-1,,0.07153660012099214,0.06915807560137457,,,517,169
12,12,5,1,2,1,1,1,429,153,88,16,84,Europaisches,0.07153660012099214,0.06915807560137457,,,517,169
13,13,4,1,2,1,2,0,429,170,71,11,-1,,0.07025105868118572,0.07538659793814433,,,500,181
14,14,5,1,2,1,2,1,429,170,71,11,96,Patentamt,0.07025105868118572,0.07538659793814433,,,500,181
15,15,2,1,3,0,0,0,429,196,89,28,-1,,0.07161222020568662,0.09020618556701031,,,518,224
16,16,3,1,3,1,0,0,429,196,89,28,-1,,0.07161222020568662,0.09020618556701031,,,518,224
17,17,4,1,3,1,1,0,429,196,63,15,-1,,0.06964609800362977,0.08741408934707903,,,492,211
18,18,5,1,3,1,1,1,429,196,63,15,95,European,0.06964609800362977,0.08741408934707903,,,492,211
19,19,4,1,3,1,2,0,429,212,89,12,-1,,0.07161222020568662,0.0936426116838488,,,518,224
20,20,5,1,3,1,2,1,429,213,43,11,96,Patent,0.06813369630973987,0.0938573883161512,,,472,224
21,21,5,1,3,1,2,2,478,212,40,12,90,Office,0.07531760435571688,0.0936426116838488,,,518,224
22,22,2,1,4,0,0,0,429,239,109,28,-1,,0.07312462189957653,0.10867697594501718,,,538,267
23,23,3,1,4,1,0,0,429,239,109,28,-1,,0.07312462189957653,0.10867697594501718,,,538,267
24,24,4,1,4,1,1,0,429,239,109,15,-1,,0.07312462189957653,0.10588487972508591,,,538,254
25,25,5,1,4,1,1,1,429,239,40,12,93,Office,0.06790683605565638,0.1052405498281787,,,469,251
26,26,5,1,4,1,1,2,474,239,64,15,93,europ√©en,0.0765275257108288,0.10588487972508591,,,538,254
27,27,4,1,4,1,2,0,429,255,77,12,-1,,0.0707047791893527,0.11211340206185567,,,506,267
28,28,5,1,4,1,2,1,429,255,22,12,95,des,0.06654567453115548,0.11211340206185567,,,451,267
29,29,5,1,4,1,2,2,457,255,49,12,82,brevets,0.07282214156079855,0.11211340206185567,,,506,267
30,30,2,1,5,0,0,0,281,136,274,150,-1,,0.06321839080459771,0.09063573883161512,,,555,286
31,31,3,1,5,1,0,0,281,136,274,150,-1,,0.06321839080459771,0.09063573883161512,,,555,286
32,32,4,1,5,1,1,0,281,136,274,150,-1,,0.06321839080459771,0.09063573883161512,,,555,286
33,33,5,1,5,1,1,1,281,136,274,150,95, ,0.06321839080459771,0.09063573883161512,,,555,286
34,34,2,1,6,0,0,0,225,324,45,26,-1,,0.037431941923774956,0.14475945017182132,,,270,350
35,35,3,1,6,1,0,0,225,324,45,26,-1,,0.037431941923774956,0.14475945017182132,,,270,350
36,36,4,1,6,1,1,0,225,324,45,26,-1,,0.037431941923774956,0.14475945017182132,,,270,350
37,37,5,1,6,1,1,1,225,324,45,26,96,(12),0.037431941923774956,0.14475945017182132,,,270,350
38,38,2,1,7,0,0,0,225,395,378,53,-1,,0.06261343012704174,0.18105670103092783,,,603,448
39,39,3,1,7,1,0,0,225,395,378,53,-1,,0.06261343012704174,0.18105670103092783,,,603,448
40,40,4,1,7,1,1,0,225,395,262,26,-1,,0.05384150030248034,0.17525773195876287,,,487,421
41,41,5,1,7,1,1,1,225,395,45,26,95,(43),0.037431941923774956,0.17525773195876287,,,270,421
42,42,5,1,7,1,1,2,286,397,48,18,95,Date,0.04688445251058681,0.17439862542955326,,,334,415
43,43,5,1,7,1,1,3,342,397,20,18,96,of,0.05323653962492438,0.17439862542955326,,,362,415
44,44,5,1,7,1,1,4,370,397,117,23,96,publication:,0.0648064125831821,0.17547250859106528,,,487,420
45,45,4,1,7,1,2,0,287,430,316,18,-1,,0.06730187537810042,0.18857388316151202,,,603,448
46,46,5,1,7,1,2,1,287,430,116,18,95,14.11.2018,0.052177858439201454,0.18857388316151202,publication_date,14.11.2018,403,448
47,47,5,1,7,1,2,2,426,430,84,18,95,Bulletin,0.07078039927404718,0.18857388316151202,,,510,448
48,48,5,1,7,1,2,3,519,430,84,18,96,2018/46,0.08484573502722323,0.18857388316151202,,,603,448
49,49,2,1,8,0,0,0,225,493,402,26,-1,,0.06442831215970962,0.21735395189003437,,,627,519
50,50,3,1,8,1,0,0,225,493,402,26,-1,,0.06442831215970962,0.21735395189003437,,,627,519
51,51,4,1,8,1,1,0,225,493,402,26,-1,,0.06442831215970962,0.21735395189003437,,,627,519
52,52,5,1,8,1,1,1,225,493,45,26,95,(21),0.037431941923774956,0.21735395189003437,,,270,519
53,53,5,1,8,1,1,2,285,495,115,23,96,Application,0.051799758015728975,0.21756872852233677,,,400,518
54,54,5,1,8,1,1,3,410,495,83,18,93,number:,0.06828493647912885,0.21649484536082475,,,493,513
55,55,5,1,8,1,1,4,505,495,122,18,92,18179911.5,0.08560193587416817,0.21649484536082475,application_number,18179911.5,627,513
56,56,2,1,9,0,0,0,225,559,325,26,-1,,0.05860556563823351,0.24570446735395188,,,550,585
57,57,3,1,9,1,0,0,225,559,325,26,-1,,0.05860556563823351,0.24570446735395188,,,550,585
58,58,4,1,9,1,1,0,225,559,325,26,-1,,0.05860556563823351,0.24570446735395188,,,550,585
59,59,5,1,9,1,1,1,225,559,45,26,96,(22),0.037431941923774956,0.24570446735395188,,,270,585
60,60,5,1,9,1,1,2,286,561,48,18,96,Date,0.04688445251058681,0.24484536082474226,,,334,579
61,61,5,1,9,1,1,3,342,566,12,13,96,of,0.05263157894736842,0.24591924398625428,,,354,579
62,62,5,1,9,1,1,4,355,561,67,23,95,filing:,0.058756805807622506,0.24591924398625428,,,422,584
63,63,5,1,9,1,1,5,433,561,117,18,95,14.02.2014,0.07433454325468844,0.24484536082474226,filing_date,14.02.2014,550,579
64,64,2,1,10,0,0,0,1002,245,458,38,-1,,0.18617664851784635,0.1134020618556701,,,1460,283
65,65,3,1,10,1,0,0,1002,245,458,38,-1,,0.18617664851784635,0.1134020618556701,,,1460,283
66,66,4,1,10,1,1,0,1002,245,458,38,-1,,0.18617664851784635,0.1134020618556701,,,1460,283
67,67,5,1,10,1,1,1,1002,256,44,27,74,(11),0.15486993345432548,0.11576460481099657,,,1046,283
68,68,5,1,10,1,1,2,1146,245,52,32,96,EP,0.17725347852389595,0.11211340206185567,number,EP,1198,277
69,69,5,1,10,1,1,3,1214,245,20,32,96,3,0.1851179673321234,0.11211340206185567,number,3,1234,277
70,70,5,1,10,1,1,4,1248,245,68,32,95,400,0.1938898971566848,0.11211340206185567,number,400,1316,277
71,71,5,1,10,1,1,5,1331,245,68,32,93,947,0.20644283121597096,0.11211340206185567,number,947,1399,277
72,72,5,1,10,1,1,6,1413,245,47,32,91,A1,0.21725650332728372,0.11211340206185567,number,A1,1460,277
73,73,2,1,11,0,0,0,1310,142,48,67,-1,,0.20175438596491227,0.07538659793814433,,,1358,209
74,74,3,1,11,1,0,0,1310,142,48,67,-1,,0.20175438596491227,0.07538659793814433,,,1358,209
75,75,4,1,11,1,1,0,1310,142,48,67,-1,,0.20175438596491227,0.07538659793814433,,,1358,209
76,76,5,1,11,1,1,1,1310,142,48,67,95, ,0.20175438596491227,0.07538659793814433,,,1358,209
77,77,2,1,12,0,0,0,577,319,537,26,-1,,0.1278735632183908,0.14261168384879724,,,1114,345
78,78,3,1,12,1,0,0,577,319,537,26,-1,,0.1278735632183908,0.14261168384879724,,,1114,345
79,79,4,1,12,1,1,0,577,319,537,26,-1,,0.1278735632183908,0.14261168384879724,,,1114,345
80,80,5,1,12,1,1,1,577,319,156,26,95,EUROPEAN,0.09906231094978826,0.14261168384879724,,,733,345
81,81,5,1,12,1,1,2,735,320,135,24,95,PATENT,0.12137023593466424,0.14261168384879724,,,870,344
82,82,5,1,12,1,1,3,873,319,241,26,96,APPLICATION,0.1502571082879613,0.14261168384879724,,,1114,345
83,83,2,1,13,0,0,0,862,395,126,26,-1,,0.13989715668481548,0.17525773195876287,,,988,421
84,84,3,1,13,1,0,0,862,395,126,26,-1,,0.13989715668481548,0.17525773195876287,,,988,421
85,85,4,1,13,1,1,0,862,395,126,26,-1,,0.13989715668481548,0.17525773195876287,,,988,421
86,86,5,1,13,1,1,1,862,395,44,26,67,(51),0.1336963097398669,0.17525773195876287,,,906,421
87,87,5,1,13,1,1,2,923,397,25,18,93,Int,0.1414851784633999,0.17439862542955326,,,948,415
88,88,5,1,13,1,1,3,955,397,33,18,65,Cl:,0.14692982456140352,0.17439862542955326,,,988,415
89,89,2,1,14,0,0,0,921,425,484,21,-1,,0.17589231699939503,0.1870704467353952,,,1405,446
90,90,3,1,14,1,0,0,921,425,484,21,-1,,0.17589231699939503,0.1870704467353952,,,1405,446
91,91,4,1,14,1,1,0,921,425,484,21,-1,,0.17589231699939503,0.1870704467353952,,,1405,446
92,92,5,1,14,1,1,1,921,428,63,18,66,A61K,0.1440562613430127,0.1877147766323024,class_international,A61K,984,446
93,93,5,1,14,1,1,2,990,428,85,18,61,3117088,0.15615547489413187,0.1877147766323024,class_international,31/7088,1075,446
94,94,5,1,14,1,1,3,1080,425,67,16,61,(20-91),0.16840592861464004,0.18599656357388317,,,1147,441
95,95,5,1,14,1,1,4,0,0,1653,2328,28,=,0.125,0.5,,,1653,2328
96,96,5,1,14,1,1,5,1195,428,59,18,30,42N,0.1851935874168179,0.1877147766323024,,,1254,446
97,97,5,1,14,1,1,6,1263,428,70,18,87,15/113,0.19630973986690864,0.1877147766323024,,,1333,446
98,98,5,1,14,1,1,7,1338,425,67,16,69,(2070.01),0.2074258923169994,0.18599656357388317,,,1405,441
99,99,2,1,15,0,0,0,224,611,1243,8,-1,,0.1278735632183908,0.26417525773195877,,,1467,619
100,100,3,1,15,1,0,0,224,611,1243,8,-1,,0.1278735632183908,0.26417525773195877,,,1467,619
101,101,4,1,15,1,1,0,224,611,1243,8,-1,,0.1278735632183908,0.26417525773195877,,,1467,619
102,102,5,1,15,1,1,1,224,611,1243,8,95, ,0.1278735632183908,0.26417525773195877,,,1467,619
103,103,2,1,16,0,0,0,225,631,599,119,-1,,0.07932546884452511,0.296606529209622,,,824,750
104,104,3,1,16,1,0,0,225,631,599,119,-1,,0.07932546884452511,0.296606529209622,,,824,750
105,105,4,1,16,1,1,0,225,631,388,27,-1,,0.0633696309739867,0.2768470790378007,,,613,658
106,106,5,1,16,1,1,1,225,631,45,27,96,(84),0.037431941923774956,0.2768470790378007,,,270,658
107,107,5,1,16,1,1,2,286,633,118,23,96,Designated,0.052177858439201454,0.2768470790378007,,,404,656
108,108,5,1,16,1,1,3,413,633,119,23,96,Contracting,0.07146098003629764,0.2768470790378007,,,532,656
109,109,5,1,16,1,1,4,542,633,71,19,96,States:,0.08734119782214156,0.2759879725085911,,,613,652
110,110,4,1,16,1,2,0,285,666,537,18,-1,,0.08371143375680581,0.28994845360824745,,,822,684
111,111,5,1,16,1,2,1,285,666,31,18,94,AL,0.04544767090139141,0.28994845360824745,,,316,684
112,112,5,1,16,1,2,2,323,666,31,18,94,AT,0.05119479733817302,0.28994845360824745,,,354,684
113,113,5,1,16,1,2,3,363,666,30,18,96,BE,0.05716878402903811,0.28994845360824745,,,393,684
114,114,5,1,16,1,2,4,403,666,32,18,96,BG,0.0633696309739867,0.28994845360824745,,,435,684
115,115,5,1,16,1,2,5,445,666,31,18,96,CH,0.06964609800362977,0.28994845360824745,,,476,684
116,116,5,1,16,1,2,6,486,666,32,18,95,CY,0.07592256503327284,0.28994845360824745,,,518,684
117,117,5,1,16,1,2,7,526,666,30,18,93,CZ,0.08182093163944344,0.28994845360824745,,,556,684
118,118,5,1,16,1,2,8,565,666,30,18,93,DE,0.08771929824561403,0.28994845360824745,,,595,684
119,119,5,1,16,1,2,9,605,666,32,18,95,DK,0.09392014519056262,0.28994845360824745,,,637,684
120,120,5,1,16,1,2,10,646,666,29,18,95,EE,0.0998941318814277,0.28994845360824745,,,675,684
121,121,5,1,16,1,2,11,684,666,29,18,93,ES,0.10564125831820932,0.28994845360824745,,,713,684
122,122,5,1,16,1,2,12,723,666,57,18,90,FIFR,0.11365698729582577,0.28994845360824745,,,780,684
123,123,5,1,16,1,2,13,788,666,34,18,95,GB,0.12174833635813673,0.28994845360824745,,,822,684
124,124,4,1,16,1,3,0,285,699,539,18,-1,,0.0838626739261948,0.30412371134020616,,,824,717
125,125,5,1,16,1,3,1,285,699,297,18,83,GRHRHUIEISITLILTLU,0.06556261343012704,0.30412371134020616,,,582,717
126,126,5,1,16,1,3,2,591,699,28,18,85,LV,0.09150030248033877,0.30412371134020616,,,619,717
127,127,5,1,16,1,3,3,627,699,35,18,85,MC,0.09747428917120388,0.30412371134020616,,,662,717
128,128,5,1,16,1,3,4,670,699,35,18,94,MK,0.10397761645493044,0.30412371134020616,,,705,717
129,129,5,1,16,1,3,5,713,699,32,18,91,MT,0.11025408348457351,0.30412371134020616,,,745,717
130,130,5,1,16,1,3,6,753,699,29,18,49,NL,0.11607683000604961,0.30412371134020616,,,782,717
131,131,5,1,16,1,3,7,791,699,33,18,49,NO,0.1221264367816092,0.30412371134020616,,,824,717
132,132,4,1,16,1,4,0,286,732,336,18,-1,,0.06866303690260134,0.31829896907216493,,,622,750
133,133,5,1,16,1,4,1,286,732,28,18,93,PL,0.045372050816696916,0.31829896907216493,,,314,750
134,134,5,1,16,1,4,2,323,732,29,18,92,PT,0.05104355716878403,0.31829896907216493,,,352,750
135,135,5,1,16,1,4,3,360,732,58,18,92,RORS,0.058832425892317,0.31829896907216493,,,418,750
136,136,5,1,16,1,4,4,420,732,52,18,92,SE,0.06745311554748941,0.31829896907216493,,,472,750
137,137,5,1,16,1,4,5,480,732,20,18,95,SI,0.07410768300060495,0.31829896907216493,,,500,750
138,138,5,1,16,1,4,6,510,732,31,18,93,SK,0.0794767090139141,0.31829896907216493,,,541,750
139,139,5,1,16,1,4,7,550,732,72,18,90,SMTR,0.08862673926194797,0.31829896907216493,,,622,750
140,140,2,1,17,0,0,0,225,795,513,53,-1,,0.07282214156079855,0.35287800687285226,,,738,848
141,141,3,1,17,1,0,0,225,795,513,53,-1,,0.07282214156079855,0.35287800687285226,,,738,848
142,142,4,1,17,1,1,0,225,795,513,27,-1,,0.07282214156079855,0.3472938144329897,,,738,822
143,143,5,1,17,1,1,1,225,795,45,27,96,(30),0.037431941923774956,0.3472938144329897,,,270,822
144,144,5,1,17,1,1,2,286,797,77,23,96,Priority:,0.04907743496672716,0.3472938144329897,,,363,820
145,145,5,1,17,1,1,3,384,797,117,19,94,14.02.2013,0.06692377495462795,0.34643470790378006,priority_date_eu,14.02.2013,501,816
146,146,5,1,17,1,1,4,520,797,30,19,96,US,0.0809134906231095,0.34643470790378006,,,550,816
147,147,5,1,17,1,1,5,559,797,157,19,92,201361764969,0.09641560798548095,0.34643470790378006,,,716,816
148,148,5,1,17,1,1,6,725,797,13,19,92,P,0.11063218390804598,0.34643470790378006,,,738,816
149,149,4,1,17,1,2,0,383,830,355,18,-1,,0.08477011494252873,0.3603951890034364,,,738,848
150,150,5,1,17,1,2,1,383,830,118,18,93,20.09.2013,0.06684815486993345,0.3603951890034364,,,501,848
151,151,5,1,17,1,2,2,520,830,30,18,93,US,0.0809134906231095,0.3603951890034364,,,550,848
152,152,5,1,17,1,2,3,559,830,157,18,93,201361880779,0.09641560798548095,0.3603951890034364,,,716,848
153,153,5,1,17,1,2,4,725,830,13,18,91,P,0.11063218390804598,0.3603951890034364,,,738,848
154,154,2,1,18,0,0,0,225,893,596,87,-1,,0.07909860859044163,0.4022766323024055,,,821,980
155,155,3,1,18,1,0,0,225,893,596,87,-1,,0.07909860859044163,0.4022766323024055,,,821,980
156,156,4,1,18,1,1,0,225,893,596,27,-1,,0.07909860859044163,0.3893900343642612,,,821,920
157,157,5,1,18,1,1,1,225,893,45,27,96,(62),0.037431941923774956,0.3893900343642612,,,270,920
158,158,5,1,18,1,1,2,286,895,107,19,96,Document,0.05134603750756201,0.38853092783505155,,,393,914
159,159,5,1,18,1,1,3,402,895,105,23,95,number(s),0.06873865698729582,0.3893900343642612,,,507,918
160,160,5,1,18,1,1,4,516,895,20,19,96,of,0.07955232909860858,0.38853092783505155,,,536,914
161,161,5,1,18,1,1,5,542,895,32,19,96,the,0.08439201451905626,0.38853092783505155,,,574,914
162,162,5,1,18,1,1,6,582,895,66,19,96,earlier,0.09301270417422867,0.38853092783505155,,,648,914
163,163,5,1,18,1,1,7,655,895,140,23,95,application(s),0.10964912280701754,0.3893900343642612,,,795,918
164,164,5,1,18,1,1,8,805,895,16,19,96,in,0.12295825771324864,0.38853092783505155,,,821,914
165,165,4,1,18,1,2,0,286,929,308,18,-1,,0.06654567453115548,0.4029209621993127,,,594,947
166,166,5,1,18,1,2,1,286,929,121,18,96,accordance,0.05240471869328494,0.4029209621993127,,,407,947
167,167,5,1,18,1,2,2,415,929,40,18,96,with,0.06578947368421052,0.4029209621993127,,,455,947
168,168,5,1,18,1,2,3,464,929,35,18,95,Art.,0.07282214156079855,0.4029209621993127,,,499,947
169,169,5,1,18,1,2,4,508,929,25,18,95,76,0.07872050816696914,0.4029209621993127,,,533,947
170,170,5,1,18,1,2,5,542,929,52,18,96,EPC:,0.08590441621294616,0.4029209621993127,,,594,947
171,171,4,1,18,1,3,0,286,961,250,19,-1,,0.06215970961887477,0.4168814432989691,,,536,980
172,172,5,1,18,1,3,1,286,961,124,19,78,14751357.6,0.05263157894736842,0.4168814432989691,,,410,980
173,173,5,1,18,1,3,2,417,961,7,19,78,/,0.06359649122807018,0.4168814432989691,,,424,980
174,174,5,1,18,1,3,3,432,961,11,19,90,2,0.066167574107683,0.4168814432989691,,,443,980
175,175,5,1,18,1,3,4,451,961,38,19,90,956,0.07108287961282517,0.4168814432989691,,,489,980
176,176,5,1,18,1,3,5,499,961,37,19,93,176,0.07826678765880218,0.4168814432989691,,,536,980
177,177,2,1,19,0,0,0,225,1025,476,57,-1,,0.07002419842710224,0.4525343642611684,,,701,1082
178,178,3,1,19,1,0,0,225,1025,476,57,-1,,0.07002419842710224,0.4525343642611684,,,701,1082
179,179,4,1,19,1,1,0,225,1025,476,26,-1,,0.07002419842710224,0.44587628865979384,,,701,1051
180,180,5,1,19,1,1,1,225,1025,45,26,96,(71),0.037431941923774956,0.44587628865979384,,,270,1051
181,181,5,1,19,1,1,2,285,1027,103,23,93,Applicant:,0.05089231699939504,0.44609106529209624,,,388,1050
182,182,5,1,19,1,1,3,397,1027,54,18,91,lonis,0.06412583182093164,0.44501718213058417,applicant_line_1,Ionis,451,1045
183,183,5,1,19,1,1,4,460,1027,187,18,96,"Pharmaceuticals,",0.08371143375680581,0.44501718213058417,applicant_line_1,"Pharmaceuticals,",647,1045
184,184,5,1,19,1,1,5,650,1027,51,21,96,Inc.,0.10216273442226255,0.44566151202749144,applicant_line_1,Inc.,701,1048
185,185,4,1,19,1,2,0,286,1059,276,23,-1,,0.06412583182093164,0.45983676975945015,,,562,1082
186,186,5,1,19,1,2,1,286,1059,106,22,95,"Carlsbad,",0.05127041742286751,0.45962199312714774,,,392,1081
187,187,5,1,19,1,2,2,401,1059,33,19,96,CA,0.06314277071990321,0.45897766323024053,,,434,1078
188,188,5,1,19,1,2,3,441,1059,65,19,96,92010,0.07161222020568662,0.45897766323024053,,,506,1078
189,189,5,1,19,1,2,4,515,1059,47,23,96,(US),0.08144283121597096,0.45983676975945015,,,562,1082
190,190,2,1,20,0,0,0,225,1123,348,91,-1,,0.0603448275862069,0.5019329896907216,,,573,1214
191,191,3,1,20,1,0,0,225,1123,348,91,-1,,0.0603448275862069,0.5019329896907216,,,573,1214
192,192,4,1,20,1,1,0,225,1123,163,27,-1,,0.046355111917725345,0.4881872852233677,,,388,1150
193,193,5,1,20,1,1,1,225,1123,45,27,93,(72),0.037431941923774956,0.4881872852233677,,,270,1150
194,194,5,1,20,1,1,2,287,1125,101,19,93,Inventors:,0.05104355716878403,0.48732817869415807,,,388,1144
195,195,4,1,20,1,2,0,262,1158,311,22,-1,,0.06314277071990321,0.502147766323024,,,573,1180
196,196,5,1,20,1,2,1,262,1163,7,8,70,¬´,0.04015426497277677,0.5012886597938144,,,269,1171
197,197,5,1,20,1,2,2,285,1158,147,18,95,"ALEXANDER,",0.05421960072595281,0.5012886597938144,inventor_line_1,"ALEXANDER,",432,1176
198,198,5,1,20,1,2,3,435,1158,111,22,94,Veronica,0.07418330308529945,0.502147766323024,inventor_line_1,Veronica,546,1180
199,199,5,1,20,1,2,4,554,1158,19,18,94,J.,0.0852238354506957,0.5012886597938144,inventor_line_1,J.,573,1176
200,200,4,1,20,1,3,0,286,1191,276,23,-1,,0.06412583182093164,0.5165378006872853,,,562,1214
201,201,5,1,20,1,3,1,286,1191,106,22,96,"Carlsbad,",0.05127041742286751,0.5163230240549829,,,392,1213
202,202,5,1,20,1,3,2,401,1191,33,18,96,CA,0.06314277071990321,0.5154639175257731,,,434,1209
203,203,5,1,20,1,3,3,441,1191,65,18,96,92010,0.07161222020568662,0.5154639175257731,,,506,1209
204,204,5,1,20,1,3,4,515,1191,47,23,96,(US),0.08144283121597096,0.5165378006872853,,,562,1214
205,205,2,1,21,0,0,0,844,614,4,632,-1,,0.1279491833030853,0.39948453608247425,,,848,1246
206,206,3,1,21,1,0,0,844,614,4,632,-1,,0.1279491833030853,0.39948453608247425,,,848,1246
207,207,4,1,21,1,1,0,844,614,4,632,-1,,0.1279491833030853,0.39948453608247425,,,848,1246
208,208,5,1,21,1,1,1,844,614,4,632,95, ,0.1279491833030853,0.39948453608247425,,,848,1246
209,209,2,1,22,0,0,0,898,633,321,122,-1,,0.1600877192982456,0.2981099656357388,,,1219,755
210,210,3,1,22,1,0,0,898,633,300,56,-1,,0.15849969751966123,0.28393470790378006,,,1198,689
211,211,4,1,22,1,1,0,898,633,233,22,-1,,0.15343315184513007,0.2766323024054983,,,1131,655
212,212,5,1,22,1,1,1,898,639,7,7,46,¬´,0.13634301270417423,0.2759879725085911,,,905,646
213,213,5,1,22,1,1,2,921,633,77,22,92,"VINEY,",0.14511494252873564,0.2766323024054983,,,998,655
214,214,5,1,22,1,1,3,1008,633,96,19,96,Nicholas,0.15970961887477314,0.2759879725085911,,,1104,652
215,215,5,1,22,1,1,4,1112,633,19,19,96,J.,0.16961584996975196,0.2759879725085911,,,1131,652
216,216,4,1,22,1,2,0,922,666,276,23,-1,,0.1603145795523291,0.29102233676975947,,,1198,689
217,217,5,1,22,1,2,1,922,666,107,22,95,"Carlsbad,",0.14753478523895946,0.29080756013745707,,,1029,688
218,218,5,1,22,1,2,2,1038,666,33,18,96,CA,0.15948275862068967,0.28994845360824745,,,1071,684
219,219,5,1,22,1,2,3,1078,666,65,18,96,92010,0.16795220810647307,0.28994845360824745,,,1143,684
220,220,5,1,22,1,2,4,1152,666,46,23,96,(US),0.17770719903206292,0.29102233676975947,,,1198,689
221,221,3,1,22,2,0,0,898,699,321,56,-1,,0.1600877192982456,0.3122852233676976,,,1219,755
222,222,4,1,22,2,1,0,898,699,256,23,-1,,0.15517241379310345,0.30519759450171824,,,1154,722
223,223,5,1,22,2,1,1,898,704,7,8,65,¬¢,0.13634301270417423,0.30412371134020616,,,905,712
224,224,5,1,22,2,1,2,921,699,108,18,92,"WITZTUM,",0.14745916515426497,0.30412371134020616,,,1029,717
225,225,5,1,22,2,1,3,1033,699,79,23,93,Joseph,0.16220508166969147,0.30519759450171824,,,1112,722
226,226,5,1,22,2,1,4,1115,699,39,18,91,L.,0.17158197217180884,0.30412371134020616,,,1154,717
227,227,4,1,22,2,2,0,922,732,297,23,-1,,0.1619026013309135,0.31937285223367695,,,1219,755
228,228,5,1,22,2,2,1,922,732,41,18,96,San,0.1425438596491228,0.31829896907216493,,,963,750
229,229,5,1,22,2,2,2,973,732,70,23,96,"Diego,",0.15245009074410162,0.31937285223367695,,,1043,755
230,230,5,1,22,2,2,3,1052,732,33,18,94,CA,0.1616001209921355,0.31829896907216493,,,1085,750
231,231,5,1,22,2,2,4,1099,732,65,18,94,92120,0.17112825166364187,0.31829896907216493,,,1164,750
232,232,5,1,22,2,2,5,1173,732,46,23,96,(US),0.1808832425892317,0.31937285223367695,,,1219,755
233,233,2,1,23,0,0,0,862,795,526,123,-1,,0.17014519056261343,0.36791237113402064,,,1388,918
234,234,3,1,23,1,0,0,862,795,526,123,-1,,0.17014519056261343,0.36791237113402064,,,1388,918
235,235,4,1,23,1,1,0,862,795,526,27,-1,,0.17014519056261343,0.3472938144329897,,,1388,822
236,236,5,1,23,1,1,1,862,795,44,27,96,(74),0.1336963097398669,0.3472938144329897,,,906,822
237,237,5,1,23,1,1,2,923,797,163,23,96,Representative:,0.15192075015124018,0.3472938144329897,,,1086,820
238,238,5,1,23,1,1,3,1096,797,113,23,96,"Chapman,",0.17430429522081065,0.3472938144329897,representative_line_1_eu,"Chapman,",1209,820
239,239,5,1,23,1,1,4,1219,797,105,19,95,Desmond,0.19230187537810042,0.34643470790378006,representative_line_1_eu,Desmond,1324,816
240,240,5,1,23,1,1,5,1334,797,54,19,96,Mark,0.205837870538415,0.34643470790378006,representative_line_1_eu,Mark,1388,816
241,241,4,1,23,1,2,0,922,830,307,23,-1,,0.16265880217785844,0.36146907216494845,,,1229,853
242,242,5,1,23,1,2,1,922,830,120,23,92,Carpmaels,0.1485178463399879,0.36146907216494845,,,1042,853
243,243,5,1,23,1,2,2,1050,830,16,18,93,&,0.1600120992135511,0.3603951890034364,,,1066,848
244,244,5,1,23,1,2,3,1075,830,101,18,96,Ransford,0.17022081064730793,0.3603951890034364,,,1176,848
245,245,5,1,23,1,2,4,1187,830,42,18,94,LLP,0.18269812462189958,0.3603951890034364,,,1229,848
246,246,4,1,23,1,3,0,922,863,263,23,-1,,0.15933151845130067,0.3756443298969072,,,1185,886
247,247,5,1,23,1,3,1,922,863,45,18,96,One,0.14284633998790078,0.3745704467353952,,,967,881
248,248,5,1,23,1,3,2,975,863,151,23,96,Southampton,0.1588777979431337,0.3756443298969072,,,1126,886
249,249,5,1,23,1,3,3,1137,863,48,18,96,Row,0.17558983666061706,0.3745704467353952,,,1185,881
250,250,4,1,23,1,4,0,923,895,274,23,-1,,0.1603145795523291,0.3893900343642612,,,1197,918
251,251,5,1,23,1,4,1,923,895,84,19,92,London,0.14594676346037508,0.38853092783505155,,,1007,914
252,252,5,1,23,1,4,2,1015,895,70,19,81,WC1B,0.1588021778584392,0.38853092783505155,,,1085,914
253,253,5,1,23,1,4,3,1093,895,28,19,92,5HA,0.16742286751361163,0.38853092783505155,,,1121,914
254,254,5,1,23,1,4,4,1123,895,74,23,96,(GB),0.17543859649122806,0.3893900343642612,,,1197,918
255,255,2,1,24,0,0,0,862,961,99,19,-1,,0.13785541439806412,0.4168814432989691,,,961,980
256,256,3,1,24,1,0,0,862,961,99,19,-1,,0.13785541439806412,0.4168814432989691,,,961,980
257,257,4,1,24,1,1,0,862,961,99,19,-1,,0.13785541439806412,0.4168814432989691,,,961,980
258,258,5,1,24,1,1,1,862,961,99,19,96,Remarks:,0.13785541439806412,0.4168814432989691,,,961,980
259,259,2,1,25,0,0,0,922,994,522,84,-1,,0.17891712038717483,0.44501718213058417,,,1444,1078
260,260,3,1,25,1,0,0,922,994,522,84,-1,,0.17891712038717483,0.44501718213058417,,,1444,1078
261,261,4,1,25,1,1,0,922,994,477,23,-1,,0.17551421657592256,0.4319158075601375,,,1399,1017
262,262,5,1,25,1,1,1,922,994,43,18,97,This,0.1426950998185118,0.43084192439862545,,,965,1012
263,263,5,1,25,1,1,2,974,994,111,23,96,application,0.15570175438596492,0.4319158075601375,,,1085,1017
264,264,5,1,25,1,1,3,1093,999,42,13,96,was,0.16848154869933454,0.4319158075601375,,,1135,1012
265,265,5,1,25,1,1,4,1142,994,43,18,96,filed,0.17596793708408953,0.43084192439862545,,,1185,1012
266,266,5,1,25,1,1,5,1193,999,25,13,96,on,0.1823200241984271,0.4319158075601375,,,1218,1012
267,267,5,1,25,1,1,6,1226,994,121,18,96,26-06-2018,0.19457047791893528,0.43084192439862545,,,1347,1012
268,268,5,1,25,1,1,7,1355,999,24,13,95,as,0.20674531155474893,0.4319158075601375,,,1379,1012
269,269,5,1,25,1,1,8,1387,999,12,13,95,a,0.21067755595886267,0.4319158075601375,,,1399,1012
270,270,4,1,25,1,2,0,922,1027,522,23,-1,,0.17891712038717483,0.44609106529209624,,,1444,1050
271,271,5,1,25,1,2,1,922,1027,96,18,95,divisional,0.14670296430732002,0.44501718213058417,,,1018,1045
272,272,5,1,25,1,2,2,1027,1027,111,23,96,application,0.16371748336358136,0.44609106529209624,,,1138,1050
273,273,5,1,25,1,2,3,1147,1027,19,18,96,to,0.17490925589836662,0.44501718213058417,,,1166,1045
274,274,5,1,25,1,2,4,1174,1027,31,18,96,the,0.17990018148820328,0.44501718213058417,,,1205,1045
275,275,5,1,25,1,2,5,1214,1027,112,23,96,application,0.19207501512401695,0.44609106529209624,,,1326,1050
276,276,5,1,25,1,2,6,1336,1027,108,18,96,mentioned,0.2102238354506957,0.44501718213058417,,,1444,1045
277,277,4,1,25,1,3,0,923,1059,209,19,-1,,0.15539927404718692,0.45897766323024053,,,1132,1078
278,278,5,1,25,1,3,1,923,1059,59,19,93,under,0.1440562613430127,0.45897766323024053,,,982,1078
279,279,5,1,25,1,3,2,991,1059,45,19,91,INID,0.15328191167574107,0.45897766323024053,,,1036,1078
280,280,5,1,25,1,3,3,1044,1059,50,19,96,code,0.16167574107683,0.45897766323024053,,,1094,1078
281,281,5,1,25,1,3,4,1103,1059,29,19,96,62.,0.16901088929219601,0.45897766323024053,,,1132,1078
282,282,2,1,26,0,0,0,224,1241,1243,8,-1,,0.1278735632183908,0.5347938144329897,,,1467,1249
283,283,3,1,26,1,0,0,224,1241,1243,8,-1,,0.1278735632183908,0.5347938144329897,,,1467,1249
284,284,4,1,26,1,1,0,224,1241,1243,8,-1,,0.1278735632183908,0.5347938144329897,,,1467,1249
285,285,5,1,26,1,1,1,224,1241,1243,8,95, ,0.1278735632183908,0.5347938144329897,,,1467,1249
286,286,2,1,27,0,0,0,225,1263,522,59,-1,,0.073502722323049,0.5551975945017182,,,747,1322
287,287,3,1,27,1,0,0,225,1263,522,59,-1,,0.073502722323049,0.5551975945017182,,,747,1322
288,288,4,1,27,1,1,0,225,1263,45,26,-1,,0.037431941923774956,0.5481099656357389,,,270,1289
289,289,5,1,27,1,1,1,225,1263,45,26,96,(54),0.037431941923774956,0.5481099656357389,,,270,1289
290,290,4,1,27,1,2,0,316,1296,431,26,-1,,0.08038415003024803,0.5622852233676976,,,747,1322
291,291,5,1,27,1,2,1,316,1296,139,21,92,DEFICIENT,0.058303085299455534,0.5612113402061856,,,455,1317
292,292,5,1,27,1,2,2,463,1296,85,26,92,(LPLD),0.0764519056261343,0.5622852233676976,,,548,1322
293,293,5,1,27,1,2,3,558,1296,189,21,96,POPULATIONS,0.09868421052631579,0.5612113402061856,,,747,1317
294,294,2,1,28,0,0,0,316,1263,1143,26,-1,,0.13422565033272837,0.5481099656357389,,,1459,1289
295,295,3,1,28,1,0,0,316,1263,1143,26,-1,,0.13422565033272837,0.5481099656357389,,,1459,1289
296,296,4,1,28,1,1,0,316,1263,1143,26,-1,,0.13422565033272837,0.5481099656357389,,,1459,1289
297,297,5,1,28,1,1,1,316,1263,176,21,96,MODULATION,0.06110102843315184,0.5470360824742269,title_line_1,MODULATION,492,1284
298,298,5,1,28,1,1,2,502,1263,34,21,96,OF,0.07849364791288566,0.5470360824742269,title_line_1,OF,536,1284
299,299,5,1,28,1,1,3,544,1263,217,21,93,APOLIPOPROTEIN,0.09868421052631579,0.5470360824742269,title_line_1,APOLIPOPROTEIN,761,1284
300,300,5,1,28,1,1,4,764,1263,73,21,54,C-IIl,0.12106775559588627,0.5470360824742269,title_line_1,C-III,837,1284
301,301,5,1,28,1,1,5,845,1263,114,26,90,(APOCIII),0.13641863278886873,0.5481099656357389,title_line_1,(APOCIII),959,1289
302,302,5,1,28,1,1,6,969,1263,168,21,96,EXPRESSION,0.15925589836660617,0.5470360824742269,title_line_1,EXPRESSION,1137,1284
303,303,5,1,28,1,1,7,1147,1264,23,19,96,IN,0.1752117362371446,0.5470360824742269,title_line_1,IN,1170,1283
304,304,5,1,28,1,1,8,1181,1263,176,21,96,LIPOPROTEIN,0.19192377495462795,0.5470360824742269,title_line_1,LIPOPROTEIN,1357,1284
305,305,5,1,28,1,1,9,1367,1263,92,21,96,LIPASE,0.21370235934664247,0.5470360824742269,title_line_1,LIPASE,1459,1284
306,306,2,1,29,0,0,0,226,1370,1239,27,-1,,0.1278735632183908,0.594286941580756,,,1465,1397
307,307,3,1,29,1,0,0,226,1370,1239,27,-1,,0.1278735632183908,0.594286941580756,,,1465,1397
308,308,4,1,29,1,1,0,226,1370,1239,27,-1,,0.1278735632183908,0.594286941580756,,,1465,1397
309,309,5,1,29,1,1,1,226,1370,44,27,92,(57),0.03750756200846945,0.594286941580756,,,270,1397
310,310,5,1,29,1,1,2,316,1372,91,19,4,Provided,0.05467332123411978,0.5934278350515464,,,407,1391
311,311,5,1,29,1,1,3,418,1372,63,19,96,herein,0.06798245614035088,0.5934278350515464,,,481,1391
312,312,5,1,29,1,1,4,492,1377,33,14,96,are,0.07690562613430127,0.5945017182130584,,,525,1391
313,313,5,1,29,1,1,5,536,1372,94,22,96,"methods,",0.088173018753781,0.5940721649484536,,,630,1394
314,314,5,1,29,1,1,6,642,1372,126,23,96,"compounds,",0.10662431941923775,0.594286941580756,,,768,1395
315,315,5,1,29,1,1,7,779,1372,38,19,96,and,0.1206896551724138,0.5934278350515464,,,817,1391
316,316,5,1,29,1,1,8,827,1372,138,23,96,compositions,0.1355111917725348,0.594286941580756,,,965,1395
317,317,5,1,29,1,1,9,974,1372,28,19,96,for,0.14942528735632185,0.5934278350515464,,,1002,1391
318,318,5,1,29,1,1,10,1011,1372,88,23,96,reducing,0.15955837870538414,0.594286941580756,,,1099,1395
319,319,5,1,29,1,1,11,1110,1372,113,23,96,expression,0.1764216575922565,0.594286941580756,,,1223,1395
320,320,5,1,29,1,1,12,1233,1372,20,19,92,of,0.1879915305505142,0.5934278350515464,,,1253,1391
321,321,5,1,29,1,1,13,1261,1372,77,23,86,ApoClll,0.19653660012099214,0.594286941580756,,,1338,1395
322,322,5,1,29,1,1,14,1350,1372,69,19,96,mRNA,0.20939201451905626,0.5934278350515464,,,1419,1391
323,323,5,1,29,1,1,15,1428,1372,37,19,96,and,0.21876890502117363,0.5934278350515464,,,1465,1391
324,324,2,1,30,0,0,0,225,1405,1242,187,-1,,0.1279491833030853,0.6436855670103093,,,1467,1592
325,325,3,1,30,1,0,0,225,1405,1242,187,-1,,0.1279491833030853,0.6436855670103093,,,1467,1592
326,326,4,1,30,1,1,0,226,1405,1239,23,-1,,0.1278735632183908,0.6084621993127147,,,1465,1428
327,327,5,1,30,1,1,1,226,1405,70,23,96,protein,0.039473684210526314,0.6084621993127147,,,296,1428
328,328,5,1,30,1,1,2,306,1405,15,18,95,in,0.04741379310344827,0.6073883161512027,,,321,1423
329,329,5,1,30,1,1,3,331,1410,11,13,95,a,0.05089231699939504,0.6084621993127147,,,342,1423
330,330,5,1,30,1,1,4,352,1405,70,23,96,patient,0.05852994555353902,0.6084621993127147,,,422,1428
331,331,5,1,30,1,1,5,429,1405,41,18,96,with,0.06798245614035088,0.6073883161512027,,,470,1423
332,332,5,1,30,1,1,6,480,1405,122,18,96,Fredrickson,0.08182093163944344,0.6073883161512027,,,602,1423
333,333,5,1,30,1,1,7,611,1405,51,23,96,Type,0.09626436781609195,0.6084621993127147,,,662,1428
334,334,5,1,30,1,1,8,672,1405,3,18,94,|,0.10186025408348458,0.6073883161512027,,,675,1423
335,335,5,1,30,1,1,9,685,1405,136,23,96,"dyslipidemia,",0.11388384754990925,0.6084621993127147,,,821,1428
336,336,5,1,30,1,1,10,831,1405,51,22,93,"FCS,",0.1295372050816697,0.6082474226804123,,,882,1427
337,337,5,1,30,1,1,11,893,1405,62,18,90,LPLD.,0.1397459165154265,0.6073883161512027,,,955,1423
338,338,5,1,30,1,1,12,965,1405,45,18,96,Also,0.14934966727162735,0.6073883161512027,,,1010,1423
339,339,5,1,30,1,1,13,1020,1405,88,23,96,provided,0.16091954022988506,0.6084621993127147,,,1108,1428
340,340,5,1,30,1,1,14,1118,1405,64,18,96,herein,0.17392619479733817,0.6073883161512027,,,1182,1423
341,341,5,1,30,1,1,15,1191,1410,33,13,96,are,0.18262250453720508,0.6084621993127147,,,1224,1423
342,342,5,1,30,1,1,16,1234,1405,94,22,96,"methods,",0.19373865698729584,0.6082474226804123,,,1328,1427
343,343,5,1,30,1,1,17,1338,1405,127,23,96,"compounds,",0.2119630973986691,0.6084621993127147,,,1465,1428
344,344,4,1,30,1,2,0,225,1438,1241,23,-1,,0.1278735632183908,0.6226374570446735,,,1466,1461
345,345,5,1,30,1,2,1,225,1438,38,18,95,and,0.03690260133091349,0.6215635738831615,,,263,1456
346,346,5,1,30,1,2,2,272,1438,125,23,95,compositions,0.05058983666061706,0.6226374570446735,,,397,1461
347,347,5,1,30,1,2,3,400,1438,46,18,96,for,0.06397459165154265,0.6215635738831615,,,446,1456
348,348,5,1,30,1,2,4,454,1438,83,23,96,"treating,",0.0749395039322444,0.6226374570446735,,,537,1461
349,349,5,1,30,1,2,5,549,1438,114,23,97,"preventing,",0.09165154264972777,0.6226374570446735,,,663,1461
350,350,5,1,30,1,2,6,672,1438,94,23,96,"delaying,",0.10874168179068361,0.6226374570446735,,,766,1461
351,351,5,1,30,1,2,7,776,1442,20,14,96,or,0.11887477313974591,0.6224226804123711,,,796,1456
352,352,5,1,30,1,2,8,804,1438,128,23,96,ameliorating,0.13127646702964307,0.6226374570446735,,,932,1461
353,353,5,1,30,1,2,9,943,1438,121,18,96,Fredrickson,0.15176950998185118,0.6215635738831615,,,1064,1456
354,354,5,1,30,1,2,10,1073,1438,51,23,96,Type,0.1661373260738052,0.6226374570446735,,,1124,1461
355,355,5,1,30,1,2,11,1135,1438,3,18,82,|,0.17188445251058682,0.6215635738831615,,,1138,1456
356,356,5,1,30,1,2,12,1147,1438,135,23,95,"dyslipidemia,",0.18368118572292802,0.6226374570446735,,,1282,1461
357,357,5,1,30,1,2,13,1293,1438,51,21,93,"FCS,",0.19941016333938294,0.6222079037800687,,,1344,1459
358,358,5,1,30,1,2,14,1356,1438,57,18,92,"LPLD,",0.20939201451905626,0.6215635738831615,,,1413,1456
359,359,5,1,30,1,2,15,1416,1438,50,21,80,ina,0.2179370840895342,0.6222079037800687,,,1466,1459
360,360,4,1,30,1,3,0,226,1470,1239,23,-1,,0.1278735632183908,0.6363831615120275,,,1465,1493
361,361,5,1,30,1,3,1,226,1470,74,23,96,patient.,0.03977616454930429,0.6363831615120275,,,300,1493
362,362,5,1,30,1,3,2,309,1470,75,19,96,Further,0.05240471869328494,0.6355240549828178,,,384,1489
363,363,5,1,30,1,3,3,391,1470,88,23,96,provided,0.06578947368421052,0.6363831615120275,,,479,1493
364,364,5,1,30,1,3,4,488,1470,63,19,96,herein,0.07856926799758016,0.6355240549828178,,,551,1489
365,365,5,1,30,1,3,5,559,1475,32,14,96,are,0.08696309739866909,0.6365979381443299,,,591,1489
366,366,5,1,30,1,3,6,599,1470,95,22,96,"methods,",0.09777676950998185,0.636168384879725,,,694,1492
367,367,5,1,30,1,3,7,702,1470,127,23,96,"compounds,",0.11577434966727163,0.6363831615120275,,,829,1493
368,368,5,1,30,1,3,8,837,1470,37,19,96,and,0.12938596491228072,0.6355240549828178,,,874,1489
369,369,5,1,30,1,3,9,881,1470,138,23,95,compositions,0.14367816091954022,0.6363831615120275,,,1019,1493
370,370,5,1,30,1,3,10,1025,1470,28,19,96,for,0.1571385359951603,0.6355240549828178,,,1053,1489
371,371,5,1,30,1,3,11,1059,1470,106,23,96,increasing,0.16817906836055657,0.6363831615120275,,,1165,1493
372,372,5,1,30,1,3,12,1174,1470,31,19,96,HDL,0.17990018148820328,0.6355240549828178,,,1205,1489
373,373,5,1,30,1,3,13,1208,1470,77,19,96,levels,0.18852087114337568,0.6355240549828178,,,1285,1489
374,374,5,1,30,1,3,14,1292,1470,66,19,96,and/or,0.20039322444041138,0.6355240549828178,,,1358,1489
375,375,5,1,30,1,3,15,1366,1470,99,23,96,improving,0.21408045977011494,0.6363831615120275,,,1465,1493
376,376,4,1,30,1,4,0,225,1503,1240,23,-1,,0.1277979431336963,0.6505584192439863,,,1465,1526
377,377,5,1,30,1,4,1,225,1503,31,18,96,the,0.03637326073805203,0.6494845360824743,,,256,1521
378,378,5,1,30,1,4,2,264,1503,45,18,96,ratio,0.04333030852994555,0.6494845360824743,,,309,1521
379,379,5,1,30,1,4,3,315,1503,20,18,96,of,0.04915305505142166,0.6494845360824743,,,335,1521
380,380,5,1,30,1,4,4,341,1503,31,18,96,TG,0.05391712038717483,0.6494845360824743,,,372,1521
381,381,5,1,30,1,4,5,380,1504,18,17,96,to,0.058832425892317,0.6496993127147767,,,398,1521
382,382,5,1,30,1,4,6,406,1503,46,18,96,HDL,0.0648820326678766,0.6494845360824743,,,452,1521
383,383,5,1,30,1,4,7,459,1503,38,18,96,and,0.07229280096793708,0.6494845360824743,,,497,1521
384,384,5,1,30,1,4,8,505,1503,89,23,96,reducing,0.08310647307924984,0.6505584192439863,,,594,1526
385,385,5,1,30,1,4,9,603,1503,59,23,96,plasma,0.09565940713853599,0.6505584192439863,,,662,1526
386,386,5,1,30,1,4,10,666,1503,71,23,96,lipids,0.10609497882637628,0.6505584192439863,,,737,1526
387,387,5,1,30,1,4,11,744,1503,38,18,96,and,0.11539624924379915,0.6494845360824743,,,782,1521
388,388,5,1,30,1,4,12,790,1503,74,23,96,plasma,0.1250756200846945,0.6505584192439863,,,864,1526
389,389,5,1,30,1,4,13,872,1503,67,23,95,glucose,0.13694797338173018,0.6505584192439863,,,939,1526
390,390,5,1,30,1,4,14,941,1503,35,18,95,in,0.14496370235934664,0.6494845360824743,,,976,1521
391,391,5,1,30,1,4,15,985,1508,11,13,96,a,0.14980338777979432,0.6505584192439863,,,996,1521
392,392,5,1,30,1,4,16,1004,1503,70,23,96,patient,0.1571385359951603,0.6505584192439863,,,1074,1526
393,393,5,1,30,1,4,17,1080,1503,40,18,96,with,0.16636418632788869,0.6494845360824743,,,1120,1521
394,394,5,1,30,1,4,18,1130,1503,121,18,95,Fredrickson,0.18005142165759225,0.6494845360824743,,,1251,1521
395,395,5,1,30,1,4,19,1258,1503,52,23,92,Type,0.19419237749546278,0.6505584192439863,,,1310,1526
396,396,5,1,30,1,4,20,1318,1503,3,18,50,|,0.19956140350877194,0.6494845360824743,,,1321,1521
397,397,5,1,30,1,4,21,1330,1503,135,23,96,"dyslipidemia,",0.21135813672111312,0.6505584192439863,,,1465,1526
398,398,4,1,30,1,5,0,226,1536,1241,23,-1,,0.1280248033877798,0.664733676975945,,,1467,1559
399,399,5,1,30,1,5,1,226,1536,51,21,93,"FCS,",0.03803690260133091,0.6643041237113402,,,277,1557
400,400,5,1,30,1,5,2,286,1536,64,18,91,LPLD.,0.04809437386569873,0.663659793814433,,,350,1554
401,401,5,1,30,1,5,3,359,1536,52,18,96,Such,0.05822746521476104,0.663659793814433,,,411,1554
402,402,5,1,30,1,5,4,420,1536,95,21,96,"methods,",0.0707047791893527,0.6643041237113402,,,515,1557
403,403,5,1,30,1,5,5,524,1536,126,23,96,"compounds,",0.08877797943133696,0.664733676975945,,,650,1559
404,404,5,1,30,1,5,6,659,1536,38,18,96,and,0.10254083484573502,0.663659793814433,,,697,1554
405,405,5,1,30,1,5,7,706,1536,137,23,96,compositions,0.11713551119177254,0.664733676975945,,,843,1559
406,406,5,1,30,1,5,8,851,1540,33,14,96,are,0.13120084694494857,0.6645189003436426,,,884,1554
407,407,5,1,30,1,5,9,893,1536,55,18,96,useful,0.13921657592256503,0.663659793814433,,,948,1554
408,408,5,1,30,1,5,10,951,1536,29,18,96,to,0.14602238354506958,0.663659793814433,,,980,1554
409,409,5,1,30,1,5,11,987,1536,52,21,96,"treat,",0.1532062915910466,0.6643041237113402,,,1039,1557
410,410,5,1,30,1,5,12,1049,1537,83,22,96,"prevent,",0.16492740471869327,0.6649484536082474,,,1132,1559
411,411,5,1,30,1,5,13,1140,1536,62,23,96,"delay,",0.17710223835450695,0.664733676975945,,,1202,1559
412,412,5,1,30,1,5,14,1211,1540,20,14,96,or,0.18466424682395643,0.6645189003436426,,,1231,1554
413,413,5,1,30,1,5,15,1238,1536,110,18,96,ameliorate,0.1955535390199637,0.663659793814433,,,1348,1554
414,414,5,1,30,1,5,16,1356,1540,37,19,96,any,0.20787961282516637,0.6655927835051546,,,1393,1559
415,415,5,1,30,1,5,17,1400,1540,39,14,96,one,0.2146854204476709,0.6645189003436426,,,1439,1554
416,416,5,1,30,1,5,18,1447,1540,20,14,96,or,0.22035692679975802,0.6645189003436426,,,1467,1554
417,417,4,1,30,1,6,0,226,1569,937,23,-1,,0.10503629764065336,0.6789089347079038,,,1163,1592
418,418,5,1,30,1,6,1,226,1574,52,13,95,more,0.038112522686025406,0.6789089347079038,,,278,1587
419,419,5,1,30,1,6,2,286,1569,20,18,97,of,0.04476709013914096,0.6778350515463918,,,306,1587
420,420,5,1,30,1,6,3,313,1569,126,23,95,"pancreatitis,",0.056866303690260134,0.6789089347079038,,,439,1592
421,421,5,1,30,1,6,4,448,1569,153,18,96,cardiovascular,0.07932546884452511,0.6778350515463918,,,601,1587
422,422,5,1,30,1,6,5,609,1569,80,18,96,disease,0.09815486993345432,0.6778350515463918,,,689,1587
423,423,5,1,30,1,6,6,697,1574,21,13,96,or,0.10700241984271022,0.6789089347079038,,,718,1587
424,424,5,1,30,1,6,7,727,1569,99,18,96,metabolic,0.11743799153055051,0.6778350515463918,,,826,1587
425,425,5,1,30,1,6,8,834,1569,91,22,96,"disorder,",0.13301572897761646,0.6786941580756014,,,925,1591
426,426,5,1,30,1,6,9,933,1574,21,13,95,or,0.1426950998185118,0.6789089347079038,,,954,1587
427,427,5,1,30,1,6,10,962,1574,11,13,95,a,0.14632486388384755,0.6789089347079038,,,973,1587
428,428,5,1,30,1,6,11,981,1570,95,22,96,symptom,0.15555051421657592,0.6791237113402062,,,1076,1592
429,429,5,1,30,1,6,12,1085,1569,78,18,96,thereof.,0.16999395039322443,0.6778350515463918,,,1163,1587
430,430,2,1,31,0,0,0,716,2270,259,16,-1,,0.1278735632183908,0.9785223367697594,,,975,2286
431,431,3,1,31,1,0,0,716,2270,259,16,-1,,0.1278735632183908,0.9785223367697594,,,975,2286
432,432,4,1,31,1,1,0,716,2270,259,16,-1,,0.1278735632183908,0.9785223367697594,,,975,2286
433,433,5,1,31,1,1,1,716,2270,49,12,96,Printed,0.11199334543254688,0.9776632302405498,,,765,2282
434,434,5,1,31,1,1,2,771,2270,15,16,96,by,0.1177404718693285,0.9785223367697594,,,786,2286
435,435,5,1,31,1,1,3,792,2270,45,14,96,"Jouve,",0.12318511796733213,0.9780927835051546,,,837,2284
436,436,5,1,31,1,1,4,843,2270,41,12,96,75001,0.13059588626739263,0.9776632302405498,,,884,2282
437,437,5,1,31,1,1,5,893,2270,46,12,96,PARIS,0.1385359951603146,0.9776632302405498,,,939,2282
438,438,5,1,31,1,1,6,945,2270,30,16,95,(FR),0.14519056261343014,0.9785223367697594,,,975,2286
