,Unnamed: 0,level,page_num,block_num,par_num,line_num,word_num,left,top,width,height,conf,text,x,y,label,target,right,bottom
0,0,1,1,0,0,0,0,0,0,1653,2328,-1,,0.125,0.5,,,1653,2328
1,1,2,1,1,0,0,0,144,1905,31,328,-1,,0.02412280701754386,0.8887457044673539,,,175,2233
2,2,3,1,1,1,0,0,144,1905,31,328,-1,,0.02412280701754386,0.8887457044673539,,,175,2233
3,3,4,1,1,1,1,0,144,1905,31,328,-1,,0.02412280701754386,0.8887457044673539,,,175,2233
4,4,5,1,1,1,1,1,144,2179,30,54,95,EP,0.024047186932849365,0.947594501718213,,,174,2233
5,5,5,1,1,1,1,2,144,2142,31,21,95,3,0.02412280701754386,0.9246134020618557,,,175,2163
6,6,5,1,1,1,1,3,144,2055,31,71,95,399,0.02412280701754386,0.8979810996563574,,,175,2126
7,7,5,1,1,1,1,4,144,1974,31,65,92,731,0.02412280701754386,0.8618986254295533,,,175,2039
8,8,5,1,1,1,1,5,144,1905,30,50,88,A1,0.024047186932849365,0.8290378006872853,,,174,1955
9,9,2,1,2,0,0,0,429,153,88,28,-1,,0.07153660012099214,0.07173539518900343,,,517,181
10,10,3,1,2,1,0,0,429,153,88,28,-1,,0.07153660012099214,0.07173539518900343,,,517,181
11,11,4,1,2,1,1,0,429,153,88,16,-1,,0.07153660012099214,0.06915807560137457,,,517,169
12,12,5,1,2,1,1,1,429,153,88,16,84,Europaisches,0.07153660012099214,0.06915807560137457,,,517,169
13,13,4,1,2,1,2,0,429,170,71,11,-1,,0.07025105868118572,0.07538659793814433,,,500,181
14,14,5,1,2,1,2,1,429,170,71,11,96,Patentamt,0.07025105868118572,0.07538659793814433,,,500,181
15,15,2,1,3,0,0,0,429,196,89,28,-1,,0.07161222020568662,0.09020618556701031,,,518,224
16,16,3,1,3,1,0,0,429,196,89,28,-1,,0.07161222020568662,0.09020618556701031,,,518,224
17,17,4,1,3,1,1,0,429,196,63,15,-1,,0.06964609800362977,0.08741408934707903,,,492,211
18,18,5,1,3,1,1,1,429,196,63,15,95,European,0.06964609800362977,0.08741408934707903,,,492,211
19,19,4,1,3,1,2,0,429,212,89,12,-1,,0.07161222020568662,0.0936426116838488,,,518,224
20,20,5,1,3,1,2,1,429,213,43,11,96,Patent,0.06813369630973987,0.0938573883161512,,,472,224
21,21,5,1,3,1,2,2,478,212,40,12,90,Office,0.07531760435571688,0.0936426116838488,,,518,224
22,22,2,1,4,0,0,0,429,239,109,28,-1,,0.07312462189957653,0.10867697594501718,,,538,267
23,23,3,1,4,1,0,0,429,239,109,28,-1,,0.07312462189957653,0.10867697594501718,,,538,267
24,24,4,1,4,1,1,0,429,239,109,15,-1,,0.07312462189957653,0.10588487972508591,,,538,254
25,25,5,1,4,1,1,1,429,239,40,12,93,Office,0.06790683605565638,0.1052405498281787,,,469,251
26,26,5,1,4,1,1,2,474,239,64,15,93,europ√©en,0.0765275257108288,0.10588487972508591,,,538,254
27,27,4,1,4,1,2,0,429,255,77,12,-1,,0.0707047791893527,0.11211340206185567,,,506,267
28,28,5,1,4,1,2,1,429,255,22,12,95,des,0.06654567453115548,0.11211340206185567,,,451,267
29,29,5,1,4,1,2,2,457,255,49,12,82,brevets,0.07282214156079855,0.11211340206185567,,,506,267
30,30,2,1,5,0,0,0,281,136,274,150,-1,,0.06321839080459771,0.09063573883161512,,,555,286
31,31,3,1,5,1,0,0,281,136,274,150,-1,,0.06321839080459771,0.09063573883161512,,,555,286
32,32,4,1,5,1,1,0,281,136,274,150,-1,,0.06321839080459771,0.09063573883161512,,,555,286
33,33,5,1,5,1,1,1,281,136,274,150,95, ,0.06321839080459771,0.09063573883161512,,,555,286
34,34,2,1,6,0,0,0,225,324,45,26,-1,,0.037431941923774956,0.14475945017182132,,,270,350
35,35,3,1,6,1,0,0,225,324,45,26,-1,,0.037431941923774956,0.14475945017182132,,,270,350
36,36,4,1,6,1,1,0,225,324,45,26,-1,,0.037431941923774956,0.14475945017182132,,,270,350
37,37,5,1,6,1,1,1,225,324,45,26,96,(12),0.037431941923774956,0.14475945017182132,,,270,350
38,38,2,1,7,0,0,0,225,395,378,53,-1,,0.06261343012704174,0.18105670103092783,,,603,448
39,39,3,1,7,1,0,0,225,395,378,53,-1,,0.06261343012704174,0.18105670103092783,,,603,448
40,40,4,1,7,1,1,0,225,395,262,26,-1,,0.05384150030248034,0.17525773195876287,,,487,421
41,41,5,1,7,1,1,1,225,395,45,26,95,(43),0.037431941923774956,0.17525773195876287,,,270,421
42,42,5,1,7,1,1,2,286,397,48,18,95,Date,0.04688445251058681,0.17439862542955326,,,334,415
43,43,5,1,7,1,1,3,342,397,20,18,96,of,0.05323653962492438,0.17439862542955326,,,362,415
44,44,5,1,7,1,1,4,370,397,117,23,96,publication:,0.0648064125831821,0.17547250859106528,,,487,420
45,45,4,1,7,1,2,0,286,430,317,18,-1,,0.06722625529340592,0.18857388316151202,,,603,448
46,46,5,1,7,1,2,1,286,430,117,18,96,07.11.2018,0.052102238354506954,0.18857388316151202,publication_date,07.11.2018,403,448
47,47,5,1,7,1,2,2,426,430,84,18,95,Bulletin,0.07078039927404718,0.18857388316151202,,,510,448
48,48,5,1,7,1,2,3,519,430,84,18,95,2018/45,0.08484573502722323,0.18857388316151202,,,603,448
49,49,2,1,8,0,0,0,225,493,400,26,-1,,0.06427707199032062,0.21735395189003437,,,625,519
50,50,3,1,8,1,0,0,225,493,400,26,-1,,0.06427707199032062,0.21735395189003437,,,625,519
51,51,4,1,8,1,1,0,225,493,400,26,-1,,0.06427707199032062,0.21735395189003437,,,625,519
52,52,5,1,8,1,1,1,225,493,45,26,96,(21),0.037431941923774956,0.21735395189003437,,,270,519
53,53,5,1,8,1,1,2,285,495,115,23,96,Application,0.051799758015728975,0.21756872852233677,,,400,518
54,54,5,1,8,1,1,3,410,495,83,18,93,number:,0.06828493647912885,0.21649484536082475,,,493,513
55,55,5,1,8,1,1,4,505,495,120,18,92,18180370.1,0.08545069570477919,0.21649484536082475,application_number,18180370.1,625,513
56,56,2,1,9,0,0,0,225,559,325,26,-1,,0.05860556563823351,0.24570446735395188,,,550,585
57,57,3,1,9,1,0,0,225,559,325,26,-1,,0.05860556563823351,0.24570446735395188,,,550,585
58,58,4,1,9,1,1,0,225,559,325,26,-1,,0.05860556563823351,0.24570446735395188,,,550,585
59,59,5,1,9,1,1,1,225,559,45,26,96,(22),0.037431941923774956,0.24570446735395188,,,270,585
60,60,5,1,9,1,1,2,286,561,48,18,96,Date,0.04688445251058681,0.24484536082474226,,,334,579
61,61,5,1,9,1,1,3,342,566,12,13,96,of,0.05263157894736842,0.24591924398625428,,,354,579
62,62,5,1,9,1,1,4,355,561,67,23,96,filing:,0.058756805807622506,0.24591924398625428,,,422,584
63,63,5,1,9,1,1,5,433,561,117,18,96,15.12.2015,0.07433454325468844,0.24484536082474226,filing_date,15.12.2015,550,579
64,64,2,1,10,0,0,0,1002,245,458,38,-1,,0.18617664851784635,0.1134020618556701,,,1460,283
65,65,3,1,10,1,0,0,1002,245,458,38,-1,,0.18617664851784635,0.1134020618556701,,,1460,283
66,66,4,1,10,1,1,0,1002,245,458,38,-1,,0.18617664851784635,0.1134020618556701,,,1460,283
67,67,5,1,10,1,1,1,1002,256,44,27,74,(11),0.15486993345432548,0.11576460481099657,,,1046,283
68,68,5,1,10,1,1,2,1146,245,52,32,94,EP,0.17725347852389595,0.11211340206185567,number,EP,1198,277
69,69,5,1,10,1,1,3,1214,245,20,32,94,3,0.1851179673321234,0.11211340206185567,number,3,1234,277
70,70,5,1,10,1,1,4,1249,245,68,32,94,399,0.1940411373260738,0.11211340206185567,number,399,1317,277
71,71,5,1,10,1,1,5,1332,245,62,32,91,731,0.20614035087719298,0.11211340206185567,number,731,1394,277
72,72,5,1,10,1,1,6,1413,245,47,32,84,A1,0.21725650332728372,0.11211340206185567,number,A1,1460,277
73,73,2,1,11,0,0,0,577,319,537,26,-1,,0.1278735632183908,0.14261168384879724,,,1114,345
74,74,3,1,11,1,0,0,577,319,537,26,-1,,0.1278735632183908,0.14261168384879724,,,1114,345
75,75,4,1,11,1,1,0,577,319,537,26,-1,,0.1278735632183908,0.14261168384879724,,,1114,345
76,76,5,1,11,1,1,1,577,319,156,26,95,EUROPEAN,0.09906231094978826,0.14261168384879724,,,733,345
77,77,5,1,11,1,1,2,735,320,135,24,95,PATENT,0.12137023593466424,0.14261168384879724,,,870,344
78,78,5,1,11,1,1,3,873,319,241,26,96,APPLICATION,0.1502571082879613,0.14261168384879724,,,1114,345
79,79,2,1,12,0,0,0,862,395,126,26,-1,,0.13989715668481548,0.17525773195876287,,,988,421
80,80,3,1,12,1,0,0,862,395,126,26,-1,,0.13989715668481548,0.17525773195876287,,,988,421
81,81,4,1,12,1,1,0,862,395,126,26,-1,,0.13989715668481548,0.17525773195876287,,,988,421
82,82,5,1,12,1,1,1,862,395,44,26,67,(51),0.1336963097398669,0.17525773195876287,,,906,421
83,83,5,1,12,1,1,2,923,397,25,18,93,Int,0.1414851784633999,0.17439862542955326,,,948,415
84,84,5,1,12,1,1,3,955,397,33,18,65,Cl:,0.14692982456140352,0.17439862542955326,,,988,415
85,85,2,1,13,0,0,0,922,425,459,21,-1,,0.17415305505142165,0.1870704467353952,,,1381,446
86,86,3,1,13,1,0,0,922,425,459,21,-1,,0.17415305505142165,0.1870704467353952,,,1381,446
87,87,4,1,13,1,1,0,922,425,459,21,-1,,0.17415305505142165,0.1870704467353952,,,1381,446
88,88,5,1,13,1,1,1,922,428,63,18,91,HO4M,0.1442075015124017,0.1877147766323024,class_international,H04M,985,446
89,89,5,1,13,1,1,2,994,428,31,18,94,1127,0.15267695099818512,0.1877147766323024,class_international,1/27,1025,446
90,90,5,1,13,1,1,3,1027,425,83,21,73,(2006.01),0.1616001209921355,0.1870704467353952,,,1110,446
91,91,5,1,13,1,1,4,1193,428,63,18,84,HO4M,0.1851935874168179,0.1877147766323024,,,1256,446
92,92,5,1,13,1,1,5,1265,428,31,18,96,1167,0.19366303690260134,0.1877147766323024,,,1296,446
93,93,5,1,13,1,1,6,1298,425,83,21,64,(2006.01),0.2025862068965517,0.1870704467353952,,,1381,446
94,94,2,1,14,0,0,0,922,455,469,113,-1,,0.17490925589836662,0.21971649484536082,,,1391,568
95,95,3,1,14,1,0,0,922,455,469,113,-1,,0.17490925589836662,0.21971649484536082,,,1391,568
96,96,4,1,14,1,1,0,922,455,455,21,-1,,0.17385057471264367,0.19995704467353953,,,1377,476
97,97,5,1,14,1,1,1,922,458,63,18,89,HO4M,0.1442075015124017,0.20060137457044674,,,985,476
98,98,5,1,14,1,1,2,994,458,57,18,91,11725,0.15464307320024198,0.20060137457044674,,,1051,476
99,99,5,1,14,1,1,3,1057,455,67,16,89,(2006.01),0.16492740471869327,0.19888316151202748,,,1124,471
100,100,5,1,14,1,1,4,1194,458,60,18,53,GOGF,0.1851179673321234,0.20060137457044674,,,1254,476
101,101,5,1,14,1,1,5,1260,458,45,18,92,3/16,0.1939655172413793,0.20060137457044674,,,1305,476
102,102,5,1,14,1,1,6,1311,455,66,16,59,(2006.01),0.20326678765880218,0.19888316151202748,,,1377,471
103,103,4,1,14,1,2,0,923,486,468,21,-1,,0.1749848759830611,0.21327319587628865,,,1391,507
104,104,5,1,14,1,2,1,923,488,60,19,62,GOGF,0.1441318814277072,0.21370274914089346,,,983,507
105,105,5,1,14,1,2,2,991,488,43,19,83,1/32,0.1531306715063521,0.21370274914089346,,,1034,507
106,106,5,1,14,1,2,3,1040,486,66,15,81,(2096.01),0.16228070175438597,0.21198453608247422,,,1106,501
107,107,5,1,14,1,2,4,1194,488,60,19,59,GO6F,0.1851179673321234,0.21370274914089346,,,1254,507
108,108,5,1,14,1,2,5,1260,488,57,19,74,3/044,0.19487295825771325,0.21370274914089346,,,1317,507
109,109,5,1,14,1,2,6,1324,486,67,15,79,(2006.91),0.20530852994555354,0.21198453608247422,,,1391,501
110,110,4,1,14,1,3,0,923,516,468,21,-1,,0.1749848759830611,0.226159793814433,,,1391,537
111,111,5,1,14,1,3,1,923,519,57,18,89,G10L,0.14390502117362372,0.2268041237113402,,,980,537
112,112,5,1,14,1,3,2,991,519,57,18,92,15/22,0.154189352692075,0.2268041237113402,,,1048,537
113,113,5,1,14,1,3,3,1052,516,67,16,77,(2006.01),0.16417120387174833,0.22508591065292097,,,1119,532
114,114,5,1,14,1,3,4,1194,519,57,18,91,G10L,0.18489110707803993,0.2268041237113402,,,1251,537
115,115,5,1,14,1,3,5,1262,519,57,18,94,15/26,0.19517543859649122,0.2268041237113402,,,1319,537
116,116,5,1,14,1,3,6,1324,516,67,16,72,(2006.01),0.20530852994555354,0.22508591065292097,,,1391,532
117,117,4,1,14,1,4,0,923,547,209,21,-1,,0.15539927404718692,0.23947594501718214,,,1132,568
118,118,5,1,14,1,4,1,923,550,60,18,26,GO6F,0.1441318814277072,0.24012027491408935,,,983,568
119,119,5,1,14,1,4,2,989,550,71,18,83,3/0488,0.15494555353901995,0.24012027491408935,,,1060,568
120,120,5,1,14,1,4,3,1066,547,66,16,80,(2019.01),0.16621294615849969,0.23840206185567012,,,1132,563
121,121,2,1,15,0,0,0,224,612,1243,6,-1,,0.1278735632183908,0.26417525773195877,,,1467,618
122,122,3,1,15,1,0,0,224,612,1243,6,-1,,0.1278735632183908,0.26417525773195877,,,1467,618
123,123,4,1,15,1,1,0,224,612,1243,6,-1,,0.1278735632183908,0.26417525773195877,,,1467,618
124,124,5,1,15,1,1,1,224,612,1243,6,95, ,0.1278735632183908,0.26417525773195877,,,1467,618
125,125,2,1,16,0,0,0,225,631,599,119,-1,,0.07932546884452511,0.296606529209622,,,824,750
126,126,3,1,16,1,0,0,225,631,599,119,-1,,0.07932546884452511,0.296606529209622,,,824,750
127,127,4,1,16,1,1,0,225,631,388,27,-1,,0.0633696309739867,0.2768470790378007,,,613,658
128,128,5,1,16,1,1,1,225,631,45,27,96,(84),0.037431941923774956,0.2768470790378007,,,270,658
129,129,5,1,16,1,1,2,286,633,118,23,96,Designated,0.052177858439201454,0.2768470790378007,,,404,656
130,130,5,1,16,1,1,3,413,633,119,23,96,Contracting,0.07146098003629764,0.2768470790378007,,,532,656
131,131,5,1,16,1,1,4,542,633,71,19,96,States:,0.08734119782214156,0.2759879725085911,,,613,652
132,132,4,1,16,1,2,0,285,666,537,18,-1,,0.08371143375680581,0.28994845360824745,,,822,684
133,133,5,1,16,1,2,1,285,666,31,18,94,AL,0.04544767090139141,0.28994845360824745,,,316,684
134,134,5,1,16,1,2,2,323,666,31,18,94,AT,0.05119479733817302,0.28994845360824745,,,354,684
135,135,5,1,16,1,2,3,363,666,30,18,96,BE,0.05716878402903811,0.28994845360824745,,,393,684
136,136,5,1,16,1,2,4,403,666,32,18,96,BG,0.0633696309739867,0.28994845360824745,,,435,684
137,137,5,1,16,1,2,5,445,666,31,18,96,CH,0.06964609800362977,0.28994845360824745,,,476,684
138,138,5,1,16,1,2,6,486,666,32,18,95,CY,0.07592256503327284,0.28994845360824745,,,518,684
139,139,5,1,16,1,2,7,526,666,30,18,93,CZ,0.08182093163944344,0.28994845360824745,,,556,684
140,140,5,1,16,1,2,8,565,666,30,18,93,DE,0.08771929824561403,0.28994845360824745,,,595,684
141,141,5,1,16,1,2,9,605,666,32,18,95,DK,0.09392014519056262,0.28994845360824745,,,637,684
142,142,5,1,16,1,2,10,646,666,29,18,95,EE,0.0998941318814277,0.28994845360824745,,,675,684
143,143,5,1,16,1,2,11,684,666,29,18,93,ES,0.10564125831820932,0.28994845360824745,,,713,684
144,144,5,1,16,1,2,12,723,666,57,18,90,FIFR,0.11365698729582577,0.28994845360824745,,,780,684
145,145,5,1,16,1,2,13,788,666,34,18,95,GB,0.12174833635813673,0.28994845360824745,,,822,684
146,146,4,1,16,1,3,0,285,699,539,18,-1,,0.0838626739261948,0.30412371134020616,,,824,717
147,147,5,1,16,1,3,1,285,699,297,18,83,GRHRHUIEISITLILTLU,0.06556261343012704,0.30412371134020616,,,582,717
148,148,5,1,16,1,3,2,591,699,28,18,85,LV,0.09150030248033877,0.30412371134020616,,,619,717
149,149,5,1,16,1,3,3,627,699,35,18,85,MC,0.09747428917120388,0.30412371134020616,,,662,717
150,150,5,1,16,1,3,4,670,699,35,18,94,MK,0.10397761645493044,0.30412371134020616,,,705,717
151,151,5,1,16,1,3,5,713,699,32,18,91,MT,0.11025408348457351,0.30412371134020616,,,745,717
152,152,5,1,16,1,3,6,753,699,29,18,49,NL,0.11607683000604961,0.30412371134020616,,,782,717
153,153,5,1,16,1,3,7,791,699,33,18,49,NO,0.1221264367816092,0.30412371134020616,,,824,717
154,154,4,1,16,1,4,0,286,732,336,18,-1,,0.06866303690260134,0.31829896907216493,,,622,750
155,155,5,1,16,1,4,1,286,732,28,18,93,PL,0.045372050816696916,0.31829896907216493,,,314,750
156,156,5,1,16,1,4,2,323,732,29,18,92,PT,0.05104355716878403,0.31829896907216493,,,352,750
157,157,5,1,16,1,4,3,360,732,58,18,92,RORS,0.058832425892317,0.31829896907216493,,,418,750
158,158,5,1,16,1,4,4,420,732,52,18,92,SE,0.06745311554748941,0.31829896907216493,,,472,750
159,159,5,1,16,1,4,5,480,732,20,18,95,SI,0.07410768300060495,0.31829896907216493,,,500,750
160,160,5,1,16,1,4,6,510,732,31,18,93,SK,0.0794767090139141,0.31829896907216493,,,541,750
161,161,5,1,16,1,4,7,550,732,72,18,90,SMTR,0.08862673926194797,0.31829896907216493,,,622,750
162,162,2,1,17,0,0,0,225,795,479,27,-1,,0.07025105868118572,0.3472938144329897,,,704,822
163,163,3,1,17,1,0,0,225,795,479,27,-1,,0.07025105868118572,0.3472938144329897,,,704,822
164,164,4,1,17,1,1,0,225,795,479,27,-1,,0.07025105868118572,0.3472938144329897,,,704,822
165,165,5,1,17,1,1,1,225,795,45,27,96,(30),0.037431941923774956,0.3472938144329897,,,270,822
166,166,5,1,17,1,1,2,286,797,77,23,94,Priority:,0.04907743496672716,0.3472938144329897,,,363,820
167,167,5,1,17,1,1,3,383,797,118,19,94,20.07.2015,0.06684815486993345,0.34643470790378006,,,501,816
168,168,5,1,17,1,1,4,520,797,32,19,95,KR,0.08106473079249849,0.34643470790378006,,,552,816
169,169,5,1,17,1,1,5,560,797,144,19,95,20150102198,0.0955837870538415,0.34643470790378006,,,704,816
170,170,2,1,18,0,0,0,225,861,596,86,-1,,0.07909860859044163,0.38831615120274915,,,821,947
171,171,3,1,18,1,0,0,225,861,596,86,-1,,0.07909860859044163,0.38831615120274915,,,821,947
172,172,4,1,18,1,1,0,225,861,596,26,-1,,0.07909860859044163,0.3754295532646048,,,821,887
173,173,5,1,18,1,1,1,225,861,45,26,96,(62),0.037431941923774956,0.3754295532646048,,,270,887
174,174,5,1,18,1,1,2,286,863,107,18,96,Document,0.05134603750756201,0.3745704467353952,,,393,881
175,175,5,1,18,1,1,3,402,863,105,23,96,number(s),0.06873865698729582,0.3756443298969072,,,507,886
176,176,5,1,18,1,1,4,516,863,20,18,96,of,0.07955232909860858,0.3745704467353952,,,536,881
177,177,5,1,18,1,1,5,542,863,32,18,96,the,0.08439201451905626,0.3745704467353952,,,574,881
178,178,5,1,18,1,1,6,583,863,65,18,96,earlier,0.09308832425892317,0.3745704467353952,,,648,881
179,179,5,1,18,1,1,7,655,863,140,23,94,application(s),0.10964912280701754,0.3756443298969072,,,795,886
180,180,5,1,18,1,1,8,805,863,16,18,96,in,0.12295825771324864,0.3745704467353952,,,821,881
181,181,4,1,18,1,2,0,286,895,308,19,-1,,0.06654567453115548,0.38853092783505155,,,594,914
182,182,5,1,18,1,2,1,286,895,109,19,96,accordance,0.051497277676950996,0.38853092783505155,,,395,914
183,183,5,1,18,1,2,2,395,895,60,19,96,with,0.06427707199032062,0.38853092783505155,,,455,914
184,184,5,1,18,1,2,3,464,895,35,19,96,Art.,0.07282214156079855,0.38853092783505155,,,499,914
185,185,5,1,18,1,2,4,508,895,25,19,96,76,0.07872050816696914,0.38853092783505155,,,533,914
186,186,5,1,18,1,2,5,542,895,52,19,96,EPC:,0.08590441621294616,0.38853092783505155,,,594,914
187,187,4,1,18,1,3,0,286,929,250,18,-1,,0.06215970961887477,0.4029209621993127,,,536,947
188,188,5,1,18,1,3,1,286,929,124,18,91,15003566.5,0.05263157894736842,0.4029209621993127,,,410,947
189,189,5,1,18,1,3,2,417,929,7,18,92,/,0.06359649122807018,0.4029209621993127,,,424,947
190,190,5,1,18,1,3,3,432,929,11,18,95,3,0.066167574107683,0.4029209621993127,,,443,947
191,191,5,1,18,1,3,4,452,929,37,18,94,122,0.07115849969751967,0.4029209621993127,,,489,947
192,192,5,1,18,1,3,5,498,929,38,18,94,024,0.07819116757410768,0.4029209621993127,,,536,947
193,193,2,1,19,0,0,0,225,992,386,90,-1,,0.06321839080459771,0.44544673539518903,,,611,1082
194,194,3,1,19,1,0,0,225,992,386,90,-1,,0.06321839080459771,0.44544673539518903,,,611,1082
195,195,4,1,19,1,1,0,225,992,386,26,-1,,0.06321839080459771,0.43170103092783507,,,611,1018
196,196,5,1,19,1,1,1,225,992,45,26,96,(71),0.037431941923774956,0.43170103092783507,,,270,1018
197,197,5,1,19,1,1,2,285,994,103,23,96,Applicant:,0.05089231699939504,0.4319158075601375,,,388,1017
198,198,5,1,19,1,1,3,397,994,30,18,96,LG,0.062310949788263764,0.43084192439862545,applicant_line_1,LG,427,1012
199,199,5,1,19,1,1,4,438,994,113,18,94,Electronics,0.07478826376285541,0.43084192439862545,applicant_line_1,Electronics,551,1012
200,200,5,1,19,1,1,5,552,994,59,18,95,Inc.,0.08794615849969752,0.43084192439862545,applicant_line_1,Inc.,611,1012
201,201,4,1,19,1,2,0,285,1027,208,23,-1,,0.058832425892317,0.44609106529209624,,,493,1050
202,202,5,1,19,1,2,1,285,1027,208,23,90,Yeongdeungpo-gu,0.058832425892317,0.44609106529209624,,,493,1050
203,203,4,1,19,1,3,0,286,1059,199,23,-1,,0.058303085299455534,0.45983676975945015,,,485,1082
204,204,5,1,19,1,3,1,286,1059,69,22,96,"Seoul,",0.0484724742891712,0.45962199312714774,,,355,1081
205,205,5,1,19,1,3,2,364,1059,64,19,96,07336,0.05989110707803993,0.45897766323024053,,,428,1078
206,206,5,1,19,1,3,3,437,1059,48,23,96,(KR),0.06972171808832425,0.45983676975945015,,,485,1082
207,207,2,1,20,0,0,0,844,614,4,500,-1,,0.1279491833030853,0.3711340206185567,,,848,1114
208,208,3,1,20,1,0,0,844,614,4,500,-1,,0.1279491833030853,0.3711340206185567,,,848,1114
209,209,4,1,20,1,1,0,844,614,4,500,-1,,0.1279491833030853,0.3711340206185567,,,848,1114
210,210,5,1,20,1,1,1,844,614,4,500,95, ,0.1279491833030853,0.3711340206185567,,,848,1114
211,211,2,1,21,0,0,0,862,631,362,58,-1,,0.15774349667271628,0.28350515463917525,,,1224,689
212,212,3,1,21,1,0,0,862,631,362,58,-1,,0.15774349667271628,0.28350515463917525,,,1224,689
213,213,4,1,21,1,1,0,862,631,362,27,-1,,0.15774349667271628,0.2768470790378007,,,1224,658
214,214,5,1,21,1,1,1,862,631,44,27,95,(72),0.1336963097398669,0.2768470790378007,,,906,658
215,215,5,1,21,1,1,2,923,633,89,19,95,Inventor:,0.14632486388384755,0.2759879725085911,,,1012,652
216,216,5,1,21,1,1,3,1022,633,63,22,91,"CHOI,",0.15933151845130067,0.2766323024054983,inventor_line_1,"CHOI,",1085,655
217,217,5,1,21,1,1,4,1095,633,129,23,90,Kyungdong,0.1753629764065336,0.2768470790378007,inventor_line_1,Kyungdong,1224,656
218,218,4,1,21,1,2,0,922,666,193,23,-1,,0.15403811252268604,0.29102233676975947,,,1115,689
219,219,5,1,21,1,2,1,922,666,64,18,95,06772,0.1442831215970962,0.28994845360824745,,,986,684
220,220,5,1,21,1,2,2,995,666,63,18,94,Seoul,0.15524803387779795,0.28994845360824745,,,1058,684
221,221,5,1,21,1,2,3,1067,666,48,23,96,(KR),0.16500302480338777,0.29102233676975947,,,1115,689
222,222,2,1,22,0,0,0,862,730,407,156,-1,,0.16114640048396855,0.3470790378006873,,,1269,886
223,223,3,1,22,1,0,0,862,730,407,156,-1,,0.16114640048396855,0.3470790378006873,,,1269,886
224,224,4,1,22,1,1,0,862,730,407,26,-1,,0.16114640048396855,0.31915807560137455,,,1269,756
225,225,5,1,22,1,1,1,862,730,44,26,96,(74),0.1336963097398669,0.31915807560137455,,,906,756
226,226,5,1,22,1,1,2,923,732,163,23,96,Representative:,0.15192075015124018,0.31937285223367695,,,1086,755
227,227,5,1,22,1,1,3,1096,732,70,23,96,"Beyer,",0.17105263157894737,0.31937285223367695,representative_line_1_eu,"Beyer,",1166,755
228,228,5,1,22,1,1,4,1175,732,94,18,96,Andreas,0.18481548699334543,0.31829896907216493,representative_line_1_eu,Andreas,1269,750
229,229,4,1,22,1,2,0,921,765,264,18,-1,,0.15925589836660617,0.3324742268041237,,,1185,783
230,230,5,1,22,1,2,1,921,765,117,18,91,Wuesthoff,0.14813974591651544,0.3324742268041237,,,1038,783
231,231,5,1,22,1,2,2,1045,765,16,18,91,&,0.15925589836660617,0.3324742268041237,,,1061,783
232,232,5,1,22,1,2,3,1068,765,117,18,96,Wuesthoff,0.1703720508166969,0.3324742268041237,,,1185,783
233,233,4,1,22,1,3,0,923,797,289,19,-1,,0.16144888082274653,0.34643470790378006,,,1212,816
234,234,5,1,22,1,3,1,923,797,158,19,92,Patentanwalte,0.1515426497277677,0.34643470790378006,,,1081,816
235,235,5,1,22,1,3,2,1090,797,62,19,90,PartG,0.16954022988505746,0.34643470790378006,,,1152,816
236,236,5,1,22,1,3,3,1161,797,51,19,90,mbB,0.1794464609800363,0.34643470790378006,,,1212,816
237,237,4,1,22,1,4,0,922,830,221,23,-1,,0.15615547489413187,0.36146907216494845,,,1143,853
238,238,5,1,22,1,4,1,922,830,201,23,91,Schweigerstrasse,0.15464307320024198,0.36146907216494845,,,1123,853
239,239,5,1,22,1,4,2,1131,830,12,18,96,2,0.17196007259528132,0.3603951890034364,,,1143,848
240,240,4,1,22,1,5,0,922,863,231,23,-1,,0.15691167574107684,0.3756443298969072,,,1153,886
241,241,5,1,22,1,5,1,922,863,62,18,92,81541,0.1441318814277072,0.3745704467353952,,,984,881
242,242,5,1,22,1,5,2,996,863,101,18,65,Miinchen,0.15827283726557773,0.3745704467353952,,,1097,881
243,243,5,1,22,1,5,3,1107,863,46,23,96,(DE),0.17090139140955837,0.3756443298969072,,,1153,886
244,244,2,1,23,0,0,0,862,929,99,18,-1,,0.13785541439806412,0.4029209621993127,,,961,947
245,245,3,1,23,1,0,0,862,929,99,18,-1,,0.13785541439806412,0.4029209621993127,,,961,947
246,246,4,1,23,1,1,0,862,929,99,18,-1,,0.13785541439806412,0.4029209621993127,,,961,947
247,247,5,1,23,1,1,1,862,929,99,18,96,Remarks:,0.13785541439806412,0.4029209621993127,,,961,947
248,248,2,1,24,0,0,0,922,961,522,84,-1,,0.17891712038717483,0.43084192439862545,,,1444,1045
249,249,3,1,24,1,0,0,922,961,522,84,-1,,0.17891712038717483,0.43084192439862545,,,1444,1045
250,250,4,1,24,1,1,0,922,961,477,23,-1,,0.17551421657592256,0.4177405498281787,,,1399,984
251,251,5,1,24,1,1,1,922,961,43,19,96,This,0.1426950998185118,0.4168814432989691,,,965,980
252,252,5,1,24,1,1,2,974,961,111,23,96,application,0.15570175438596492,0.4177405498281787,,,1085,984
253,253,5,1,24,1,1,3,1093,966,42,14,96,was,0.16848154869933454,0.4179553264604811,,,1135,980
254,254,5,1,24,1,1,4,1142,961,43,19,96,filed,0.17596793708408953,0.4168814432989691,,,1185,980
255,255,5,1,24,1,1,5,1193,966,25,14,96,on,0.1823200241984271,0.4179553264604811,,,1218,980
256,256,5,1,24,1,1,6,1226,961,121,19,96,28-06-2018,0.19457047791893528,0.4168814432989691,,,1347,980
257,257,5,1,24,1,1,7,1356,966,23,14,96,as,0.20682093163944343,0.4179553264604811,,,1379,980
258,258,5,1,24,1,1,8,1388,966,11,14,96,a,0.21075317604355717,0.4179553264604811,,,1399,980
259,259,4,1,24,1,2,0,922,994,522,23,-1,,0.17891712038717483,0.4319158075601375,,,1444,1017
260,260,5,1,24,1,2,1,922,994,96,18,96,divisional,0.14670296430732002,0.43084192439862545,,,1018,1012
261,261,5,1,24,1,2,2,1026,994,112,23,96,application,0.16364186327888688,0.4319158075601375,,,1138,1017
262,262,5,1,24,1,2,3,1147,995,19,17,96,to,0.17490925589836662,0.43105670103092786,,,1166,1012
263,263,5,1,24,1,2,4,1174,994,31,18,96,the,0.17990018148820328,0.43084192439862545,,,1205,1012
264,264,5,1,24,1,2,5,1214,994,112,23,96,application,0.19207501512401695,0.4319158075601375,,,1326,1017
265,265,5,1,24,1,2,6,1336,994,108,18,96,mentioned,0.2102238354506957,0.43084192439862545,,,1444,1012
266,266,4,1,24,1,3,0,923,1027,209,18,-1,,0.15539927404718692,0.44501718213058417,,,1132,1045
267,267,5,1,24,1,3,1,923,1027,50,18,92,under,0.14337568058076225,0.44501718213058417,,,973,1045
268,268,5,1,24,1,3,2,975,1027,61,18,85,INID,0.15207199032062915,0.44501718213058417,,,1036,1045
269,269,5,1,24,1,3,3,1044,1027,50,18,96,code,0.16167574107683,0.44501718213058417,,,1094,1045
270,270,5,1,24,1,3,4,1103,1027,29,18,96,62.,0.16901088929219601,0.44501718213058417,,,1132,1045
271,271,2,1,25,0,0,0,224,1110,1243,7,-1,,0.1278735632183908,0.47830756013745707,,,1467,1117
272,272,3,1,25,1,0,0,224,1110,1243,7,-1,,0.1278735632183908,0.47830756013745707,,,1467,1117
273,273,4,1,25,1,1,0,224,1110,1243,7,-1,,0.1278735632183908,0.47830756013745707,,,1467,1117
274,274,5,1,25,1,1,1,224,1110,1243,7,95, ,0.1278735632183908,0.47830756013745707,,,1467,1117
275,275,2,1,26,0,0,0,225,1131,45,27,-1,,0.037431941923774956,0.49162371134020616,,,270,1158
276,276,3,1,26,1,0,0,225,1131,45,27,-1,,0.037431941923774956,0.49162371134020616,,,270,1158
277,277,4,1,26,1,1,0,225,1131,45,27,-1,,0.037431941923774956,0.49162371134020616,,,270,1158
278,278,5,1,26,1,1,1,225,1131,45,27,96,(54),0.037431941923774956,0.49162371134020616,,,270,1158
279,279,2,1,27,0,0,0,225,1206,583,189,-1,,0.07811554748941318,0.5586340206185567,,,808,1395
280,280,3,1,27,1,0,0,225,1206,583,189,-1,,0.07811554748941318,0.5586340206185567,,,808,1395
281,281,4,1,27,1,1,0,225,1206,583,27,-1,,0.07811554748941318,0.523840206185567,,,808,1233
282,282,5,1,27,1,1,1,225,1206,45,27,74,(57),0.037431941923774956,0.523840206185567,,,270,1233
283,283,5,1,27,1,1,2,0,0,1653,2328,54,‚Äî,0.125,0.5,,,1653,2328
284,284,5,1,27,1,1,3,315,1208,89,19,33,Amobile,0.054370840895341804,0.5229810996563574,,,404,1227
285,285,5,1,27,1,1,4,408,1208,78,19,33,terminal,0.06760435571687841,0.5229810996563574,,,486,1227
286,286,5,1,27,1,1,5,489,1208,100,23,73,including,0.08151845130066546,0.523840206185567,,,589,1231
287,287,5,1,27,1,1,6,595,1213,11,14,73,a,0.09081972171808833,0.5240549828178694,,,606,1227
288,288,5,1,27,1,1,7,612,1208,78,23,96,display;,0.0984573502722323,0.523840206185567,,,690,1231
289,289,5,1,27,1,1,8,697,1213,10,14,96,a,0.10617059891107078,0.5240549828178694,,,707,1227
290,290,5,1,27,1,1,9,714,1208,94,23,96,proximity,0.11509376890502117,0.523840206185567,,,808,1231
291,291,4,1,27,1,2,0,225,1241,582,23,-1,,0.0780399274047187,0.5380154639175257,,,807,1264
292,292,5,1,27,1,2,1,225,1246,71,13,96,sensor,0.03939806412583182,0.5380154639175257,,,296,1259
293,293,5,1,27,1,2,2,304,1241,108,23,96,configured,0.05414398064125832,0.5380154639175257,,,412,1264
294,294,5,1,27,1,2,3,421,1242,18,17,96,to,0.06503327283726558,0.5371563573883161,,,439,1259
295,295,5,1,27,1,2,4,448,1246,62,13,96,sense,0.07244404113732607,0.5380154639175257,,,510,1259
296,296,5,1,27,1,2,5,518,1246,11,13,96,a,0.07917422867513611,0.5380154639175257,,,529,1259
297,297,5,1,27,1,2,6,539,1241,151,23,96,predetermined,0.09293708408953417,0.5380154639175257,,,690,1264
298,298,5,1,27,1,2,7,698,1241,62,18,96,action,0.11025408348457351,0.5369415807560137,,,760,1259
299,299,5,1,27,1,2,8,769,1241,20,18,96,of,0.11781609195402298,0.5369415807560137,,,789,1259
300,300,5,1,27,1,2,9,795,1246,12,13,96,a,0.12114337568058076,0.5380154639175257,,,807,1259
301,301,4,1,27,1,3,0,226,1274,581,23,-1,,0.07811554748941318,0.5521907216494846,,,807,1297
302,302,5,1,27,1,3,1,226,1278,49,17,96,user;,0.03788566243194193,0.5526202749140894,,,275,1295
303,303,5,1,27,1,3,2,284,1278,24,14,96,an,0.04476709013914096,0.5519759450171822,,,308,1292
304,304,5,1,27,1,3,3,316,1274,57,18,96,audio,0.052102238354506954,0.5511168384879725,,,373,1292
305,305,5,1,27,1,3,4,380,1274,66,23,96,output,0.06246218995765275,0.5521907216494846,,,446,1297
306,306,5,1,27,1,3,5,453,1274,42,21,96,unit;,0.07168784029038112,0.5517611683848798,,,495,1295
307,307,5,1,27,1,3,6,503,1274,38,18,96,and,0.07894736842105263,0.5511168384879725,,,541,1292
308,308,5,1,27,1,3,7,549,1278,11,14,96,a,0.0838626739261948,0.5519759450171822,,,560,1292
309,309,5,1,27,1,3,8,568,1274,97,18,96,controller,0.09323956442831216,0.5511168384879725,,,665,1292
310,310,5,1,27,1,3,9,672,1274,108,23,96,configured,0.10980036297640654,0.5521907216494846,,,780,1297
311,311,5,1,27,1,3,10,788,1274,19,18,96,to,0.1206140350877193,0.5511168384879725,,,807,1292
312,312,4,1,27,1,4,0,225,1306,582,23,-1,,0.0780399274047187,0.5659364261168385,,,807,1329
313,313,5,1,27,1,4,1,225,1306,107,19,96,deactivate,0.042120387174833636,0.5650773195876289,,,332,1325
314,314,5,1,27,1,4,2,339,1306,32,19,96,the,0.05369026013309135,0.5650773195876289,,,371,1325
315,315,5,1,27,1,4,3,378,1306,74,23,96,display,0.06276467029643074,0.5659364261168385,,,452,1329
316,316,5,1,27,1,4,4,458,1306,38,19,96,and,0.0721415607985481,0.5650773195876289,,,496,1325
317,317,5,1,27,1,4,5,504,1307,54,18,96,enter,0.08030852994555354,0.5652920962199313,,,558,1325
318,318,5,1,27,1,4,6,564,1306,32,19,96,the,0.08771929824561403,0.5650773195876289,,,596,1325
319,319,5,1,27,1,4,7,604,1306,68,19,96,mobile,0.09649122807017543,0.5650773195876289,,,672,1325
320,320,5,1,27,1,4,8,679,1306,84,19,96,terminal,0.10904416212946158,0.5650773195876289,,,763,1325
321,321,5,1,27,1,4,9,771,1306,36,19,96,into,0.11932849364791288,0.5650773195876289,,,807,1325
322,322,4,1,27,1,5,0,225,1339,583,23,-1,,0.07811554748941318,0.5801116838487973,,,808,1362
323,323,5,1,27,1,5,1,225,1344,11,13,95,a,0.034860859044162126,0.5801116838487973,,,236,1357
324,324,5,1,27,1,5,2,245,1339,83,23,95,standby,0.04333030852994555,0.5801116838487973,,,328,1362
325,325,5,1,27,1,5,3,337,1339,57,18,96,mode,0.05527828191167574,0.5790378006872853,,,394,1357
326,326,5,1,27,1,5,4,402,1339,54,18,96,while,0.0648820326678766,0.5790378006872853,,,456,1357
327,327,5,1,27,1,5,5,466,1339,119,23,96,maintaining,0.0794767090139141,0.5801116838487973,,,585,1362
328,328,5,1,27,1,5,6,594,1339,31,18,97,the,0.09218088324258923,0.5790378006872853,,,625,1357
329,329,5,1,27,1,5,7,635,1339,94,23,96,proximity,0.10314579552329099,0.5801116838487973,,,729,1362
330,330,5,1,27,1,5,8,737,1344,71,13,96,sensor,0.11683303085299455,0.5801116838487973,,,808,1357
331,331,4,1,27,1,6,0,226,1372,582,23,-1,,0.07819116757410768,0.594286941580756,,,808,1395
332,332,5,1,27,1,6,1,226,1372,15,19,96,in,0.0353145795523291,0.5934278350515464,,,241,1391
333,333,5,1,27,1,6,2,253,1377,24,14,96,an,0.04007864488808228,0.5945017182130584,,,277,1391
334,334,5,1,27,1,6,3,288,1372,93,19,96,activated,0.05058983666061706,0.5934278350515464,,,381,1391
335,335,5,1,27,1,6,4,392,1373,56,21,95,"state,",0.06352087114337568,0.594286941580756,,,448,1394
336,336,5,1,27,1,6,5,459,1372,38,19,95,and,0.07229280096793708,0.5934278350515464,,,497,1391
337,337,5,1,27,1,6,6,509,1372,15,19,96,in,0.07811554748941318,0.5934278350515464,,,524,1391
338,338,5,1,27,1,6,7,536,1377,96,18,96,response,0.08832425892316999,0.595360824742268,,,632,1395
339,339,5,1,27,1,6,8,642,1373,19,18,96,to,0.0985329703569268,0.5936426116838488,,,661,1391
340,340,5,1,27,1,6,9,671,1372,32,19,96,the,0.10390199637023594,0.5934278350515464,,,703,1391
341,341,5,1,27,1,6,10,714,1372,94,23,96,proximity,0.11509376890502117,0.594286941580756,,,808,1395
342,342,2,1,28,0,0,0,510,1453,83,27,-1,,0.08340895341802783,0.6299398625429553,,,593,1480
343,343,3,1,28,1,0,0,510,1453,83,27,-1,,0.08340895341802783,0.6299398625429553,,,593,1480
344,344,4,1,28,1,1,0,510,1453,83,27,-1,,0.08340895341802783,0.6299398625429553,,,593,1480
345,345,5,1,28,1,1,1,510,1453,51,27,92,FIG.,0.080989110707804,0.6299398625429553,,,561,1480
346,346,5,1,28,1,1,2,578,1453,15,27,96,2,0.08855111917725347,0.6299398625429553,,,593,1480
347,347,2,1,29,0,0,0,316,1131,769,21,-1,,0.1059437386569873,0.49033505154639173,,,1085,1152
348,348,3,1,29,1,0,0,316,1131,769,21,-1,,0.1059437386569873,0.49033505154639173,,,1085,1152
349,349,4,1,29,1,1,0,316,1131,769,21,-1,,0.1059437386569873,0.49033505154639173,,,1085,1152
350,350,5,1,29,1,1,1,316,1131,100,21,96,MOBILE,0.05535390199637023,0.49033505154639173,title_line_1,MOBILE,416,1152
351,351,5,1,29,1,1,2,426,1132,136,20,96,TERMINAL,0.07471264367816093,0.49054982817869414,title_line_1,TERMINAL,562,1152
352,352,5,1,29,1,1,3,570,1132,56,20,96,AND,0.09044162129461585,0.49054982817869414,title_line_1,AND,626,1152
353,353,5,1,29,1,1,4,636,1131,192,21,96,CONTROLLING,0.11070780399274047,0.49033505154639173,title_line_1,CONTROLLING,828,1152
354,354,5,1,29,1,1,5,839,1131,112,21,96,METHOD,0.1353599516031458,0.49033505154639173,title_line_1,METHOD,951,1152
355,355,5,1,29,1,1,6,960,1131,125,21,96,THEREOF,0.15464307320024198,0.49033505154639173,title_line_1,THEREOF,1085,1152
356,356,2,1,30,0,0,0,884,1208,582,149,-1,,0.17770719903206292,0.5509020618556701,,,1466,1357
357,357,3,1,30,1,0,0,884,1208,582,149,-1,,0.17770719903206292,0.5509020618556701,,,1466,1357
358,358,4,1,30,1,1,0,884,1208,581,23,-1,,0.17763157894736842,0.523840206185567,,,1465,1231
359,359,5,1,30,1,1,1,884,1213,71,14,96,sensor,0.13906533575317603,0.5240549828178694,,,955,1227
360,360,5,1,30,1,1,2,965,1208,80,23,96,sensing,0.15199637023593465,0.523840206185567,,,1045,1231
361,361,5,1,30,1,1,3,1057,1208,31,19,96,the,0.16220508166969147,0.5229810996563574,,,1088,1227
362,362,5,1,30,1,1,4,1101,1208,151,23,96,predetermined,0.1779340592861464,0.523840206185567,,,1252,1231
363,363,5,1,30,1,1,5,1263,1208,62,19,96,action,0.1957047791893527,0.5229810996563574,,,1325,1227
364,364,5,1,30,1,1,6,1338,1208,23,23,96,by,0.20409860859044163,0.523840206185567,,,1361,1231
365,365,5,1,30,1,1,7,1372,1208,32,19,96,the,0.20992135511191773,0.5229810996563574,,,1404,1227
366,366,5,1,30,1,1,8,1416,1213,49,17,96,"user,",0.2178614640048397,0.5246993127147767,,,1465,1230
367,367,4,1,30,1,2,0,884,1241,582,23,-1,,0.17770719903206292,0.5380154639175257,,,1466,1264
368,368,5,1,30,1,2,1,884,1242,65,22,96,output,0.13861161524500906,0.5382302405498282,,,949,1264
369,369,5,1,30,1,2,2,956,1241,57,18,96,audio,0.14889594676346038,0.5369415807560137,,,1013,1259
370,370,5,1,30,1,2,3,1019,1241,45,18,96,data,0.15751663641863278,0.5369415807560137,,,1064,1259
371,371,5,1,30,1,2,4,1071,1241,79,23,96,through,0.16795220810647307,0.5380154639175257,,,1150,1264
372,372,5,1,30,1,2,5,1157,1241,32,18,96,the,0.17740471869328495,0.5369415807560137,,,1189,1259
373,373,5,1,30,1,2,6,1196,1241,56,18,96,audio,0.1851179673321234,0.5369415807560137,,,1252,1259
374,374,5,1,30,1,2,7,1259,1242,58,22,96,output,0.19479733817301875,0.5382302405498282,,,1317,1264
375,375,5,1,30,1,2,8,1319,1241,50,18,96,unit,0.20326678765880218,0.5369415807560137,,,1369,1259
376,376,5,1,30,1,2,9,1374,1241,54,18,96,while,0.2118874773139746,0.5369415807560137,,,1428,1259
377,377,5,1,30,1,2,10,1434,1241,32,18,96,the,0.21929824561403508,0.5369415807560137,,,1466,1259
378,378,4,1,30,1,3,0,884,1274,582,23,-1,,0.17770719903206292,0.5521907216494846,,,1466,1297
379,379,5,1,30,1,3,1,884,1274,73,23,96,display,0.13921657592256503,0.5521907216494846,,,957,1297
380,380,5,1,30,1,3,2,966,1274,15,18,96,is,0.1472323049001815,0.5511168384879725,,,981,1292
381,381,5,1,30,1,3,3,989,1274,121,18,96,deactivated,0.1587265577737447,0.5511168384879725,,,1110,1292
382,382,5,1,30,1,3,4,1119,1274,135,23,96,corresponding,0.1794464609800363,0.5521907216494846,,,1254,1297
383,383,5,1,30,1,3,5,1256,1274,39,23,96,to,0.1929068360556564,0.5521907216494846,,,1295,1297
384,384,5,1,30,1,3,6,1305,1274,115,18,93,information,0.20606473079249849,0.5511168384879725,,,1420,1292
385,385,5,1,30,1,3,7,1430,1274,36,18,93,col-,0.2189957652752571,0.5511168384879725,,,1466,1292
386,386,4,1,30,1,4,0,885,1306,581,23,-1,,0.17778281911675742,0.5659364261168385,,,1466,1329
387,387,5,1,30,1,4,1,885,1306,61,19,96,lected,0.1384603750756201,0.5650773195876289,,,946,1325
388,388,5,1,30,1,4,2,952,1306,59,19,91,about,0.1484422262552934,0.5650773195876289,,,1011,1325
389,389,5,1,30,1,4,3,1016,1311,11,14,91,a,0.15449183303085298,0.5661512027491409,,,1027,1325
390,390,5,1,30,1,4,4,1034,1306,87,23,96,previous,0.1629612825166364,0.5659364261168385,,,1121,1329
391,391,5,1,30,1,4,5,1126,1311,50,14,96,event,0.17407743496672717,0.5661512027491409,,,1176,1325
392,392,5,1,30,1,4,6,1178,1306,50,19,96,that,0.18194192377495463,0.5650773195876289,,,1228,1325
393,393,5,1,30,1,4,7,1233,1306,91,19,96,occurred,0.19336055656382334,0.5650773195876289,,,1324,1325
394,394,5,1,30,1,4,8,1330,1311,24,14,96,on,0.2029643073200242,0.5661512027491409,,,1354,1325
395,395,5,1,30,1,4,9,1360,1306,32,19,95,the,0.20810647307924984,0.5650773195876289,,,1392,1325
396,396,5,1,30,1,4,10,1399,1306,67,19,95,mobile,0.21665154264972777,0.5650773195876289,,,1466,1325
397,397,4,1,30,1,5,0,884,1339,89,18,-1,,0.14042649727767695,0.5790378006872853,,,973,1357
398,398,5,1,30,1,5,1,884,1339,89,18,96,terminal.,0.14042649727767695,0.5790378006872853,,,973,1357
399,399,2,1,31,0,0,0,620,1603,3,497,-1,,0.0939957652752571,0.7953178694158075,,,623,2100
400,400,3,1,31,1,0,0,620,1603,3,497,-1,,0.0939957652752571,0.7953178694158075,,,623,2100
401,401,4,1,31,1,1,0,620,1603,3,497,-1,,0.0939957652752571,0.7953178694158075,,,623,2100
402,402,5,1,31,1,1,1,620,1603,3,497,95, ,0.0939957652752571,0.7953178694158075,,,623,2100
403,403,2,1,32,0,0,0,857,1557,4,578,-1,,0.12991530550514216,0.7929553264604811,,,861,2135
404,404,3,1,32,1,0,0,857,1557,4,578,-1,,0.12991530550514216,0.7929553264604811,,,861,2135
405,405,4,1,32,1,1,0,857,1557,4,578,-1,,0.12991530550514216,0.7929553264604811,,,861,2135
406,406,5,1,32,1,1,1,857,1557,4,578,95, ,0.12991530550514216,0.7929553264604811,,,861,2135
407,407,2,1,33,0,0,0,664,1602,505,490,-1,,0.13861161524500906,0.7933848797250859,,,1169,2092
408,408,3,1,33,1,0,0,696,1602,473,65,-1,,0.14103145795523292,0.7021048109965635,,,1169,1667
409,409,4,1,33,1,1,0,696,1602,473,65,-1,,0.14103145795523292,0.7021048109965635,,,1169,1667
410,410,5,1,33,1,1,1,696,1625,64,18,96,Activate,0.11010284331518451,0.7018900343642611,,,760,1643
411,411,5,1,33,1,1,2,764,1625,75,23,96,proximity,0.12121899576527526,0.7029639175257731,,,839,1648
412,412,5,1,33,1,1,3,844,1630,42,13,96,sensor,0.1308227465214761,0.7029639175257731,,,886,1643
413,413,5,1,33,1,1,4,886,1625,26,18,93,in,0.13596491228070176,0.7018900343642611,,,912,1643
414,414,5,1,33,1,1,5,917,1625,59,23,93,standby,0.14314882032667878,0.7029639175257731,,,976,1648
415,415,5,1,33,1,1,6,980,1625,42,18,96,mode,0.1513914095583787,0.7018900343642611,,,1022,1643
416,416,5,1,33,1,1,7,1094,1602,39,65,0,-,0.16840592861464004,0.7021048109965635,,,1133,1667
417,417,5,1,33,1,1,8,1137,1626,32,17,79,$210,0.17437991530550515,0.7021048109965635,,,1169,1643
418,418,3,1,33,2,0,0,664,1712,505,63,-1,,0.13861161524500906,0.748926116838488,,,1169,1775
419,419,4,1,33,2,1,0,664,1712,505,63,-1,,0.13861161524500906,0.748926116838488,,,1169,1775
420,420,5,1,33,2,1,1,664,1734,43,18,96,Sense,0.10367513611615245,0.7487113402061856,,,707,1752
421,421,5,1,33,2,1,2,712,1734,75,23,93,proximity,0.1133545069570478,0.7497852233676976,,,787,1757
422,422,5,1,33,2,1,3,792,1734,18,18,97,of,0.12114337568058076,0.7487113402061856,,,810,1752
423,423,5,1,33,2,1,4,812,1734,46,23,96,object,0.12628554143980641,0.7497852233676976,,,858,1757
424,424,5,1,33,2,1,5,862,1734,60,23,96,through,0.13490623109497882,0.7497852233676976,,,922,1757
425,425,5,1,33,2,1,6,926,1734,75,23,92,proximity,0.14571990320629158,0.7497852233676976,,,1001,1757
426,426,5,1,33,2,1,7,1006,1740,49,12,96,sensor,0.1558529945553539,0.75,,,1055,1752
427,427,5,1,33,2,1,8,1094,1712,39,63,0,/-,0.16840592861464004,0.748926116838488,,,1133,1775
428,428,5,1,33,2,1,9,1137,1735,32,16,77,$220,0.17437991530550515,0.7487113402061856,,,1169,1751
429,429,3,1,33,3,0,0,749,1821,420,64,-1,,0.14503932244404114,0.7959621993127147,,,1169,1885
430,430,4,1,33,3,1,0,749,1821,420,64,-1,,0.14503932244404114,0.7959621993127147,,,1169,1885
431,431,5,1,33,3,1,1,749,1843,55,19,96,Collect,0.11743799153055051,0.7957474226804123,,,804,1862
432,432,5,1,33,3,1,2,809,1843,89,19,94,information,0.12908348457350272,0.7957474226804123,,,898,1862
433,433,5,1,33,3,1,3,902,1843,18,19,96,of,0.13777979431336962,0.7957474226804123,,,920,1862
434,434,5,1,33,3,1,4,923,1846,42,16,95,event,0.14277071990320628,0.7963917525773195,,,965,1862
435,435,5,1,33,3,1,5,1094,1821,39,64,26,+,0.16840592861464004,0.7959621993127147,,,1133,1885
436,436,5,1,33,3,1,6,1137,1844,32,17,83,$230,0.17437991530550515,0.7957474226804123,,,1169,1861
437,437,3,1,33,4,0,0,760,1930,409,64,-1,,0.14587114337568058,0.8427835051546392,,,1169,1994
438,438,4,1,33,4,1,0,760,1930,409,64,-1,,0.14587114337568058,0.8427835051546392,,,1169,1994
439,439,5,1,33,4,1,1,760,1953,64,18,95,Activate,0.11978221415607986,0.8427835051546392,,,824,1971
440,440,5,1,33,4,1,2,829,1953,41,18,96,audio,0.12847852389594677,0.8427835051546392,,,870,1971
441,441,5,1,33,4,1,3,876,1956,42,20,95,output,0.13566243194192376,0.8445017182130584,,,918,1976
442,442,5,1,33,4,1,4,918,1953,40,18,96,unit,0.14186327888687236,0.8427835051546392,,,958,1971
443,443,5,1,33,4,1,5,1094,1930,39,64,37,+,0.16840592861464004,0.8427835051546392,,,1133,1994
444,444,5,1,33,4,1,6,1137,1953,32,17,69,8240,0.17437991530550515,0.8425687285223368,,,1169,1970
445,445,3,1,33,5,0,0,686,2049,483,43,-1,,0.14027525710828795,0.8893900343642611,,,1169,2092
446,446,4,1,33,5,1,0,686,2049,483,31,-1,,0.14027525710828795,0.8868127147766323,,,1169,2080
447,447,5,1,33,5,1,1,686,2049,53,23,96,Output,0.10775862068965517,0.885094501718213,,,739,2072
448,448,5,1,33,5,1,2,744,2049,41,28,95,audio,0.11562310949788264,0.886168384879725,,,785,2077
449,449,5,1,33,5,1,3,790,2049,32,18,89,data,0.12189957652752571,0.884020618556701,,,822,2067
450,450,5,1,33,5,1,4,827,2049,107,28,93,corresponding,0.13316696914700543,0.886168384879725,,,934,2077
451,451,5,1,33,5,1,5,939,2052,15,15,87,to,0.14314882032667878,0.8846649484536082,,,954,2067
452,452,5,1,33,5,1,6,959,2049,68,18,87,collected,0.1501814882032668,0.884020618556701,,,1027,2067
453,453,5,1,33,5,1,7,1137,2063,32,17,62,5250,0.17437991530550515,0.8898195876288659,,,1169,2080
454,454,4,1,33,5,2,0,782,2074,155,18,-1,,0.12999092558983666,0.8947594501718213,,,937,2092
455,455,5,1,33,5,2,1,782,2074,88,18,96,information,0.1249243799153055,0.8947594501718213,,,870,2092
456,456,5,1,33,5,2,2,875,2074,18,18,96,of,0.1336963097398669,0.8947594501718213,,,893,2092
457,457,5,1,33,5,2,3,896,2076,41,16,94,event,0.13861161524500906,0.8951890034364262,,,937,2092
458,458,2,1,34,0,0,0,716,2270,259,16,-1,,0.1278735632183908,0.9785223367697594,,,975,2286
459,459,3,1,34,1,0,0,716,2270,259,16,-1,,0.1278735632183908,0.9785223367697594,,,975,2286
460,460,4,1,34,1,1,0,716,2270,259,16,-1,,0.1278735632183908,0.9785223367697594,,,975,2286
461,461,5,1,34,1,1,1,716,2270,49,12,96,Printed,0.11199334543254688,0.9776632302405498,,,765,2282
462,462,5,1,34,1,1,2,771,2270,15,16,96,by,0.1177404718693285,0.9785223367697594,,,786,2286
463,463,5,1,34,1,1,3,792,2270,45,14,96,"Jouve,",0.12318511796733213,0.9780927835051546,,,837,2284
464,464,5,1,34,1,1,4,843,2270,41,12,96,75001,0.13059588626739263,0.9776632302405498,,,884,2282
465,465,5,1,34,1,1,5,893,2270,46,12,96,PARIS,0.1385359951603146,0.9776632302405498,,,939,2282
466,466,5,1,34,1,1,6,945,2270,30,16,95,(FR),0.14519056261343014,0.9785223367697594,,,975,2286
