,Unnamed: 0,level,page_num,block_num,par_num,line_num,word_num,left,top,width,height,conf,text,x,y,label,target,right,bottom
0,0,1,1,0,0,0,0,0,0,1653,2328,-1,,0.125,0.5,,,1653,2328
1,1,2,1,1,0,0,0,144,1905,31,328,-1,,0.02412280701754386,0.8887457044673539,,,175,2233
2,2,3,1,1,1,0,0,144,1905,31,328,-1,,0.02412280701754386,0.8887457044673539,,,175,2233
3,3,4,1,1,1,1,0,144,1905,31,328,-1,,0.02412280701754386,0.8887457044673539,,,175,2233
4,4,5,1,1,1,1,1,144,2179,30,54,96,EP,0.024047186932849365,0.947594501718213,,,174,2233
5,5,5,1,1,1,1,2,144,2142,31,21,96,3,0.02412280701754386,0.9246134020618557,,,175,2163
6,6,5,1,1,1,1,3,144,2055,31,71,96,399,0.02412280701754386,0.8979810996563574,,,175,2126
7,7,5,1,1,1,1,4,144,1968,31,72,86,496,0.02412280701754386,0.8608247422680413,,,175,2040
8,8,5,1,1,1,1,5,144,1905,30,50,86,A1,0.024047186932849365,0.8290378006872853,,,174,1955
9,9,2,1,2,0,0,0,429,153,88,28,-1,,0.07153660012099214,0.07173539518900343,,,517,181
10,10,3,1,2,1,0,0,429,153,88,28,-1,,0.07153660012099214,0.07173539518900343,,,517,181
11,11,4,1,2,1,1,0,429,153,88,16,-1,,0.07153660012099214,0.06915807560137457,,,517,169
12,12,5,1,2,1,1,1,429,153,88,16,84,Europaisches,0.07153660012099214,0.06915807560137457,,,517,169
13,13,4,1,2,1,2,0,429,170,71,11,-1,,0.07025105868118572,0.07538659793814433,,,500,181
14,14,5,1,2,1,2,1,429,170,71,11,96,Patentamt,0.07025105868118572,0.07538659793814433,,,500,181
15,15,2,1,3,0,0,0,429,196,89,28,-1,,0.07161222020568662,0.09020618556701031,,,518,224
16,16,3,1,3,1,0,0,429,196,89,28,-1,,0.07161222020568662,0.09020618556701031,,,518,224
17,17,4,1,3,1,1,0,429,196,63,15,-1,,0.06964609800362977,0.08741408934707903,,,492,211
18,18,5,1,3,1,1,1,429,196,63,15,95,European,0.06964609800362977,0.08741408934707903,,,492,211
19,19,4,1,3,1,2,0,429,212,89,12,-1,,0.07161222020568662,0.0936426116838488,,,518,224
20,20,5,1,3,1,2,1,429,213,43,11,96,Patent,0.06813369630973987,0.0938573883161512,,,472,224
21,21,5,1,3,1,2,2,478,212,40,12,90,Office,0.07531760435571688,0.0936426116838488,,,518,224
22,22,2,1,4,0,0,0,429,239,109,28,-1,,0.07312462189957653,0.10867697594501718,,,538,267
23,23,3,1,4,1,0,0,429,239,109,28,-1,,0.07312462189957653,0.10867697594501718,,,538,267
24,24,4,1,4,1,1,0,429,239,109,15,-1,,0.07312462189957653,0.10588487972508591,,,538,254
25,25,5,1,4,1,1,1,429,239,40,12,93,Office,0.06790683605565638,0.1052405498281787,,,469,251
26,26,5,1,4,1,1,2,474,239,64,15,93,europ√©en,0.0765275257108288,0.10588487972508591,,,538,254
27,27,4,1,4,1,2,0,429,255,77,12,-1,,0.0707047791893527,0.11211340206185567,,,506,267
28,28,5,1,4,1,2,1,429,255,22,12,95,des,0.06654567453115548,0.11211340206185567,,,451,267
29,29,5,1,4,1,2,2,457,255,49,12,82,brevets,0.07282214156079855,0.11211340206185567,,,506,267
30,30,2,1,5,0,0,0,281,136,274,150,-1,,0.06321839080459771,0.09063573883161512,,,555,286
31,31,3,1,5,1,0,0,281,136,274,150,-1,,0.06321839080459771,0.09063573883161512,,,555,286
32,32,4,1,5,1,1,0,281,136,274,150,-1,,0.06321839080459771,0.09063573883161512,,,555,286
33,33,5,1,5,1,1,1,281,136,274,150,95, ,0.06321839080459771,0.09063573883161512,,,555,286
34,34,2,1,6,0,0,0,225,324,45,26,-1,,0.037431941923774956,0.14475945017182132,,,270,350
35,35,3,1,6,1,0,0,225,324,45,26,-1,,0.037431941923774956,0.14475945017182132,,,270,350
36,36,4,1,6,1,1,0,225,324,45,26,-1,,0.037431941923774956,0.14475945017182132,,,270,350
37,37,5,1,6,1,1,1,225,324,45,26,96,(12),0.037431941923774956,0.14475945017182132,,,270,350
38,38,2,1,7,0,0,0,225,395,378,53,-1,,0.06261343012704174,0.18105670103092783,,,603,448
39,39,3,1,7,1,0,0,225,395,378,53,-1,,0.06261343012704174,0.18105670103092783,,,603,448
40,40,4,1,7,1,1,0,225,395,262,26,-1,,0.05384150030248034,0.17525773195876287,,,487,421
41,41,5,1,7,1,1,1,225,395,45,26,95,(43),0.037431941923774956,0.17525773195876287,,,270,421
42,42,5,1,7,1,1,2,286,397,48,18,95,Date,0.04688445251058681,0.17439862542955326,,,334,415
43,43,5,1,7,1,1,3,342,397,20,18,96,of,0.05323653962492438,0.17439862542955326,,,362,415
44,44,5,1,7,1,1,4,370,397,117,23,96,publication:,0.0648064125831821,0.17547250859106528,,,487,420
45,45,4,1,7,1,2,0,286,430,317,18,-1,,0.06722625529340592,0.18857388316151202,,,603,448
46,46,5,1,7,1,2,1,286,430,117,18,96,07.11.2018,0.052102238354506954,0.18857388316151202,publication_date,07.11.2018,403,448
47,47,5,1,7,1,2,2,426,430,84,18,95,Bulletin,0.07078039927404718,0.18857388316151202,,,510,448
48,48,5,1,7,1,2,3,519,430,84,18,95,2018/45,0.08484573502722323,0.18857388316151202,,,603,448
49,49,2,1,8,0,0,0,225,493,400,26,-1,,0.06427707199032062,0.21735395189003437,,,625,519
50,50,3,1,8,1,0,0,225,493,400,26,-1,,0.06427707199032062,0.21735395189003437,,,625,519
51,51,4,1,8,1,1,0,225,493,400,26,-1,,0.06427707199032062,0.21735395189003437,,,625,519
52,52,5,1,8,1,1,1,225,493,45,26,96,(21),0.037431941923774956,0.21735395189003437,,,270,519
53,53,5,1,8,1,1,2,285,495,115,23,96,Application,0.051799758015728975,0.21756872852233677,,,400,518
54,54,5,1,8,1,1,3,410,495,83,18,93,number:,0.06828493647912885,0.21649484536082475,,,493,513
55,55,5,1,8,1,1,4,505,495,120,18,91,18180148.1,0.08545069570477919,0.21649484536082475,application_number,18180148.1,625,513
56,56,2,1,9,0,0,0,225,559,325,26,-1,,0.05860556563823351,0.24570446735395188,,,550,585
57,57,3,1,9,1,0,0,225,559,325,26,-1,,0.05860556563823351,0.24570446735395188,,,550,585
58,58,4,1,9,1,1,0,225,559,325,26,-1,,0.05860556563823351,0.24570446735395188,,,550,585
59,59,5,1,9,1,1,1,225,559,45,26,96,(22),0.037431941923774956,0.24570446735395188,,,270,585
60,60,5,1,9,1,1,2,286,561,48,18,96,Date,0.04688445251058681,0.24484536082474226,,,334,579
61,61,5,1,9,1,1,3,342,566,12,13,96,of,0.05263157894736842,0.24591924398625428,,,354,579
62,62,5,1,9,1,1,4,355,561,67,23,96,filing:,0.058756805807622506,0.24591924398625428,,,422,584
63,63,5,1,9,1,1,5,433,561,117,18,96,15.12.2009,0.07433454325468844,0.24484536082474226,filing_date,15.12.2009,550,579
64,64,2,1,10,0,0,0,1314,142,40,67,-1,,0.20175438596491227,0.07538659793814433,,,1354,209
65,65,3,1,10,1,0,0,1314,142,40,67,-1,,0.20175438596491227,0.07538659793814433,,,1354,209
66,66,4,1,10,1,1,0,1314,142,40,67,-1,,0.20175438596491227,0.07538659793814433,,,1354,209
67,67,5,1,10,1,1,1,1314,142,40,67,95, ,0.20175438596491227,0.07538659793814433,,,1354,209
68,68,2,1,11,0,0,0,577,319,537,26,-1,,0.1278735632183908,0.14261168384879724,,,1114,345
69,69,3,1,11,1,0,0,577,319,537,26,-1,,0.1278735632183908,0.14261168384879724,,,1114,345
70,70,4,1,11,1,1,0,577,319,537,26,-1,,0.1278735632183908,0.14261168384879724,,,1114,345
71,71,5,1,11,1,1,1,577,319,156,26,95,EUROPEAN,0.09906231094978826,0.14261168384879724,,,733,345
72,72,5,1,11,1,1,2,735,320,135,24,95,PATENT,0.12137023593466424,0.14261168384879724,,,870,344
73,73,5,1,11,1,1,3,873,319,241,26,96,APPLICATION,0.1502571082879613,0.14261168384879724,,,1114,345
74,74,2,1,12,0,0,0,862,245,598,262,-1,,0.17558983666061706,0.16151202749140894,,,1460,507
75,75,3,1,12,1,0,0,862,245,598,262,-1,,0.17558983666061706,0.16151202749140894,,,1460,507
76,76,4,1,12,1,1,0,1002,245,458,38,-1,,0.18617664851784635,0.1134020618556701,,,1460,283
77,77,5,1,12,1,1,1,1002,256,44,27,74,(11),0.15486993345432548,0.11576460481099657,,,1046,283
78,78,5,1,12,1,1,2,1146,245,52,32,94,EP,0.17725347852389595,0.11211340206185567,number,EP,1198,277
79,79,5,1,12,1,1,3,1214,245,20,32,94,3,0.1851179673321234,0.11211340206185567,number,3,1234,277
80,80,5,1,12,1,1,4,1249,245,68,32,95,399,0.1940411373260738,0.11211340206185567,number,399,1317,277
81,81,5,1,12,1,1,5,1331,245,69,32,93,496,0.20651845130066546,0.11211340206185567,number,496,1400,277
82,82,5,1,12,1,1,6,1413,245,47,32,89,A1,0.21725650332728372,0.11211340206185567,number,A1,1460,277
83,83,4,1,12,1,2,0,862,395,126,26,-1,,0.13989715668481548,0.17525773195876287,,,988,421
84,84,5,1,12,1,2,1,862,395,44,26,93,(51),0.1336963097398669,0.17525773195876287,,,906,421
85,85,5,1,12,1,2,2,923,397,25,18,93,Int,0.1414851784633999,0.17439862542955326,,,948,415
86,86,5,1,12,1,2,3,955,397,33,18,78,Cl:,0.14692982456140352,0.17439862542955326,,,988,415
87,87,4,1,12,1,3,0,923,425,467,23,-1,,0.17490925589836662,0.1875,,,1390,448
88,88,5,1,12,1,3,1,923,428,62,20,47,G06Q,0.1442831215970962,0.18814432989690721,class_international,G06Q,985,448
89,89,5,1,12,1,3,2,992,428,59,18,94,50/00,0.15449183303085298,0.1877147766323024,class_international,50/00,1051,446
90,90,5,1,12,1,3,3,1057,425,67,16,75,(2072.07),0.16492740471869327,0.18599656357388317,,,1124,441
91,91,5,1,12,1,3,4,1193,428,57,18,80,HO4L,0.18473986690865093,0.1877147766323024,,,1250,446
92,92,5,1,12,1,3,5,1258,428,59,18,85,29108,0.19472171808832425,0.1877147766323024,,,1317,446
93,93,5,1,12,1,3,6,1323,425,67,16,76,(2006.01),0.20515728977616454,0.18599656357388317,,,1390,441
94,94,4,1,12,1,4,0,923,455,472,23,-1,,0.1752873563218391,0.20038659793814434,,,1395,478
95,95,5,1,12,1,4,1,923,458,62,20,74,GO6Q,0.1442831215970962,0.20103092783505155,,,985,478
96,96,5,1,12,1,4,2,994,458,43,18,93,10/10,0.15358439201451907,0.20060137457044674,,,1037,476
97,97,5,1,12,1,4,3,1039,455,85,21,72,(2012.01),0.16356624319419238,0.19995704467353953,,,1124,476
98,98,5,1,12,1,4,4,1194,458,62,20,25,G06Q,0.1852692075015124,0.20103092783505155,,,1256,478
99,99,5,1,12,1,4,5,1263,458,60,18,84,30/02,0.1955535390199637,0.20060137457044674,,,1323,476
100,100,5,1,12,1,4,6,1328,455,67,16,73,2012.91),0.20591349062310949,0.19888316151202748,,,1395,471
101,101,4,1,12,1,5,0,923,486,196,21,-1,,0.1544162129461585,0.21327319587628865,,,1119,507
102,102,5,1,12,1,5,1,923,488,60,19,74,GO6F,0.1441318814277072,0.21370274914089346,,,983,507
103,103,5,1,12,1,5,2,991,488,57,19,85,17130,0.154189352692075,0.21370274914089346,,,1048,507
104,104,5,1,12,1,5,3,1052,486,67,15,71,(2006.01,0.16417120387174833,0.21198453608247422,,,1119,501
105,105,2,1,13,0,0,0,224,613,1243,4,-1,,0.1278735632183908,0.26417525773195877,,,1467,617
106,106,3,1,13,1,0,0,224,613,1243,4,-1,,0.1278735632183908,0.26417525773195877,,,1467,617
107,107,4,1,13,1,1,0,224,613,1243,4,-1,,0.1278735632183908,0.26417525773195877,,,1467,617
108,108,5,1,13,1,1,1,224,613,1243,4,95, ,0.1278735632183908,0.26417525773195877,,,1467,617
109,109,2,1,14,0,0,0,225,631,599,119,-1,,0.07932546884452511,0.296606529209622,,,824,750
110,110,3,1,14,1,0,0,225,631,599,119,-1,,0.07932546884452511,0.296606529209622,,,824,750
111,111,4,1,14,1,1,0,225,631,388,27,-1,,0.0633696309739867,0.2768470790378007,,,613,658
112,112,5,1,14,1,1,1,225,631,45,27,96,(84),0.037431941923774956,0.2768470790378007,,,270,658
113,113,5,1,14,1,1,2,286,633,118,23,96,Designated,0.052177858439201454,0.2768470790378007,,,404,656
114,114,5,1,14,1,1,3,413,633,119,23,96,Contracting,0.07146098003629764,0.2768470790378007,,,532,656
115,115,5,1,14,1,1,4,542,633,71,19,96,States:,0.08734119782214156,0.2759879725085911,,,613,652
116,116,4,1,14,1,2,0,285,666,539,18,-1,,0.0838626739261948,0.28994845360824745,,,824,684
117,117,5,1,14,1,2,1,285,666,31,18,81,AT,0.04544767090139141,0.28994845360824745,,,316,684
118,118,5,1,14,1,2,2,324,666,31,18,81,BE,0.05134603750756201,0.28994845360824745,,,355,684
119,119,5,1,14,1,2,3,364,666,33,18,93,BG,0.057546884452510584,0.28994845360824745,,,397,684
120,120,5,1,14,1,2,4,406,666,31,18,96,CH,0.06374773139745916,0.28994845360824745,,,437,684
121,121,5,1,14,1,2,5,447,666,31,18,96,CY,0.06994857834240774,0.28994845360824745,,,478,684
122,122,5,1,14,1,2,6,486,666,30,18,95,CZ,0.07577132486388385,0.28994845360824745,,,516,684
123,123,5,1,14,1,2,7,525,666,30,18,94,DE,0.08166969147005444,0.28994845360824745,,,555,684
124,124,5,1,14,1,2,8,565,666,32,18,49,DK,0.08787053841500303,0.28994845360824745,,,597,684
125,125,5,1,14,1,2,9,605,666,29,18,49,EE,0.09369328493647913,0.28994845360824745,,,634,684
126,126,5,1,14,1,2,10,644,666,29,18,74,ES,0.09959165154264973,0.28994845360824745,,,673,684
127,127,5,1,14,1,2,11,682,666,142,18,84,FIFRGBGR,0.11388384754990925,0.28994845360824745,,,824,684
128,128,4,1,14,1,3,0,286,699,537,18,-1,,0.0838626739261948,0.30412371134020616,,,823,717
129,129,5,1,14,1,3,1,286,699,33,18,93,HR,0.04575015124016939,0.30412371134020616,,,319,717
130,130,5,1,14,1,3,2,327,699,13,18,84,HU,0.05043859649122807,0.30412371134020616,,,340,717
131,131,5,1,14,1,3,3,344,699,43,18,80,IE,0.05527828191167574,0.30412371134020616,,,387,717
132,132,5,1,14,1,3,4,396,699,20,18,80,IS,0.06140350877192982,0.30412371134020616,,,416,717
133,133,5,1,14,1,3,5,425,699,81,18,87,ITLILT,0.07040229885057471,0.30412371134020616,,,506,717
134,134,5,1,14,1,3,6,514,699,29,18,91,LU,0.07993042952208107,0.30412371134020616,,,543,717
135,135,5,1,14,1,3,7,552,699,29,18,91,LV,0.08567755595886267,0.30412371134020616,,,581,717
136,136,5,1,14,1,3,8,589,699,34,18,94,MC,0.09165154264972777,0.30412371134020616,,,623,717
137,137,5,1,14,1,3,9,632,699,35,18,96,MK,0.09823049001814882,0.30412371134020616,,,667,717
138,138,5,1,14,1,3,10,675,699,33,18,95,MT,0.10458257713248639,0.30412371134020616,,,708,717
139,139,5,1,14,1,3,11,716,699,29,18,93,NL,0.11048094373865698,0.30412371134020616,,,745,717
140,140,5,1,14,1,3,12,754,699,33,18,94,NO,0.11653055051421658,0.30412371134020616,,,787,717
141,141,5,1,14,1,3,13,795,699,28,18,94,PL,0.12235329703569268,0.30412371134020616,,,823,717
142,142,4,1,14,1,4,0,286,732,259,18,-1,,0.06284029038112522,0.31829896907216493,,,545,750
143,143,5,1,14,1,4,1,286,732,29,18,96,PT,0.04544767090139141,0.31829896907216493,,,315,750
144,144,5,1,14,1,4,2,323,732,33,18,92,RO,0.05134603750756201,0.31829896907216493,,,356,750
145,145,5,1,14,1,4,3,365,732,30,18,92,SE,0.05747126436781609,0.31829896907216493,,,395,750
146,146,5,1,14,1,4,4,404,732,61,18,85,SISK,0.06571385359951604,0.31829896907216493,,,465,750
147,147,5,1,14,1,4,5,473,732,72,18,85,SMTR,0.07698124621899577,0.31829896907216493,,,545,750
148,148,2,1,15,0,0,0,225,795,434,53,-1,,0.06684815486993345,0.35287800687285226,,,659,848
149,149,3,1,15,1,0,0,225,795,434,53,-1,,0.06684815486993345,0.35287800687285226,,,659,848
150,150,4,1,15,1,1,0,225,795,434,27,-1,,0.06684815486993345,0.3472938144329897,,,659,822
151,151,5,1,15,1,1,1,225,795,45,27,96,(30),0.037431941923774956,0.3472938144329897,,,270,822
152,152,5,1,15,1,1,2,286,797,77,23,96,Priority:,0.04907743496672716,0.3472938144329897,,,363,820
153,153,5,1,15,1,1,3,384,797,117,19,96,15.12.2008,0.06692377495462795,0.34643470790378006,,,501,816
154,154,5,1,15,1,1,4,520,797,30,19,96,US,0.0809134906231095,0.34643470790378006,,,550,816
155,155,5,1,15,1,1,5,560,797,76,19,93,122597,0.09044162129461585,0.34643470790378006,,,636,816
156,156,5,1,15,1,1,6,646,797,13,19,93,P,0.09868421052631579,0.34643470790378006,,,659,816
157,157,4,1,15,1,2,0,385,830,251,18,-1,,0.07720810647307925,0.3603951890034364,,,636,848
158,158,5,1,15,1,2,1,385,830,116,18,96,10.03.2009,0.06699939503932244,0.3603951890034364,,,501,848
159,159,5,1,15,1,2,2,520,830,30,18,96,US,0.0809134906231095,0.3603951890034364,,,550,848
160,160,5,1,15,1,2,3,558,830,78,18,96,401426,0.09029038112522686,0.3603951890034364,,,636,848
161,161,2,1,16,0,0,0,225,893,596,87,-1,,0.07909860859044163,0.4022766323024055,,,821,980
162,162,3,1,16,1,0,0,225,893,596,87,-1,,0.07909860859044163,0.4022766323024055,,,821,980
163,163,4,1,16,1,1,0,225,893,596,27,-1,,0.07909860859044163,0.3893900343642612,,,821,920
164,164,5,1,16,1,1,1,225,893,45,27,96,(62),0.037431941923774956,0.3893900343642612,,,270,920
165,165,5,1,16,1,1,2,286,895,107,19,96,Document,0.05134603750756201,0.38853092783505155,,,393,914
166,166,5,1,16,1,1,3,402,895,105,23,95,number(s),0.06873865698729582,0.3893900343642612,,,507,918
167,167,5,1,16,1,1,4,516,895,20,19,96,of,0.07955232909860858,0.38853092783505155,,,536,914
168,168,5,1,16,1,1,5,542,895,32,19,96,the,0.08439201451905626,0.38853092783505155,,,574,914
169,169,5,1,16,1,1,6,582,895,66,19,96,earlier,0.09301270417422867,0.38853092783505155,,,648,914
170,170,5,1,16,1,1,7,655,895,140,23,95,application(s),0.10964912280701754,0.3893900343642612,,,795,918
171,171,5,1,16,1,1,8,805,895,16,19,96,in,0.12295825771324864,0.38853092783505155,,,821,914
172,172,4,1,16,1,2,0,286,929,308,18,-1,,0.06654567453115548,0.4029209621993127,,,594,947
173,173,5,1,16,1,2,1,286,929,121,18,96,accordance,0.05240471869328494,0.4029209621993127,,,407,947
174,174,5,1,16,1,2,2,415,929,40,18,96,with,0.06578947368421052,0.4029209621993127,,,455,947
175,175,5,1,16,1,2,3,464,929,35,18,95,Art.,0.07282214156079855,0.4029209621993127,,,499,947
176,176,5,1,16,1,2,4,508,929,25,18,95,76,0.07872050816696914,0.4029209621993127,,,533,947
177,177,5,1,16,1,2,5,542,929,52,18,96,EPC:,0.08590441621294616,0.4029209621993127,,,594,947
178,178,4,1,16,1,3,0,286,961,250,19,-1,,0.06215970961887477,0.4168814432989691,,,536,980
179,179,5,1,16,1,3,1,286,961,124,19,92,09799805.8,0.05263157894736842,0.4168814432989691,,,410,980
180,180,5,1,16,1,3,2,417,961,7,19,92,/,0.06359649122807018,0.4168814432989691,,,424,980
181,181,5,1,16,1,3,3,432,961,11,19,94,2,0.066167574107683,0.4168814432989691,,,443,980
182,182,5,1,16,1,3,4,452,961,37,19,94,370,0.07115849969751967,0.4168814432989691,,,489,980
183,183,5,1,16,1,3,5,498,961,38,19,96,947,0.07819116757410768,0.4168814432989691,,,536,980
184,184,2,1,17,0,0,0,225,1025,402,57,-1,,0.06442831215970962,0.4525343642611684,,,627,1082
185,185,3,1,17,1,0,0,225,1025,402,57,-1,,0.06442831215970962,0.4525343642611684,,,627,1082
186,186,4,1,17,1,1,0,225,1025,305,26,-1,,0.05709316394434362,0.44587628865979384,,,530,1051
187,187,5,1,17,1,1,1,225,1025,45,26,96,(71),0.037431941923774956,0.44587628865979384,,,270,1051
188,188,5,1,17,1,1,2,285,1027,103,23,96,Applicant:,0.05089231699939504,0.44609106529209624,,,388,1050
189,189,5,1,17,1,1,3,397,1027,81,23,96,Google,0.066167574107683,0.44609106529209624,applicant_line_1,Google,478,1050
190,190,5,1,17,1,1,4,487,1027,43,18,96,LLC,0.07690562613430127,0.44501718213058417,applicant_line_1,LLC,530,1045
191,191,4,1,17,1,2,0,286,1059,341,23,-1,,0.06904113732607381,0.45983676975945015,,,627,1082
192,192,5,1,17,1,2,1,286,1059,103,19,96,Mountain,0.05104355716878403,0.45897766323024053,,,389,1078
193,193,5,1,17,1,2,2,397,1059,60,22,96,"View,",0.06457955232909861,0.45962199312714774,,,457,1081
194,194,5,1,17,1,2,3,466,1059,33,19,96,CA,0.07297338173018754,0.45897766323024053,,,499,1078
195,195,5,1,17,1,2,4,506,1059,65,19,96,94043,0.08144283121597096,0.45897766323024053,,,571,1078
196,196,5,1,17,1,2,5,580,1059,47,23,96,(US),0.09127344222625529,0.45983676975945015,,,627,1082
197,197,2,1,18,0,0,0,225,1123,483,156,-1,,0.0705535390199637,0.5158934707903781,,,708,1279
198,198,3,1,18,1,0,0,225,1123,483,156,-1,,0.0705535390199637,0.5158934707903781,,,708,1279
199,199,4,1,18,1,1,0,225,1123,163,27,-1,,0.046355111917725345,0.4881872852233677,,,388,1150
200,200,5,1,18,1,1,1,225,1123,45,27,93,(72),0.037431941923774956,0.4881872852233677,,,270,1150
201,201,5,1,18,1,1,2,287,1125,101,19,93,Inventors:,0.05104355716878403,0.48732817869415807,,,388,1144
202,202,4,1,18,1,2,0,262,1158,225,22,-1,,0.05663944343617665,0.502147766323024,,,487,1180
203,203,5,1,18,1,2,1,262,1163,7,8,25,¬´,0.04015426497277677,0.5012886597938144,,,269,1171
204,204,5,1,18,1,2,2,285,1158,129,18,93,"WEINBERG,",0.052858439201451904,0.5012886597938144,inventor_line_1,"WEINBERG,",414,1176
205,205,5,1,18,1,2,3,417,1158,70,22,91,Aitan,0.06836055656382335,0.502147766323024,inventor_line_1,Aitan,487,1180
206,206,4,1,18,1,3,0,286,1191,397,23,-1,,0.07327586206896551,0.5165378006872853,,,683,1214
207,207,5,1,18,1,3,1,286,1191,47,18,96,New,0.046808832425892316,0.5154639175257731,,,333,1209
208,208,5,1,18,1,3,2,340,1191,58,22,96,"York,",0.055807622504537205,0.5163230240549829,,,398,1213
209,209,5,1,18,1,3,3,408,1191,31,18,96,NY,0.06405021173623715,0.5154639175257731,,,439,1209
210,210,5,1,18,1,3,4,448,1191,47,18,96,New,0.07130973986690865,0.5154639175257731,,,495,1209
211,211,5,1,18,1,3,5,502,1191,53,18,96,York,0.07993042952208107,0.5154639175257731,,,555,1209
212,212,5,1,18,1,3,6,564,1191,63,18,96,10025,0.09006352087114337,0.5154639175257731,,,627,1209
213,213,5,1,18,1,3,7,636,1191,47,23,96,(US),0.09974289171203872,0.5165378006872853,,,683,1214
214,214,4,1,18,1,4,0,262,1224,207,23,-1,,0.05527828191167574,0.530713058419244,,,469,1247
215,215,5,1,18,1,4,1,262,1229,7,8,70,*,0.04015426497277677,0.529639175257732,,,269,1237
216,216,5,1,18,1,4,2,286,1224,107,18,92,"MOONKA,",0.05134603750756201,0.529639175257732,,,393,1242
217,217,5,1,18,1,4,3,395,1224,74,23,92,Rajas,0.06533575317604355,0.530713058419244,,,469,1247
218,218,4,1,18,1,5,0,286,1256,422,23,-1,,0.07516636418632788,0.5444587628865979,,,708,1279
219,219,5,1,18,1,5,1,286,1256,40,19,96,San,0.04627949183303085,0.5435996563573883,,,326,1275
220,220,5,1,18,1,5,2,337,1256,77,19,96,"Ramon,",0.05679068360556564,0.5435996563573883,,,414,1275
221,221,5,1,18,1,5,3,418,1256,45,22,95,CA,0.06662129461584997,0.5442439862542955,,,463,1278
222,222,5,1,18,1,5,4,471,1256,109,19,96,California,0.0794767090139141,0.5435996563573883,,,580,1275
223,223,5,1,18,1,5,5,587,1256,65,19,96,94583,0.09369328493647913,0.5435996563573883,,,652,1275
224,224,5,1,18,1,5,6,661,1256,47,23,96,(US),0.10352389594676346,0.5444587628865979,,,708,1279
225,225,2,1,19,0,0,0,862,633,514,417,-1,,0.1692377495462795,0.36146907216494845,,,1376,1050
226,226,3,1,19,1,0,0,862,633,514,417,-1,,0.1692377495462795,0.36146907216494845,,,1376,1050
227,227,4,1,19,1,1,0,898,633,227,22,-1,,0.1529794313369631,0.2766323024054983,,,1125,655
228,228,5,1,19,1,1,1,898,639,7,7,56,¬´,0.13634301270417423,0.2759879725085911,,,905,646
229,229,5,1,19,1,1,2,923,633,99,19,96,"BENDER,",0.1470810647307925,0.2759879725085911,,,1022,652
230,230,5,1,19,1,1,3,1024,633,64,22,93,"Brad,",0.15970961887477314,0.2766323024054983,,,1088,655
231,231,5,1,19,1,1,4,1091,633,34,22,92,H.,0.1675741076830006,0.2766323024054983,,,1125,655
232,232,4,1,19,1,2,0,923,666,396,23,-1,,0.16954022988505746,0.29102233676975947,,,1319,689
233,233,5,1,19,1,2,1,923,666,46,18,96,New,0.14307320024198428,0.28994845360824745,,,969,684
234,234,5,1,19,1,2,2,977,666,58,22,96,"York,",0.15214761040532365,0.29080756013745707,,,1035,688
235,235,5,1,19,1,2,3,1045,666,31,18,96,NY,0.16039019963702358,0.28994845360824745,,,1076,684
236,236,5,1,19,1,2,4,1085,666,46,18,96,New,0.1675741076830006,0.28994845360824745,,,1131,684
237,237,5,1,19,1,2,5,1138,666,53,18,96,York,0.17611917725347853,0.28994845360824745,,,1191,684
238,238,5,1,19,1,2,6,1201,666,63,18,96,10014,0.18640350877192982,0.28994845360824745,,,1264,684
239,239,5,1,19,1,2,7,1272,666,47,23,96,(US),0.19593163944343617,0.29102233676975947,,,1319,689
240,240,4,1,19,1,3,0,898,699,145,22,-1,,0.14677858439201452,0.30498281786941583,,,1043,721
241,241,5,1,19,1,3,1,898,704,7,8,34,¬´,0.13634301270417423,0.30412371134020616,,,905,712
242,242,5,1,19,1,3,2,921,699,48,18,95,"AXE,",0.14292196007259528,0.30412371134020616,,,969,717
243,243,5,1,19,1,3,3,972,699,71,22,96,Brian,0.15237447065940715,0.30498281786941583,,,1043,721
244,244,4,1,19,1,4,0,923,732,448,23,-1,,0.1734724742891712,0.31937285223367695,,,1371,755
245,245,5,1,19,1,4,1,923,732,79,18,96,Portola,0.1455686630369026,0.31829896907216493,,,1002,750
246,246,5,1,19,1,4,2,1010,732,74,23,96,"Valley,",0.15834845735027223,0.31937285223367695,,,1084,755
247,247,5,1,19,1,4,3,1093,732,33,18,96,CA,0.1678009679370841,0.31829896907216493,,,1126,750
248,248,5,1,19,1,4,4,1135,732,107,18,96,California,0.17974894131881428,0.31829896907216493,,,1242,750
249,249,5,1,19,1,4,5,1251,732,65,18,96,94028,0.1941167574107683,0.31829896907216493,,,1316,750
250,250,5,1,19,1,4,6,1324,732,47,23,96,(US),0.20379612825166366,0.31937285223367695,,,1371,755
251,251,4,1,19,1,5,0,898,765,196,21,-1,,0.15063520871143377,0.3331185567010309,,,1094,786
252,252,5,1,19,1,5,1,898,770,7,8,67,¬´,0.13634301270417423,0.3324742268041237,,,905,778
253,253,5,1,19,1,5,2,921,765,75,18,95,"ZAMIR,",0.14496370235934664,0.3324742268041237,,,996,783
254,254,5,1,19,1,5,3,998,765,66,21,90,Oren,0.1559286146400484,0.3331185567010309,,,1064,786
255,255,5,1,19,1,5,4,1074,765,20,18,90,E.,0.16394434361766486,0.3324742268041237,,,1094,783
256,256,4,1,19,1,6,0,923,797,399,23,-1,,0.16976709013914096,0.3472938144329897,,,1322,820
257,257,5,1,19,1,6,1,923,797,39,19,96,Los,0.1425438596491228,0.34643470790378006,,,962,816
258,258,5,1,19,1,6,2,970,797,65,23,96,"Altos,",0.15161826981246218,0.3472938144329897,,,1035,820
259,259,5,1,19,1,6,3,1044,797,33,19,96,CA,0.16039019963702358,0.34643470790378006,,,1077,816
260,260,5,1,19,1,6,4,1086,797,107,19,96,California,0.1723381730187538,0.34643470790378006,,,1193,816
261,261,5,1,19,1,6,5,1202,797,65,19,95,94024,0.1867059891107078,0.34643470790378006,,,1267,816
262,262,5,1,19,1,6,6,1275,797,47,23,95,(US),0.19638535995160314,0.3472938144329897,,,1322,820
263,263,4,1,19,1,7,0,898,830,256,23,-1,,0.15517241379310345,0.36146907216494845,,,1154,853
264,264,5,1,19,1,7,1,898,835,7,8,75,¬´,0.13634301270417423,0.3603951890034364,,,905,843
265,265,5,1,19,1,7,2,923,830,135,18,91,"HOCHMUTH,",0.14980338777979432,0.3603951890034364,,,1058,848
266,266,5,1,19,1,7,3,1062,830,92,23,96,Gregor,0.1675741076830006,0.36146907216494845,,,1154,853
267,267,4,1,19,1,8,0,922,863,454,23,-1,,0.17377495462794917,0.3756443298969072,,,1376,886
268,268,5,1,19,1,8,1,922,863,41,18,95,San,0.1425438596491228,0.3745704467353952,,,963,881
269,269,5,1,19,1,8,2,973,863,117,22,95,"Francisco,",0.1560042347247429,0.3754295532646048,,,1090,885
270,270,5,1,19,1,8,3,1098,863,33,18,96,CA,0.16855716878402904,0.3745704467353952,,,1131,881
271,271,5,1,19,1,8,4,1140,863,108,18,96,California,0.18058076225045372,0.3745704467353952,,,1248,881
272,272,5,1,19,1,8,5,1256,863,65,18,96,94110,0.19487295825771325,0.3745704467353952,,,1321,881
273,273,5,1,19,1,8,6,1330,863,46,23,96,(US),0.2046279491833031,0.3756443298969072,,,1376,886
274,274,4,1,19,1,9,0,862,927,511,26,-1,,0.16901088929219601,0.40378006872852235,,,1373,953
275,275,5,1,19,1,9,1,862,927,44,26,96,(74),0.1336963097398669,0.40378006872852235,,,906,953
276,276,5,1,19,1,9,2,923,929,163,23,93,Representative:,0.15192075015124018,0.40399484536082475,,,1086,952
277,277,5,1,19,1,9,3,1096,929,117,18,92,Maikowski,0.17460677555958862,0.4029209621993127,representative_line_1_eu,Maikowski,1213,947
278,278,5,1,19,1,9,4,1222,929,16,18,93,&,0.18602540834845735,0.4029209621993127,representative_line_1_eu,&,1238,947
279,279,5,1,19,1,9,5,1246,929,127,18,91,Ninnemann,0.19804900181488203,0.4029209621993127,representative_line_1_eu,Ninnemann,1373,947
280,280,4,1,19,1,10,0,923,961,378,19,-1,,0.16817906836055657,0.4168814432989691,,,1301,980
281,281,5,1,19,1,10,1,923,961,158,19,71,Patentanwalte,0.1515426497277677,0.4168814432989691,,,1081,980
282,282,5,1,19,1,10,2,1090,961,152,19,92,Partnerschaft,0.176346037507562,0.4168814432989691,,,1242,980
283,283,5,1,19,1,10,3,1250,961,51,19,93,mbB,0.1929068360556564,0.4168814432989691,,,1301,980
284,284,4,1,19,1,11,0,923,994,197,18,-1,,0.15449183303085298,0.43084192439862545,,,1120,1012
285,285,5,1,19,1,11,1,923,994,97,18,96,Postfach,0.14692982456140352,0.43084192439862545,,,1020,1012
286,286,5,1,19,1,11,2,1030,994,24,18,96,15,0.15759225650332728,0.43084192439862545,,,1054,1012
287,287,5,1,19,1,11,3,1063,994,24,18,96,09,0.16258318209316394,0.43084192439862545,,,1087,1012
288,288,5,1,19,1,11,4,1096,994,24,18,96,20,0.1675741076830006,0.43084192439862545,,,1120,1012
289,289,4,1,19,1,12,0,923,1027,193,23,-1,,0.154189352692075,0.44609106529209624,,,1116,1050
290,290,5,1,19,1,12,1,923,1027,61,18,96,10671,0.1442075015124017,0.44501718213058417,,,984,1045
291,291,5,1,19,1,12,2,996,1027,64,18,96,Berlin,0.15547489413188142,0.44501718213058417,,,1060,1045
292,292,5,1,19,1,12,3,1070,1027,46,23,96,(DE),0.16530550514216577,0.44609106529209624,,,1116,1050
293,293,2,1,20,0,0,0,862,1092,582,117,-1,,0.17437991530550515,0.49420103092783507,,,1444,1209
294,294,3,1,20,1,0,0,862,1092,582,117,-1,,0.17437991530550515,0.49420103092783507,,,1444,1209
295,295,4,1,20,1,1,0,862,1092,99,18,-1,,0.13785541439806412,0.4729381443298969,,,961,1110
296,296,5,1,20,1,1,1,862,1092,99,18,96,Remarks:,0.13785541439806412,0.4729381443298969,,,961,1110
297,297,4,1,20,1,2,0,922,1125,477,23,-1,,0.17551421657592256,0.4881872852233677,,,1399,1148
298,298,5,1,20,1,2,1,922,1125,43,19,96,This,0.1426950998185118,0.48732817869415807,,,965,1144
299,299,5,1,20,1,2,2,973,1125,112,23,96,application,0.15562613430127042,0.4881872852233677,,,1085,1148
300,300,5,1,20,1,2,3,1093,1130,42,14,96,was,0.16848154869933454,0.4884020618556701,,,1135,1144
301,301,5,1,20,1,2,4,1142,1125,43,19,96,filed,0.17596793708408953,0.48732817869415807,,,1185,1144
302,302,5,1,20,1,2,5,1193,1130,25,14,96,on,0.1823200241984271,0.4884020618556701,,,1218,1144
303,303,5,1,20,1,2,6,1226,1125,121,19,96,27-06-2018,0.19457047791893528,0.48732817869415807,,,1347,1144
304,304,5,1,20,1,2,7,1356,1130,23,14,95,as,0.20682093163944343,0.4884020618556701,,,1379,1144
305,305,5,1,20,1,2,8,1388,1130,11,14,95,a,0.21075317604355717,0.4884020618556701,,,1399,1144
306,306,4,1,20,1,3,0,922,1158,522,23,-1,,0.17891712038717483,0.5023625429553265,,,1444,1181
307,307,5,1,20,1,3,1,922,1158,96,18,96,divisional,0.14670296430732002,0.5012886597938144,,,1018,1176
308,308,5,1,20,1,3,2,1027,1158,111,23,96,application,0.16371748336358136,0.5023625429553265,,,1138,1181
309,309,5,1,20,1,3,3,1147,1159,19,17,96,to,0.17490925589836662,0.5015034364261168,,,1166,1176
310,310,5,1,20,1,3,4,1174,1158,31,18,96,the,0.17990018148820328,0.5012886597938144,,,1205,1176
311,311,5,1,20,1,3,5,1214,1158,112,23,96,application,0.19207501512401695,0.5023625429553265,,,1326,1181
312,312,5,1,20,1,3,6,1336,1158,108,18,96,mentioned,0.2102238354506957,0.5012886597938144,,,1444,1176
313,313,4,1,20,1,4,0,923,1191,209,18,-1,,0.15539927404718692,0.5154639175257731,,,1132,1209
314,314,5,1,20,1,4,1,923,1191,59,18,91,under,0.1440562613430127,0.5154639175257731,,,982,1209
315,315,5,1,20,1,4,2,991,1191,45,18,89,INID,0.15328191167574107,0.5154639175257731,,,1036,1209
316,316,5,1,20,1,4,3,1044,1191,50,18,96,code,0.16167574107683,0.5154639175257731,,,1094,1209
317,317,5,1,20,1,4,4,1103,1191,29,18,96,62.,0.16901088929219601,0.5154639175257731,,,1132,1209
318,318,2,1,21,0,0,0,845,614,2,697,-1,,0.1279491833030853,0.41344501718213056,,,847,1311
319,319,3,1,21,1,0,0,845,614,2,697,-1,,0.1279491833030853,0.41344501718213056,,,847,1311
320,320,4,1,21,1,1,0,845,614,2,697,-1,,0.1279491833030853,0.41344501718213056,,,847,1311
321,321,5,1,21,1,1,1,845,614,2,697,95, ,0.1279491833030853,0.41344501718213056,,,847,1311
322,322,2,1,22,0,0,0,224,1309,1243,3,-1,,0.1278735632183908,0.5629295532646048,,,1467,1312
323,323,3,1,22,1,0,0,224,1309,1243,3,-1,,0.1278735632183908,0.5629295532646048,,,1467,1312
324,324,4,1,22,1,1,0,224,1309,1243,3,-1,,0.1278735632183908,0.5629295532646048,,,1467,1312
325,325,5,1,22,1,1,1,224,1309,1243,3,95, ,0.1278735632183908,0.5629295532646048,,,1467,1312
326,326,2,1,23,0,0,0,225,1328,45,27,-1,,0.037431941923774956,0.5762457044673539,,,270,1355
327,327,3,1,23,1,0,0,225,1328,45,27,-1,,0.037431941923774956,0.5762457044673539,,,270,1355
328,328,4,1,23,1,1,0,225,1328,45,27,-1,,0.037431941923774956,0.5762457044673539,,,270,1355
329,329,5,1,23,1,1,1,225,1328,45,27,95,(54),0.037431941923774956,0.5762457044673539,,,270,1355
330,330,2,1,24,0,0,0,224,1403,584,250,-1,,0.0780399274047187,0.6563573883161512,,,808,1653
331,331,3,1,24,1,0,0,224,1403,584,250,-1,,0.0780399274047187,0.6563573883161512,,,808,1653
332,332,4,1,24,1,1,0,225,1403,582,26,-1,,0.0780399274047187,0.6082474226804123,,,807,1429
333,333,5,1,24,1,1,1,225,1403,45,26,93,(57),0.037431941923774956,0.6082474226804123,,,270,1429
334,334,5,1,24,1,1,2,0,0,1653,2328,40,|,0.125,0.5,,,1653,2328
335,335,5,1,24,1,1,3,315,1405,262,23,91,Acomputer-implemented,0.06745311554748941,0.6084621993127147,,,577,1428
336,336,5,1,24,1,1,4,585,1405,76,18,96,method,0.09422262552934059,0.6073883161512027,,,661,1423
337,337,5,1,24,1,1,5,667,1405,28,18,96,for,0.10299455535390199,0.6073883161512027,,,695,1423
338,338,5,1,24,1,1,6,700,1405,107,23,92,controlling,0.11395946763460375,0.6084621993127147,,,807,1428
339,339,4,1,24,1,2,0,225,1438,582,23,-1,,0.0780399274047187,0.6226374570446735,,,807,1461
340,340,5,1,24,1,2,1,225,1438,69,18,95,content,0.03924682395644283,0.6215635738831615,,,294,1456
341,341,5,1,24,1,2,2,296,1438,129,18,96,distribution,0.05452208106473079,0.6215635738831615,,,425,1456
342,342,5,1,24,1,2,3,436,1438,84,18,96,includes,0.07229280096793708,0.6215635738831615,,,520,1456
343,343,5,1,24,1,2,4,529,1438,111,23,96,forwarding,0.08839987900786449,0.6226374570446735,,,640,1461
344,344,5,1,24,1,2,5,651,1438,114,18,93,information,0.10707803992740472,0.6215635738831615,,,765,1456
345,345,5,1,24,1,2,6,776,1442,31,14,92,as-,0.11970659407138536,0.6224226804123711,,,807,1456
346,346,4,1,24,1,3,0,225,1470,581,23,-1,,0.0779643073200242,0.6363831615120275,,,806,1493
347,347,5,1,24,1,3,1,225,1470,87,19,96,sociated,0.040607985480943735,0.6355240549828178,,,312,1489
348,348,5,1,24,1,3,2,322,1470,41,19,96,with,0.051799758015728975,0.6355240549828178,,,363,1489
349,349,5,1,24,1,3,3,374,1475,11,14,96,a,0.0573956442831216,0.6365979381443299,,,385,1489
350,350,5,1,24,1,3,4,396,1475,45,14,96,user,0.0632940108892922,0.6365979381443299,,,441,1489
351,351,5,1,24,1,3,5,450,1471,18,18,96,to,0.06941923774954628,0.6357388316151202,,,468,1489
352,352,5,1,24,1,3,6,478,1475,11,14,96,a,0.07312462189957653,0.6365979381443299,,,489,1489
353,353,5,1,24,1,3,7,499,1470,68,19,96,device,0.08061101028433151,0.6355240549828178,,,567,1489
354,354,5,1,24,1,3,8,577,1470,92,23,96,operated,0.09422262552934059,0.6363831615120275,,,669,1493
355,355,5,1,24,1,3,9,681,1470,24,23,96,by,0.10480943738656988,0.6363831615120275,,,705,1493
356,356,5,1,24,1,3,10,714,1470,31,19,96,the,0.110329703569268,0.6355240549828178,,,745,1489
357,357,5,1,24,1,3,11,756,1475,50,17,96,"user,",0.11811857229280097,0.6372422680412371,,,806,1492
358,358,4,1,24,1,4,0,225,1503,582,23,-1,,0.0780399274047187,0.6505584192439863,,,807,1526
359,359,5,1,24,1,4,1,225,1503,31,18,96,the,0.03637326073805203,0.6494845360824743,,,256,1521
360,360,5,1,24,1,4,2,264,1503,115,18,96,information,0.048623714458560195,0.6494845360824743,,,379,1521
361,361,5,1,24,1,4,3,387,1503,55,23,96,being,0.06268905021173624,0.6505584192439863,,,442,1526
362,362,5,1,24,1,4,4,449,1503,109,23,96,configured,0.07614942528735633,0.6505584192439863,,,558,1526
363,363,5,1,24,1,4,5,564,1503,28,18,96,for,0.08741681790683606,0.6494845360824743,,,592,1521
364,364,5,1,24,1,4,6,598,1508,36,13,96,use,0.09316394434361766,0.6505584192439863,,,634,1521
365,365,5,1,24,1,4,7,641,1503,16,18,94,in,0.09815486993345432,0.6494845360824743,,,657,1521
366,366,5,1,24,1,4,8,663,1503,93,23,93,selecting,0.10730490018148821,0.6505584192439863,,,756,1526
367,367,5,1,24,1,4,9,763,1508,44,13,92,con-,0.11872353297035693,0.6505584192439863,,,807,1521
368,368,4,1,24,1,5,0,225,1536,583,23,-1,,0.07811554748941318,0.664733676975945,,,808,1559
369,369,5,1,24,1,5,1,225,1536,39,18,95,tent,0.036978221415607984,0.663659793814433,,,264,1554
370,370,5,1,24,1,5,2,271,1536,46,18,95,from,0.04446460980036298,0.663659793814433,,,317,1554
371,371,5,1,24,1,5,3,326,1540,37,19,96,any,0.052102238354506954,0.6655927835051546,,,363,1559
372,372,5,1,24,1,5,4,371,1536,20,18,96,of,0.057622504537205084,0.663659793814433,,,391,1554
373,373,5,1,24,1,5,5,398,1536,80,23,96,multiple,0.0662431941923775,0.664733676975945,,,478,1559
374,374,5,1,24,1,5,6,487,1536,77,18,96,content,0.0794767090139141,0.663659793814433,,,564,1554
375,375,5,1,24,1,5,7,572,1536,96,23,96,providers,0.09376890502117362,0.664733676975945,,,668,1559
376,376,5,1,24,1,5,8,675,1536,28,18,96,for,0.10420447670901391,0.663659793814433,,,703,1554
377,377,5,1,24,1,5,9,710,1540,12,14,96,a,0.10828796128251664,0.6645189003436426,,,722,1554
378,378,5,1,24,1,5,10,731,1536,77,18,96,content,0.11637931034482758,0.663659793814433,,,808,1554
379,379,4,1,24,1,6,0,225,1569,581,23,-1,,0.0779643073200242,0.6789089347079038,,,806,1592
380,380,5,1,24,1,6,1,225,1569,113,18,96,distribution,0.04257410768300061,0.6778350515463918,,,338,1587
381,381,5,1,24,1,6,2,348,1570,18,17,96,to,0.053992740471869326,0.6780498281786942,,,366,1587
382,382,5,1,24,1,6,3,374,1569,33,18,96,the,0.059059286146400485,0.6778350515463918,,,407,1587
383,383,5,1,24,1,6,4,417,1574,49,13,96,user.,0.06677253478523897,0.6789089347079038,,,466,1587
384,384,5,1,24,1,6,5,476,1569,39,18,96,The,0.0749395039322444,0.6778350515463918,,,515,1587
385,385,5,1,24,1,6,6,526,1569,76,18,96,method,0.0852994555353902,0.6778350515463918,,,602,1587
386,386,5,1,24,1,6,7,612,1569,73,18,96,includes,0.09807924984875983,0.6778350515463918,,,685,1587
387,387,5,1,24,1,6,8,687,1569,119,23,96,"receiving,",0.11290078644888082,0.6789089347079038,,,806,1592
388,388,4,1,24,1,7,0,226,1602,581,23,-1,,0.07811554748941318,0.6930841924398625,,,807,1625
389,389,5,1,24,1,7,1,226,1602,15,18,96,in,0.0353145795523291,0.6920103092783505,,,241,1620
390,390,5,1,24,1,7,2,249,1606,84,19,95,response,0.04401088929219601,0.6939432989690721,,,333,1625
391,391,5,1,24,1,7,3,335,1602,37,18,95,to,0.05346339987900786,0.6920103092783505,,,372,1620
392,392,5,1,24,1,7,4,379,1602,32,18,97,the,0.059739866908650935,0.6920103092783505,,,411,1620
393,393,5,1,24,1,7,5,419,1602,122,21,96,"information,",0.07259528130671507,0.6926546391752577,,,541,1623
394,394,5,1,24,1,7,6,549,1606,24,14,96,an,0.08484573502722323,0.6928694158075601,,,573,1620
395,395,5,1,24,1,7,7,581,1602,38,18,96,edit,0.09074410163339383,0.6920103092783505,,,619,1620
396,396,5,1,24,1,7,8,626,1602,19,18,96,of,0.09611312764670296,0.6920103092783505,,,645,1620
397,397,5,1,24,1,7,9,651,1602,32,18,96,the,0.10087719298245613,0.6920103092783505,,,683,1620
398,398,5,1,24,1,7,10,691,1602,116,18,96,information,0.1132788868723533,0.6920103092783505,,,807,1620
399,399,4,1,24,1,8,0,224,1634,583,19,-1,,0.0779643073200242,0.7059707903780069,,,807,1653
400,400,5,1,24,1,8,1,224,1634,105,19,96,forwarded,0.04181790683605566,0.7059707903780069,,,329,1653
401,401,5,1,24,1,8,2,336,1634,46,19,96,from,0.05429522081064731,0.7059707903780069,,,382,1653
402,402,5,1,24,1,8,3,389,1634,32,19,96,the,0.061252268602540835,0.7059707903780069,,,421,1653
403,403,5,1,24,1,8,4,428,1634,73,19,96,device.,0.07025105868118572,0.7059707903780069,,,501,1653
404,404,5,1,24,1,8,5,509,1634,40,19,97,The,0.08000604960677556,0.7059707903780069,,,549,1653
405,405,5,1,24,1,8,6,556,1634,38,19,96,edit,0.08696309739866909,0.7059707903780069,,,594,1653
406,406,5,1,24,1,8,7,601,1634,91,19,95,identifies,0.09777676950998185,0.7059707903780069,,,692,1653
407,407,5,1,24,1,8,8,699,1639,12,14,96,a,0.10662431941923775,0.7070446735395189,,,711,1653
408,408,5,1,24,1,8,9,718,1634,38,19,93,first,0.11146400483968542,0.7059707903780069,,,756,1653
409,409,5,1,24,1,8,10,763,1639,44,14,93,con-,0.11872353297035693,0.7070446735395189,,,807,1653
410,410,2,1,25,0,0,0,516,1714,638,70,-1,,0.12628554143980641,0.7512886597938144,,,1154,1784
411,411,3,1,25,1,0,0,516,1714,638,70,-1,,0.12628554143980641,0.7512886597938144,,,1154,1784
412,412,4,1,25,1,1,0,516,1714,638,30,-1,,0.12628554143980641,0.7426975945017182,,,1154,1744
413,413,5,1,25,1,1,1,516,1714,638,30,95,  ,0.12628554143980641,0.7426975945017182,,,1154,1744
414,414,4,1,25,1,2,0,516,1745,38,39,-1,,0.0809134906231095,0.757946735395189,,,554,1784
415,415,5,1,25,1,2,1,516,1745,38,39,95,  ,0.0809134906231095,0.757946735395189,,,554,1784
416,416,2,1,26,0,0,0,554,1726,144,250,-1,,0.09467634603750756,0.7951030927835051,,,698,1976
417,417,3,1,26,1,0,0,554,1726,144,250,-1,,0.09467634603750756,0.7951030927835051,,,698,1976
418,418,4,1,26,1,1,0,589,1726,95,12,-1,,0.09626436781609195,0.7439862542955327,,,684,1738
419,419,5,1,26,1,1,1,589,1726,54,12,73,‚ÄòComputer,0.09316394434361766,0.7439862542955327,,,643,1738
420,420,5,1,26,1,1,2,647,1726,37,10,95,Device,0.10065033272837265,0.7435567010309279,,,684,1736
421,421,4,1,26,1,2,0,554,1750,79,10,-1,,0.0897610405323654,0.7538659793814433,,,633,1760
422,422,5,1,26,1,2,1,554,1750,38,10,91,Cookie,0.0866606170598911,0.7538659793814433,,,592,1760
423,423,5,1,26,1,2,2,595,1750,38,10,95,Viewer,0.09286146400483969,0.7538659793814433,,,633,1760
424,424,4,1,26,1,3,0,563,1769,61,10,-1,,0.0897610405323654,0.7620274914089347,,,624,1779
425,425,5,1,26,1,3,1,563,1769,61,10,78,Advertisers:,0.0897610405323654,0.7620274914089347,,,624,1779
426,426,4,1,26,1,4,0,572,1788,20,9,-1,,0.08802177858439202,0.7699742268041238,,,592,1797
427,427,5,1,26,1,4,1,572,1788,20,9,52,Nike,0.08802177858439202,0.7699742268041238,,,592,1797
428,428,4,1,26,1,5,0,572,1807,41,11,-1,,0.0896098003629764,0.7785652920962199,,,613,1818
429,429,5,1,26,1,5,1,572,1807,20,9,89,Bost,0.08802177858439202,0.7781357388316151,,,592,1816
430,430,5,1,26,1,5,2,595,1807,18,11,92,Buy,0.09134906231094979,0.7785652920962199,,,613,1818
431,431,4,1,26,1,6,0,572,1827,72,9,-1,,0.09195402298850575,0.7867268041237113,,,644,1836
432,432,5,1,26,1,6,1,572,1827,34,9,83,Disable,0.08908045977011494,0.7867268041237113,,,606,1836
433,433,5,1,26,1,6,2,609,1827,35,8,32,At.,0.09475196612220206,0.7865120274914089,,,644,1835
434,434,4,1,26,1,7,0,563,1847,47,9,-1,,0.08870235934664247,0.7953178694158075,,,610,1856
435,435,5,1,26,1,7,1,563,1847,47,9,61,Interests,0.08870235934664247,0.7953178694158075,,,610,1856
436,436,4,1,26,1,8,0,572,1865,29,10,-1,,0.08870235934664247,0.8032646048109966,,,601,1875
437,437,5,1,26,1,8,1,572,1865,29,10,70,‚ÄòSports,0.08870235934664247,0.8032646048109966,,,601,1875
438,438,4,1,26,1,9,0,572,1884,42,8,-1,,0.0896854204476709,0.8109965635738832,,,614,1892
439,439,5,1,26,1,9,1,572,1884,42,8,56,Outdoors.,0.0896854204476709,0.8109965635738832,,,614,1892
440,440,4,1,26,1,10,0,572,1903,39,11,-1,,0.08945856019358742,0.8198024054982818,,,611,1914
441,441,5,1,26,1,10,1,572,1903,39,11,83,Gadgets,0.08945856019358742,0.8198024054982818,,,611,1914
442,442,4,1,26,1,11,0,572,1918,68,13,-1,,0.09165154264972777,0.8266752577319587,,,640,1931
443,443,5,1,26,1,11,1,572,1922,34,9,84,Disable,0.08908045977011494,0.8275343642611683,,,606,1931
444,444,5,1,26,1,11,2,609,1918,31,13,25,At‚Äù,0.09444948578342408,0.8266752577319587,,,640,1931
445,445,4,1,26,1,12,0,563,1942,120,13,-1,,0.09422262552934059,0.8369845360824743,,,683,1955
446,446,5,1,26,1,12,1,563,1942,21,10,86,Add,0.0867362371445856,0.836340206185567,,,584,1952
447,447,5,1,26,1,12,2,589,1942,40,10,96,Interest,0.09210526315789473,0.836340206185567,,,629,1952
448,448,5,1,26,1,12,3,633,1942,50,13,90,Category,0.09951603145795523,0.8369845360824743,,,683,1955
449,449,4,1,26,1,13,0,566,1966,132,10,-1,,0.0955837870538415,0.8466494845360825,,,698,1976
450,450,5,1,26,1,13,1,566,1966,27,10,54,{etter,0.08764367816091954,0.8466494845360825,,,593,1976
451,451,5,1,26,1,13,2,596,1966,52,10,51,"description,",0.0940713853599516,0.8466494845360825,,,648,1976
452,452,5,1,26,1,13,3,652,1966,46,10,46,keywortis},0.10208711433756806,0.8466494845360825,,,698,1976
453,453,2,1,27,0,0,0,561,2032,146,115,-1,,0.09588626739261948,0.8975515463917526,,,707,2147
454,454,3,1,27,1,0,0,557,2032,150,115,-1,,0.0955837870538415,0.8975515463917526,,,707,2147
455,455,4,1,27,1,1,0,561,2032,142,12,-1,,0.0955837870538415,0.8754295532646048,,,703,2044
456,456,5,1,27,1,1,1,561,2032,38,10,61,Cookie,0.08771929824561403,0.875,,,599,2042
457,457,5,1,27,1,1,2,602,2032,38,10,96,Viewer,0.09392014519056262,0.875,,,640,2042
458,458,5,1,27,1,1,3,644,2032,59,12,74,Application,0.10186025408348458,0.8754295532646048,,,703,2044
459,459,4,1,27,1,2,0,606,2058,100,14,-1,,0.09921355111917725,0.8870274914089347,,,706,2072
460,460,5,1,27,1,2,1,606,2058,2,2,0,‚Äù,0.09180278281911676,0.8844501718213058,,,608,2060
461,461,5,1,27,1,2,2,689,2060,17,12,30,Lg,0.10549001814882032,0.8874570446735395,,,706,2072
462,462,4,1,27,1,3,0,663,2089,44,58,-1,,0.10359951603145795,0.9097938144329897,,,707,2147
463,463,5,1,27,1,3,1,663,2094,7,53,25,|,0.10080157289776165,0.9108676975945017,,,670,2147
464,464,5,1,27,1,3,2,691,2089,16,11,42,"""",0.10571687840290381,0.8996993127147767,,,707,2100
465,465,2,1,28,0,0,0,548,1743,169,2,-1,,0.09565940713853599,0.7491408934707904,,,717,1745
466,466,3,1,28,1,0,0,548,1743,169,2,-1,,0.09565940713853599,0.7491408934707904,,,717,1745
467,467,4,1,28,1,1,0,548,1743,169,2,-1,,0.09565940713853599,0.7491408934707904,,,717,1745
468,468,5,1,28,1,1,1,548,1743,169,2,95, ,0.09565940713853599,0.7491408934707904,,,717,1745
469,469,2,1,29,0,0,0,652,1769,40,10,-1,,0.10163339382940109,0.7620274914089347,,,692,1779
470,470,3,1,29,1,0,0,652,1769,40,10,-1,,0.10163339382940109,0.7620274914089347,,,692,1779
471,471,4,1,29,1,1,0,652,1769,40,10,-1,,0.10163339382940109,0.7620274914089347,,,692,1779
472,472,5,1,29,1,1,1,652,1769,40,10,69,Disabie,0.10163339382940109,0.7620274914089347,,,692,1779
473,473,2,1,30,0,0,0,516,1784,11,39,-1,,0.07887174833635814,0.7746993127147767,,,527,1823
474,474,3,1,30,1,0,0,516,1784,11,39,-1,,0.07887174833635814,0.7746993127147767,,,527,1823
475,475,4,1,30,1,1,0,516,1784,11,17,-1,,0.07887174833635814,0.7699742268041238,,,527,1801
476,476,5,1,30,1,1,1,516,1784,11,17,95, ,0.07887174833635814,0.7699742268041238,,,527,1801
477,477,4,1,30,1,2,0,516,1802,11,21,-1,,0.07887174833635814,0.7785652920962199,,,527,1823
478,478,5,1,30,1,2,1,516,1802,11,21,95, ,0.07887174833635814,0.7785652920962199,,,527,1823
479,479,2,1,31,0,0,0,664,1786,11,146,-1,,0.10125529340592862,0.7985395189003437,,,675,1932
480,480,3,1,31,1,0,0,664,1786,11,146,-1,,0.10125529340592862,0.7985395189003437,,,675,1932
481,481,4,1,31,1,1,0,664,1786,11,146,-1,,0.10125529340592862,0.7985395189003437,,,675,1932
482,482,5,1,31,1,1,1,664,1863,11,69,58,Oo00,0.10125529340592862,0.8150773195876289,,,675,1932
483,483,5,1,31,1,1,2,664,1786,11,50,52,ooo,0.10125529340592862,0.7779209621993127,,,675,1836
484,484,2,1,32,0,0,0,516,1919,12,42,-1,,0.07894736842105263,0.8333333333333334,,,528,1961
485,485,3,1,32,1,0,0,516,1919,12,42,-1,,0.07894736842105263,0.8333333333333334,,,528,1961
486,486,4,1,32,1,1,0,516,1919,12,16,-1,,0.07894736842105263,0.8277491408934707,,,528,1935
487,487,5,1,32,1,1,1,516,1919,12,16,95, ,0.07894736842105263,0.8277491408934707,,,528,1935
488,488,4,1,32,1,2,0,516,1936,11,25,-1,,0.07887174833635814,0.8369845360824743,,,527,1961
489,489,5,1,32,1,2,1,516,1936,11,25,95, ,0.07887174833635814,0.8369845360824743,,,527,1961
490,490,2,1,33,0,0,0,558,1959,149,2,-1,,0.09565940713853599,0.8419243986254296,,,707,1961
491,491,3,1,33,1,0,0,558,1959,149,2,-1,,0.09565940713853599,0.8419243986254296,,,707,1961
492,492,4,1,33,1,1,0,558,1959,149,2,-1,,0.09565940713853599,0.8419243986254296,,,707,1961
493,493,5,1,33,1,1,1,558,1959,149,2,95, ,0.09565940713853599,0.8419243986254296,,,707,1961
494,494,2,1,34,0,0,0,558,1959,1,21,-1,,0.08446763460375076,0.8460051546391752,,,559,1980
495,495,3,1,34,1,0,0,558,1959,1,21,-1,,0.08446763460375076,0.8460051546391752,,,559,1980
496,496,4,1,34,1,1,0,558,1959,1,21,-1,,0.08446763460375076,0.8460051546391752,,,559,1980
497,497,5,1,34,1,1,1,558,1959,1,21,95, ,0.08446763460375076,0.8460051546391752,,,559,1980
498,498,2,1,35,0,0,0,705,1959,2,21,-1,,0.10677555958862674,0.8460051546391752,,,707,1980
499,499,3,1,35,1,0,0,705,1959,2,21,-1,,0.10677555958862674,0.8460051546391752,,,707,1980
500,500,4,1,35,1,1,0,705,1959,2,21,-1,,0.10677555958862674,0.8460051546391752,,,707,1980
501,501,5,1,35,1,1,1,705,1959,2,21,95, ,0.10677555958862674,0.8460051546391752,,,707,1980
502,502,2,1,36,0,0,0,558,1978,149,2,-1,,0.09565940713853599,0.8500859106529209,,,707,1980
503,503,3,1,36,1,0,0,558,1978,149,2,-1,,0.09565940713853599,0.8500859106529209,,,707,1980
504,504,4,1,36,1,1,0,558,1978,149,2,-1,,0.09565940713853599,0.8500859106529209,,,707,1980
505,505,5,1,36,1,1,1,558,1978,149,2,95, ,0.09565940713853599,0.8500859106529209,,,707,1980
506,506,2,1,37,0,0,0,715,1743,2,271,-1,,0.10828796128251664,0.8069158075601375,,,717,2014
507,507,3,1,37,1,0,0,715,1743,2,271,-1,,0.10828796128251664,0.8069158075601375,,,717,2014
508,508,4,1,37,1,1,0,715,1743,2,271,-1,,0.10828796128251664,0.8069158075601375,,,717,2014
509,509,5,1,37,1,1,1,715,1743,2,271,95, ,0.10828796128251664,0.8069158075601375,,,717,2014
510,510,2,1,38,0,0,0,548,2012,169,2,-1,,0.09565940713853599,0.8646907216494846,,,717,2014
511,511,3,1,38,1,0,0,548,2012,169,2,-1,,0.09565940713853599,0.8646907216494846,,,717,2014
512,512,4,1,38,1,1,0,548,2012,169,2,-1,,0.09565940713853599,0.8646907216494846,,,717,2014
513,513,5,1,38,1,1,1,548,2012,169,2,95, ,0.09565940713853599,0.8646907216494846,,,717,2014
514,514,2,1,39,0,0,0,548,1743,2,336,-1,,0.08303085299455536,0.8208762886597938,,,550,2079
515,515,3,1,39,1,0,0,548,1743,2,336,-1,,0.08303085299455536,0.8208762886597938,,,550,2079
516,516,4,1,39,1,1,0,548,1743,2,336,-1,,0.08303085299455536,0.8208762886597938,,,550,2079
517,517,5,1,39,1,1,1,548,1743,2,336,95, ,0.08303085299455536,0.8208762886597938,,,550,2079
518,518,2,1,40,0,0,0,316,1328,523,21,-1,,0.08734119782214156,0.5749570446735395,,,839,1349
519,519,3,1,40,1,0,0,316,1328,523,21,-1,,0.08734119782214156,0.5749570446735395,,,839,1349
520,520,4,1,40,1,1,0,316,1328,523,21,-1,,0.08734119782214156,0.5749570446735395,,,839,1349
521,521,5,1,40,1,1,1,316,1328,191,21,96,CONTROLLING,0.06223532970356927,0.5749570446735395,title_line_1,CONTROLLING,507,1349
522,522,5,1,40,1,1,2,518,1328,108,21,96,CONTENT,0.08650937689050212,0.5749570446735395,title_line_1,CONTENT,626,1349
523,523,5,1,40,1,1,3,630,1328,209,21,96,DISTRIBUTION,0.11108590441621295,0.5749570446735395,title_line_1,DISTRIBUTION,839,1349
524,524,2,1,41,0,0,0,884,1405,583,220,-1,,0.17778281911675742,0.6507731958762887,,,1467,1625
525,525,3,1,41,1,0,0,884,1405,583,220,-1,,0.17778281911675742,0.6507731958762887,,,1467,1625
526,526,4,1,41,1,1,0,884,1405,582,23,-1,,0.17770719903206292,0.6084621993127147,,,1466,1428
527,527,5,1,41,1,1,1,884,1406,39,17,96,tent,0.1366454930429522,0.6076030927835051,,,923,1423
528,528,5,1,41,1,1,2,930,1405,76,23,96,provider,0.14640048396854205,0.6084621993127147,,,1006,1428
529,529,5,1,41,1,1,3,1008,1405,50,18,96,and,0.15623109497882637,0.6073883161512027,,,1058,1423
530,530,5,1,41,1,1,4,1066,1405,77,18,96,including,0.16704476709013913,0.6073883161512027,,,1143,1423
531,531,5,1,41,1,1,5,1146,1410,29,18,89,a,0.17551421657592256,0.6095360824742269,,,1175,1428
532,532,5,1,41,1,1,6,1181,1405,39,18,89,first,0.18156382335148216,0.6073883161512027,,,1220,1423
533,533,5,1,41,1,1,7,1227,1405,124,18,96,modification,0.19494857834240775,0.6073883161512027,,,1351,1423
534,534,5,1,41,1,1,8,1358,1405,20,18,96,of,0.20689655172413793,0.6073883161512027,,,1378,1423
535,535,5,1,41,1,1,9,1383,1405,31,18,93,the,0.21150937689050212,0.6073883161512027,,,1414,1423
536,536,5,1,41,1,1,10,1422,1410,44,13,92,con-,0.21839080459770116,0.6084621993127147,,,1466,1423
537,537,4,1,41,1,2,0,884,1438,582,23,-1,,0.17770719903206292,0.6226374570446735,,,1466,1461
538,538,5,1,41,1,2,1,884,1438,39,18,96,tent,0.1366454930429522,0.6215635738831615,,,923,1456
539,539,5,1,41,1,2,2,930,1438,113,18,96,distribution,0.14919842710223835,0.6215635738831615,,,1043,1456
540,540,5,1,41,1,2,3,1052,1438,98,23,96,regarding,0.16651542649727769,0.6226374570446735,,,1150,1461
541,541,5,1,41,1,2,4,1159,1438,32,18,96,the,0.17770719903206292,0.6215635738831615,,,1191,1456
542,542,5,1,41,1,2,5,1197,1438,39,18,96,first,0.183983666061706,0.6215635738831615,,,1236,1456
543,543,5,1,41,1,2,6,1243,1438,78,18,96,content,0.1938898971566848,0.6215635738831615,,,1321,1456
544,544,5,1,41,1,2,7,1329,1438,89,23,95,provider.,0.20772837265577737,0.6226374570446735,,,1418,1461
545,545,5,1,41,1,2,8,1426,1438,40,18,96,The,0.21869328493647913,0.6215635738831615,,,1466,1456
546,546,4,1,41,1,3,0,885,1470,581,23,-1,,0.17778281911675742,0.6363831615120275,,,1466,1493
547,547,5,1,41,1,3,1,885,1470,64,19,89,method,0.13868723532970356,0.6355240549828178,,,949,1489
548,548,5,1,41,1,3,2,950,1470,107,19,96,includes,0.15176950998185118,0.6355240549828178,,,1057,1489
549,549,5,1,41,1,3,3,1066,1470,70,23,96,storing,0.16651542649727769,0.6363831615120275,,,1136,1493
550,550,5,1,41,1,3,4,1145,1470,31,19,96,the,0.17551421657592256,0.6355240549828178,,,1176,1489
551,551,5,1,41,1,3,5,1186,1470,38,19,96,edit,0.1822444041137326,0.6355240549828178,,,1224,1489
552,552,5,1,41,1,3,6,1233,1470,15,19,96,in,0.18761343012704174,0.6355240549828178,,,1248,1489
553,553,5,1,41,1,3,7,1258,1470,117,19,96,association,0.19910768300060497,0.6355240549828178,,,1375,1489
554,554,5,1,41,1,3,8,1384,1470,41,19,96,with,0.21241681790683606,0.6355240549828178,,,1425,1489
555,555,5,1,41,1,3,9,1434,1470,32,19,96,the,0.21929824561403508,0.6355240549828178,,,1466,1489
556,556,4,1,41,1,4,0,885,1503,581,18,-1,,0.17778281911675742,0.6494845360824743,,,1466,1521
557,557,5,1,41,1,4,1,885,1503,115,18,96,information,0.1425438596491228,0.6494845360824743,,,1000,1521
558,558,5,1,41,1,4,2,1010,1503,48,18,96,such,0.15638233514821537,0.6494845360824743,,,1058,1521
559,559,5,1,41,1,4,3,1068,1503,39,18,96,that,0.16447368421052633,0.6494845360824743,,,1107,1521
560,560,5,1,41,1,4,4,1116,1503,31,18,96,the,0.17112825166364187,0.6494845360824743,,,1147,1521
561,561,5,1,41,1,4,5,1156,1503,38,18,96,first,0.17770719903206292,0.6494845360824743,,,1194,1521
562,562,5,1,41,1,4,6,1204,1503,124,18,96,modification,0.19147005444646098,0.6494845360824743,,,1328,1521
563,563,5,1,41,1,4,7,1339,1503,15,18,96,is,0.20364488808227466,0.6494845360824743,,,1354,1521
564,564,5,1,41,1,4,8,1363,1503,56,18,96,taken,0.2103750756200847,0.6494845360824743,,,1419,1521
565,565,5,1,41,1,4,9,1431,1503,35,18,96,into,0.2190713853599516,0.6494845360824743,,,1466,1521
566,566,4,1,41,1,5,0,884,1536,582,18,-1,,0.17770719903206292,0.663659793814433,,,1466,1554
567,567,5,1,41,1,5,1,884,1540,74,14,96,account,0.13929219600725953,0.6645189003436426,,,958,1554
568,568,5,1,41,1,5,2,961,1536,31,18,96,in,0.14768602540834846,0.663659793814433,,,992,1554
569,569,5,1,41,1,5,3,1001,1536,32,18,96,the,0.15381125226860254,0.663659793814433,,,1033,1554
570,570,5,1,41,1,5,4,1043,1536,77,18,96,content,0.16356624319419238,0.663659793814433,,,1120,1554
571,571,5,1,41,1,5,5,1128,1536,120,18,96,distribution.,0.17967332123411978,0.663659793814433,,,1248,1554
572,572,5,1,41,1,5,6,1258,1536,40,18,96,The,0.19328493647912887,0.663659793814433,,,1298,1554
573,573,5,1,41,1,5,7,1309,1536,76,18,96,method,0.20372050816696916,0.663659793814433,,,1385,1554
574,574,5,1,41,1,5,8,1395,1540,36,14,96,can,0.21370235934664247,0.6645189003436426,,,1431,1554
575,575,5,1,41,1,5,9,1442,1536,24,18,96,be,0.21990320629159105,0.663659793814433,,,1466,1554
576,576,4,1,41,1,6,0,885,1569,582,23,-1,,0.17785843920145192,0.6789089347079038,,,1467,1592
577,577,5,1,41,1,6,1,885,1569,133,23,96,implemented,0.14390502117362372,0.6789089347079038,,,1018,1592
578,578,5,1,41,1,6,2,1026,1569,54,23,96,using,0.15925589836660617,0.6789089347079038,,,1080,1592
579,579,5,1,41,1,6,3,1086,1574,12,13,96,a,0.16515426497277677,0.6789089347079038,,,1098,1587
580,580,5,1,41,1,6,4,1105,1570,98,22,96,computer,0.17453115547489415,0.6791237113402062,,,1203,1592
581,581,5,1,41,1,6,5,1209,1574,85,18,96,program,0.18927707199032062,0.6799828178694158,,,1294,1592
582,582,5,1,41,1,6,6,1302,1569,79,23,85,product,0.2028886872353297,0.6789089347079038,,,1381,1592
583,583,5,1,41,1,6,7,1385,1569,82,23,85,tangibly,0.21566848154869933,0.6789089347079038,,,1467,1592
584,584,4,1,41,1,7,0,885,1602,538,23,-1,,0.17453115547489415,0.6930841924398625,,,1423,1625
585,585,5,1,41,1,7,1,885,1602,101,18,96,embodied,0.1414851784633999,0.6920103092783505,,,986,1620
586,586,5,1,41,1,7,2,996,1602,16,18,95,in,0.15184513006654568,0.6920103092783505,,,1012,1620
587,587,5,1,41,1,7,3,1021,1606,11,14,93,a,0.15524803387779795,0.6928694158075601,,,1032,1620
588,588,5,1,41,1,7,4,1041,1602,199,23,91,computer-readable,0.17248941318814276,0.6930841924398625,,,1240,1625
589,589,5,1,41,1,7,5,1248,1602,78,23,95,storage,0.19464609800362975,0.6930841924398625,,,1326,1625
590,590,5,1,41,1,7,6,1335,1602,88,18,96,medium.,0.20856019358741681,0.6920103092783505,,,1423,1620
591,591,2,1,42,0,0,0,516,1720,657,456,-1,,0.1277223230490018,0.8367697594501718,,,1173,2176
592,592,3,1,42,1,0,0,516,1720,657,456,-1,,0.1277223230490018,0.8367697594501718,,,1173,2176
593,593,4,1,42,1,1,0,516,1720,638,40,-1,,0.12628554143980641,0.7474226804123711,,,1154,1760
594,594,5,1,42,1,1,1,516,1720,638,40,95,       ,0.12628554143980641,0.7474226804123711,,,1154,1760
595,595,4,1,42,1,2,0,746,1760,402,24,-1,,0.14322444041137325,0.761168384879725,,,1148,1784
596,596,5,1,42,1,2,1,746,1760,402,24,95,  ,0.14322444041137325,0.761168384879725,,,1148,1784
597,597,4,1,42,1,3,0,516,1784,632,18,-1,,0.12583182093163944,0.7701890034364262,,,1148,1802
598,598,5,1,42,1,3,1,516,1784,632,18,95,  ,0.12583182093163944,0.7701890034364262,,,1148,1802
599,599,4,1,42,1,4,0,746,1802,402,21,-1,,0.14322444041137325,0.7785652920962199,,,1148,1823
600,600,5,1,42,1,4,1,746,1802,402,21,95, ,0.14322444041137325,0.7785652920962199,,,1148,1823
601,601,4,1,42,1,5,0,516,1823,632,37,-1,,0.12583182093163944,0.7910223367697594,,,1148,1860
602,602,5,1,42,1,5,1,516,1823,632,37,95,    ,0.12583182093163944,0.7910223367697594,,,1148,1860
603,603,4,1,42,1,6,0,746,1843,427,17,-1,,0.14511494252873564,0.7953178694158075,,,1173,1860
604,604,5,1,42,1,6,1,746,1843,427,17,95, ,0.14511494252873564,0.7953178694158075,,,1173,1860
605,605,4,1,42,1,7,0,516,1860,657,38,-1,,0.1277223230490018,0.8071305841924399,,,1173,1898
606,606,5,1,42,1,7,1,516,1860,657,38,95,     ,0.1277223230490018,0.8071305841924399,,,1173,1898
607,607,4,1,42,1,8,0,516,1898,657,37,-1,,0.1277223230490018,0.8232388316151202,,,1173,1935
608,608,5,1,42,1,8,1,516,1898,12,21,95, ,0.07894736842105263,0.8198024054982818,,,528,1919
609,609,5,1,42,1,8,2,746,1898,427,37,95,  ,0.14511494252873564,0.8232388316151202,,,1173,1935
610,610,4,1,42,1,9,0,516,1935,657,26,-1,,0.1277223230490018,0.8367697594501718,,,1173,1961
611,611,5,1,42,1,9,1,516,1935,657,26,95,  ,0.1277223230490018,0.8367697594501718,,,1173,1961
612,612,4,1,42,1,10,0,516,1961,657,20,-1,,0.1277223230490018,0.8466494845360825,,,1173,1981
613,613,5,1,42,1,10,1,516,1961,11,20,95, ,0.07887174833635814,0.8466494845360825,,,527,1981
614,614,5,1,42,1,10,2,746,1961,427,20,95, ,0.14511494252873564,0.8466494845360825,,,1173,1981
615,615,4,1,42,1,11,0,516,1981,657,130,-1,,0.1277223230490018,0.8788659793814433,,,1173,2111
616,616,5,1,42,1,11,1,516,1981,12,130,95,  ,0.07894736842105263,0.8788659793814433,,,528,2111
617,617,5,1,42,1,11,2,746,1981,427,130,95,  ,0.14511494252873564,0.8788659793814433,,,1173,2111
618,618,4,1,42,1,12,0,516,2111,657,65,-1,,0.1277223230490018,0.9207474226804123,,,1173,2176
619,619,5,1,42,1,12,1,516,2111,657,65,95,    ,0.1277223230490018,0.9207474226804123,,,1173,2176
620,620,2,1,43,0,0,0,1016,1726,93,28,-1,,0.16069267997580158,0.7474226804123711,,,1109,1754
621,621,3,1,43,1,0,0,1016,1726,93,28,-1,,0.16069267997580158,0.7474226804123711,,,1109,1754
622,622,4,1,43,1,1,0,1016,1726,93,10,-1,,0.16069267997580158,0.7435567010309279,,,1109,1736
623,623,5,1,43,1,1,1,1016,1726,43,10,82,Content,0.15691167574107684,0.7435567010309279,,,1059,1736
624,624,5,1,43,1,1,2,1063,1726,46,10,92,Provider,0.16424682395644283,0.7435567010309279,,,1109,1736
625,625,4,1,43,1,2,0,1042,1741,39,13,-1,,0.16054143980641258,0.7506443298969072,,,1081,1754
626,626,5,1,43,1,2,1,1042,1741,39,13,78,System,0.16054143980641258,0.7506443298969072,,,1081,1754
627,627,2,1,44,0,0,0,1081,1744,67,16,-1,,0.16855716878402904,0.7525773195876289,,,1148,1760
628,628,3,1,44,1,0,0,1081,1744,67,16,-1,,0.16855716878402904,0.7525773195876289,,,1148,1760
629,629,4,1,44,1,1,0,1081,1744,67,16,-1,,0.16855716878402904,0.7525773195876289,,,1148,1760
630,630,5,1,44,1,1,1,1081,1744,67,16,95,  ,0.16855716878402904,0.7525773195876289,,,1148,1760
631,631,2,1,45,0,0,0,1151,1798,18,50,-1,,0.17543859649122806,0.7830756013745704,,,1169,1848
632,632,3,1,45,1,0,0,1151,1798,18,50,-1,,0.17543859649122806,0.7830756013745704,,,1169,1848
633,633,4,1,45,1,1,0,1151,1798,18,50,-1,,0.17543859649122806,0.7830756013745704,,,1169,1848
634,634,5,1,45,1,1,1,1151,1798,18,50,95, ,0.17543859649122806,0.7830756013745704,,,1169,1848
635,635,2,1,46,0,0,0,716,2270,259,16,-1,,0.1278735632183908,0.9785223367697594,,,975,2286
636,636,3,1,46,1,0,0,716,2270,259,16,-1,,0.1278735632183908,0.9785223367697594,,,975,2286
637,637,4,1,46,1,1,0,716,2270,259,16,-1,,0.1278735632183908,0.9785223367697594,,,975,2286
638,638,5,1,46,1,1,1,716,2270,49,12,96,Printed,0.11199334543254688,0.9776632302405498,,,765,2282
639,639,5,1,46,1,1,2,771,2270,15,16,96,by,0.1177404718693285,0.9785223367697594,,,786,2286
640,640,5,1,46,1,1,3,792,2270,45,14,96,"Jouve,",0.12318511796733213,0.9780927835051546,,,837,2284
641,641,5,1,46,1,1,4,843,2270,41,12,96,75001,0.13059588626739263,0.9776632302405498,,,884,2282
642,642,5,1,46,1,1,5,893,2270,46,12,96,PARIS,0.1385359951603146,0.9776632302405498,,,939,2282
643,643,5,1,46,1,1,6,945,2270,30,16,95,(FR),0.14519056261343014,0.9785223367697594,,,975,2286
