,Unnamed: 0,level,page_num,block_num,par_num,line_num,word_num,left,top,width,height,conf,text,x,y,label,target,right,bottom
0,0,1,1,0,0,0,0,0,0,1653,2328,-1,,0.125,0.5,,,1653,2328
1,1,2,1,1,0,0,0,144,1905,31,328,-1,,0.02412280701754386,0.8887457044673539,,,175,2233
2,2,3,1,1,1,0,0,144,1905,31,328,-1,,0.02412280701754386,0.8887457044673539,,,175,2233
3,3,4,1,1,1,1,0,144,1905,31,328,-1,,0.02412280701754386,0.8887457044673539,,,175,2233
4,4,5,1,1,1,1,1,144,2179,30,54,95,EP,0.024047186932849365,0.947594501718213,,,174,2233
5,5,5,1,1,1,1,2,144,2142,31,21,95,3,0.02412280701754386,0.9246134020618557,,,175,2163
6,6,5,1,1,1,1,3,144,2055,31,71,95,388,0.02412280701754386,0.8979810996563574,,,175,2126
7,7,5,1,1,1,1,4,144,1974,31,65,92,811,0.02412280701754386,0.8618986254295533,,,175,2039
8,8,5,1,1,1,1,5,144,1905,30,50,87,A1,0.024047186932849365,0.8290378006872853,,,174,1955
9,9,2,1,2,0,0,0,429,153,88,28,-1,,0.07153660012099214,0.07173539518900343,,,517,181
10,10,3,1,2,1,0,0,429,153,88,28,-1,,0.07153660012099214,0.07173539518900343,,,517,181
11,11,4,1,2,1,1,0,429,153,88,16,-1,,0.07153660012099214,0.06915807560137457,,,517,169
12,12,5,1,2,1,1,1,429,153,88,16,84,Europaisches,0.07153660012099214,0.06915807560137457,,,517,169
13,13,4,1,2,1,2,0,429,170,71,11,-1,,0.07025105868118572,0.07538659793814433,,,500,181
14,14,5,1,2,1,2,1,429,170,71,11,96,Patentamt,0.07025105868118572,0.07538659793814433,,,500,181
15,15,2,1,3,0,0,0,429,196,89,28,-1,,0.07161222020568662,0.09020618556701031,,,518,224
16,16,3,1,3,1,0,0,429,196,89,28,-1,,0.07161222020568662,0.09020618556701031,,,518,224
17,17,4,1,3,1,1,0,429,196,63,15,-1,,0.06964609800362977,0.08741408934707903,,,492,211
18,18,5,1,3,1,1,1,429,196,63,15,95,European,0.06964609800362977,0.08741408934707903,,,492,211
19,19,4,1,3,1,2,0,429,212,89,12,-1,,0.07161222020568662,0.0936426116838488,,,518,224
20,20,5,1,3,1,2,1,429,213,43,11,96,Patent,0.06813369630973987,0.0938573883161512,,,472,224
21,21,5,1,3,1,2,2,478,212,40,12,90,Office,0.07531760435571688,0.0936426116838488,,,518,224
22,22,2,1,4,0,0,0,429,239,109,28,-1,,0.07312462189957653,0.10867697594501718,,,538,267
23,23,3,1,4,1,0,0,429,239,109,28,-1,,0.07312462189957653,0.10867697594501718,,,538,267
24,24,4,1,4,1,1,0,429,239,109,15,-1,,0.07312462189957653,0.10588487972508591,,,538,254
25,25,5,1,4,1,1,1,429,239,40,12,93,Office,0.06790683605565638,0.1052405498281787,,,469,251
26,26,5,1,4,1,1,2,474,239,64,15,93,europ√©en,0.0765275257108288,0.10588487972508591,,,538,254
27,27,4,1,4,1,2,0,429,255,77,12,-1,,0.0707047791893527,0.11211340206185567,,,506,267
28,28,5,1,4,1,2,1,429,255,22,12,95,des,0.06654567453115548,0.11211340206185567,,,451,267
29,29,5,1,4,1,2,2,457,255,49,12,82,brevets,0.07282214156079855,0.11211340206185567,,,506,267
30,30,2,1,5,0,0,0,281,136,274,150,-1,,0.06321839080459771,0.09063573883161512,,,555,286
31,31,3,1,5,1,0,0,281,136,274,150,-1,,0.06321839080459771,0.09063573883161512,,,555,286
32,32,4,1,5,1,1,0,281,136,274,150,-1,,0.06321839080459771,0.09063573883161512,,,555,286
33,33,5,1,5,1,1,1,281,136,274,150,95, ,0.06321839080459771,0.09063573883161512,,,555,286
34,34,2,1,6,0,0,0,225,324,45,26,-1,,0.037431941923774956,0.14475945017182132,,,270,350
35,35,3,1,6,1,0,0,225,324,45,26,-1,,0.037431941923774956,0.14475945017182132,,,270,350
36,36,4,1,6,1,1,0,225,324,45,26,-1,,0.037431941923774956,0.14475945017182132,,,270,350
37,37,5,1,6,1,1,1,225,324,45,26,96,(12),0.037431941923774956,0.14475945017182132,,,270,350
38,38,2,1,7,0,0,0,225,395,415,53,-1,,0.06541137326073805,0.18105670103092783,,,640,448
39,39,3,1,7,1,0,0,225,395,415,53,-1,,0.06541137326073805,0.18105670103092783,,,640,448
40,40,4,1,7,1,1,0,225,395,282,26,-1,,0.05535390199637023,0.17525773195876287,,,507,421
41,41,5,1,7,1,1,1,225,395,45,26,92,(43),0.037431941923774956,0.17525773195876287,,,270,421
42,42,5,1,7,1,1,2,285,397,222,23,90,Verdffentlichungstag:,0.05989110707803993,0.17547250859106528,,,507,420
43,43,4,1,7,1,2,0,287,430,353,18,-1,,0.07009981851179674,0.18857388316151202,,,640,448
44,44,5,1,7,1,2,1,287,430,116,18,92,17.10.2018,0.052177858439201454,0.18857388316151202,publication_date,17.10.2018,403,448
45,45,5,1,7,1,2,2,426,430,121,18,92,Patentblatt,0.0735783424077435,0.18857388316151202,,,547,448
46,46,5,1,7,1,2,3,555,430,85,18,96,2018/42,0.09036600120992136,0.18857388316151202,,,640,448
47,47,2,1,8,0,0,0,225,493,379,26,-1,,0.06268905021173624,0.21735395189003437,,,604,519
48,48,3,1,8,1,0,0,225,493,379,26,-1,,0.06268905021173624,0.21735395189003437,,,604,519
49,49,4,1,8,1,1,0,225,493,379,26,-1,,0.06268905021173624,0.21735395189003437,,,604,519
50,50,5,1,8,1,1,1,225,493,45,26,91,(21),0.037431941923774956,0.21735395189003437,,,270,519
51,51,5,1,8,1,1,2,285,495,186,18,90,Anmeldenummer:,0.05716878402903811,0.21649484536082475,,,471,513
52,52,5,1,8,1,1,3,481,495,123,18,92,18166838.5,0.08204779189352691,0.21649484536082475,application_number,18166838.5,604,513
53,53,2,1,9,0,0,0,225,559,319,26,-1,,0.05815184513006655,0.24570446735395188,,,544,585
54,54,3,1,9,1,0,0,225,559,319,26,-1,,0.05815184513006655,0.24570446735395188,,,544,585
55,55,4,1,9,1,1,0,225,559,319,26,-1,,0.05815184513006655,0.24570446735395188,,,544,585
56,56,5,1,9,1,1,1,225,559,45,26,93,(22),0.037431941923774956,0.24570446735395188,,,270,585
57,57,5,1,9,1,1,2,285,561,131,23,91,Anmeldetag:,0.0530096793708409,0.24591924398625428,,,416,584
58,58,5,1,9,1,1,3,427,561,117,18,96,11.04.2018,0.07342710223835451,0.24484536082474226,filing_date,11.04.2018,544,579
59,59,2,1,10,0,0,0,1002,245,458,38,-1,,0.18617664851784635,0.1134020618556701,,,1460,283
60,60,3,1,10,1,0,0,1002,245,458,38,-1,,0.18617664851784635,0.1134020618556701,,,1460,283
61,61,4,1,10,1,1,0,1002,245,458,38,-1,,0.18617664851784635,0.1134020618556701,,,1460,283
62,62,5,1,10,1,1,1,1002,256,44,27,74,(11),0.15486993345432548,0.11576460481099657,,,1046,283
63,63,5,1,10,1,1,2,1146,245,52,32,95,EP,0.17725347852389595,0.11211340206185567,number,EP,1198,277
64,64,5,1,10,1,1,3,1214,245,20,32,95,3,0.1851179673321234,0.11211340206185567,number,3,1234,277
65,65,5,1,10,1,1,4,1249,245,68,32,95,388,0.1940411373260738,0.11211340206185567,number,388,1317,277
66,66,5,1,10,1,1,5,1332,245,62,32,92,811,0.20614035087719298,0.11211340206185567,number,811,1394,277
67,67,5,1,10,1,1,6,1413,245,47,32,87,A1,0.21725650332728372,0.11211340206185567,number,A1,1460,277
68,68,2,1,11,0,0,0,559,314,573,31,-1,,0.1278735632183908,0.14153780068728522,,,1132,345
69,69,3,1,11,1,0,0,559,314,573,31,-1,,0.1278735632183908,0.14153780068728522,,,1132,345
70,70,4,1,11,1,1,0,559,314,573,31,-1,,0.1278735632183908,0.14153780068728522,,,1132,345
71,71,5,1,11,1,1,1,559,314,230,31,92,EUROPAISCHE,0.10193587416817906,0.14153780068728522,,,789,345
72,72,5,1,11,1,1,2,802,319,330,26,91,PATENTANMELDUNG,0.14624924379915305,0.14261168384879724,,,1132,345
73,73,2,1,12,0,0,0,862,395,126,26,-1,,0.13989715668481548,0.17525773195876287,,,988,421
74,74,3,1,12,1,0,0,862,395,126,26,-1,,0.13989715668481548,0.17525773195876287,,,988,421
75,75,4,1,12,1,1,0,862,395,126,26,-1,,0.13989715668481548,0.17525773195876287,,,988,421
76,76,5,1,12,1,1,1,862,395,44,26,67,(51),0.1336963097398669,0.17525773195876287,,,906,421
77,77,5,1,12,1,1,2,923,397,25,18,93,Int,0.1414851784633999,0.17439862542955326,,,948,415
78,78,5,1,12,1,1,3,955,397,33,18,65,Cl:,0.14692982456140352,0.17439862542955326,,,988,415
79,79,2,1,13,0,0,0,923,425,453,21,-1,,0.17385057471264367,0.1870704467353952,,,1376,446
80,80,3,1,13,1,0,0,923,425,453,21,-1,,0.17385057471264367,0.1870704467353952,,,1376,446
81,81,4,1,13,1,1,0,923,425,453,21,-1,,0.17385057471264367,0.1870704467353952,,,1376,446
82,82,5,1,13,1,1,1,923,428,63,18,70,GO1M,0.1443587416817907,0.1877147766323024,class_international,G01M,986,446
83,83,5,1,13,1,1,2,994,428,45,18,82,3128,0.15373563218390804,0.1877147766323024,class_international,3/28,1039,446
84,84,5,1,13,1,1,3,1045,425,66,16,85,(2006.91),0.1630369026013309,0.18599656357388317,,,1111,441
85,85,5,1,13,1,1,4,1193,428,57,18,89,F17D,0.18473986690865093,0.1877147766323024,,,1250,446
86,86,5,1,13,1,1,5,1258,428,46,18,90,5102,0.19373865698729584,0.1877147766323024,,,1304,446
87,87,5,1,13,1,1,6,1309,425,67,16,74,(2006.01),0.20303992740471868,0.18599656357388317,,,1376,441
88,88,2,1,14,0,0,0,224,613,1243,4,-1,,0.1278735632183908,0.26417525773195877,,,1467,617
89,89,3,1,14,1,0,0,224,613,1243,4,-1,,0.1278735632183908,0.26417525773195877,,,1467,617
90,90,4,1,14,1,1,0,224,613,1243,4,-1,,0.1278735632183908,0.26417525773195877,,,1467,617
91,91,5,1,14,1,1,1,224,613,1243,4,95, ,0.1278735632183908,0.26417525773195877,,,1467,617
92,92,2,1,15,0,0,0,225,631,599,250,-1,,0.07932546884452511,0.3247422680412371,,,824,881
93,93,3,1,15,1,0,0,225,631,599,250,-1,,0.07932546884452511,0.3247422680412371,,,824,881
94,94,4,1,15,1,1,0,225,631,342,27,-1,,0.05989110707803993,0.2768470790378007,,,567,658
95,95,5,1,15,1,1,1,225,631,45,27,93,(84),0.037431941923774956,0.2768470790378007,,,270,658
96,96,5,1,15,1,1,2,286,633,100,19,93,Benannte,0.050816696914700546,0.2759879725085911,,,386,652
97,97,5,1,15,1,1,3,393,633,174,23,92,Vertragsstaaten:,0.07259528130671507,0.2768470790378007,,,567,656
98,98,4,1,15,1,2,0,285,666,537,18,-1,,0.08371143375680581,0.28994845360824745,,,822,684
99,99,5,1,15,1,2,1,285,666,31,18,94,AL,0.04544767090139141,0.28994845360824745,,,316,684
100,100,5,1,15,1,2,2,323,666,31,18,94,AT,0.05119479733817302,0.28994845360824745,,,354,684
101,101,5,1,15,1,2,3,363,666,30,18,95,BE,0.05716878402903811,0.28994845360824745,,,393,684
102,102,5,1,15,1,2,4,403,666,32,18,95,BG,0.0633696309739867,0.28994845360824745,,,435,684
103,103,5,1,15,1,2,5,445,666,31,18,95,CH,0.06964609800362977,0.28994845360824745,,,476,684
104,104,5,1,15,1,2,6,486,666,32,18,96,CY,0.07592256503327284,0.28994845360824745,,,518,684
105,105,5,1,15,1,2,7,526,666,30,18,96,CZ,0.08182093163944344,0.28994845360824745,,,556,684
106,106,5,1,15,1,2,8,565,666,30,18,96,DE,0.08771929824561403,0.28994845360824745,,,595,684
107,107,5,1,15,1,2,9,605,666,32,18,93,DK,0.09392014519056262,0.28994845360824745,,,637,684
108,108,5,1,15,1,2,10,646,666,29,18,93,EE,0.0998941318814277,0.28994845360824745,,,675,684
109,109,5,1,15,1,2,11,684,666,29,18,93,ES,0.10564125831820932,0.28994845360824745,,,713,684
110,110,5,1,15,1,2,12,723,666,99,18,86,FIFRGB,0.11683303085299455,0.28994845360824745,,,822,684
111,111,4,1,15,1,3,0,285,699,539,18,-1,,0.0838626739261948,0.30412371134020616,,,824,717
112,112,5,1,15,1,3,1,285,699,35,18,94,GR,0.04575015124016939,0.30412371134020616,,,320,717
113,113,5,1,15,1,3,2,328,699,32,18,94,HR,0.05202661826981246,0.30412371134020616,,,360,717
114,114,5,1,15,1,3,3,368,699,14,18,41,HU,0.05671506352087114,0.30412371134020616,,,382,717
115,115,5,1,15,1,3,4,385,699,43,18,41,IE,0.06147912885662432,0.30412371134020616,,,428,717
116,116,5,1,15,1,3,5,436,699,20,18,47,IS,0.06745311554748941,0.30412371134020616,,,456,717
117,117,5,1,15,1,3,6,464,699,20,18,47,IT,0.07168784029038112,0.30412371134020616,,,484,717
118,118,5,1,15,1,3,7,492,699,54,18,83,LILT,0.07849364791288566,0.30412371134020616,,,546,717
119,119,5,1,15,1,3,8,554,699,28,18,75,LU,0.08590441621294616,0.30412371134020616,,,582,717
120,120,5,1,15,1,3,9,591,699,28,18,75,LV,0.09150030248033877,0.30412371134020616,,,619,717
121,121,5,1,15,1,3,10,627,699,35,18,95,MC,0.09747428917120388,0.30412371134020616,,,662,717
122,122,5,1,15,1,3,11,670,699,35,18,94,MK,0.10397761645493044,0.30412371134020616,,,705,717
123,123,5,1,15,1,3,12,713,699,32,18,93,MT,0.11025408348457351,0.30412371134020616,,,745,717
124,124,5,1,15,1,3,13,753,699,29,18,20,NL,0.11607683000604961,0.30412371134020616,,,782,717
125,125,5,1,15,1,3,14,791,699,33,18,20,NO,0.1221264367816092,0.30412371134020616,,,824,717
126,126,4,1,15,1,4,0,286,732,336,18,-1,,0.06866303690260134,0.31829896907216493,,,622,750
127,127,5,1,15,1,4,1,286,732,28,18,95,PL,0.045372050816696916,0.31829896907216493,,,314,750
128,128,5,1,15,1,4,2,323,732,29,18,92,PT,0.05104355716878403,0.31829896907216493,,,352,750
129,129,5,1,15,1,4,3,360,732,58,18,92,RORS,0.058832425892317,0.31829896907216493,,,418,750
130,130,5,1,15,1,4,4,420,732,52,18,96,SE,0.06745311554748941,0.31829896907216493,,,472,750
131,131,5,1,15,1,4,5,480,732,20,18,91,SI,0.07410768300060495,0.31829896907216493,,,500,750
132,132,5,1,15,1,4,6,510,732,31,18,91,SK,0.0794767090139141,0.31829896907216493,,,541,750
133,133,5,1,15,1,4,7,550,732,72,18,91,SMTR,0.08862673926194797,0.31829896907216493,,,622,750
134,134,4,1,15,1,5,0,286,765,330,23,-1,,0.06820931639443437,0.3335481099656357,,,616,788
135,135,5,1,15,1,5,1,286,765,100,18,92,Benannte,0.050816696914700546,0.3324742268041237,,,386,783
136,136,5,1,15,1,5,2,395,765,221,23,91,Erstreckungsstaaten:,0.0764519056261343,0.3335481099656357,,,616,788
137,137,4,1,15,1,6,0,286,797,74,19,-1,,0.04885057471264368,0.34643470790378006,,,360,816
138,138,5,1,15,1,6,1,286,797,33,19,96,BA,0.04575015124016939,0.34643470790378006,,,319,816
139,139,5,1,15,1,6,2,327,797,33,19,96,ME,0.05195099818511797,0.34643470790378006,,,360,816
140,140,4,1,15,1,7,0,286,830,322,23,-1,,0.06760435571687841,0.36146907216494845,,,608,853
141,141,5,1,15,1,7,1,286,830,100,18,92,Benannte,0.050816696914700546,0.3603951890034364,,,386,848
142,142,5,1,15,1,7,2,393,830,215,23,92,Validierungsstaaten:,0.07569570477918935,0.36146907216494845,,,608,853
143,143,4,1,15,1,8,0,286,863,157,18,-1,,0.055127041742286755,0.3745704467353952,,,443,881
144,144,5,1,15,1,8,1,286,863,31,18,95,KH,0.0455989110707804,0.3745704467353952,,,317,881
145,145,5,1,15,1,8,2,327,863,35,18,96,MA,0.052102238354506954,0.3745704467353952,,,362,881
146,146,5,1,15,1,8,3,371,863,34,18,95,MD,0.05868118572292801,0.3745704467353952,,,405,881
147,147,5,1,15,1,8,4,413,863,30,18,95,TN,0.0647307924984876,0.3745704467353952,,,443,881
148,148,2,1,16,0,0,0,225,927,437,26,-1,,0.06707501512401694,0.40378006872852235,,,662,953
149,149,3,1,16,1,0,0,225,927,437,26,-1,,0.06707501512401694,0.40378006872852235,,,662,953
150,150,4,1,16,1,1,0,225,927,437,26,-1,,0.06707501512401694,0.40378006872852235,,,662,953
151,151,5,1,16,1,1,1,225,927,45,26,92,(30),0.037431941923774956,0.40378006872852235,,,270,953
152,152,5,1,16,1,1,2,286,929,86,18,62,Prioritat:,0.04975801572897762,0.4029209621993127,,,372,947
153,153,5,1,16,1,1,3,384,929,117,18,96,11.04.2017,0.06692377495462795,0.4029209621993127,priority_date_eu,11.04.2017,501,947
154,154,5,1,16,1,1,4,520,929,29,18,96,EP,0.080837870538415,0.4029209621993127,,,549,947
155,155,5,1,16,1,1,5,558,929,104,18,96,17165993,0.09225650332728373,0.4029209621993127,,,662,947
156,156,2,1,17,0,0,0,225,992,394,58,-1,,0.06382335148215366,0.438573883161512,,,619,1050
157,157,3,1,17,1,0,0,225,992,394,58,-1,,0.06382335148215366,0.438573883161512,,,619,1050
158,158,4,1,17,1,1,0,225,992,363,26,-1,,0.06147912885662432,0.43170103092783507,,,588,1018
159,159,5,1,17,1,1,1,225,992,45,26,93,(71),0.037431941923774956,0.43170103092783507,,,270,1018
160,160,5,1,17,1,1,2,285,994,106,18,91,Anmelder:,0.051119177253478525,0.43084192439862545,,,391,1012
161,161,5,1,17,1,1,3,401,994,111,18,88,Softmeter,0.06904113732607381,0.43084192439862545,applicant_line_1,Softmeter,512,1012
162,162,5,1,17,1,1,4,519,994,69,18,95,GmbH,0.08371143375680581,0.43084192439862545,applicant_line_1,GmbH,588,1012
163,163,4,1,17,1,2,0,286,1027,333,23,-1,,0.06843617664851785,0.44609106529209624,,,619,1050
164,164,5,1,17,1,2,1,286,1027,64,18,96,60439,0.04809437386569873,0.44501718213058417,,,350,1045
165,165,5,1,17,1,2,2,359,1027,103,18,96,Frankfurt,0.06208408953418028,0.44501718213058417,,,462,1045
166,166,5,1,17,1,2,3,470,1031,32,14,96,am,0.073502722323049,0.44587628865979384,,,502,1045
167,167,5,1,17,1,2,4,512,1027,51,18,96,Main,0.08129159104658197,0.44501718213058417,,,563,1045
168,168,5,1,17,1,2,5,572,1027,47,23,96,(DE),0.09006352087114337,0.44609106529209624,,,619,1050
169,169,2,1,18,0,0,0,845,614,2,468,-1,,0.1279491833030853,0.3642611683848797,,,847,1082
170,170,3,1,18,1,0,0,845,614,2,468,-1,,0.1279491833030853,0.3642611683848797,,,847,1082
171,171,4,1,18,1,1,0,845,614,2,468,-1,,0.1279491833030853,0.3642611683848797,,,847,1082
172,172,5,1,18,1,1,1,845,614,2,468,95, ,0.1279491833030853,0.3642611683848797,,,847,1082
173,173,2,1,19,0,0,0,862,631,404,222,-1,,0.16091954022988506,0.31872852233676974,,,1266,853
174,174,3,1,19,1,0,0,862,631,404,222,-1,,0.16091954022988506,0.31872852233676974,,,1266,853
175,175,4,1,19,1,1,0,862,631,147,27,-1,,0.1414851784633999,0.2768470790378007,,,1009,658
176,176,5,1,19,1,1,1,862,631,44,27,90,(72),0.1336963097398669,0.2768470790378007,,,906,658
177,177,5,1,19,1,1,2,923,633,86,19,89,Erfinder:,0.14609800362976408,0.2759879725085911,,,1009,652
178,178,4,1,19,1,2,0,898,666,247,23,-1,,0.15449183303085298,0.29102233676975947,,,1145,689
179,179,5,1,19,1,2,1,898,671,7,8,82,¬¢,0.13634301270417423,0.28994845360824745,,,905,679
180,180,5,1,19,1,2,2,922,666,137,23,91,"Gottschling,",0.14980338777979432,0.29102233676975947,inventor_line_1,"Gottschling,",1059,689
181,181,5,1,19,1,2,3,1068,666,77,18,96,Florian,0.16734724742891713,0.28994845360824745,inventor_line_1,Florian,1145,684
182,182,4,1,19,1,3,0,922,699,239,23,-1,,0.15751663641863278,0.30519759450171824,,,1161,722
183,183,5,1,19,1,3,1,922,699,64,18,93,61440,0.1442831215970962,0.30412371134020616,,,986,717
184,184,5,1,19,1,3,2,995,699,104,18,91,Oberursel,0.15834845735027223,0.30412371134020616,,,1099,717
185,185,5,1,19,1,3,3,1102,699,59,23,96,(DE),0.17112825166364187,0.30519759450171824,,,1161,722
186,186,4,1,19,1,4,0,898,732,215,22,-1,,0.15207199032062915,0.31915807560137455,,,1113,754
187,187,5,1,19,1,4,1,898,737,7,8,43,¬´,0.13634301270417423,0.31829896907216493,,,905,745
188,188,5,1,19,1,4,2,923,732,87,22,50,"Haferer,",0.14617362371445855,0.31915807560137455,,,1010,754
189,189,5,1,19,1,4,3,1018,732,95,18,96,Andreas,0.16114640048396855,0.31829896907216493,,,1113,750
190,190,4,1,19,1,5,0,922,765,344,23,-1,,0.16545674531155474,0.3335481099656357,,,1266,788
191,191,5,1,19,1,5,1,922,765,64,18,93,64546,0.1442831215970962,0.3324742268041237,,,986,783
192,192,5,1,19,1,5,2,996,765,216,18,89,Morfelden-Walldorf,0.16696914700544466,0.3324742268041237,,,1212,783
193,193,5,1,19,1,5,3,1219,765,47,23,96,(DE),0.18791591046581974,0.3335481099656357,,,1266,788
194,194,4,1,19,1,6,0,898,797,213,22,-1,,0.15192075015124018,0.3470790378006873,,,1111,819
195,195,5,1,19,1,6,1,898,803,7,7,62,¬´,0.13634301270417423,0.34643470790378006,,,905,810
196,196,5,1,19,1,6,2,923,797,130,22,91,"Reddehase,",0.14942528735632185,0.3470790378006873,,,1053,819
197,197,5,1,19,1,6,3,1062,797,49,19,96,Axel,0.16432244404113733,0.34643470790378006,,,1111,816
198,198,4,1,19,1,7,0,922,830,334,23,-1,,0.1647005444646098,0.36146907216494845,,,1256,853
199,199,5,1,19,1,7,1,922,830,62,18,95,60431,0.1441318814277072,0.3603951890034364,,,984,848
200,200,5,1,19,1,7,2,996,830,103,18,95,Frankfurt,0.15842407743496673,0.3603951890034364,,,1099,848
201,201,5,1,19,1,7,3,1106,835,33,13,96,am,0.16976709013914096,0.36146907216494845,,,1139,848
202,202,5,1,19,1,7,4,1148,830,51,18,96,Main,0.17748033877797942,0.3603951890034364,,,1199,848
203,203,5,1,19,1,7,5,1209,830,47,23,96,(DE),0.18640350877192982,0.36146907216494845,,,1256,853
204,204,2,1,20,0,0,0,862,893,488,124,-1,,0.16727162734422263,0.4102233676975945,,,1350,1017
205,205,3,1,20,1,0,0,862,893,488,124,-1,,0.16727162734422263,0.4102233676975945,,,1350,1017
206,206,4,1,20,1,1,0,862,893,400,27,-1,,0.16061705989110708,0.3893900343642612,,,1262,920
207,207,5,1,20,1,1,1,862,893,44,27,92,(74),0.1336963097398669,0.3893900343642612,,,906,920
208,208,5,1,20,1,1,2,921,895,97,19,92,Vertreter:,0.14662734422262552,0.38853092783505155,,,1018,914
209,209,5,1,20,1,1,3,1029,895,40,19,93,Keil,0.15865093768905023,0.38853092783505155,representative_line_1_eu,Keil,1069,914
210,210,5,1,20,1,1,4,1079,895,15,19,93,&,0.16432244404113733,0.38853092783505155,representative_line_1_eu,&,1094,914
211,211,5,1,20,1,1,5,1103,895,159,19,91,Schaafhausen,0.17884150030248033,0.38853092783505155,representative_line_1_eu,Schaafhausen,1262,914
212,212,4,1,20,1,2,0,923,929,427,18,-1,,0.17188445251058682,0.4029209621993127,,,1350,947
213,213,5,1,20,1,2,1,923,929,78,18,92,Patent-,0.1454930429522081,0.4029209621993127,,,1001,947
214,214,5,1,20,1,2,2,1010,929,41,18,93,und,0.1558529945553539,0.4029209621993127,,,1051,947
215,215,5,1,20,1,2,3,1061,929,164,18,55,Rechtsanwalte,0.17286751361161526,0.4029209621993127,,,1225,947
216,216,5,1,20,1,2,4,1235,929,115,18,90,PartGmbB,0.1954779189352692,0.4029209621993127,,,1350,947
217,217,4,1,20,1,3,0,923,961,212,19,-1,,0.15562613430127042,0.4168814432989691,,,1135,980
218,218,5,1,20,1,3,1,923,961,171,19,0,FriedrichstraRe,0.15252571082879612,0.4168814432989691,,,1094,980
219,219,5,1,20,1,3,2,1102,961,33,19,96,2-6,0.169162129461585,0.4168814432989691,,,1135,980
220,220,4,1,20,1,4,0,922,994,334,23,-1,,0.1647005444646098,0.4319158075601375,,,1256,1017
221,221,5,1,20,1,4,1,922,994,64,18,96,60323,0.1442831215970962,0.43084192439862545,,,986,1012
222,222,5,1,20,1,4,2,996,994,103,18,96,Frankfurt,0.15842407743496673,0.43084192439862545,,,1099,1012
223,223,5,1,20,1,4,3,1106,999,33,13,96,am,0.16976709013914096,0.4319158075601375,,,1139,1012
224,224,5,1,20,1,4,4,1148,994,51,18,96,Main,0.17748033877797942,0.43084192439862545,,,1199,1012
225,225,5,1,20,1,4,5,1209,994,47,23,96,(DE),0.18640350877192982,0.4319158075601375,,,1256,1017
226,226,2,1,21,0,0,0,224,1079,1243,4,-1,,0.1278735632183908,0.4643470790378007,,,1467,1083
227,227,3,1,21,1,0,0,224,1079,1243,4,-1,,0.1278735632183908,0.4643470790378007,,,1467,1083
228,228,4,1,21,1,1,0,224,1079,1243,4,-1,,0.1278735632183908,0.4643470790378007,,,1467,1083
229,229,5,1,21,1,1,1,224,1079,1243,4,95, ,0.1278735632183908,0.4643470790378007,,,1467,1083
230,230,2,1,22,0,0,0,225,1099,609,53,-1,,0.08008166969147006,0.4834621993127148,,,834,1152
231,231,3,1,22,1,0,0,225,1099,609,53,-1,,0.08008166969147006,0.4834621993127148,,,834,1152
232,232,4,1,22,1,1,0,225,1099,45,26,-1,,0.037431941923774956,0.47766323024054985,,,270,1125
233,233,5,1,22,1,1,1,225,1099,45,26,95,(54),0.037431941923774956,0.47766323024054985,,,270,1125
234,234,4,1,22,1,2,0,316,1127,518,25,-1,,0.08696309739866909,0.4894759450171821,,,834,1152
235,235,5,1,22,1,2,1,316,1131,297,21,92,ROHRLEITUNGSSYSTEM,0.07025105868118572,0.49033505154639173,,,613,1152
236,236,5,1,22,1,2,2,616,1127,61,25,96,FUR,0.09777676950998185,0.4894759450171821,,,677,1152
237,237,5,1,22,1,2,3,681,1132,66,20,96,EIN,0.10798548094373865,0.49054982817869414,,,747,1152
238,238,5,1,22,1,2,4,759,1132,75,20,96,FLUID,0.12046279491833031,0.49054982817869414,,,834,1152
239,239,2,1,23,0,0,0,224,1206,584,812,-1,,0.0780399274047187,0.6924398625429553,,,808,2018
240,240,3,1,23,1,0,0,224,1206,584,812,-1,,0.0780399274047187,0.6924398625429553,,,808,2018
241,241,4,1,23,1,1,0,225,1206,582,27,-1,,0.0780399274047187,0.523840206185567,,,807,1233
242,242,5,1,23,1,1,1,225,1206,45,27,90,(57),0.037431941923774956,0.523840206185567,,,270,1233
243,243,5,1,23,1,1,2,316,1208,33,19,30,Die,0.05028735632183908,0.5229810996563574,,,349,1227
244,244,5,1,23,1,1,3,360,1208,99,23,91,Erfindung,0.061932849364791286,0.523840206185567,,,459,1231
245,245,5,1,23,1,1,4,471,1208,65,19,89,betrifft,0.07614942528735633,0.5229810996563574,,,536,1227
246,246,5,1,23,1,1,5,545,1208,43,19,93,eine,0.08567755595886267,0.5229810996563574,,,588,1227
247,247,5,1,23,1,1,6,597,1208,121,23,92,Vorrichtung,0.09944041137326073,0.523840206185567,,,718,1231
248,248,5,1,23,1,1,7,730,1208,36,19,96,und,0.11312764670296431,0.5229810996563574,,,766,1227
249,249,5,1,23,1,1,8,776,1208,31,19,96,ein,0.11970659407138536,0.5229810996563574,,,807,1227
250,250,4,1,23,1,2,0,225,1241,582,23,-1,,0.0780399274047187,0.5380154639175257,,,807,1264
251,251,5,1,23,1,2,1,225,1241,156,23,91,entsprechendes,0.04582577132486389,0.5380154639175257,,,381,1264
252,252,5,1,23,1,2,2,383,1241,119,18,96,Verfahren,0.06692377495462795,0.5369415807560137,,,502,1259
253,253,5,1,23,1,2,3,510,1246,32,13,92,zur,0.07955232909860858,0.5380154639175257,,,542,1259
254,254,5,1,23,1,2,4,549,1241,112,23,92,Erkennung,0.09150030248033877,0.5380154639175257,,,661,1264
255,255,5,1,23,1,2,5,668,1241,52,18,93,einer,0.10496067755595886,0.5369415807560137,,,720,1259
256,256,5,1,23,1,2,6,727,1241,80,18,92,Undich-,0.11600120992135511,0.5369415807560137,,,807,1259
257,257,4,1,23,1,3,0,225,1274,581,23,-1,,0.0779643073200242,0.5521907216494846,,,806,1297
258,258,5,1,23,1,3,1,225,1274,61,23,92,tigkeit,0.03864186327888687,0.5521907216494846,,,286,1297
259,259,5,1,23,1,3,2,298,1274,15,18,96,in,0.04620387174833636,0.5511168384879725,,,313,1292
260,260,5,1,23,1,3,3,325,1274,63,18,93,einem,0.05391712038717483,0.5511168384879725,,,388,1292
261,261,5,1,23,1,3,4,401,1274,206,23,91,Rohrleitungssystem,0.07622504537205081,0.5521907216494846,,,607,1297
262,262,5,1,23,1,3,5,619,1274,40,23,96,(10),0.09664246823956443,0.5521907216494846,,,659,1297
263,263,5,1,23,1,3,6,670,1274,28,18,71,fur,0.10344827586206896,0.5511168384879725,,,698,1292
264,264,5,1,23,1,3,7,709,1274,29,18,96,ein,0.10942226255293407,0.5511168384879725,,,738,1292
265,265,5,1,23,1,3,8,751,1274,55,21,96,"Fluid,",0.1177404718693285,0.5517611683848798,,,806,1295
266,266,4,1,23,1,4,0,224,1306,583,23,-1,,0.0779643073200242,0.5659364261168385,,,807,1329
267,267,5,1,23,1,4,1,224,1306,56,19,92,wobei,0.038112522686025406,0.5650773195876289,,,280,1325
268,268,5,1,23,1,4,2,283,1306,47,19,96,das,0.046355111917725345,0.5650773195876289,,,330,1325
269,269,5,1,23,1,4,3,337,1306,49,19,96,Fluid,0.05467332123411978,0.5650773195876289,,,386,1325
270,270,5,1,23,1,4,4,393,1306,44,19,92,dem,0.06276467029643074,0.5650773195876289,,,437,1325
271,271,5,1,23,1,4,5,446,1306,206,23,91,Rohrleitungssystem,0.08303085299455536,0.5659364261168385,,,652,1329
272,272,5,1,23,1,4,6,660,1306,41,23,93,(10),0.1029189352692075,0.5659364261168385,,,701,1329
273,273,5,1,23,1,4,7,709,1306,66,19,92,mittels,0.11222020568663037,0.5650773195876289,,,775,1325
274,274,5,1,23,1,4,8,782,1306,25,19,91,ei-,0.12016031457955233,0.5650773195876289,,,807,1325
275,275,4,1,23,1,5,0,226,1339,581,23,-1,,0.07811554748941318,0.5801116838487973,,,807,1362
276,276,5,1,23,1,5,1,226,1344,33,13,93,ner,0.036675741076830005,0.5801116838487973,,,259,1357
277,277,5,1,23,1,5,2,263,1339,189,23,0,Zufiihrungsleitung,0.054068360556563826,0.5801116838487973,,,452,1362
278,278,5,1,23,1,5,3,459,1339,40,23,96,(16),0.07244404113732607,0.5801116838487973,,,499,1362
279,279,5,1,23,1,5,4,505,1344,36,13,96,von,0.07909860859044163,0.5801116838487973,,,541,1357
280,280,5,1,23,1,5,5,548,1339,62,18,93,einem,0.08756805807622504,0.5790378006872853,,,610,1357
281,281,5,1,23,1,5,6,616,1339,144,23,91,vorgelagerten,0.10405323653962492,0.5801116838487973,,,760,1362
282,282,5,1,23,1,5,7,766,1339,41,18,92,dru-,0.11895039322444041,0.5790378006872853,,,807,1357
283,283,4,1,23,1,6,0,225,1372,581,23,-1,,0.0779643073200242,0.594286941580756,,,806,1395
284,284,5,1,23,1,6,1,225,1372,147,19,91,ckerhaltenden,0.04514519056261343,0.5934278350515464,,,372,1391
285,285,5,1,23,1,6,2,388,1372,77,23,91,System,0.06450393224440411,0.594286941580756,,,465,1395
286,286,5,1,23,1,6,3,480,1372,99,23,64,zugefiihrt,0.08008166969147006,0.594286941580756,,,579,1395
287,287,5,1,23,1,6,4,591,1372,49,22,93,"wird,",0.09308832425892317,0.5940721649484536,,,640,1394
288,288,5,1,23,1,6,5,655,1372,61,19,92,wobei,0.10367513611615245,0.5934278350515464,,,716,1391
289,289,5,1,23,1,6,6,732,1372,15,19,96,in,0.1118421052631579,0.5934278350515464,,,747,1391
290,290,5,1,23,1,6,7,762,1372,44,19,96,dem,0.11857229280096794,0.5934278350515464,,,806,1391
291,291,4,1,23,1,7,0,226,1405,581,23,-1,,0.07811554748941318,0.6084621993127147,,,807,1428
292,292,5,1,23,1,7,1,226,1405,206,23,92,Rohrleitungssystem,0.04975801572897762,0.6084621993127147,,,432,1428
293,293,5,1,23,1,7,2,447,1405,40,23,92,(10),0.0706291591046582,0.6084621993127147,,,487,1428
294,294,5,1,23,1,7,3,502,1405,119,18,92,mindestens,0.08492135511191773,0.6073883161512027,,,621,1423
295,295,5,1,23,1,7,4,635,1405,43,18,93,eine,0.09928917120387175,0.6073883161512027,,,678,1423
296,296,5,1,23,1,7,5,693,1405,114,18,91,Entnahme-,0.11343012704174228,0.6073883161512027,,,807,1423
297,297,4,1,23,1,8,0,225,1438,582,23,-1,,0.0780399274047187,0.6226374570446735,,,807,1461
298,298,5,1,23,1,8,1,225,1438,54,18,96,stelle,0.038112522686025406,0.6215635738831615,,,279,1456
299,299,5,1,23,1,8,2,286,1438,40,23,96,(14),0.04627949183303085,0.6226374570446735,,,326,1461
300,300,5,1,23,1,8,3,333,1438,28,18,21,fir,0.05248033877797943,0.6215635738831615,,,361,1456
301,301,5,1,23,1,8,4,367,1438,37,18,91,das,0.058303085299455534,0.6215635738831615,,,404,1456
302,302,5,1,23,1,8,5,411,1438,49,18,93,Fluid,0.06586509376890502,0.6215635738831615,,,460,1456
303,303,5,1,23,1,8,6,468,1438,110,23,92,vorgesehen,0.07909860859044163,0.6226374570446735,,,578,1461
304,304,5,1,23,1,8,7,580,1438,45,18,95,ist.,0.0911222020568663,0.6215635738831615,,,625,1456
305,305,5,1,23,1,8,8,635,1438,33,18,96,Um,0.0985329703569268,0.6215635738831615,,,668,1456
306,306,5,1,23,1,8,9,675,1438,44,18,93,eine,0.10541439806412584,0.6215635738831615,,,719,1456
307,307,5,1,23,1,8,10,727,1438,80,18,92,Undich-,0.11600120992135511,0.6215635738831615,,,807,1456
308,308,4,1,23,1,9,0,225,1470,582,23,-1,,0.0780399274047187,0.6363831615120275,,,807,1493
309,309,5,1,23,1,9,1,225,1470,61,23,92,tigkeit,0.03864186327888687,0.6363831615120275,,,286,1493
310,310,5,1,23,1,9,2,298,1470,40,19,49,friih,0.04809437386569873,0.6355240549828178,,,338,1489
311,311,5,1,23,1,9,3,353,1470,37,19,96,und,0.056185722928009676,0.6355240549828178,,,390,1489
312,312,5,1,23,1,9,4,404,1470,63,19,96,sicher,0.06586509376890502,0.6355240549828178,,,467,1489
313,313,5,1,23,1,9,5,478,1475,24,14,93,zu,0.07410768300060495,0.6365979381443299,,,502,1489
314,314,5,1,23,1,9,6,516,1470,103,22,90,"erkennen,",0.08582879612825166,0.636168384879725,,,619,1492
315,315,5,1,23,1,9,7,634,1470,41,19,93,sind,0.09898669086509376,0.6355240549828178,,,675,1489
316,316,5,1,23,1,9,8,688,1470,63,19,93,ferner,0.1088173018753781,0.6355240549828178,,,751,1489
317,317,5,1,23,1,9,9,764,1470,43,19,96,eine,0.11879915305505143,0.6355240549828178,,,807,1489
318,318,4,1,23,1,10,0,226,1503,581,23,-1,,0.07811554748941318,0.6505584192439863,,,807,1526
319,319,5,1,23,1,10,1,226,1503,283,23,91,Durchflussmesseinrichtung,0.05558076225045372,0.6505584192439863,,,509,1526
320,320,5,1,23,1,10,2,522,1503,46,23,96,"(18),",0.0824258923169994,0.6505584192439863,,,568,1526
321,321,5,1,23,1,10,3,580,1503,74,18,96,welche,0.09331518451300666,0.6494845360824743,,,654,1521
322,322,5,1,23,1,10,4,667,1503,15,18,96,in,0.10201149425287356,0.6494845360824743,,,682,1521
323,323,5,1,23,1,10,5,695,1503,34,18,93,der,0.10768300060496068,0.6494845360824743,,,729,1521
324,324,5,1,23,1,10,6,739,1503,68,18,21,Zuftth-,0.11690865093768905,0.6494845360824743,,,807,1521
325,325,4,1,23,1,11,0,225,1536,582,23,-1,,0.0780399274047187,0.664733676975945,,,807,1559
326,326,5,1,23,1,11,1,225,1536,128,23,92,rungsleitung,0.04370840895341803,0.664733676975945,,,353,1559
327,327,5,1,23,1,11,2,364,1536,40,23,93,(16),0.05807622504537205,0.664733676975945,,,404,1559
328,328,5,1,23,1,11,3,414,1536,112,23,90,angeordnet,0.07108287961282517,0.664733676975945,,,526,1559
329,329,5,1,23,1,11,4,528,1536,43,21,96,"ist,",0.08310647307924984,0.6643041237113402,,,571,1557
330,330,5,1,23,1,11,5,582,1536,37,18,96,und,0.09081972171808833,0.663659793814433,,,619,1554
331,331,5,1,23,1,11,6,629,1536,44,18,93,eine,0.0984573502722323,0.663659793814433,,,673,1554
332,332,5,1,23,1,11,7,684,1536,123,18,91,Datenverar-,0.11274954627949184,0.663659793814433,,,807,1554
333,333,4,1,23,1,12,0,226,1569,582,23,-1,,0.07819116757410768,0.6789089347079038,,,808,1592
334,334,5,1,23,1,12,1,226,1569,204,23,92,beitungseinrichtung,0.049606775559588624,0.6789089347079038,,,430,1592
335,335,5,1,23,1,12,2,445,1569,40,23,92,(19),0.07032667876588022,0.6789089347079038,,,485,1592
336,336,5,1,23,1,12,3,499,1569,129,23,92,"vorgesehen,",0.0852238354506957,0.6789089347079038,,,628,1592
337,337,5,1,23,1,12,4,642,1569,74,18,96,welche,0.10269207501512402,0.6778350515463918,,,716,1587
338,338,5,1,23,1,12,5,731,1569,30,18,96,mit,0.11282516636418632,0.6778350515463918,,,761,1587
339,339,5,1,23,1,12,6,774,1569,34,18,96,der,0.11963097398669087,0.6778350515463918,,,808,1587
340,340,4,1,23,1,13,0,226,1602,581,23,-1,,0.07811554748941318,0.6930841924398625,,,807,1625
341,341,5,1,23,1,13,1,226,1602,283,23,91,Durchflussmesseinrichtung,0.05558076225045372,0.6930841924398625,,,509,1625
342,342,5,1,23,1,13,2,515,1602,40,23,93,(18),0.0809134906231095,0.6930841924398625,,,555,1625
343,343,5,1,23,1,13,3,561,1602,98,18,91,verbunden,0.09225650332728373,0.6920103092783505,,,659,1620
344,344,5,1,23,1,13,4,661,1602,44,21,92,"ist,",0.10329703569267998,0.6926546391752577,,,705,1623
345,345,5,1,23,1,13,5,710,1602,97,18,92,wobeidie,0.1147156684815487,0.6920103092783505,,,807,1620
346,346,4,1,23,1,14,0,226,1634,581,23,-1,,0.07811554748941318,0.7068298969072165,,,807,1657
347,347,5,1,23,1,14,1,226,1634,283,23,91,Durchflussmesseinrichtung,0.05558076225045372,0.7068298969072165,,,509,1657
348,348,5,1,23,1,14,2,521,1634,39,23,93,(18),0.08174531155474894,0.7068298969072165,,,560,1657
349,349,5,1,23,1,14,3,572,1634,136,19,91,kontinuierlich,0.09679370840895342,0.7059707903780069,,,708,1653
350,350,5,1,23,1,14,4,719,1634,47,19,92,oder,0.11229582577132487,0.7059707903780069,,,766,1653
351,351,5,1,23,1,14,5,775,1639,32,14,92,zu-,0.11963097398669087,0.7070446735395189,,,807,1653
352,352,4,1,23,1,15,0,226,1667,581,23,-1,,0.07811554748941318,0.7210051546391752,,,807,1690
353,353,5,1,23,1,15,1,226,1667,82,18,92,mindest,0.04038112522686026,0.7199312714776632,,,308,1685
354,354,5,1,23,1,15,2,325,1667,15,18,93,in,0.05028735632183908,0.7199312714776632,,,340,1685
355,355,5,1,23,1,15,3,358,1667,132,23,91,vorgebbaren,0.06412583182093164,0.7210051546391752,,,490,1690
356,356,5,1,23,1,15,4,508,1667,149,18,87,Zeitabstanden,0.08809739866908652,0.7199312714776632,,,657,1685
357,357,5,1,23,1,15,5,675,1667,37,18,93,den,0.10488505747126436,0.7199312714776632,,,712,1685
358,358,5,1,23,1,15,6,732,1667,75,18,91,Masse-,0.11637931034482758,0.7199312714776632,,,807,1685
359,359,4,1,23,1,16,0,226,1700,581,18,-1,,0.07811554748941318,0.7341065292096219,,,807,1718
360,360,5,1,23,1,16,1,226,1700,92,18,92,und/oder,0.0411373260738052,0.7341065292096219,,,318,1718
361,361,5,1,23,1,16,2,326,1700,203,18,92,Volumendurchfluss,0.06465517241379311,0.7341065292096219,,,529,1718
362,362,5,1,23,1,16,3,538,1704,24,14,96,an,0.08318209316394434,0.7349656357388317,,,562,1718
363,363,5,1,23,1,16,4,573,1700,49,18,96,Fluid,0.09036600120992136,0.7341065292096219,,,622,1718
364,364,5,1,23,1,16,5,632,1700,58,18,96,durch,0.0999697519661222,0.7341065292096219,,,690,1718
365,365,5,1,23,1,16,6,700,1700,30,18,93,die,0.10813672111312765,0.7341065292096219,,,730,1718
366,366,5,1,23,1,16,7,739,1700,68,18,61,Zuftih-,0.11690865093768905,0.7341065292096219,,,807,1718
367,367,4,1,23,1,17,0,225,1732,582,23,-1,,0.0780399274047187,0.748926116838488,,,807,1755
368,368,5,1,23,1,17,1,225,1732,128,23,92,rungsleitung,0.04370840895341803,0.748926116838488,,,353,1755
369,369,5,1,23,1,17,2,362,1732,40,23,93,(16),0.05777374470659407,0.748926116838488,,,402,1755
370,370,5,1,23,1,17,3,411,1732,54,19,93,misst,0.0662431941923775,0.7480670103092784,,,465,1751
371,371,5,1,23,1,17,4,473,1732,37,19,96,und,0.07433454325468844,0.7480670103092784,,,510,1751
372,372,5,1,23,1,17,5,519,1732,30,19,93,die,0.08076225045372051,0.7480670103092784,,,549,1751
373,373,5,1,23,1,17,6,557,1737,134,18,91,gemessenen,0.09437386569872959,0.75,,,691,1755
374,374,5,1,23,1,17,7,699,1732,63,19,96,Werte,0.11048094373865698,0.7480670103092784,,,762,1751
375,375,5,1,23,1,17,8,770,1732,37,19,96,des,0.11925287356321838,0.7480670103092784,,,807,1751
376,376,4,1,23,1,18,0,226,1766,581,18,-1,,0.07811554748941318,0.7624570446735395,,,807,1784
377,377,5,1,23,1,18,1,226,1766,76,18,92,Masse-,0.039927404718693285,0.7624570446735395,,,302,1784
378,378,5,1,23,1,18,2,308,1766,92,18,91,und/oder,0.05353901996370236,0.7624570446735395,,,400,1784
379,379,5,1,23,1,18,3,405,1766,227,18,93,Volumendurchflusses,0.07841802782819117,0.7624570446735395,,,632,1784
380,380,5,1,23,1,18,4,637,1770,25,14,96,an,0.09823049001814882,0.7633161512027491,,,662,1784
381,381,5,1,23,1,18,5,668,1766,30,18,93,die,0.10329703569267998,0.7624570446735395,,,698,1784
382,382,5,1,23,1,18,6,705,1766,102,18,93,Datenver-,0.11433756805807622,0.7624570446735395,,,807,1784
383,383,4,1,23,1,19,0,225,1799,582,23,-1,,0.0780399274047187,0.7777061855670103,,,807,1822
384,384,5,1,23,1,19,1,225,1799,226,23,91,arbeitungseinrichtung,0.051119177253478525,0.7777061855670103,,,451,1822
385,385,5,1,23,1,19,2,462,1799,40,23,92,(19),0.07289776164549304,0.7777061855670103,,,502,1822
386,386,5,1,23,1,19,3,513,1799,114,18,83,Ubermittelt.,0.08620689655172414,0.7766323024054983,,,627,1817
387,387,5,1,23,1,19,4,640,1799,33,18,93,Die,0.09928917120387175,0.7766323024054983,,,673,1817
388,388,5,1,23,1,19,5,684,1799,123,18,90,Datenverar-,0.11274954627949184,0.7766323024054983,,,807,1817
389,389,4,1,23,1,20,0,226,1831,581,23,-1,,0.07811554748941318,0.7914518900343642,,,807,1854
390,390,5,1,23,1,20,1,226,1831,204,23,92,beitungseinrichtung,0.049606775559588624,0.7914518900343642,,,430,1854
391,391,5,1,23,1,20,2,436,1831,40,23,93,(19),0.06896551724137931,0.7914518900343642,,,476,1854
392,392,5,1,23,1,20,3,483,1831,22,19,93,ist,0.07471264367816093,0.7905927835051546,,,505,1850
393,393,5,1,23,1,20,4,509,1831,62,19,90,derart,0.08166969147005444,0.7905927835051546,,,571,1850
394,394,5,1,23,1,20,5,575,1831,128,23,90,"eingerichtet,",0.09664246823956443,0.7914518900343642,,,703,1854
395,395,5,1,23,1,20,6,709,1831,49,19,96,dass,0.11093466424682395,0.7905927835051546,,,758,1850
396,396,5,1,23,1,20,7,764,1831,43,19,96,eine,0.11879915305505143,0.7905927835051546,,,807,1850
397,397,4,1,23,1,21,0,225,1864,582,23,-1,,0.0780399274047187,0.805627147766323,,,807,1887
398,398,5,1,23,1,21,1,225,1864,45,18,96,durch,0.037431941923774956,0.804553264604811,,,270,1882
399,399,5,1,23,1,21,2,272,1864,47,18,93,die,0.04469147005444646,0.804553264604811,,,319,1882
400,400,5,1,23,1,21,3,325,1864,190,23,29,Zufthrungsleitung,0.06352087114337568,0.805627147766323,,,515,1887
401,401,5,1,23,1,21,4,522,1864,40,23,92,(16),0.08197217180883243,0.805627147766323,,,562,1887
402,402,5,1,23,1,21,5,569,1864,179,23,92,"durchgeflossene,",0.09959165154264973,0.805627147766323,,,748,1887
403,403,5,1,23,1,21,6,755,1864,52,18,92,aktu-,0.11811857229280097,0.804553264604811,,,807,1882
404,404,4,1,23,1,22,0,225,1897,582,25,-1,,0.0780399274047187,0.8202319587628866,,,807,1922
405,405,5,1,23,1,22,1,225,1897,35,18,92,elle,0.036675741076830005,0.8187285223367697,,,260,1915
406,406,5,1,23,1,22,2,267,1897,75,18,92,Masse-,0.046052631578947366,0.8187285223367697,,,342,1915
407,407,5,1,23,1,22,3,349,1897,92,18,92,und/oder,0.059739866908650935,0.8187285223367697,,,441,1915
408,408,5,1,23,1,22,4,445,1897,186,18,92,Volumenentnahme,0.08136721113127647,0.8187285223367697,,,631,1915
409,409,5,1,23,1,22,5,633,1897,40,23,11,(V,0.09875983061101029,0.8198024054982818,,,673,1920
410,410,5,1,23,1,22,6,673,1908,25,14,11,"44,",0.10367513611615245,0.822594501718213,,,698,1922
411,411,5,1,23,1,22,7,705,1897,40,25,74,V4.,0.10964912280701754,0.8202319587628866,,,745,1922
412,412,5,1,23,1,22,8,751,1897,56,25,65,V43a),0.11781609195402298,0.8202319587628866,,,807,1922
413,413,4,1,23,1,23,0,225,1929,582,23,-1,,0.0780399274047187,0.8335481099656358,,,807,1952
414,414,5,1,23,1,23,1,225,1929,37,19,96,des,0.036826981246219,0.8326890034364262,,,262,1948
415,415,5,1,23,1,23,2,272,1929,61,19,93,Fluids,0.04575015124016939,0.8326890034364262,,,333,1948
416,416,5,1,23,1,23,3,343,1929,101,19,92,basierend,0.059513006654567456,0.8326890034364262,,,444,1948
417,417,5,1,23,1,23,4,454,1929,33,19,96,auf,0.07115849969751967,0.8326890034364262,,,487,1948
418,418,5,1,23,1,23,5,494,1929,38,19,92,den,0.07758620689655173,0.8326890034364262,,,532,1948
419,419,5,1,23,1,23,6,542,1934,134,18,92,gemessenen,0.09210526315789473,0.8346219931271478,,,676,1952
420,420,5,1,23,1,23,7,685,1929,76,19,92,Werten,0.10934664246823957,0.8326890034364262,,,761,1948
421,421,5,1,23,1,23,8,770,1929,37,19,96,des,0.11925287356321838,0.8326890034364262,,,807,1948
422,422,4,1,23,1,24,0,226,1963,581,18,-1,,0.07811554748941318,0.8470790378006873,,,807,1981
423,423,5,1,23,1,24,1,226,1963,76,18,90,Masse-,0.039927404718693285,0.8470790378006873,,,302,1981
424,424,5,1,23,1,24,2,308,1963,92,18,90,und/oder,0.05353901996370236,0.8470790378006873,,,400,1981
425,425,5,1,23,1,24,3,405,1963,215,18,92,Volumendurchflusses,0.07751058681185723,0.8470790378006873,,,620,1981
426,426,5,1,23,1,24,4,622,1963,128,18,89,ermittelbar,0.10375075620084695,0.8470790378006873,,,750,1981
427,427,5,1,23,1,24,5,755,1963,22,18,90,ist,0.11584996975196613,0.8470790378006873,,,777,1981
428,428,5,1,23,1,24,6,783,1963,24,18,90,ab,0.12023593466424683,0.8470790378006873,,,807,1981
429,429,4,1,23,1,25,0,225,1995,582,23,-1,,0.0780399274047187,0.8618986254295533,,,807,2018
430,430,5,1,23,1,25,1,225,1995,62,19,93,einem,0.03871748336358137,0.8610395189003437,,,287,2014
431,431,5,1,23,1,25,2,307,1995,102,23,92,"Zeitpunkt,",0.05414398064125832,0.8618986254295533,,,409,2018
432,432,5,1,23,1,25,3,429,2000,25,14,96,an,0.06677253478523897,0.8621134020618557,,,454,2014
433,433,5,1,23,1,25,4,473,1995,45,19,96,dem,0.0749395039322444,0.8610395189003437,,,518,2014
434,434,5,1,23,1,25,5,537,1995,34,19,92,der,0.0837870538415003,0.8610395189003437,,,571,2014
435,435,5,1,23,1,25,6,589,2000,123,18,91,gemessene,0.0983817301875378,0.8629725085910653,,,712,2018
436,436,5,1,23,1,25,7,732,1995,75,19,92,Masse-,0.11637931034482758,0.8610395189003437,,,807,2014
437,437,2,1,24,0,0,0,716,2270,259,16,-1,,0.1278735632183908,0.9785223367697594,,,975,2286
438,438,3,1,24,1,0,0,716,2270,259,16,-1,,0.1278735632183908,0.9785223367697594,,,975,2286
439,439,4,1,24,1,1,0,716,2270,259,16,-1,,0.1278735632183908,0.9785223367697594,,,975,2286
440,440,5,1,24,1,1,1,716,2270,49,12,96,Printed,0.11199334543254688,0.9776632302405498,,,765,2282
441,441,5,1,24,1,1,2,771,2270,15,16,96,by,0.1177404718693285,0.9785223367697594,,,786,2286
442,442,5,1,24,1,1,3,792,2270,45,14,96,"Jouve,",0.12318511796733213,0.9780927835051546,,,837,2284
443,443,5,1,24,1,1,4,843,2270,41,12,96,75001,0.13059588626739263,0.9776632302405498,,,884,2282
444,444,5,1,24,1,1,5,893,2270,46,12,96,PARIS,0.1385359951603146,0.9776632302405498,,,939,2282
445,445,5,1,24,1,1,6,945,2270,30,16,95,(FR),0.14519056261343014,0.9785223367697594,,,975,2286
446,446,2,1,25,0,0,0,315,1099,1103,21,-1,,0.1310496067755596,0.47658934707903783,,,1418,1120
447,447,3,1,25,1,0,0,315,1099,1103,21,-1,,0.1310496067755596,0.47658934707903783,,,1418,1120
448,448,4,1,25,1,1,0,315,1099,1103,21,-1,,0.1310496067755596,0.47658934707903783,,,1418,1120
449,449,5,1,25,1,1,1,315,1099,195,21,92,VORRICHTUNG,0.06238656987295826,0.47658934707903783,title_line_1,VORRICHTUNG,510,1120
450,450,5,1,25,1,1,2,521,1099,55,21,93,UND,0.08295523290986086,0.47658934707903783,title_line_1,UND,576,1120
451,451,5,1,25,1,1,3,585,1099,162,20,91,VERFAHREN,0.10072595281306715,0.47637457044673537,title_line_1,VERFAHREN,747,1119
452,452,5,1,25,1,1,4,758,1099,53,21,93,ZUR,0.11864791288566243,0.47658934707903783,title_line_1,ZUR,811,1120
453,453,5,1,25,1,1,5,821,1099,146,21,89,ERKENNUNG,0.13520871143375682,0.47658934707903783,title_line_1,ERKENNUNG,967,1120
454,454,5,1,25,1,1,6,971,1099,107,21,93,EINER,0.15494555353901995,0.47658934707903783,title_line_1,EINER,1078,1120
455,455,5,1,25,1,1,7,1088,1099,189,21,91,UNDICHTIGKEIT,0.17884150030248033,0.47658934707903783,title_line_1,UNDICHTIGKEIT,1277,1120
456,456,5,1,25,1,1,8,1279,1099,47,20,96,IN,0.1969903206291591,0.47637457044673537,title_line_1,IN,1326,1119
457,457,5,1,25,1,1,9,1337,1099,81,20,96,EINEM,0.20833333333333334,0.47637457044673537,title_line_1,EINEM,1418,1119
458,458,2,1,26,0,0,0,883,1208,584,747,-1,,0.17770719903206292,0.6793384879725086,,,1467,1955
459,459,3,1,26,1,0,0,883,1208,584,747,-1,,0.17770719903206292,0.6793384879725086,,,1467,1955
460,460,4,1,26,1,1,0,885,1208,580,23,-1,,0.17770719903206292,0.523840206185567,,,1465,1231
461,461,5,1,26,1,1,1,885,1208,93,19,91,und/oder,0.14088021778584392,0.5229810996563574,,,978,1227
462,462,5,1,26,1,1,2,984,1208,203,19,91,Volumendurchfluss,0.16417120387174833,0.5229810996563574,,,1187,1227
463,463,5,1,26,1,1,3,1195,1208,56,19,93,einen,0.18496672716273443,0.5229810996563574,,,1251,1227
464,464,5,1,26,1,1,4,1260,1208,132,23,92,vorgebbaren,0.20054446460980035,0.523840206185567,,,1392,1231
465,465,5,1,26,1,1,5,1402,1209,63,18,96,ersten,0.21680278281911675,0.5231958762886598,,,1465,1227
466,466,4,1,26,1,2,0,885,1241,581,23,-1,,0.17778281911675742,0.5380154639175257,,,1466,1264
467,467,5,1,26,1,2,1,885,1241,235,18,92,Minimaldurchflusswert,0.15161826981246218,0.5369415807560137,,,1120,1259
468,468,5,1,26,1,2,2,1126,1241,57,23,92,(MIN),0.17460677555958862,0.5380154639175257,,,1183,1264
469,469,5,1,26,1,2,3,1191,1241,140,21,44,"Uberschreitet,",0.19071385359951604,0.5375859106529209,,,1331,1262
470,470,5,1,26,1,2,4,1341,1241,36,18,96,und,0.205535390199637,0.5369415807560137,,,1377,1259
471,471,5,1,26,1,2,5,1384,1241,82,23,96,solange,0.21551724137931033,0.5380154639175257,,,1466,1264
472,472,4,1,26,1,3,0,884,1274,582,23,-1,,0.17770719903206292,0.5521907216494846,,,1466,1297
473,473,5,1,26,1,3,1,884,1274,34,18,93,der,0.13626739261947973,0.5511168384879725,,,918,1292
474,474,5,1,26,1,3,2,923,1278,122,19,91,gemessene,0.14882032667876588,0.5530498281786942,,,1045,1297
475,475,5,1,26,1,3,3,1052,1274,76,18,91,Masse-,0.1648517846339988,0.5511168384879725,,,1128,1292
476,476,5,1,26,1,3,4,1135,1274,93,18,91,und/oder,0.17869026013309136,0.5511168384879725,,,1228,1292
477,477,5,1,26,1,3,5,1233,1274,190,18,90,Volumendurchfluss,0.20084694494857835,0.5511168384879725,,,1423,1292
478,478,5,1,26,1,3,6,1425,1274,41,18,91,ei-,0.21861766485178463,0.5511168384879725,,,1466,1292
479,479,4,1,26,1,4,0,885,1306,580,23,-1,,0.17770719903206292,0.5659364261168385,,,1465,1329
480,480,5,1,26,1,4,1,885,1311,36,14,92,nen,0.1365698729582577,0.5661512027491409,,,921,1325
481,481,5,1,26,1,4,2,935,1306,119,23,92,vorgebaren,0.15040834845735027,0.5659364261168385,,,1054,1329
482,482,5,1,26,1,4,3,1068,1306,79,19,91,zweiten,0.1674984875983061,0.5650773195876289,,,1147,1325
483,483,5,1,26,1,4,4,1161,1306,235,19,92,Minimaldurchflusswert,0.19336055656382334,0.5650773195876289,,,1396,1325
484,484,5,1,26,1,4,5,1408,1306,57,23,96,(MIN),0.21725650332728372,0.5659364261168385,,,1465,1329
485,485,4,1,26,1,5,0,885,1339,582,23,-1,,0.17785843920145192,0.5801116838487973,,,1467,1362
486,486,5,1,26,1,5,1,885,1339,49,18,93,nicht,0.13755293405928615,0.5790378006872853,,,934,1357
487,487,5,1,26,1,5,2,948,1339,148,18,93,unterschreitet.,0.15456745311554748,0.5790378006872853,,,1096,1357
488,488,5,1,26,1,5,3,1112,1339,17,18,95,In,0.169464609800363,0.5790378006872853,,,1129,1357
489,489,5,1,26,1,5,4,1144,1339,62,18,95,einem,0.17770719903206292,0.5790378006872853,,,1206,1357
490,490,5,1,26,1,5,5,1221,1339,85,18,96,Zustand,0.1910919540229885,0.5790378006872853,,,1306,1357
491,491,5,1,26,1,5,6,1322,1339,64,18,93,OPEN,0.20477918935269207,0.5790378006872853,,,1386,1357
492,492,5,1,26,1,5,7,1402,1339,65,23,91,erfolgt,0.21695402298850575,0.5801116838487973,,,1467,1362
493,493,4,1,26,1,6,0,884,1372,582,23,-1,,0.17770719903206292,0.594286941580756,,,1466,1395
494,494,5,1,26,1,6,1,884,1372,57,19,96,durch,0.13800665456745312,0.5934278350515464,,,941,1391
495,495,5,1,26,1,6,2,950,1372,30,19,93,die,0.14594676346037508,0.5934278350515464,,,980,1391
496,496,5,1,26,1,6,3,989,1372,321,23,91,Datenverarbeitungseinrichtung,0.17385057471264367,0.594286941580756,,,1310,1395
497,497,5,1,26,1,6,4,1320,1372,40,23,96,(19),0.2026618269812462,0.594286941580756,,,1360,1395
498,498,5,1,26,1,6,5,1367,1372,44,19,92,eine,0.21007259528130673,0.5934278350515464,,,1411,1391
499,499,5,1,26,1,6,6,1418,1372,48,19,92,Aus-,0.21808832425892316,0.5934278350515464,,,1466,1391
500,500,4,1,26,1,7,0,884,1405,582,23,-1,,0.17770719903206292,0.6084621993127147,,,1466,1428
501,501,5,1,26,1,7,1,884,1405,51,23,96,gabe,0.13755293405928615,0.6084621993127147,,,935,1428
502,502,5,1,26,1,7,2,942,1405,53,18,93,einer,0.14647610405323655,0.6073883161512027,,,995,1423
503,503,5,1,26,1,7,3,1001,1405,132,23,92,vorgebbaren,0.16137326073805203,0.6084621993127147,,,1133,1428
504,504,5,1,26,1,7,4,1141,1406,64,17,93,ersten,0.17740471869328495,0.6076030927835051,,,1205,1423
505,505,5,1,26,1,7,5,1212,1405,153,23,92,"Warnmeldung,",0.19487295825771325,0.6084621993127147,,,1365,1428
506,506,5,1,26,1,7,6,1373,1410,55,13,96,wenn,0.2118118572292801,0.6084621993127147,,,1428,1423
507,507,5,1,26,1,7,7,1436,1405,30,18,96,die,0.21944948578342408,0.6073883161512027,,,1466,1423
508,508,4,1,26,1,8,0,884,1438,581,25,-1,,0.17763157894736842,0.6230670103092784,,,1465,1463
509,509,5,1,26,1,8,1,884,1438,81,18,93,aktuelle,0.139821536600121,0.6215635738831615,,,965,1456
510,510,5,1,26,1,8,2,971,1438,75,18,91,Masse-,0.15252571082879612,0.6215635738831615,,,1046,1456
511,511,5,1,26,1,8,3,1052,1438,93,18,91,und/oder,0.1661373260738052,0.6215635738831615,,,1145,1456
512,512,5,1,26,1,8,4,1149,1438,185,18,91,Volumenentnahme,0.18776467029643074,0.6215635738831615,,,1334,1456
513,513,5,1,26,1,8,5,1336,1438,68,25,0,(V4),0.2071990320629159,0.6230670103092784,,,1404,1463
514,514,5,1,26,1,8,6,1409,1438,56,18,96,einen,0.21733212341197822,0.6215635738831615,,,1465,1456
515,515,4,1,26,1,9,0,884,1470,581,23,-1,,0.17763157894736842,0.6363831615120275,,,1465,1493
516,516,5,1,26,1,9,1,884,1470,132,23,91,vorgebbaren,0.14367816091954022,0.6363831615120275,,,1016,1493
517,517,5,1,26,1,9,2,1027,1471,63,18,93,ersten,0.1600877192982456,0.6357388316151202,,,1090,1489
518,518,5,1,26,1,9,3,1102,1470,212,23,92,Entnahmegrenzwert,0.18269812462189958,0.6363831615120275,,,1314,1493
519,519,5,1,26,1,9,4,1324,1470,141,19,91,Uberschreitet.,0.21090441621294617,0.6355240549828178,,,1465,1489
520,520,4,1,26,1,10,0,886,1503,580,23,-1,,0.17785843920145192,0.6505584192439863,,,1466,1526
521,521,5,1,26,1,10,1,886,1503,16,18,87,In,0.13520871143375682,0.6494845360824743,,,902,1521
522,522,5,1,26,1,10,2,908,1503,63,18,87,einem,0.14209013914095583,0.6494845360824743,,,971,1521
523,523,5,1,26,1,10,3,978,1503,85,18,93,Zustand,0.154340592861464,0.6494845360824743,,,1063,1521
524,524,5,1,26,1,10,4,1070,1503,131,18,91,SMARTLOCK,0.17173321234119782,0.6494845360824743,,,1201,1521
525,525,5,1,26,1,10,5,1203,1503,86,23,92,erfolgt,0.18844525105868118,0.6505584192439863,,,1289,1526
526,526,5,1,26,1,10,6,1295,1503,57,18,96,durch,0.20016636418632788,0.6494845360824743,,,1352,1521
527,527,5,1,26,1,10,7,1359,1503,30,18,93,die,0.20780399274047187,0.6494845360824743,,,1389,1521
528,528,5,1,26,1,10,8,1397,1503,69,18,92,Daten-,0.21650030248033877,0.6494845360824743,,,1466,1521
529,529,4,1,26,1,11,0,884,1536,582,23,-1,,0.17770719903206292,0.664733676975945,,,1466,1559
530,530,5,1,26,1,11,1,884,1536,259,23,92,verarbeitungseinrichtung,0.15328191167574107,0.664733676975945,,,1143,1559
531,531,5,1,26,1,11,2,1155,1536,40,23,95,(19),0.17770719903206292,0.664733676975945,,,1195,1559
532,532,5,1,26,1,11,3,1207,1536,43,18,96,eine,0.18579854809437388,0.663659793814433,,,1250,1554
533,533,5,1,26,1,11,4,1260,1536,93,23,96,Ausgabe,0.19759528130671505,0.664733676975945,,,1353,1559
534,534,5,1,26,1,11,5,1365,1536,51,18,93,einer,0.2102994555353902,0.663659793814433,,,1416,1554
535,535,5,1,26,1,11,6,1426,1540,40,14,93,vor-,0.21869328493647913,0.6645189003436426,,,1466,1554
536,536,4,1,26,1,12,0,884,1569,582,23,-1,,0.17770719903206292,0.6789089347079038,,,1466,1592
537,537,5,1,26,1,12,1,884,1569,99,23,92,gebbaren,0.1411826981246219,0.6789089347079038,,,983,1592
538,538,5,1,26,1,12,2,989,1569,78,18,91,zweiten,0.15547489413188142,0.6778350515463918,,,1067,1587
539,539,5,1,26,1,12,3,1072,1569,154,23,91,"Warnmeldung,",0.17377495462794917,0.6789089347079038,,,1226,1592
540,540,5,1,26,1,12,4,1232,1574,42,13,96,wenn,0.18950393224440412,0.6789089347079038,,,1274,1587
541,541,5,1,26,1,12,5,1277,1569,46,18,96,die,0.19661222020568664,0.6778350515463918,,,1323,1587
542,542,5,1,26,1,12,6,1329,1569,80,18,93,aktuelle,0.20704779189352693,0.6778350515463918,,,1409,1587
543,543,5,1,26,1,12,7,1416,1569,50,18,90,Mas-,0.2179370840895342,0.6778350515463918,,,1466,1587
544,544,4,1,26,1,13,0,884,1602,582,25,-1,,0.17770719903206292,0.6935137457044673,,,1466,1627
545,545,5,1,26,1,13,1,884,1606,32,14,92,se-,0.13611615245009073,0.6928694158075601,,,916,1620
546,546,5,1,26,1,13,2,926,1602,93,18,91,und/oder,0.1470810647307925,0.6920103092783505,,,1019,1620
547,547,5,1,26,1,13,3,1027,1602,199,18,91,Volumenentnahme,0.1703720508166969,0.6920103092783505,,,1226,1620
548,548,5,1,26,1,13,4,1237,1602,47,25,21,"(V4,",0.19063823351482154,0.6935137457044673,,,1284,1627
549,549,5,1,26,1,13,5,1294,1602,56,25,68,V43q),0.1999395039322444,0.6935137457044673,,,1350,1627
550,550,5,1,26,1,13,6,1360,1602,56,18,92,einen,0.20992135511191773,0.6920103092783505,,,1416,1620
551,551,5,1,26,1,13,7,1426,1606,40,14,92,vor-,0.21869328493647913,0.6928694158075601,,,1466,1620
552,552,4,1,26,1,14,0,884,1634,582,25,-1,,0.17770719903206292,0.7072594501718213,,,1466,1659
553,553,5,1,26,1,14,1,884,1634,99,23,91,gebbaren,0.1411826981246219,0.7068298969072165,,,983,1657
554,554,5,1,26,1,14,2,999,1634,80,19,92,zweiten,0.1571385359951603,0.7059707903780069,,,1079,1653
555,555,5,1,26,1,14,3,1097,1634,212,23,91,Entnahmegrenzwert,0.18194192377495463,0.7068298969072165,,,1309,1657
556,556,5,1,26,1,14,4,1325,1634,70,25,10,(Vax),0.205686630369026,0.7072594501718213,,,1395,1659
557,557,5,1,26,1,14,5,1413,1634,53,19,60,Uber-,0.2177102238354507,0.7059707903780069,,,1466,1653
558,558,4,1,26,1,15,0,884,1667,581,25,-1,,0.17763157894736842,0.7214347079037801,,,1465,1692
559,559,5,1,26,1,15,1,884,1667,94,22,92,"schreitet,",0.14080459770114942,0.7207903780068728,,,978,1689
560,560,5,1,26,1,15,2,987,1667,61,18,90,wobei,0.15388687235329704,0.7199312714776632,,,1048,1685
561,561,5,1,26,1,15,3,1057,1667,35,18,92,der,0.16250756200846944,0.7199312714776632,,,1092,1685
562,562,5,1,26,1,15,4,1100,1667,66,18,91,zweite,0.17135511191772534,0.7199312714776632,,,1166,1685
563,563,5,1,26,1,15,5,1175,1667,213,23,64,Entnahmegrenzwert,0.1938142770719903,0.7210051546391752,,,1388,1690
564,564,5,1,26,1,15,6,1396,1667,69,25,25,(Viyax),0.21634906231094977,0.7214347079037801,,,1465,1692
565,565,4,1,26,1,16,0,885,1700,581,23,-1,,0.17778281911675742,0.7351804123711341,,,1466,1723
566,566,5,1,26,1,16,1,885,1700,68,18,96,kleiner,0.13898971566848156,0.7341065292096219,,,953,1718
567,567,5,1,26,1,16,2,962,1700,29,18,96,als,0.14768602540834846,0.7341065292096219,,,991,1718
568,568,5,1,26,1,16,3,999,1700,35,18,96,der,0.15373563218390804,0.7341065292096219,,,1034,1718
569,569,5,1,26,1,16,4,1042,1700,52,18,93,erste,0.16152450090744103,0.7341065292096219,,,1094,1718
570,570,5,1,26,1,16,5,1103,1700,213,23,88,Entnahmegrenzwert,0.18292498487598305,0.7351804123711341,,,1316,1723
571,571,5,1,26,1,16,6,1325,1700,27,18,96,ist.,0.20243496672716274,0.7341065292096219,,,1352,1718
572,572,5,1,26,1,16,7,1361,1700,69,18,93,Weiter,0.21105565638233514,0.7341065292096219,,,1430,1718
573,573,5,1,26,1,16,8,1438,1704,28,14,93,er-,0.21960072595281308,0.7349656357388317,,,1466,1718
574,574,4,1,26,1,17,0,883,1728,582,27,-1,,0.17755595886267392,0.7480670103092784,,,1465,1755
575,575,5,1,26,1,17,1,883,1732,45,23,88,folgt,0.13694797338173018,0.748926116838488,,,928,1755
576,576,5,1,26,1,17,2,942,1732,30,19,93,ein,0.14473684210526316,0.7480670103092784,,,972,1751
577,577,5,1,26,1,17,3,988,1732,149,19,92,automatischer,0.16069267997580158,0.7480670103092784,,,1137,1751
578,578,5,1,26,1,17,4,1153,1728,101,27,92,Ubergang,0.18201754385964913,0.7480670103092784,,,1254,1755
579,579,5,1,26,1,17,5,1269,1737,37,14,96,von,0.19472171808832425,0.7491408934707904,,,1306,1751
580,580,5,1,26,1,17,6,1322,1732,43,19,96,dem,0.20319116757410768,0.7480670103092784,,,1365,1751
581,581,5,1,26,1,17,7,1381,1732,84,19,96,Zustand,0.21521476104053236,0.7480670103092784,,,1465,1751
582,582,4,1,26,1,18,0,885,1766,581,21,-1,,0.17778281911675742,0.7631013745704467,,,1466,1787
583,583,5,1,26,1,18,1,885,1766,130,18,92,SMARTLOCK,0.14367816091954022,0.7624570446735395,,,1015,1784
584,584,5,1,26,1,18,2,1017,1766,36,18,96,in,0.15653357531760437,0.7624570446735395,,,1053,1784
585,585,5,1,26,1,18,3,1061,1766,37,18,96,den,0.16326376285541438,0.7624570446735395,,,1098,1784
586,586,5,1,26,1,18,4,1105,1766,84,18,96,Zustand,0.1734724742891712,0.7624570446735395,,,1189,1784
587,587,5,1,26,1,18,5,1197,1766,65,18,96,OPEN,0.18594978826376285,0.7624570446735395,,,1262,1784
588,588,5,1,26,1,18,6,1269,1766,57,21,95,"dann,",0.19623411978221417,0.7631013745704467,,,1326,1787
589,589,5,1,26,1,18,7,1332,1770,43,14,95,wenn,0.20470356926799757,0.7633161512027491,,,1375,1784
590,590,5,1,26,1,18,8,1378,1766,42,18,92,der,0.21158499697519662,0.7624570446735395,,,1420,1784
591,591,5,1,26,1,18,9,1422,1766,44,18,91,ak-,0.21839080459770116,0.7624570446735395,,,1466,1784
592,592,4,1,26,1,19,0,884,1799,582,23,-1,,0.17770719903206292,0.7777061855670103,,,1466,1822
593,593,5,1,26,1,19,1,884,1799,42,18,92,tuell,0.1368723532970357,0.7766323024054983,,,926,1817
594,594,5,1,26,1,19,2,936,1799,57,18,96,durch,0.14587114337568058,0.7766323024054983,,,993,1817
595,595,5,1,26,1,19,3,1003,1799,31,18,93,die,0.15403811252268604,0.7766323024054983,,,1034,1817
596,596,5,1,26,1,19,4,1044,1799,284,23,91,Durchflussmesseinrichtung,0.1793708408953418,0.7777061855670103,,,1328,1822
597,597,5,1,26,1,19,5,1338,1799,40,23,93,(18),0.20538415003024804,0.7777061855670103,,,1378,1822
598,598,5,1,26,1,19,6,1388,1803,78,19,92,gemes-,0.21581972171808833,0.7785652920962199,,,1466,1822
599,599,4,1,26,1,20,0,884,1831,581,19,-1,,0.17763157894736842,0.7905927835051546,,,1465,1850
600,600,5,1,26,1,20,1,884,1836,50,14,92,sene,0.13747731397459165,0.7916666666666666,,,934,1850
601,601,5,1,26,1,20,2,944,1831,76,19,92,Masse-,0.1485178463399879,0.7905927835051546,,,1020,1850
602,602,5,1,26,1,20,3,1029,1831,93,19,92,und/oder,0.16265880217785844,0.7905927835051546,,,1122,1850
603,603,5,1,26,1,20,4,1129,1831,202,19,90,Volumendurchfluss,0.18602540834845735,0.7905927835051546,,,1331,1850
604,604,5,1,26,1,20,5,1339,1831,38,19,93,den,0.20538415003024804,0.7905927835051546,,,1377,1850
605,605,5,1,26,1,20,6,1387,1831,78,19,92,zweiten,0.21566848154869933,0.7905927835051546,,,1465,1850
606,606,4,1,26,1,21,0,885,1864,581,23,-1,,0.17778281911675742,0.805627147766323,,,1466,1887
607,607,5,1,26,1,21,1,885,1864,235,18,92,Minimaldurchflusswert,0.15161826981246218,0.804553264604811,,,1120,1882
608,608,5,1,26,1,21,2,1128,1864,57,23,93,(MIN),0.17490925589836662,0.805627147766323,,,1185,1887
609,609,5,1,26,1,21,3,1197,1864,142,18,90,unterschreitet,0.19177253478523895,0.804553264604811,,,1339,1882
610,610,5,1,26,1,21,4,1348,1864,37,18,96,und,0.20666969147005446,0.804553264604811,,,1385,1882
611,611,5,1,26,1,21,5,1395,1864,30,18,93,die,0.2132486388384755,0.804553264604811,,,1425,1882
612,612,5,1,26,1,21,6,1434,1864,32,18,91,ak-,0.21929824561403508,0.804553264604811,,,1466,1882
613,613,4,1,26,1,22,0,884,1897,583,25,-1,,0.17778281911675742,0.8202319587628866,,,1467,1922
614,614,5,1,26,1,22,1,884,1897,55,18,91,tuelle,0.13785541439806412,0.8187285223367697,,,939,1915
615,615,5,1,26,1,22,2,948,1897,76,18,91,Masse-,0.14912280701754385,0.8187285223367697,,,1024,1915
616,616,5,1,26,1,22,3,1033,1897,92,18,92,und/oder,0.1631881427707199,0.8187285223367697,,,1125,1915
617,617,5,1,26,1,22,4,1132,1897,185,18,92,Volumenentnahme,0.1851935874168179,0.8187285223367697,,,1317,1915
618,618,5,1,26,1,22,5,1319,1897,70,25,65,"(V4,)",0.20477918935269207,0.8202319587628866,,,1389,1922
619,619,5,1,26,1,22,6,1399,1897,68,18,96,kleiner,0.21672716273442227,0.8187285223367697,,,1467,1915
620,620,4,1,26,1,23,0,885,1929,478,26,-1,,0.16999395039322443,0.834192439862543,,,1363,1955
621,621,5,1,26,1,23,1,885,1929,22,19,92,ist,0.1355111917725348,0.8326890034364262,,,907,1948
622,622,5,1,26,1,23,2,914,1929,30,19,92,als,0.14050211736237145,0.8326890034364262,,,944,1948
623,623,5,1,26,1,23,3,952,1929,33,19,93,der,0.14647610405323655,0.8326890034364262,,,985,1948
624,624,5,1,26,1,23,4,992,1929,67,19,85,zweite,0.15509679370840895,0.8326890034364262,,,1059,1948
625,625,5,1,26,1,23,5,1068,1929,205,23,82,Entnahmegrenzwert,0.17702661826981247,0.8335481099656358,,,1273,1952
626,626,5,1,26,1,23,6,1274,1929,89,26,44,(Vijqx)-,0.19941016333938294,0.834192439862543,,,1363,1955
627,627,2,1,27,0,0,0,1225,2264,240,23,-1,,0.20341802782819116,0.9774484536082474,,,1465,2287
628,628,3,1,27,1,0,0,1225,2264,240,23,-1,,0.20341802782819116,0.9774484536082474,,,1465,2287
629,629,4,1,27,1,1,0,1225,2264,240,23,-1,,0.20341802782819116,0.9774484536082474,,,1465,2287
630,630,5,1,27,1,1,1,1225,2264,72,23,93,(Forts.,0.19071385359951604,0.9774484536082474,,,1297,2287
631,631,5,1,27,1,1,2,1307,2264,88,18,89,nachste,0.2043254688445251,0.9763745704467354,,,1395,2282
632,632,5,1,27,1,1,3,1403,2264,62,23,96,Seite),0.21687840290381125,0.9774484536082474,,,1465,2287
