,Unnamed: 0,level,page_num,block_num,par_num,line_num,word_num,left,top,width,height,conf,text,x,y,label,target,right,bottom
0,0,1,1,0,0,0,0,0,0,1653,2328,-1,,0.125,0.5,,,1653,2328
1,1,2,1,1,0,0,0,144,1905,31,328,-1,,0.02412280701754386,0.8887457044673539,,,175,2233
2,2,3,1,1,1,0,0,144,1905,31,328,-1,,0.02412280701754386,0.8887457044673539,,,175,2233
3,3,4,1,1,1,1,0,144,1905,31,328,-1,,0.02412280701754386,0.8887457044673539,,,175,2233
4,4,5,1,1,1,1,1,144,2179,30,54,96,EP,0.024047186932849365,0.947594501718213,,,174,2233
5,5,5,1,1,1,1,2,144,2142,31,21,96,3,0.02412280701754386,0.9246134020618557,,,175,2163
6,6,5,1,1,1,1,3,144,2055,31,71,94,382,0.02412280701754386,0.8979810996563574,,,175,2126
7,7,5,1,1,1,1,4,144,1969,31,70,89,529,0.02412280701754386,0.8608247422680413,,,175,2039
8,8,5,1,1,1,1,5,144,1905,30,50,89,A1,0.024047186932849365,0.8290378006872853,,,174,1955
9,9,2,1,2,0,0,0,429,153,88,28,-1,,0.07153660012099214,0.07173539518900343,,,517,181
10,10,3,1,2,1,0,0,429,153,88,28,-1,,0.07153660012099214,0.07173539518900343,,,517,181
11,11,4,1,2,1,1,0,429,153,88,16,-1,,0.07153660012099214,0.06915807560137457,,,517,169
12,12,5,1,2,1,1,1,429,153,88,16,84,Europaisches,0.07153660012099214,0.06915807560137457,,,517,169
13,13,4,1,2,1,2,0,429,170,71,11,-1,,0.07025105868118572,0.07538659793814433,,,500,181
14,14,5,1,2,1,2,1,429,170,71,11,96,Patentamt,0.07025105868118572,0.07538659793814433,,,500,181
15,15,2,1,3,0,0,0,429,196,89,28,-1,,0.07161222020568662,0.09020618556701031,,,518,224
16,16,3,1,3,1,0,0,429,196,89,28,-1,,0.07161222020568662,0.09020618556701031,,,518,224
17,17,4,1,3,1,1,0,429,196,63,15,-1,,0.06964609800362977,0.08741408934707903,,,492,211
18,18,5,1,3,1,1,1,429,196,63,15,95,European,0.06964609800362977,0.08741408934707903,,,492,211
19,19,4,1,3,1,2,0,429,212,89,12,-1,,0.07161222020568662,0.0936426116838488,,,518,224
20,20,5,1,3,1,2,1,429,213,43,11,96,Patent,0.06813369630973987,0.0938573883161512,,,472,224
21,21,5,1,3,1,2,2,478,212,40,12,90,Office,0.07531760435571688,0.0936426116838488,,,518,224
22,22,2,1,4,0,0,0,429,239,109,28,-1,,0.07312462189957653,0.10867697594501718,,,538,267
23,23,3,1,4,1,0,0,429,239,109,28,-1,,0.07312462189957653,0.10867697594501718,,,538,267
24,24,4,1,4,1,1,0,429,239,109,15,-1,,0.07312462189957653,0.10588487972508591,,,538,254
25,25,5,1,4,1,1,1,429,239,40,12,93,Office,0.06790683605565638,0.1052405498281787,,,469,251
26,26,5,1,4,1,1,2,474,239,64,15,93,europ√©en,0.0765275257108288,0.10588487972508591,,,538,254
27,27,4,1,4,1,2,0,429,255,77,12,-1,,0.0707047791893527,0.11211340206185567,,,506,267
28,28,5,1,4,1,2,1,429,255,22,12,95,des,0.06654567453115548,0.11211340206185567,,,451,267
29,29,5,1,4,1,2,2,457,255,49,12,82,brevets,0.07282214156079855,0.11211340206185567,,,506,267
30,30,2,1,5,0,0,0,281,136,274,150,-1,,0.06321839080459771,0.09063573883161512,,,555,286
31,31,3,1,5,1,0,0,281,136,274,150,-1,,0.06321839080459771,0.09063573883161512,,,555,286
32,32,4,1,5,1,1,0,281,136,274,150,-1,,0.06321839080459771,0.09063573883161512,,,555,286
33,33,5,1,5,1,1,1,281,136,274,150,95, ,0.06321839080459771,0.09063573883161512,,,555,286
34,34,2,1,6,0,0,0,225,324,45,26,-1,,0.037431941923774956,0.14475945017182132,,,270,350
35,35,3,1,6,1,0,0,225,324,45,26,-1,,0.037431941923774956,0.14475945017182132,,,270,350
36,36,4,1,6,1,1,0,225,324,45,26,-1,,0.037431941923774956,0.14475945017182132,,,270,350
37,37,5,1,6,1,1,1,225,324,45,26,96,(12),0.037431941923774956,0.14475945017182132,,,270,350
38,38,2,1,7,0,0,0,1002,245,458,38,-1,,0.18617664851784635,0.1134020618556701,,,1460,283
39,39,3,1,7,1,0,0,1002,245,458,38,-1,,0.18617664851784635,0.1134020618556701,,,1460,283
40,40,4,1,7,1,1,0,1002,245,458,38,-1,,0.18617664851784635,0.1134020618556701,,,1460,283
41,41,5,1,7,1,1,1,1002,256,44,27,74,(11),0.15486993345432548,0.11576460481099657,,,1046,283
42,42,5,1,7,1,1,2,1146,245,52,32,96,EP,0.17725347852389595,0.11211340206185567,number,EP,1198,277
43,43,5,1,7,1,1,3,1214,245,20,32,96,3,0.1851179673321234,0.11211340206185567,number,3,1234,277
44,44,5,1,7,1,1,4,1249,245,68,32,96,382,0.1940411373260738,0.11211340206185567,number,382,1317,277
45,45,5,1,7,1,1,5,1332,245,67,32,89,529,0.20651845130066546,0.11211340206185567,number,529,1399,277
46,46,5,1,7,1,1,6,1413,245,47,32,88,A1,0.21725650332728372,0.11211340206185567,number,A1,1460,277
47,47,2,1,8,0,0,0,1360,142,21,67,-1,,0.2072746521476104,0.07538659793814433,,,1381,209
48,48,3,1,8,1,0,0,1360,142,21,67,-1,,0.2072746521476104,0.07538659793814433,,,1381,209
49,49,4,1,8,1,1,0,1360,142,21,67,-1,,0.2072746521476104,0.07538659793814433,,,1381,209
50,50,5,1,8,1,1,1,1360,142,21,67,95, ,0.2072746521476104,0.07538659793814433,,,1381,209
51,51,2,1,9,0,0,0,577,319,537,26,-1,,0.1278735632183908,0.14261168384879724,,,1114,345
52,52,3,1,9,1,0,0,577,319,537,26,-1,,0.1278735632183908,0.14261168384879724,,,1114,345
53,53,4,1,9,1,1,0,577,319,537,26,-1,,0.1278735632183908,0.14261168384879724,,,1114,345
54,54,5,1,9,1,1,1,577,319,156,26,96,EUROPEAN,0.09906231094978826,0.14261168384879724,,,733,345
55,55,5,1,9,1,1,2,735,320,135,24,95,PATENT,0.12137023593466424,0.14261168384879724,,,870,344
56,56,5,1,9,1,1,3,873,319,241,26,95,APPLICATION,0.1502571082879613,0.14261168384879724,,,1114,345
57,57,2,1,10,0,0,0,579,354,534,26,-1,,0.1279491833030853,0.15764604810996563,,,1113,380
58,58,3,1,10,1,0,0,579,354,534,26,-1,,0.1279491833030853,0.15764604810996563,,,1113,380
59,59,4,1,10,1,1,0,579,354,534,26,-1,,0.1279491833030853,0.15764604810996563,,,1113,380
60,60,5,1,10,1,1,1,579,354,110,25,96,published,0.09588626739261948,0.15743127147766323,,,689,379
61,61,5,1,10,1,1,2,700,354,17,20,96,in,0.10715366001209921,0.1563573883161512,,,717,374
62,62,5,1,10,1,1,3,727,354,122,21,95,accordance,0.1191772534785239,0.1565721649484536,,,849,375
63,63,5,1,10,1,1,4,850,354,67,21,96,with,0.1336206896551724,0.1565721649484536,,,917,375
64,64,5,1,10,1,1,5,926,354,39,21,93,Art.,0.14299758015728978,0.1565721649484536,,,965,375
65,65,5,1,10,1,1,6,978,354,72,26,91,153(4),0.15335753176043557,0.15764604810996563,,,1050,380
66,66,5,1,10,1,1,7,1061,354,52,21,96,EPC,0.16439806412583183,0.1565721649484536,,,1113,375
67,67,2,1,11,0,0,0,225,432,378,53,-1,,0.06261343012704174,0.19695017182130584,,,603,485
68,68,3,1,11,1,0,0,225,432,378,53,-1,,0.06261343012704174,0.19695017182130584,,,603,485
69,69,4,1,11,1,1,0,225,432,262,26,-1,,0.05384150030248034,0.19115120274914088,,,487,458
70,70,5,1,11,1,1,1,225,432,45,26,94,(43),0.037431941923774956,0.19115120274914088,,,270,458
71,71,5,1,11,1,1,2,286,434,48,18,96,Date,0.04688445251058681,0.19029209621993126,,,334,452
72,72,5,1,11,1,1,3,342,434,20,18,96,of,0.05323653962492438,0.19029209621993126,,,362,452
73,73,5,1,11,1,1,4,370,434,117,23,96,publication:,0.0648064125831821,0.19136597938144329,,,487,457
74,74,4,1,11,1,2,0,286,466,317,19,-1,,0.06722625529340592,0.20425257731958762,,,603,485
75,75,5,1,11,1,2,1,286,466,117,19,93,03.10.2018,0.052102238354506954,0.20425257731958762,publication_date,03.10.2018,403,485
76,76,5,1,11,1,2,2,426,466,84,19,93,Bulletin,0.07078039927404718,0.20425257731958762,,,510,485
77,77,5,1,11,1,2,3,519,466,84,19,96,2018/40,0.08484573502722323,0.20425257731958762,,,603,485
78,78,2,1,12,0,0,0,225,530,402,26,-1,,0.06442831215970962,0.23324742268041238,,,627,556
79,79,3,1,12,1,0,0,225,530,402,26,-1,,0.06442831215970962,0.23324742268041238,,,627,556
80,80,4,1,12,1,1,0,225,530,402,26,-1,,0.06442831215970962,0.23324742268041238,,,627,556
81,81,5,1,12,1,1,1,225,530,45,26,96,(21),0.037431941923774956,0.23324742268041238,,,270,556
82,82,5,1,12,1,1,2,285,532,115,23,96,Application,0.051799758015728975,0.23346219931271478,,,400,555
83,83,5,1,12,1,1,3,410,532,83,18,93,number:,0.06828493647912885,0.23238831615120276,,,493,550
84,84,5,1,12,1,1,4,504,532,123,18,92,17882267.2,0.08552631578947369,0.23238831615120276,application_number,17882267.2,627,550
85,85,2,1,13,0,0,0,225,596,325,26,-1,,0.05860556563823351,0.2615979381443299,,,550,622
86,86,3,1,13,1,0,0,225,596,325,26,-1,,0.05860556563823351,0.2615979381443299,,,550,622
87,87,4,1,13,1,1,0,225,596,325,26,-1,,0.05860556563823351,0.2615979381443299,,,550,622
88,88,5,1,13,1,1,1,225,596,45,26,96,(22),0.037431941923774956,0.2615979381443299,,,270,622
89,89,5,1,13,1,1,2,286,598,48,18,96,Date,0.04688445251058681,0.2607388316151203,,,334,616
90,90,5,1,13,1,1,3,342,602,12,14,96,of,0.05263157894736842,0.2615979381443299,,,354,616
91,91,5,1,13,1,1,4,355,598,67,23,96,filing:,0.058756805807622506,0.2618127147766323,,,422,621
92,92,5,1,13,1,1,5,433,598,117,18,96,16.11.2017,0.07433454325468844,0.2607388316151203,filing_date,16.11.2017,550,616
93,93,2,1,14,0,0,0,862,432,244,51,-1,,0.14882032667876588,0.19652061855670103,,,1106,483
94,94,3,1,14,1,0,0,862,432,244,51,-1,,0.14882032667876588,0.19652061855670103,,,1106,483
95,95,4,1,14,1,1,0,862,432,126,26,-1,,0.13989715668481548,0.19115120274914088,,,988,458
96,96,5,1,14,1,1,1,862,432,44,26,65,(51),0.1336963097398669,0.19115120274914088,,,906,458
97,97,5,1,14,1,1,2,923,434,25,18,91,Int,0.1414851784633999,0.19029209621993126,,,948,452
98,98,5,1,14,1,1,3,955,434,33,18,64,Cl:,0.14692982456140352,0.19029209621993126,,,988,452
99,99,4,1,14,1,2,0,923,462,183,21,-1,,0.15343315184513007,0.2029639175257732,,,1106,483
100,100,5,1,14,1,2,1,923,464,60,19,86,GOGF,0.1441318814277072,0.203393470790378,class_international,G06F,983,483
101,101,5,1,14,1,2,2,989,464,45,19,79,3/14,0.1529794313369631,0.203393470790378,class_international,3/14,1034,483
102,102,5,1,14,1,2,3,1040,462,66,15,76,(2096.01),0.16228070175438597,0.20167525773195877,,,1106,477
103,103,2,1,15,0,0,0,862,526,403,53,-1,,0.16084392014519056,0.23732817869415807,,,1265,579
104,104,3,1,15,1,0,0,862,526,403,53,-1,,0.16084392014519056,0.23732817869415807,,,1265,579
105,105,4,1,15,1,1,0,862,526,403,26,-1,,0.16084392014519056,0.23152920962199314,,,1265,552
106,106,5,1,15,1,1,1,862,526,44,26,94,(86),0.1336963097398669,0.23152920962199314,,,906,552
107,107,5,1,15,1,1,2,923,528,128,18,94,International,0.14927404718693285,0.23067010309278352,,,1051,546
108,108,5,1,15,1,1,3,1060,528,111,23,96,application,0.16870840895341802,0.23174398625429554,,,1171,551
109,109,5,1,15,1,1,4,1182,528,83,18,96,number:,0.1850423472474289,0.23067010309278352,,,1265,546
110,110,4,1,15,1,2,0,923,560,225,19,-1,,0.15660919540229884,0.24463058419243985,,,1148,579
111,111,5,1,15,1,2,1,923,560,225,19,91,PCT/CN2017/111288,0.15660919540229884,0.24463058419243985,,,1148,579
112,112,2,1,16,0,0,0,862,624,573,58,-1,,0.1736993345432547,0.2804982817869416,,,1435,682
113,113,3,1,16,1,0,0,862,624,573,58,-1,,0.1736993345432547,0.2804982817869416,,,1435,682
114,114,4,1,16,1,1,0,862,624,403,26,-1,,0.16084392014519056,0.27362542955326463,,,1265,650
115,115,5,1,16,1,1,1,862,624,44,26,92,(87),0.1336963097398669,0.27362542955326463,,,906,650
116,116,5,1,16,1,1,2,923,626,128,18,92,International,0.14927404718693285,0.27276632302405496,,,1051,644
117,117,5,1,16,1,1,3,1061,626,110,23,96,publication,0.16878402903811252,0.27384020618556704,,,1171,649
118,118,5,1,16,1,1,4,1182,626,83,18,96,number:,0.1850423472474289,0.27276632302405496,,,1265,644
119,119,4,1,16,1,2,0,921,659,514,23,-1,,0.1781609195402299,0.28801546391752575,,,1435,682
120,120,5,1,16,1,2,1,921,659,22,18,93,WO,0.14095583787053842,0.2869415807560137,,,943,677
121,121,5,1,16,1,2,2,945,659,162,18,91,2018/113459,0.15517241379310345,0.2869415807560137,,,1107,677
122,122,5,1,16,1,2,3,1116,659,126,23,96,(28.06.2018,0.17831215970961886,0.28801546391752575,,,1242,682
123,123,5,1,16,1,2,4,1250,659,84,18,96,Gazette,0.19540229885057472,0.2869415807560137,,,1334,677
124,124,5,1,16,1,2,5,1342,659,93,23,96,2018/26),0.20999697519661223,0.28801546391752575,,,1435,682
125,125,2,1,17,0,0,0,224,710,1243,6,-1,,0.1278735632183908,0.30627147766323026,,,1467,716
126,126,3,1,17,1,0,0,224,710,1243,6,-1,,0.1278735632183908,0.30627147766323026,,,1467,716
127,127,4,1,17,1,1,0,224,710,1243,6,-1,,0.1278735632183908,0.30627147766323026,,,1467,716
128,128,5,1,17,1,1,1,224,710,1243,6,95, ,0.1278735632183908,0.30627147766323026,,,1467,716
129,129,2,1,18,0,0,0,225,729,599,250,-1,,0.07932546884452511,0.36683848797250856,,,824,979
130,130,3,1,18,1,0,0,225,729,599,250,-1,,0.07932546884452511,0.36683848797250856,,,824,979
131,131,4,1,18,1,1,0,225,729,388,27,-1,,0.0633696309739867,0.31894329896907214,,,613,756
132,132,5,1,18,1,1,1,225,729,45,27,96,(84),0.037431941923774956,0.31894329896907214,,,270,756
133,133,5,1,18,1,1,2,286,731,118,23,96,Designated,0.052177858439201454,0.31894329896907214,,,404,754
134,134,5,1,18,1,1,3,413,731,119,23,96,Contracting,0.07146098003629764,0.31894329896907214,,,532,754
135,135,5,1,18,1,1,4,542,731,71,19,96,States:,0.08734119782214156,0.3180841924398625,,,613,750
136,136,4,1,18,1,2,0,285,764,537,18,-1,,0.08371143375680581,0.3320446735395189,,,822,782
137,137,5,1,18,1,2,1,285,764,31,18,95,AL,0.04544767090139141,0.3320446735395189,,,316,782
138,138,5,1,18,1,2,2,323,764,31,18,95,AT,0.05119479733817302,0.3320446735395189,,,354,782
139,139,5,1,18,1,2,3,363,764,30,18,95,BE,0.05716878402903811,0.3320446735395189,,,393,782
140,140,5,1,18,1,2,4,403,764,32,18,95,BG,0.0633696309739867,0.3320446735395189,,,435,782
141,141,5,1,18,1,2,5,445,764,31,18,96,CH,0.06964609800362977,0.3320446735395189,,,476,782
142,142,5,1,18,1,2,6,486,764,32,18,96,CY,0.07592256503327284,0.3320446735395189,,,518,782
143,143,5,1,18,1,2,7,526,764,30,18,96,CZ,0.08182093163944344,0.3320446735395189,,,556,782
144,144,5,1,18,1,2,8,565,764,30,18,96,DE,0.08771929824561403,0.3320446735395189,,,595,782
145,145,5,1,18,1,2,9,605,764,32,18,90,DK,0.09392014519056262,0.3320446735395189,,,637,782
146,146,5,1,18,1,2,10,646,764,29,18,90,EE,0.0998941318814277,0.3320446735395189,,,675,782
147,147,5,1,18,1,2,11,684,764,29,18,93,ES,0.10564125831820932,0.3320446735395189,,,713,782
148,148,5,1,18,1,2,12,723,764,99,18,86,FIFRGB,0.11683303085299455,0.3320446735395189,,,822,782
149,149,4,1,18,1,3,0,286,797,538,18,-1,,0.08393829401088929,0.34621993127147765,,,824,815
150,150,5,1,18,1,3,1,286,797,34,18,69,GR,0.04582577132486389,0.34621993127147765,,,320,815
151,151,5,1,18,1,3,2,328,797,32,18,69,HR,0.05202661826981246,0.34621993127147765,,,360,815
152,152,5,1,18,1,3,3,368,797,178,18,75,HUIEISITLILT,0.0691167574107683,0.34621993127147765,,,546,815
153,153,5,1,18,1,3,4,554,797,28,18,51,LU,0.08590441621294616,0.34621993127147765,,,582,815
154,154,5,1,18,1,3,5,591,797,28,18,51,LV,0.09150030248033877,0.34621993127147765,,,619,815
155,155,5,1,18,1,3,6,627,797,35,18,93,MC,0.09747428917120388,0.34621993127147765,,,662,815
156,156,5,1,18,1,3,7,670,797,35,18,93,MK,0.10397761645493044,0.34621993127147765,,,705,815
157,157,5,1,18,1,3,8,713,797,32,18,93,MT,0.11025408348457351,0.34621993127147765,,,745,815
158,158,5,1,18,1,3,9,753,797,29,18,65,NL,0.11607683000604961,0.34621993127147765,,,782,815
159,159,5,1,18,1,3,10,791,797,33,18,65,NO,0.1221264367816092,0.34621993127147765,,,824,815
160,160,4,1,18,1,4,0,286,829,337,19,-1,,0.06873865698729582,0.360180412371134,,,623,848
161,161,5,1,18,1,4,1,286,829,28,19,96,PL,0.045372050816696916,0.360180412371134,,,314,848
162,162,5,1,18,1,4,2,323,829,29,19,94,PT,0.05104355716878403,0.360180412371134,,,352,848
163,163,5,1,18,1,4,3,360,829,33,19,33,RO,0.05694192377495463,0.360180412371134,,,393,848
164,164,5,1,18,1,4,4,403,829,15,19,33,RS,0.06208408953418028,0.360180412371134,,,418,848
165,165,5,1,18,1,4,5,420,829,52,19,92,SE,0.06745311554748941,0.360180412371134,,,472,848
166,166,5,1,18,1,4,6,480,829,61,19,86,SISK,0.07720810647307925,0.360180412371134,,,541,848
167,167,5,1,18,1,4,7,550,829,73,19,89,SMTR,0.08870235934664247,0.360180412371134,,,623,848
168,168,4,1,18,1,5,0,286,862,310,23,-1,,0.06669691470054447,0.3752147766323024,,,596,885
169,169,5,1,18,1,5,1,286,862,118,23,96,Designated,0.052177858439201454,0.3752147766323024,,,404,885
170,170,5,1,18,1,5,2,413,862,102,18,96,Extension,0.07017543859649122,0.3741408934707904,,,515,880
171,171,5,1,18,1,5,3,524,862,72,18,96,States:,0.08469449485783424,0.3741408934707904,,,596,880
172,172,4,1,18,1,6,0,286,895,74,19,-1,,0.04885057471264368,0.38853092783505155,,,360,914
173,173,5,1,18,1,6,1,286,895,33,19,96,BA,0.04575015124016939,0.38853092783505155,,,319,914
174,174,5,1,18,1,6,2,327,895,33,19,96,ME,0.05195099818511797,0.38853092783505155,,,360,914
175,175,4,1,18,1,7,0,286,928,310,23,-1,,0.06669691470054447,0.40356529209621994,,,596,951
176,176,5,1,18,1,7,1,286,928,118,23,96,Designated,0.052177858439201454,0.40356529209621994,,,404,951
177,177,5,1,18,1,7,2,411,928,104,18,96,Validation,0.07002419842710224,0.4024914089347079,,,515,946
178,178,5,1,18,1,7,3,524,928,72,18,96,States:,0.08469449485783424,0.4024914089347079,,,596,946
179,179,4,1,18,1,8,0,286,961,78,18,-1,,0.04915305505142166,0.4166666666666667,,,364,979
180,180,5,1,18,1,8,1,286,961,35,18,95,MA,0.04590139140955838,0.4166666666666667,,,321,979
181,181,5,1,18,1,8,2,330,961,34,18,95,MD,0.05248033877797943,0.4166666666666667,,,364,979
182,182,2,1,19,0,0,0,225,1024,516,92,-1,,0.07304900181488204,0.45962199312714774,,,741,1116
183,183,3,1,19,1,0,0,225,1024,516,92,-1,,0.07304900181488204,0.45962199312714774,,,741,1116
184,184,4,1,19,1,1,0,225,1024,492,26,-1,,0.07123411978221415,0.44544673539518903,,,717,1050
185,185,5,1,19,1,1,1,225,1024,45,26,96,(30),0.037431941923774956,0.44544673539518903,,,270,1050
186,186,5,1,19,1,1,2,286,1026,77,23,94,Priority:,0.04907743496672716,0.44566151202749144,,,363,1049
187,187,5,1,19,1,1,3,383,1026,118,18,92,22.12.2016,0.06684815486993345,0.44458762886597936,priority_date_eu,22.12.2016,501,1044
188,188,5,1,19,1,1,4,519,1026,32,18,95,CN,0.0809134906231095,0.44458762886597936,,,551,1044
189,189,5,1,19,1,1,5,560,1026,157,18,95,201611200092,0.09656684815486993,0.44458762886597936,,,717,1044
190,190,4,1,19,1,2,0,225,1090,516,26,-1,,0.07304900181488204,0.4737972508591065,,,741,1116
191,191,5,1,19,1,2,1,225,1090,45,26,96,(71),0.037431941923774956,0.4737972508591065,,,270,1116
192,192,5,1,19,1,2,2,285,1092,103,23,96,Applicant:,0.05089231699939504,0.4740120274914089,,,388,1115
193,193,5,1,19,1,2,3,397,1092,81,18,95,Huawei,0.066167574107683,0.4729381443298969,applicant_line_1,Huawei,478,1110
194,194,5,1,19,1,2,4,487,1092,152,23,93,Technologies,0.08514821536600121,0.4740120274914089,applicant_line_1,Technologies,639,1115
195,195,5,1,19,1,2,5,648,1092,43,22,93,"Co.,",0.10125529340592862,0.4737972508591065,applicant_line_1,Co.,691,1114
196,196,5,1,19,1,2,6,700,1092,41,18,96,Ltd.,0.1089685420447671,0.4729381443298969,,,741,1110
197,197,2,1,20,0,0,0,286,1125,401,55,-1,,0.0735783424077435,0.4950601374570447,,,687,1180
198,198,3,1,20,1,0,0,286,1125,401,55,-1,,0.0735783424077435,0.4950601374570447,,,687,1180
199,199,4,1,20,1,1,0,286,1125,202,23,-1,,0.05852994555353902,0.4881872852233677,,,488,1148
200,200,5,1,20,1,1,1,286,1125,98,23,96,Longgang,0.05066545674531155,0.4881872852233677,,,384,1148
201,201,5,1,20,1,1,2,387,1125,101,23,96,District,0.066167574107683,0.4881872852233677,,,488,1148
202,202,4,1,20,1,2,0,286,1157,401,23,-1,,0.0735783424077435,0.5019329896907216,,,687,1180
203,203,5,1,20,1,2,1,286,1157,116,22,96,"Shenzhen,",0.05202661826981246,0.5017182130584192,,,402,1179
204,204,5,1,20,1,2,2,411,1157,132,23,96,Guangdong,0.0721415607985481,0.5019329896907216,,,543,1180
205,205,5,1,20,1,2,3,552,1157,78,19,96,518129,0.08938294010889292,0.501073883161512,,,630,1176
206,206,5,1,20,1,2,4,639,1157,48,23,96,(CN),0.10027223230490018,0.5019329896907216,,,687,1180
207,207,2,1,21,0,0,0,844,712,4,501,-1,,0.1279491833030853,0.41344501718213056,,,848,1213
208,208,3,1,21,1,0,0,844,712,4,501,-1,,0.1279491833030853,0.41344501718213056,,,848,1213
209,209,4,1,21,1,1,0,844,712,4,501,-1,,0.1279491833030853,0.41344501718213056,,,848,1213
210,210,5,1,21,1,1,1,844,712,4,501,95, ,0.1279491833030853,0.41344501718213056,,,848,1213
211,211,2,1,22,0,0,0,862,729,335,419,-1,,0.15570175438596492,0.40313573883161513,,,1197,1148
212,212,3,1,22,1,0,0,862,729,335,419,-1,,0.15570175438596492,0.40313573883161513,,,1197,1148
213,213,4,1,22,1,1,0,862,729,162,27,-1,,0.1426194797338173,0.31894329896907214,,,1024,756
214,214,5,1,22,1,1,1,862,729,44,27,94,(72),0.1336963097398669,0.31894329896907214,,,906,756
215,215,5,1,22,1,1,2,924,731,100,19,94,Inventors:,0.147307924984876,0.3180841924398625,,,1024,750
216,216,4,1,22,1,2,0,898,764,116,22,-1,,0.14458560193587416,0.3329037800687285,,,1014,786
217,217,5,1,22,1,2,1,898,769,7,8,28,*,0.13634301270417423,0.3320446735395189,,,905,777
218,218,5,1,22,1,2,2,922,764,57,20,96,"QIAN,",0.14375378100423472,0.3324742268041237,inventor_line_1,"QIAN,",979,784
219,219,5,1,22,1,2,3,982,764,32,22,96,Li,0.15093768905021174,0.3329037800687285,inventor_line_1,Li,1014,786
220,220,4,1,22,1,3,0,922,797,110,18,-1,,0.14776164549304296,0.34621993127147765,,,1032,815
221,221,5,1,22,1,3,1,922,797,110,18,96,Shenzhen,0.14776164549304296,0.34621993127147765,,,1032,815
222,222,4,1,22,1,4,0,922,829,275,23,-1,,0.1602389594676346,0.36103951890034364,,,1197,852
223,223,5,1,22,1,4,1,922,829,131,23,96,Guangdong,0.14934966727162735,0.36103951890034364,,,1053,852
224,224,5,1,22,1,4,2,1063,829,77,19,95,518129,0.16659104658197219,0.360180412371134,,,1140,848
225,225,5,1,22,1,4,3,1149,829,48,23,95,(CN),0.17740471869328495,0.36103951890034364,,,1197,852
226,226,4,1,22,1,5,0,898,862,207,23,-1,,0.1514670296430732,0.3752147766323024,,,1105,885
227,227,5,1,22,1,5,1,898,867,7,8,72,¬´,0.13634301270417423,0.3741408934707904,,,905,875
228,228,5,1,22,1,5,2,923,862,84,18,92,"HUANG,",0.14594676346037508,0.3741408934707904,,,1007,880
229,229,5,1,22,1,5,3,1010,862,95,23,91,Xueyan,0.1599364791288566,0.3752147766323024,,,1105,885
230,230,4,1,22,1,6,0,922,895,110,19,-1,,0.14776164549304296,0.38853092783505155,,,1032,914
231,231,5,1,22,1,6,1,922,895,110,19,96,Shenzhen,0.14776164549304296,0.38853092783505155,,,1032,914
232,232,4,1,22,1,7,0,922,928,275,23,-1,,0.1602389594676346,0.40356529209621994,,,1197,951
233,233,5,1,22,1,7,1,922,928,131,23,96,Guangdong,0.14934966727162735,0.40356529209621994,,,1053,951
234,234,5,1,22,1,7,2,1062,928,78,18,95,518129,0.16651542649727769,0.4024914089347079,,,1140,946
235,235,5,1,22,1,7,3,1149,928,48,23,95,(CN),0.17740471869328495,0.40356529209621994,,,1197,951
236,236,4,1,22,1,8,0,898,961,224,23,-1,,0.15275257108287962,0.4177405498281787,,,1122,984
237,237,5,1,22,1,8,1,898,966,7,8,52,¬´,0.13634301270417423,0.4166666666666667,,,905,974
238,238,5,1,22,1,8,2,923,961,84,18,93,"HUANG,",0.14594676346037508,0.4166666666666667,,,1007,979
239,239,5,1,22,1,8,3,1010,961,112,23,92,Kangmin,0.16122202056866303,0.4177405498281787,,,1122,984
240,240,4,1,22,1,9,0,922,993,110,19,-1,,0.14776164549304296,0.43062714776632305,,,1032,1012
241,241,5,1,22,1,9,1,922,993,110,19,96,Shenzhen,0.14776164549304296,0.43062714776632305,,,1032,1012
242,242,4,1,22,1,10,0,922,1026,275,23,-1,,0.1602389594676346,0.44566151202749144,,,1197,1049
243,243,5,1,22,1,10,1,922,1026,131,23,96,Guangdong,0.14934966727162735,0.44566151202749144,,,1053,1049
244,244,5,1,22,1,10,2,1063,1026,77,18,96,518129,0.16659104658197219,0.44458762886597936,,,1140,1044
245,245,5,1,22,1,10,3,1149,1026,48,23,95,(CN),0.17740471869328495,0.44566151202749144,,,1197,1049
246,246,4,1,22,1,11,0,898,1059,240,23,-1,,0.15396249243799154,0.45983676975945015,,,1138,1082
247,247,5,1,22,1,11,1,898,1064,7,8,67,¬´,0.13634301270417423,0.4587628865979381,,,905,1072
248,248,5,1,22,1,11,2,923,1059,91,21,93,"HUANG,",0.14647610405323655,0.45940721649484534,,,1014,1080
249,249,5,1,22,1,11,3,1024,1059,114,23,92,Maosheng,0.16349062310949788,0.45983676975945015,,,1138,1082
250,250,4,1,22,1,12,0,922,1092,110,18,-1,,0.14776164549304296,0.4729381443298969,,,1032,1110
251,251,5,1,22,1,12,1,922,1092,110,18,95,Shenzhen,0.14776164549304296,0.4729381443298969,,,1032,1110
252,252,4,1,22,1,13,0,922,1125,275,23,-1,,0.1602389594676346,0.4881872852233677,,,1197,1148
253,253,5,1,22,1,13,1,922,1125,131,23,96,Guangdong,0.14934966727162735,0.4881872852233677,,,1053,1148
254,254,5,1,22,1,13,2,1062,1125,78,18,96,518129,0.16651542649727769,0.48711340206185566,,,1140,1143
255,255,5,1,22,1,13,3,1149,1125,48,23,96,(CN),0.17740471869328495,0.4881872852233677,,,1197,1148
256,256,2,1,23,0,0,0,224,1209,1243,6,-1,,0.1278735632183908,0.520618556701031,,,1467,1215
257,257,3,1,23,1,0,0,224,1209,1243,6,-1,,0.1278735632183908,0.520618556701031,,,1467,1215
258,258,4,1,23,1,1,0,224,1209,1243,6,-1,,0.1278735632183908,0.520618556701031,,,1467,1215
259,259,5,1,23,1,1,1,224,1209,1243,6,95, ,0.1278735632183908,0.520618556701031,,,1467,1215
260,260,2,1,24,0,0,0,225,1230,45,26,-1,,0.037431941923774956,0.5339347079037801,,,270,1256
261,261,3,1,24,1,0,0,225,1230,45,26,-1,,0.037431941923774956,0.5339347079037801,,,270,1256
262,262,4,1,24,1,1,0,225,1230,45,26,-1,,0.037431941923774956,0.5339347079037801,,,270,1256
263,263,5,1,24,1,1,1,225,1230,45,26,96,(54),0.037431941923774956,0.5339347079037801,,,270,1256
264,264,2,1,25,0,0,0,225,1304,582,184,-1,,0.0780399274047187,0.5996563573883161,,,807,1488
265,265,3,1,25,1,0,0,225,1304,582,184,-1,,0.0780399274047187,0.5996563573883161,,,807,1488
266,266,4,1,25,1,1,0,225,1304,582,26,-1,,0.0780399274047187,0.5657216494845361,,,807,1330
267,267,5,1,25,1,1,1,225,1304,45,26,88,(57),0.037431941923774956,0.5657216494845361,,,270,1330
268,268,5,1,25,1,1,2,0,0,1653,2328,7,‚Äî,0.125,0.5,,,1653,2328
269,269,5,1,25,1,1,3,315,1306,39,18,72,The,0.05058983666061706,0.5648625429553265,,,354,1324
270,270,5,1,25,1,1,4,361,1306,175,23,72,presentinvention,0.06783121597096188,0.5659364261168385,,,536,1329
271,271,5,1,25,1,1,5,543,1306,88,23,95,provides,0.08877797943133696,0.5659364261168385,,,631,1329
272,272,5,1,25,1,1,6,636,1310,11,14,92,a,0.0970205686630369,0.5657216494845361,,,647,1324
273,273,5,1,25,1,1,7,653,1306,64,18,92,method,0.10359951603145795,0.5648625429553265,,,717,1324
274,274,5,1,25,1,1,8,718,1306,44,18,93,for,0.1119177253478524,0.5648625429553265,,,762,1324
275,275,5,1,25,1,1,9,767,1310,40,19,93,pre-,0.11902601330913491,0.5667955326460481,,,807,1329
276,276,4,1,25,1,2,0,225,1339,582,23,-1,,0.0780399274047187,0.5801116838487973,,,807,1362
277,277,5,1,25,1,2,1,225,1339,75,23,96,senting,0.0397005444646098,0.5801116838487973,,,300,1362
278,278,5,1,25,1,2,2,312,1344,11,13,96,a,0.04801875378100424,0.5801116838487973,,,323,1357
279,279,5,1,25,1,2,3,334,1339,61,18,96,watch,0.055127041742286755,0.5790378006872853,,,395,1357
280,280,5,1,25,1,2,4,406,1339,49,18,96,face.,0.06510889292196008,0.5790378006872853,,,455,1357
281,281,5,1,25,1,2,5,468,1339,39,18,96,The,0.07372958257713248,0.5790378006872853,,,507,1357
282,282,5,1,25,1,2,6,520,1339,76,18,96,method,0.08439201451905626,0.5790378006872853,,,596,1357
283,283,5,1,25,1,2,7,609,1339,90,18,96,includes:,0.09891107078039928,0.5790378006872853,,,699,1357
284,284,5,1,25,1,2,8,711,1339,96,23,96,detecting,0.1147912885662432,0.5801116838487973,,,807,1362
285,285,4,1,25,1,3,0,225,1372,582,23,-1,,0.0780399274047187,0.594286941580756,,,807,1395
286,286,5,1,25,1,3,1,225,1372,58,18,65,and/or,0.038415003024803385,0.593213058419244,,,283,1390
287,287,5,1,25,1,3,2,285,1372,91,18,65,receiving,0.0499848759830611,0.593213058419244,,,376,1390
288,288,5,1,25,1,3,3,378,1372,55,23,88,first,0.06132788868723533,0.594286941580756,,,433,1395
289,289,5,1,25,1,3,4,437,1372,196,18,92,contextinformation,0.0809134906231095,0.593213058419244,,,633,1390
290,290,5,1,25,1,3,5,639,1372,37,18,96,and,0.09944041137326073,0.593213058419244,,,676,1390
291,291,5,1,25,1,3,6,682,1372,74,18,93,second,0.10874168179068361,0.593213058419244,,,756,1390
292,292,5,1,25,1,3,7,763,1376,44,14,91,con-,0.11872353297035693,0.5940721649484536,,,807,1390
293,293,4,1,25,1,4,0,225,1404,582,22,-1,,0.0780399274047187,0.6078178694158075,,,807,1426
294,294,5,1,25,1,4,1,225,1405,38,18,96,text,0.03690260133091349,0.6073883161512027,,,263,1423
295,295,5,1,25,1,4,2,274,1404,122,22,96,"information,",0.05066545674531155,0.6078178694158075,,,396,1426
296,296,5,1,25,1,4,3,408,1404,64,19,96,where,0.06654567453115548,0.6071735395189003,,,472,1423
297,297,5,1,25,1,4,4,484,1404,17,19,96,the,0.07448578342407744,0.6071735395189003,,,501,1423
298,298,5,1,25,1,4,5,504,1404,61,19,96,first,0.080837870538415,0.6071735395189003,,,565,1423
299,299,5,1,25,1,4,6,576,1405,76,18,96,context,0.09286146400483969,0.6073883161512027,,,652,1423
300,300,5,1,25,1,4,7,664,1404,115,19,96,information,0.10911978221415608,0.6071735395189003,,,779,1423
301,301,5,1,25,1,4,8,792,1404,15,19,96,is,0.12091651542649728,0.6071735395189003,,,807,1423
302,302,4,1,25,1,5,0,226,1437,580,23,-1,,0.0780399274047187,0.6222079037800687,,,806,1460
303,303,5,1,25,1,5,1,226,1437,48,18,96,used,0.03781004234724743,0.6211340206185567,,,274,1455
304,304,5,1,25,1,5,2,283,1438,18,17,96,to,0.044162129461584994,0.6213487972508591,,,301,1455
305,305,5,1,25,1,5,3,308,1437,105,18,96,determine,0.05452208106473079,0.6211340206185567,,,413,1455
306,306,5,1,25,1,5,4,420,1442,12,13,96,a,0.06442831215970962,0.6222079037800687,,,432,1455
307,307,5,1,25,1,5,5,440,1438,48,17,96,watch,0.07017543859649122,0.6213487972508591,,,488,1455
308,308,5,1,25,1,5,6,491,1437,48,18,96,face,0.0778886872353297,0.6211340206185567,,,539,1455
309,309,5,1,25,1,5,7,541,1437,66,23,96,style,0.0868118572292801,0.6222079037800687,,,607,1460
310,310,5,1,25,1,5,8,614,1437,20,18,96,of,0.09437386569872959,0.6211340206185567,,,634,1455
311,311,5,1,25,1,5,9,640,1437,32,18,92,the,0.09921355111917725,0.6211340206185567,,,672,1455
312,312,5,1,25,1,5,10,680,1437,126,22,92,"smartwatch,",0.11237144585601935,0.6219931271477663,,,806,1459
313,313,4,1,25,1,6,0,225,1470,582,18,-1,,0.0780399274047187,0.6353092783505154,,,807,1488
314,314,5,1,25,1,6,1,225,1470,38,18,96,and,0.03690260133091349,0.6353092783505154,,,263,1488
315,315,5,1,25,1,6,2,273,1470,32,18,96,the,0.04370840895341803,0.6353092783505154,,,305,1488
316,316,5,1,25,1,6,3,315,1470,75,18,96,second,0.053312159709618875,0.6353092783505154,,,390,1488
317,317,5,1,25,1,6,4,401,1471,69,17,96,context,0.06586509376890502,0.6355240549828178,,,470,1488
318,318,5,1,25,1,6,5,470,1470,131,18,96,information,0.080989110707804,0.6353092783505154,,,601,1488
319,319,5,1,25,1,6,6,613,1470,15,18,96,is,0.09384452510586812,0.6353092783505154,,,628,1488
320,320,5,1,25,1,6,7,639,1470,48,18,96,used,0.10027223230490018,0.6353092783505154,,,687,1488
321,321,5,1,25,1,6,8,698,1470,18,18,96,to,0.10692679975801572,0.6353092783505154,,,716,1488
322,322,5,1,25,1,6,9,727,1470,80,18,96,indicate,0.11600120992135511,0.6353092783505154,,,807,1488
323,323,2,1,26,0,0,0,456,1618,63,1,-1,,0.07372958257713248,0.6952319587628866,,,519,1619
324,324,3,1,26,1,0,0,456,1618,63,1,-1,,0.07372958257713248,0.6952319587628866,,,519,1619
325,325,4,1,26,1,1,0,456,1618,63,1,-1,,0.07372958257713248,0.6952319587628866,,,519,1619
326,326,5,1,26,1,1,1,456,1618,63,1,95, ,0.07372958257713248,0.6952319587628866,,,519,1619
327,327,2,1,27,0,0,0,646,1618,50,1,-1,,0.1014821536600121,0.6952319587628866,,,696,1619
328,328,3,1,27,1,0,0,646,1618,50,1,-1,,0.1014821536600121,0.6952319587628866,,,696,1619
329,329,4,1,27,1,1,0,646,1618,50,1,-1,,0.1014821536600121,0.6952319587628866,,,696,1619
330,330,5,1,27,1,1,1,646,1618,50,1,95, ,0.1014821536600121,0.6952319587628866,,,696,1619
331,331,2,1,28,0,0,0,316,1230,783,24,-1,,0.10700241984271022,0.5335051546391752,,,1099,1254
332,332,3,1,28,1,0,0,316,1230,783,24,-1,,0.10700241984271022,0.5335051546391752,,,1099,1254
333,333,4,1,28,1,1,0,316,1230,783,24,-1,,0.10700241984271022,0.5335051546391752,,,1099,1254
334,334,5,1,28,1,1,1,316,1230,59,20,96,DIAL,0.052253478523895946,0.5326460481099656,title_line_1,DIAL,375,1250
335,335,5,1,28,1,1,2,386,1230,204,21,95,PRESENTATION,0.07380520266182698,0.532860824742268,title_line_1,PRESENTATION,590,1251
336,336,5,1,28,1,1,3,601,1230,119,24,95,"METHOD,",0.0998941318814277,0.5335051546391752,title_line_1,"METHOD,",720,1254
337,337,5,1,28,1,1,4,731,1230,95,21,96,DEVICE,0.1177404718693285,0.532860824742268,title_line_1,DEVICE,826,1251
338,338,5,1,28,1,1,5,836,1230,56,20,96,AND,0.1306715063520871,0.5326460481099656,title_line_1,AND,892,1250
339,339,5,1,28,1,1,6,901,1230,94,21,96,SMART,0.14337568058076225,0.532860824742268,title_line_1,SMART,995,1251
340,340,5,1,28,1,1,7,1002,1230,97,21,96,WATCH,0.1588777979431337,0.532860824742268,title_line_1,WATCH,1099,1251
341,341,2,1,29,0,0,0,883,1306,584,149,-1,,0.17770719903206292,0.5929982817869416,,,1467,1455
342,342,3,1,29,1,0,0,883,1306,584,149,-1,,0.17770719903206292,0.5929982817869416,,,1467,1455
343,343,4,1,29,1,1,0,884,1306,581,23,-1,,0.17763157894736842,0.5659364261168385,,,1465,1329
344,344,5,1,29,1,1,1,884,1306,88,23,96,dressing,0.14035087719298245,0.5659364261168385,,,972,1329
345,345,5,1,29,1,1,2,985,1306,115,18,96,information,0.15766787658802178,0.5648625429553265,,,1100,1324
346,346,5,1,29,1,1,3,1112,1306,20,18,96,of,0.16969147005444646,0.5648625429553265,,,1132,1324
347,347,5,1,29,1,1,4,1142,1310,12,14,96,a,0.1736237144585602,0.5657216494845361,,,1154,1324
348,348,5,1,29,1,1,5,1166,1310,49,17,96,user;,0.18005142165759225,0.5663659793814433,,,1215,1327
349,349,5,1,29,1,1,6,1228,1306,122,23,96,determining,0.19494857834240775,0.5659364261168385,,,1350,1329
350,350,5,1,29,1,1,7,1362,1306,32,18,96,the,0.20840895341802781,0.5648625429553265,,,1394,1324
351,351,5,1,29,1,1,8,1404,1306,61,18,96,watch,0.21695402298850575,0.5648625429553265,,,1465,1324
352,352,4,1,29,1,2,0,883,1339,584,23,-1,,0.17770719903206292,0.5801116838487973,,,1467,1362
353,353,5,1,29,1,2,1,883,1339,44,18,96,face,0.1368723532970357,0.5790378006872853,,,927,1357
354,354,5,1,29,1,2,2,934,1339,47,23,96,style,0.14481246218995766,0.5801116838487973,,,981,1362
355,355,5,1,29,1,2,3,987,1339,20,18,97,of,0.15078644888082274,0.5790378006872853,,,1007,1357
356,356,5,1,29,1,2,4,1012,1339,32,18,93,the,0.15547489413188142,0.5790378006872853,,,1044,1357
357,357,5,1,29,1,2,5,1050,1339,120,18,92,smartwatch,0.16787658802177857,0.5790378006872853,,,1170,1357
358,358,5,1,29,1,2,6,1177,1339,101,23,96,according,0.18564730792498488,0.5801116838487973,,,1278,1362
359,359,5,1,29,1,2,7,1285,1340,18,17,94,to,0.1957047791893527,0.5792525773195877,,,1303,1357
360,360,5,1,29,1,2,8,1309,1339,19,18,96,the,0.19941016333938294,0.5790378006872853,,,1328,1357
361,361,5,1,29,1,2,9,1329,1339,56,18,96,first,0.20523290986085904,0.5790378006872853,,,1385,1357
362,362,5,1,29,1,2,10,1391,1340,76,17,96,context,0.2161222020568663,0.5792525773195877,,,1467,1357
363,363,4,1,29,1,3,0,885,1372,581,23,-1,,0.17778281911675742,0.594286941580756,,,1466,1395
364,364,5,1,29,1,3,1,885,1372,121,21,96,information;,0.14299758015728978,0.5938573883161512,,,1006,1393
365,365,5,1,29,1,3,2,1016,1372,37,18,96,and,0.15645795523290987,0.593213058419244,,,1053,1390
366,366,5,1,29,1,3,3,1065,1372,108,23,96,presenting,0.1692377495462795,0.594286941580756,,,1173,1395
367,367,5,1,29,1,3,4,1182,1376,12,14,97,a,0.17967332123411978,0.5940721649484536,,,1194,1390
368,368,5,1,29,1,3,5,1202,1372,61,18,96,watch,0.18640350877192982,0.593213058419244,,,1263,1390
369,369,5,1,29,1,3,6,1272,1372,44,18,96,face,0.1957047791893527,0.593213058419244,,,1316,1390
370,370,5,1,29,1,3,7,1327,1372,71,23,96,pattern,0.20606473079249849,0.594286941580756,,,1398,1395
371,371,5,1,29,1,3,8,1407,1372,20,18,96,of,0.21430732002419842,0.593213058419244,,,1427,1390
372,372,5,1,29,1,3,9,1434,1372,32,18,97,the,0.21929824561403508,0.593213058419244,,,1466,1390
373,373,4,1,29,1,4,0,884,1404,582,23,-1,,0.17770719903206292,0.6080326460481099,,,1466,1427
374,374,5,1,29,1,4,1,884,1404,120,19,92,smartwatch,0.14277071990320628,0.6071735395189003,,,1004,1423
375,375,5,1,29,1,4,2,1015,1404,102,23,96,according,0.16122202056866303,0.6080326460481099,,,1117,1427
376,376,5,1,29,1,4,3,1128,1405,19,18,96,to,0.1720356926799758,0.6073883161512027,,,1147,1423
377,377,5,1,29,1,4,4,1158,1404,31,19,96,the,0.17748033877797942,0.6071735395189003,,,1189,1423
378,378,5,1,29,1,4,5,1200,1404,61,19,96,watch,0.18610102843315185,0.6071735395189003,,,1261,1423
379,379,5,1,29,1,4,6,1271,1404,45,19,96,face,0.1956291591046582,0.6071735395189003,,,1316,1423
380,380,5,1,29,1,4,7,1327,1404,47,23,96,style,0.2042498487598306,0.6080326460481099,,,1374,1427
381,381,5,1,29,1,4,8,1385,1404,38,19,96,and,0.21234119782214156,0.6071735395189003,,,1423,1423
382,382,5,1,29,1,4,9,1434,1404,32,19,96,the,0.21929824561403508,0.6071735395189003,,,1466,1423
383,383,4,1,29,1,5,0,884,1437,289,18,-1,,0.15555051421657592,0.6211340206185567,,,1173,1455
384,384,5,1,29,1,5,1,884,1437,74,18,96,second,0.13929219600725953,0.6211340206185567,,,958,1455
385,385,5,1,29,1,5,2,968,1438,68,17,96,context,0.1515426497277677,0.6213487972508591,,,1036,1455
386,386,5,1,29,1,5,3,1038,1437,135,18,96,information.,0.16719600725952813,0.6211340206185567,,,1173,1455
387,387,2,1,30,0,0,0,1115,1572,107,46,-1,,0.17672413793103448,0.6851374570446735,,,1222,1618
388,388,3,1,30,1,0,0,1115,1572,107,46,-1,,0.17672413793103448,0.6851374570446735,,,1222,1618
389,389,4,1,30,1,1,0,1115,1572,107,46,-1,,0.17672413793103448,0.6851374570446735,,,1222,1618
390,390,5,1,30,1,1,1,1115,1572,107,46,95,  ,0.17672413793103448,0.6851374570446735,,,1222,1618
391,391,2,1,31,0,0,0,464,1632,693,99,-1,,0.12258015728977617,0.7222938144329897,,,1157,1731
392,392,3,1,31,1,0,0,464,1632,693,76,-1,,0.12258015728977617,0.7173539518900344,,,1157,1708
393,393,4,1,31,1,1,0,464,1632,693,20,-1,,0.12258015728977617,0.7053264604810997,,,1157,1652
394,394,5,1,31,1,1,1,464,1634,57,15,96,Detect,0.07448578342407744,0.7051116838487973,,,521,1649
395,395,5,1,31,1,1,2,527,1632,47,17,95,and/or,0.08325771324863884,0.7046821305841925,,,574,1649
396,396,5,1,31,1,1,3,575,1632,75,17,95,receive,0.0926346037507562,0.7046821305841925,,,650,1649
397,397,5,1,31,1,1,4,657,1632,35,17,96,first,0.10201149425287356,0.7046821305841925,,,692,1649
398,398,5,1,31,1,1,5,697,1635,64,14,96,context,0.11025408348457351,0.7053264604810997,,,761,1649
399,399,5,1,31,1,1,6,768,1632,102,17,96,information,0.12386569872958257,0.7046821305841925,,,870,1649
400,400,5,1,31,1,1,7,876,1633,31,16,96,and,0.13483061101028432,0.7048969072164949,,,907,1649
401,401,5,1,31,1,1,8,914,1632,59,17,96,second,0.1426950998185118,0.7046821305841925,,,973,1649
402,402,5,1,31,1,1,9,980,1635,64,14,96,context,0.1530550514216576,0.7053264604810997,,,1044,1649
403,403,5,1,31,1,1,10,1050,1632,107,20,96,"information,",0.16689352692075016,0.7053264604810997,,,1157,1652
404,404,4,1,31,1,2,0,467,1660,688,21,-1,,0.12265577737447066,0.7175687285223368,,,1155,1681
405,405,5,1,31,1,2,1,467,1660,54,17,96,where,0.07471264367816093,0.7167096219931272,,,521,1677
406,406,5,1,31,1,2,2,527,1660,26,16,96,the,0.08166969147005444,0.7164948453608248,,,553,1676
407,407,5,1,31,1,2,3,559,1660,35,17,94,first,0.08718995765275257,0.7167096219931272,,,594,1677
408,408,5,1,31,1,2,4,600,1662,63,15,94,context,0.095508166969147,0.717139175257732,,,663,1677
409,409,5,1,31,1,2,5,670,1660,103,17,96,information,0.10911978221415608,0.7167096219931272,,,773,1677
410,410,5,1,31,1,2,6,779,1660,13,17,96,is,0.11879915305505143,0.7167096219931272,,,792,1677
411,411,5,1,31,1,2,7,799,1660,39,17,96,used,0.12379007864488809,0.7167096219931272,,,838,1677
412,412,5,1,31,1,2,8,844,1662,16,14,86,10,0.12885662431941924,0.7169243986254296,,,860,1676
413,413,5,1,31,1,2,9,867,1660,87,17,96,determine,0.13770417422867515,0.7167096219931272,,,954,1677
414,414,5,1,31,1,2,10,960,1665,9,11,96,a,0.14587114337568058,0.7175687285223368,,,969,1676
415,415,5,1,31,1,2,11,975,1660,52,17,96,watch,0.1513914095583787,0.7167096219931272,,,1027,1677
416,416,5,1,31,1,2,12,1034,1660,35,17,96,face,0.1590290381125227,0.7167096219931272,,,1069,1677
417,417,5,1,31,1,2,13,1075,1660,41,21,95,style,0.16568360556563824,0.7175687285223368,,,1116,1681
418,418,5,1,31,1,2,14,1122,1660,20,17,95,of,0.17120387174833634,0.7167096219931272,,,1142,1677
419,419,5,1,31,1,2,15,1146,1665,9,12,95,a,0.17400181488203267,0.7177835051546392,,,1155,1677
420,420,4,1,31,1,3,0,480,1687,662,21,-1,,0.12265577737447066,0.7291666666666666,,,1142,1708
421,421,5,1,31,1,3,1,480,1688,105,19,92,"smartwatch,",0.08053539019963703,0.7291666666666666,,,585,1707
422,422,5,1,31,1,3,2,592,1688,30,16,97,and,0.09180278281911676,0.7285223367697594,,,622,1704
423,423,5,1,31,1,3,3,628,1687,27,17,96,the,0.0970205686630369,0.728307560137457,,,655,1704
424,424,5,1,31,1,3,4,661,1688,60,16,96,second,0.10450695704779189,0.7285223367697594,,,721,1704
425,425,5,1,31,1,3,5,728,1690,64,14,96,context,0.11494252873563218,0.7289518900343642,,,792,1704
426,426,5,1,31,1,3,6,798,1687,102,17,96,information,0.12840290381125227,0.728307560137457,,,900,1704
427,427,5,1,31,1,3,7,906,1688,15,16,95,is,0.13815789473684212,0.7285223367697594,,,921,1704
428,428,5,1,31,1,3,8,927,1687,38,17,95,used,0.14307320024198428,0.728307560137457,,,965,1704
429,429,5,1,31,1,3,9,972,1690,16,14,96,to,0.1482153660012099,0.7289518900343642,,,988,1704
430,430,5,1,31,1,3,10,995,1687,69,17,96,indicate,0.15570175438596492,0.728307560137457,,,1064,1704
431,431,5,1,31,1,3,11,1070,1687,72,21,96,dressing,0.16727162734422263,0.7291666666666666,,,1142,1708
432,432,3,1,31,2,0,0,719,1714,176,17,-1,,0.1220508166969147,0.739905498281787,,,895,1731
433,433,4,1,31,2,1,0,719,1714,176,17,-1,,0.1220508166969147,0.739905498281787,,,895,1731
434,434,5,1,31,2,1,1,719,1714,103,17,96,information,0.11653055051421658,0.739905498281787,,,822,1731
435,435,5,1,31,2,1,2,828,1714,21,17,95,of,0.12681488203266789,0.739905498281787,,,849,1731
436,436,5,1,31,2,1,3,852,1720,9,11,95,a,0.1295372050816697,0.7411941580756014,,,861,1731
437,437,5,1,31,2,1,4,867,1719,28,12,79,use:,0.13324258923169993,0.740979381443299,,,895,1731
438,438,2,1,32,0,0,0,810,1748,3,71,-1,,0.12273139745916516,0.7661082474226805,,,813,1819
439,439,3,1,32,1,0,0,810,1748,3,71,-1,,0.12273139745916516,0.7661082474226805,,,813,1819
440,440,4,1,32,1,1,0,810,1748,3,71,-1,,0.12273139745916516,0.7661082474226805,,,813,1819
441,441,5,1,32,1,1,1,810,1748,3,71,95, ,0.12273139745916516,0.7661082474226805,,,813,1819
442,442,2,1,33,0,0,0,460,1816,696,79,-1,,0.12220205686630368,0.7970360824742269,,,1156,1895
443,443,3,1,33,1,0,0,460,1816,696,79,-1,,0.12220205686630368,0.7970360824742269,,,1156,1895
444,444,4,1,33,1,1,0,460,1816,691,23,-1,,0.12182395644283121,0.7850085910652921,,,1151,1839
445,445,5,1,33,1,1,1,460,1835,174,4,0,oceania,0.08272837265577737,0.7890893470790378,,,634,1839
446,446,5,1,33,1,1,2,635,1835,146,3,0,enninninn,0.10707803992740472,0.7888745704467354,,,781,1838
447,447,5,1,33,1,1,3,787,1820,60,18,21,te,0.1235632183908046,0.7856529209621993,,,847,1838
448,448,5,1,33,1,1,4,848,1835,161,3,0,ennai,0.14042649727767695,0.7888745704467354,,,1009,1838
449,449,5,1,33,1,1,5,1015,1816,136,22,17,see,0.16379310344827586,0.7847938144329897,,,1151,1838
450,450,4,1,33,1,2,0,465,1851,691,21,-1,,0.12258015728977617,0.7996134020618557,,,1156,1872
451,451,5,1,33,1,2,1,465,1851,92,17,96,Determine,0.07728372655777374,0.7987542955326461,,,557,1868
452,452,5,1,33,1,2,2,563,1851,27,17,96,the,0.08718995765275257,0.7987542955326461,,,590,1868
453,453,5,1,33,1,2,3,596,1851,51,17,96,watch,0.0939957652752571,0.7987542955326461,,,647,1868
454,454,5,1,33,1,2,4,653,1851,36,17,96,face,0.1014821536600121,0.7987542955326461,,,689,1868
455,455,5,1,33,1,2,5,695,1851,41,21,96,style,0.10821234119782214,0.7996134020618557,,,736,1872
456,456,5,1,33,1,2,6,742,1851,21,17,94,of,0.11380822746521477,0.7987542955326461,,,763,1868
457,457,5,1,33,1,2,7,765,1851,27,17,93,the,0.1177404718693285,0.7987542955326461,,,792,1868
458,458,5,1,33,1,2,8,799,1851,100,17,93,smartwatch,0.12840290381125227,0.7987542955326461,,,899,1868
459,459,5,1,33,1,2,9,905,1851,74,17,96,according,0.1424682395644283,0.7987542955326461,,,979,1868
460,460,5,1,33,1,2,10,980,1853,33,19,94,to,0.15071082879612824,0.8000429553264605,,,1013,1872
461,461,5,1,33,1,2,11,1020,1851,25,17,94,the,0.15615547489413187,0.7987542955326461,,,1045,1868
462,462,5,1,33,1,2,12,1052,1851,35,17,96,first,0.1617513611615245,0.7987542955326461,,,1087,1868
463,463,5,1,33,1,2,13,1093,1854,63,14,96,context,0.17006957047791893,0.7993986254295533,,,1156,1868
464,464,4,1,33,1,3,0,760,1878,102,17,-1,,0.12265577737447066,0.810352233676976,,,862,1895
465,465,5,1,33,1,3,1,760,1878,102,17,96,information,0.12265577737447066,0.810352233676976,,,862,1895
466,466,2,1,34,0,0,0,484,2014,654,44,-1,,0.12265577737447066,0.8745704467353952,,,1138,2058
467,467,3,1,34,1,0,0,484,2014,654,44,-1,,0.12265577737447066,0.8745704467353952,,,1138,2058
468,468,4,1,34,1,1,0,484,2014,654,22,-1,,0.12265577737447066,0.8698453608247423,,,1138,2036
469,469,5,1,34,1,1,1,484,2015,64,16,96,Present,0.0780399274047187,0.8689862542955327,,,548,2031
470,470,5,1,34,1,1,2,554,2019,9,12,96,a,0.08446763460375076,0.8698453608247423,,,563,2031
471,471,5,1,34,1,1,3,568,2014,52,17,96,watch,0.08983666061705989,0.8687714776632303,,,620,2031
472,472,5,1,34,1,1,4,627,2014,35,17,96,face,0.09747428917120388,0.8687714776632303,,,662,2031
473,473,5,1,34,1,1,5,668,2017,61,19,96,pattern,0.10564125831820932,0.8704896907216495,,,729,2036
474,474,5,1,34,1,1,6,735,2014,20,17,96,of,0.11267392619479734,0.8687714776632303,,,755,2031
475,475,5,1,34,1,1,7,759,2014,26,16,93,the,0.11675741076830005,0.8685567010309279,,,785,2030
476,476,5,1,34,1,1,8,792,2014,99,17,92,smartwatch,0.12726860254083486,0.8687714776632303,,,891,2031
477,477,5,1,34,1,1,9,897,2014,86,21,95,according,0.14216575922565033,0.8696305841924399,,,983,2035
478,478,5,1,34,1,1,10,990,2017,16,13,96,to,0.15093768905021174,0.8692010309278351,,,1006,2030
479,479,5,1,34,1,1,11,1012,2014,26,17,96,the,0.15502117362371445,0.8687714776632303,,,1038,2031
480,480,5,1,34,1,1,12,1043,2014,53,17,96,watch,0.1617513611615245,0.8687714776632303,,,1096,2031
481,481,5,1,34,1,1,13,1102,2014,36,17,96,face,0.1693889897156685,0.8687714776632303,,,1138,2031
482,482,4,1,34,1,2,0,700,2041,288,17,-1,,0.12764670296430733,0.8803694158075601,,,988,2058
483,483,5,1,34,1,2,1,700,2041,10,17,14,d,0.10662431941923775,0.8803694158075601,,,710,2058
484,484,5,1,34,1,2,2,717,2042,26,16,96,the,0.1104053236539625,0.8805841924398625,,,743,2058
485,485,5,1,34,1,2,3,749,2041,60,17,41,second,0.11781609195402298,0.8803694158075601,,,809,2058
486,486,5,1,34,1,2,4,816,2044,63,14,89,context,0.12817604355716877,0.8810137457044673,,,879,2058
487,487,5,1,34,1,2,5,886,2041,102,17,94,information,0.14171203871748336,0.8803694158075601,,,988,2058
488,488,2,1,35,0,0,0,564,1999,94,1,-1,,0.09240774349667272,0.8588917525773195,,,658,2000
489,489,3,1,35,1,0,0,564,1999,94,1,-1,,0.09240774349667272,0.8588917525773195,,,658,2000
490,490,4,1,35,1,1,0,564,1999,94,1,-1,,0.09240774349667272,0.8588917525773195,,,658,2000
491,491,5,1,35,1,1,1,564,1999,94,1,95, ,0.09240774349667272,0.8588917525773195,,,658,2000
492,492,2,1,36,0,0,0,448,2000,3,70,-1,,0.06798245614035088,0.8741408934707904,,,451,2070
493,493,3,1,36,1,0,0,448,2000,3,70,-1,,0.06798245614035088,0.8741408934707904,,,451,2070
494,494,4,1,36,1,1,0,448,2000,3,70,-1,,0.06798245614035088,0.8741408934707904,,,451,2070
495,495,5,1,36,1,1,1,448,2000,3,70,95, ,0.06798245614035088,0.8741408934707904,,,451,2070
496,496,2,1,37,0,0,0,633,2041,40,21,-1,,0.09875983061101029,0.8812285223367697,,,673,2062
497,497,3,1,37,1,0,0,633,2041,40,21,-1,,0.09875983061101029,0.8812285223367697,,,673,2062
498,498,4,1,37,1,1,0,633,2041,40,21,-1,,0.09875983061101029,0.8812285223367697,,,673,2062
499,499,5,1,37,1,1,1,633,2041,40,21,96,style,0.09875983061101029,0.8812285223367697,,,673,2062
500,500,2,1,38,0,0,0,680,2047,19,11,-1,,0.10428009679370841,0.8816580756013745,,,699,2058
501,501,3,1,38,1,0,0,680,2047,19,11,-1,,0.10428009679370841,0.8816580756013745,,,699,2058
502,502,4,1,38,1,1,0,680,2047,19,11,-1,,0.10428009679370841,0.8816580756013745,,,699,2058
503,503,5,1,38,1,1,1,680,2047,19,11,95, ,0.10428009679370841,0.8816580756013745,,,699,2058
504,504,2,1,39,0,0,0,673,2075,27,2,-1,,0.10382637628554144,0.8917525773195877,,,700,2077
505,505,3,1,39,1,0,0,673,2075,27,2,-1,,0.10382637628554144,0.8917525773195877,,,700,2077
506,506,4,1,39,1,1,0,673,2075,27,2,-1,,0.10382637628554144,0.8917525773195877,,,700,2077
507,507,5,1,39,1,1,1,673,2075,27,2,95, ,0.10382637628554144,0.8917525773195877,,,700,2077
508,508,2,1,40,0,0,0,479,2071,49,10,-1,,0.07614942528735633,0.8917525773195877,,,528,2081
509,509,3,1,40,1,0,0,479,2071,49,10,-1,,0.07614942528735633,0.8917525773195877,,,528,2081
510,510,4,1,40,1,1,0,479,2071,49,10,-1,,0.07614942528735633,0.8917525773195877,,,528,2081
511,511,5,1,40,1,1,1,479,2071,49,10,95, ,0.07614942528735633,0.8917525773195877,,,528,2081
512,512,2,1,41,0,0,0,1132,1797,87,41,-1,,0.17778281911675742,0.780713058419244,,,1219,1838
513,513,3,1,41,1,0,0,1132,1797,87,41,-1,,0.17778281911675742,0.780713058419244,,,1219,1838
514,514,4,1,41,1,1,0,1132,1797,87,20,-1,,0.17778281911675742,0.7762027491408935,,,1219,1817
515,515,5,1,41,1,1,1,1132,1797,87,20,95, ,0.17778281911675742,0.7762027491408935,,,1219,1817
516,516,4,1,41,1,2,0,1156,1817,63,21,-1,,0.17959770114942528,0.7850085910652921,,,1219,1838
517,517,5,1,41,1,2,1,1156,1817,63,21,95, ,0.17959770114942528,0.7850085910652921,,,1219,1838
518,518,2,1,42,0,0,0,1170,1836,5,78,-1,,0.17732909860859045,0.8054123711340206,,,1175,1914
519,519,3,1,42,1,0,0,1170,1836,5,78,-1,,0.17732909860859045,0.8054123711340206,,,1175,1914
520,520,4,1,42,1,1,0,1170,1836,5,78,-1,,0.17732909860859045,0.8054123711340206,,,1175,1914
521,521,5,1,42,1,1,1,1170,1836,5,78,95, ,0.17732909860859045,0.8054123711340206,,,1175,1914
522,522,2,1,43,0,0,0,1169,1964,1,2,-1,,0.17687537810042347,0.8440721649484536,,,1170,1966
523,523,3,1,43,1,0,0,1169,1964,1,2,-1,,0.17687537810042347,0.8440721649484536,,,1170,1966
524,524,4,1,43,1,1,0,1169,1964,1,2,-1,,0.17687537810042347,0.8440721649484536,,,1170,1966
525,525,5,1,43,1,1,1,1169,1964,1,2,95, ,0.17687537810042347,0.8440721649484536,,,1170,1966
526,526,2,1,44,0,0,0,1187,1960,31,17,-1,,0.18186630369026013,0.8455756013745704,,,1218,1977
527,527,3,1,44,1,0,0,1187,1960,31,17,-1,,0.18186630369026013,0.8455756013745704,,,1218,1977
528,528,4,1,44,1,1,0,1187,1960,31,17,-1,,0.18186630369026013,0.8455756013745704,,,1218,1977
529,529,5,1,44,1,1,1,1187,1960,31,17,95,203,0.18186630369026013,0.8455756013745704,,,1218,1977
530,530,2,1,45,0,0,0,1169,1976,1,5,-1,,0.17687537810042347,0.8498711340206185,,,1170,1981
531,531,3,1,45,1,0,0,1169,1976,1,5,-1,,0.17687537810042347,0.8498711340206185,,,1170,1981
532,532,4,1,45,1,1,0,1169,1976,1,5,-1,,0.17687537810042347,0.8498711340206185,,,1170,1981
533,533,5,1,45,1,1,1,1169,1976,1,5,95, ,0.17687537810042347,0.8498711340206185,,,1170,1981
534,534,2,1,46,0,0,0,1169,1996,1,5,-1,,0.17687537810042347,0.8584621993127147,,,1170,2001
535,535,3,1,46,1,0,0,1169,1996,1,5,-1,,0.17687537810042347,0.8584621993127147,,,1170,2001
536,536,4,1,46,1,1,0,1169,1996,1,5,-1,,0.17687537810042347,0.8584621993127147,,,1170,2001
537,537,5,1,46,1,1,1,1169,1996,1,5,95, ,0.17687537810042347,0.8584621993127147,,,1170,2001
538,538,2,1,47,0,0,0,1171,1999,4,77,-1,,0.17740471869328495,0.8752147766323024,,,1175,2076
539,539,3,1,47,1,0,0,1171,1999,4,77,-1,,0.17740471869328495,0.8752147766323024,,,1175,2076
540,540,4,1,47,1,1,0,1171,1999,4,77,-1,,0.17740471869328495,0.8752147766323024,,,1175,2076
541,541,5,1,47,1,1,1,1171,1999,4,77,95, ,0.17740471869328495,0.8752147766323024,,,1175,2076
542,542,2,1,48,0,0,0,1107,2070,68,11,-1,,0.17256503327283726,0.8915378006872853,,,1175,2081
543,543,3,1,48,1,0,0,1107,2070,68,11,-1,,0.17256503327283726,0.8915378006872853,,,1175,2081
544,544,4,1,48,1,1,0,1107,2070,68,11,-1,,0.17256503327283726,0.8915378006872853,,,1175,2081
545,545,5,1,48,1,1,1,1107,2070,68,11,95, ,0.17256503327283726,0.8915378006872853,,,1175,2081
546,546,2,1,49,0,0,0,807,2157,66,21,-1,,0.12704174228675136,0.9310567010309279,,,873,2178
547,547,3,1,49,1,0,0,807,2157,66,21,-1,,0.12704174228675136,0.9310567010309279,,,873,2178
548,548,4,1,49,1,1,0,807,2157,66,21,-1,,0.12704174228675136,0.9310567010309279,,,873,2178
549,549,5,1,49,1,1,1,807,2157,45,21,95,FIG,0.12545372050816697,0.9310567010309279,,,852,2178
550,550,5,1,49,1,1,2,861,2157,12,21,95,2,0.13112522686025407,0.9310567010309279,,,873,2178
551,551,2,1,50,0,0,0,716,2270,259,16,-1,,0.1278735632183908,0.9785223367697594,,,975,2286
552,552,3,1,50,1,0,0,716,2270,259,16,-1,,0.1278735632183908,0.9785223367697594,,,975,2286
553,553,4,1,50,1,1,0,716,2270,259,16,-1,,0.1278735632183908,0.9785223367697594,,,975,2286
554,554,5,1,50,1,1,1,716,2270,49,12,96,Printed,0.11199334543254688,0.9776632302405498,,,765,2282
555,555,5,1,50,1,1,2,771,2270,15,16,96,by,0.1177404718693285,0.9785223367697594,,,786,2286
556,556,5,1,50,1,1,3,792,2270,45,14,96,"Jouve,",0.12318511796733213,0.9780927835051546,,,837,2284
557,557,5,1,50,1,1,4,843,2270,41,12,96,75001,0.13059588626739263,0.9776632302405498,,,884,2282
558,558,5,1,50,1,1,5,893,2270,46,12,96,PARIS,0.1385359951603146,0.9776632302405498,,,939,2282
559,559,5,1,50,1,1,6,945,2270,30,16,95,(FR),0.14519056261343014,0.9785223367697594,,,975,2286
