,Unnamed: 0,level,page_num,block_num,par_num,line_num,word_num,left,top,width,height,conf,text,x,y,label,target,right,bottom
0,0,1,1,0,0,0,0,0,0,1653,2328,-1,,0.125,0.5,,,1653,2328
1,1,2,1,1,0,0,0,144,1905,31,328,-1,,0.02412280701754386,0.8887457044673539,,,175,2233
2,2,3,1,1,1,0,0,144,1905,31,328,-1,,0.02412280701754386,0.8887457044673539,,,175,2233
3,3,4,1,1,1,1,0,144,1905,31,328,-1,,0.02412280701754386,0.8887457044673539,,,175,2233
4,4,5,1,1,1,1,1,144,2179,30,54,95,EP,0.024047186932849365,0.947594501718213,,,174,2233
5,5,5,1,1,1,1,2,144,2142,31,21,95,3,0.02412280701754386,0.9246134020618557,,,175,2163
6,6,5,1,1,1,1,3,144,2055,31,71,95,382,0.02412280701754386,0.8979810996563574,,,175,2126
7,7,5,1,1,1,1,4,144,1969,31,70,91,619,0.02412280701754386,0.8608247422680413,,,175,2039
8,8,5,1,1,1,1,5,144,1905,30,50,91,A1,0.024047186932849365,0.8290378006872853,,,174,1955
9,9,2,1,2,0,0,0,429,153,88,28,-1,,0.07153660012099214,0.07173539518900343,,,517,181
10,10,3,1,2,1,0,0,429,153,88,28,-1,,0.07153660012099214,0.07173539518900343,,,517,181
11,11,4,1,2,1,1,0,429,153,88,16,-1,,0.07153660012099214,0.06915807560137457,,,517,169
12,12,5,1,2,1,1,1,429,153,88,16,84,Europaisches,0.07153660012099214,0.06915807560137457,,,517,169
13,13,4,1,2,1,2,0,429,170,71,11,-1,,0.07025105868118572,0.07538659793814433,,,500,181
14,14,5,1,2,1,2,1,429,170,71,11,96,Patentamt,0.07025105868118572,0.07538659793814433,,,500,181
15,15,2,1,3,0,0,0,429,196,89,28,-1,,0.07161222020568662,0.09020618556701031,,,518,224
16,16,3,1,3,1,0,0,429,196,89,28,-1,,0.07161222020568662,0.09020618556701031,,,518,224
17,17,4,1,3,1,1,0,429,196,63,15,-1,,0.06964609800362977,0.08741408934707903,,,492,211
18,18,5,1,3,1,1,1,429,196,63,15,95,European,0.06964609800362977,0.08741408934707903,,,492,211
19,19,4,1,3,1,2,0,429,212,89,12,-1,,0.07161222020568662,0.0936426116838488,,,518,224
20,20,5,1,3,1,2,1,429,213,43,11,96,Patent,0.06813369630973987,0.0938573883161512,,,472,224
21,21,5,1,3,1,2,2,478,212,40,12,90,Office,0.07531760435571688,0.0936426116838488,,,518,224
22,22,2,1,4,0,0,0,429,239,109,28,-1,,0.07312462189957653,0.10867697594501718,,,538,267
23,23,3,1,4,1,0,0,429,239,109,28,-1,,0.07312462189957653,0.10867697594501718,,,538,267
24,24,4,1,4,1,1,0,429,239,109,15,-1,,0.07312462189957653,0.10588487972508591,,,538,254
25,25,5,1,4,1,1,1,429,239,40,12,93,Office,0.06790683605565638,0.1052405498281787,,,469,251
26,26,5,1,4,1,1,2,474,239,64,15,93,europ√©en,0.0765275257108288,0.10588487972508591,,,538,254
27,27,4,1,4,1,2,0,429,255,77,12,-1,,0.0707047791893527,0.11211340206185567,,,506,267
28,28,5,1,4,1,2,1,429,255,22,12,95,des,0.06654567453115548,0.11211340206185567,,,451,267
29,29,5,1,4,1,2,2,457,255,49,12,82,brevets,0.07282214156079855,0.11211340206185567,,,506,267
30,30,2,1,5,0,0,0,281,136,274,150,-1,,0.06321839080459771,0.09063573883161512,,,555,286
31,31,3,1,5,1,0,0,281,136,274,150,-1,,0.06321839080459771,0.09063573883161512,,,555,286
32,32,4,1,5,1,1,0,281,136,274,150,-1,,0.06321839080459771,0.09063573883161512,,,555,286
33,33,5,1,5,1,1,1,281,136,274,150,95, ,0.06321839080459771,0.09063573883161512,,,555,286
34,34,2,1,6,0,0,0,225,324,45,26,-1,,0.037431941923774956,0.14475945017182132,,,270,350
35,35,3,1,6,1,0,0,225,324,45,26,-1,,0.037431941923774956,0.14475945017182132,,,270,350
36,36,4,1,6,1,1,0,225,324,45,26,-1,,0.037431941923774956,0.14475945017182132,,,270,350
37,37,5,1,6,1,1,1,225,324,45,26,96,(12),0.037431941923774956,0.14475945017182132,,,270,350
38,38,2,1,7,0,0,0,225,395,415,53,-1,,0.06541137326073805,0.18105670103092783,,,640,448
39,39,3,1,7,1,0,0,225,395,415,53,-1,,0.06541137326073805,0.18105670103092783,,,640,448
40,40,4,1,7,1,1,0,225,395,282,26,-1,,0.05535390199637023,0.17525773195876287,,,507,421
41,41,5,1,7,1,1,1,225,395,45,26,92,(43),0.037431941923774956,0.17525773195876287,,,270,421
42,42,5,1,7,1,1,2,285,397,222,23,90,Verdffentlichungstag:,0.05989110707803993,0.17547250859106528,,,507,420
43,43,4,1,7,1,2,0,286,430,354,18,-1,,0.07002419842710224,0.18857388316151202,,,640,448
44,44,5,1,7,1,2,1,286,430,117,18,92,03.10.2018,0.052102238354506954,0.18857388316151202,publication_date,03.10.2018,403,448
45,45,5,1,7,1,2,2,426,430,121,18,90,Patentblatt,0.0735783424077435,0.18857388316151202,,,547,448
46,46,5,1,7,1,2,3,555,430,85,18,96,2018/40,0.09036600120992136,0.18857388316151202,,,640,448
47,47,2,1,8,0,0,0,225,493,379,26,-1,,0.06268905021173624,0.21735395189003437,,,604,519
48,48,3,1,8,1,0,0,225,493,379,26,-1,,0.06268905021173624,0.21735395189003437,,,604,519
49,49,4,1,8,1,1,0,225,493,379,26,-1,,0.06268905021173624,0.21735395189003437,,,604,519
50,50,5,1,8,1,1,1,225,493,45,26,91,(21),0.037431941923774956,0.21735395189003437,,,270,519
51,51,5,1,8,1,1,2,285,495,186,18,91,Anmeldenummer:,0.05716878402903811,0.21649484536082475,,,471,513
52,52,5,1,8,1,1,3,481,495,123,18,92,18165403.9,0.08204779189352691,0.21649484536082475,application_number,18165403.9,604,513
53,53,2,1,9,0,0,0,225,559,319,26,-1,,0.05815184513006655,0.24570446735395188,,,544,585
54,54,3,1,9,1,0,0,225,559,319,26,-1,,0.05815184513006655,0.24570446735395188,,,544,585
55,55,4,1,9,1,1,0,225,559,319,26,-1,,0.05815184513006655,0.24570446735395188,,,544,585
56,56,5,1,9,1,1,1,225,559,45,26,93,(22),0.037431941923774956,0.24570446735395188,,,270,585
57,57,5,1,9,1,1,2,285,561,131,23,92,Anmeldetag:,0.0530096793708409,0.24591924398625428,,,416,584
58,58,5,1,9,1,1,3,426,561,118,18,96,03.04.2018,0.07335148215366001,0.24484536082474226,filing_date,03.04.2018,544,579
59,59,2,1,10,0,0,0,1146,245,314,32,-1,,0.1970659407138536,0.11211340206185567,,,1460,277
60,60,3,1,10,1,0,0,1146,245,314,32,-1,,0.1970659407138536,0.11211340206185567,,,1460,277
61,61,4,1,10,1,1,0,1146,245,314,32,-1,,0.1970659407138536,0.11211340206185567,,,1460,277
62,62,5,1,10,1,1,1,1146,245,52,32,96,EP,0.17725347852389595,0.11211340206185567,number,EP,1198,277
63,63,5,1,10,1,1,2,1214,245,20,32,96,3,0.1851179673321234,0.11211340206185567,number,3,1234,277
64,64,5,1,10,1,1,3,1249,245,68,32,95,382,0.1940411373260738,0.11211340206185567,number,382,1317,277
65,65,5,1,10,1,1,4,1332,245,67,32,90,619,0.20651845130066546,0.11211340206185567,number,619,1399,277
66,66,5,1,10,1,1,5,1413,245,47,32,88,A1,0.21725650332728372,0.11211340206185567,number,A1,1460,277
67,67,2,1,11,0,0,0,1360,142,21,67,-1,,0.2072746521476104,0.07538659793814433,,,1381,209
68,68,3,1,11,1,0,0,1360,142,21,67,-1,,0.2072746521476104,0.07538659793814433,,,1381,209
69,69,4,1,11,1,1,0,1360,142,21,67,-1,,0.2072746521476104,0.07538659793814433,,,1381,209
70,70,5,1,11,1,1,1,1360,142,21,67,95, ,0.2072746521476104,0.07538659793814433,,,1381,209
71,71,2,1,12,0,0,0,1002,256,44,27,-1,,0.15486993345432548,0.11576460481099657,,,1046,283
72,72,3,1,12,1,0,0,1002,256,44,27,-1,,0.15486993345432548,0.11576460481099657,,,1046,283
73,73,4,1,12,1,1,0,1002,256,44,27,-1,,0.15486993345432548,0.11576460481099657,,,1046,283
74,74,5,1,12,1,1,1,1002,256,44,27,80,(11),0.15486993345432548,0.11576460481099657,,,1046,283
75,75,2,1,13,0,0,0,559,314,573,31,-1,,0.1278735632183908,0.14153780068728522,,,1132,345
76,76,3,1,13,1,0,0,559,314,573,31,-1,,0.1278735632183908,0.14153780068728522,,,1132,345
77,77,4,1,13,1,1,0,559,314,573,31,-1,,0.1278735632183908,0.14153780068728522,,,1132,345
78,78,5,1,13,1,1,1,559,314,230,31,92,EUROPAISCHE,0.10193587416817906,0.14153780068728522,,,789,345
79,79,5,1,13,1,1,2,802,319,330,26,91,PATENTANMELDUNG,0.14624924379915305,0.14261168384879724,,,1132,345
80,80,2,1,14,0,0,0,862,395,126,26,-1,,0.13989715668481548,0.17525773195876287,,,988,421
81,81,3,1,14,1,0,0,862,395,126,26,-1,,0.13989715668481548,0.17525773195876287,,,988,421
82,82,4,1,14,1,1,0,862,395,126,26,-1,,0.13989715668481548,0.17525773195876287,,,988,421
83,83,5,1,14,1,1,1,862,395,44,26,67,(51),0.1336963097398669,0.17525773195876287,,,906,421
84,84,5,1,14,1,1,2,923,397,25,18,93,Int,0.1414851784633999,0.17439862542955326,,,948,415
85,85,5,1,14,1,1,3,955,397,33,18,65,Cl:,0.14692982456140352,0.17439862542955326,,,988,415
86,86,2,1,15,0,0,0,923,425,472,23,-1,,0.1752873563218391,0.1875,,,1395,448
87,87,3,1,15,1,0,0,923,425,472,23,-1,,0.1752873563218391,0.1875,,,1395,448
88,88,4,1,15,1,1,0,923,425,472,23,-1,,0.1752873563218391,0.1875,,,1395,448
89,89,5,1,15,1,1,1,923,428,62,20,55,GO6Q,0.1442831215970962,0.18814432989690721,class_international,G06Q,985,448
90,90,5,1,15,1,1,2,994,428,57,18,89,10/06,0.15464307320024198,0.1877147766323024,class_international,10/06,1051,446
91,91,5,1,15,1,1,3,1057,425,67,16,73,(2072.7),0.16492740471869327,0.18599656357388317,,,1124,441
92,92,5,1,15,1,1,4,1194,428,62,20,43,GO6Q,0.1852692075015124,0.18814432989690721,,,1256,448
93,93,5,1,15,1,1,5,1265,428,58,18,84,10/00,0.1957047791893527,0.1877147766323024,,,1323,446
94,94,5,1,15,1,1,6,1328,425,67,16,80,2012.01),0.20591349062310949,0.18599656357388317,,,1395,441
95,95,2,1,16,0,0,0,224,611,1243,8,-1,,0.1278735632183908,0.26417525773195877,,,1467,619
96,96,3,1,16,1,0,0,224,611,1243,8,-1,,0.1278735632183908,0.26417525773195877,,,1467,619
97,97,4,1,16,1,1,0,224,611,1243,8,-1,,0.1278735632183908,0.26417525773195877,,,1467,619
98,98,5,1,16,1,1,1,224,611,1243,8,95, ,0.1278735632183908,0.26417525773195877,,,1467,619
99,99,2,1,17,0,0,0,225,631,599,250,-1,,0.07932546884452511,0.3247422680412371,,,824,881
100,100,3,1,17,1,0,0,225,631,599,250,-1,,0.07932546884452511,0.3247422680412371,,,824,881
101,101,4,1,17,1,1,0,225,631,342,27,-1,,0.05989110707803993,0.2768470790378007,,,567,658
102,102,5,1,17,1,1,1,225,631,45,27,93,(84),0.037431941923774956,0.2768470790378007,,,270,658
103,103,5,1,17,1,1,2,286,633,100,19,93,Benannte,0.050816696914700546,0.2759879725085911,,,386,652
104,104,5,1,17,1,1,3,393,633,174,23,92,Vertragsstaaten:,0.07259528130671507,0.2768470790378007,,,567,656
105,105,4,1,17,1,2,0,285,666,537,18,-1,,0.08371143375680581,0.28994845360824745,,,822,684
106,106,5,1,17,1,2,1,285,666,31,18,94,AL,0.04544767090139141,0.28994845360824745,,,316,684
107,107,5,1,17,1,2,2,323,666,31,18,94,AT,0.05119479733817302,0.28994845360824745,,,354,684
108,108,5,1,17,1,2,3,363,666,30,18,95,BE,0.05716878402903811,0.28994845360824745,,,393,684
109,109,5,1,17,1,2,4,403,666,32,18,95,BG,0.0633696309739867,0.28994845360824745,,,435,684
110,110,5,1,17,1,2,5,445,666,31,18,95,CH,0.06964609800362977,0.28994845360824745,,,476,684
111,111,5,1,17,1,2,6,486,666,32,18,96,CY,0.07592256503327284,0.28994845360824745,,,518,684
112,112,5,1,17,1,2,7,526,666,30,18,96,CZ,0.08182093163944344,0.28994845360824745,,,556,684
113,113,5,1,17,1,2,8,565,666,30,18,96,DE,0.08771929824561403,0.28994845360824745,,,595,684
114,114,5,1,17,1,2,9,605,666,32,18,93,DK,0.09392014519056262,0.28994845360824745,,,637,684
115,115,5,1,17,1,2,10,646,666,29,18,93,EE,0.0998941318814277,0.28994845360824745,,,675,684
116,116,5,1,17,1,2,11,684,666,29,18,93,ES,0.10564125831820932,0.28994845360824745,,,713,684
117,117,5,1,17,1,2,12,723,666,99,18,86,FIFRGB,0.11683303085299455,0.28994845360824745,,,822,684
118,118,4,1,17,1,3,0,285,699,539,18,-1,,0.0838626739261948,0.30412371134020616,,,824,717
119,119,5,1,17,1,3,1,285,699,35,18,94,GR,0.04575015124016939,0.30412371134020616,,,320,717
120,120,5,1,17,1,3,2,328,699,32,18,94,HR,0.05202661826981246,0.30412371134020616,,,360,717
121,121,5,1,17,1,3,3,368,699,14,18,41,HU,0.05671506352087114,0.30412371134020616,,,382,717
122,122,5,1,17,1,3,4,385,699,43,18,41,IE,0.06147912885662432,0.30412371134020616,,,428,717
123,123,5,1,17,1,3,5,436,699,20,18,47,IS,0.06745311554748941,0.30412371134020616,,,456,717
124,124,5,1,17,1,3,6,464,699,20,18,47,IT,0.07168784029038112,0.30412371134020616,,,484,717
125,125,5,1,17,1,3,7,492,699,54,18,83,LILT,0.07849364791288566,0.30412371134020616,,,546,717
126,126,5,1,17,1,3,8,554,699,28,18,75,LU,0.08590441621294616,0.30412371134020616,,,582,717
127,127,5,1,17,1,3,9,591,699,28,18,75,LV,0.09150030248033877,0.30412371134020616,,,619,717
128,128,5,1,17,1,3,10,627,699,35,18,95,MC,0.09747428917120388,0.30412371134020616,,,662,717
129,129,5,1,17,1,3,11,670,699,35,18,94,MK,0.10397761645493044,0.30412371134020616,,,705,717
130,130,5,1,17,1,3,12,713,699,32,18,93,MT,0.11025408348457351,0.30412371134020616,,,745,717
131,131,5,1,17,1,3,13,753,699,29,18,20,NL,0.11607683000604961,0.30412371134020616,,,782,717
132,132,5,1,17,1,3,14,791,699,33,18,20,NO,0.1221264367816092,0.30412371134020616,,,824,717
133,133,4,1,17,1,4,0,286,732,336,18,-1,,0.06866303690260134,0.31829896907216493,,,622,750
134,134,5,1,17,1,4,1,286,732,28,18,95,PL,0.045372050816696916,0.31829896907216493,,,314,750
135,135,5,1,17,1,4,2,323,732,29,18,92,PT,0.05104355716878403,0.31829896907216493,,,352,750
136,136,5,1,17,1,4,3,360,732,58,18,92,RORS,0.058832425892317,0.31829896907216493,,,418,750
137,137,5,1,17,1,4,4,420,732,52,18,96,SE,0.06745311554748941,0.31829896907216493,,,472,750
138,138,5,1,17,1,4,5,480,732,20,18,91,SI,0.07410768300060495,0.31829896907216493,,,500,750
139,139,5,1,17,1,4,6,510,732,31,18,91,SK,0.0794767090139141,0.31829896907216493,,,541,750
140,140,5,1,17,1,4,7,550,732,72,18,91,SMTR,0.08862673926194797,0.31829896907216493,,,622,750
141,141,4,1,17,1,5,0,286,765,330,23,-1,,0.06820931639443437,0.3335481099656357,,,616,788
142,142,5,1,17,1,5,1,286,765,100,18,92,Benannte,0.050816696914700546,0.3324742268041237,,,386,783
143,143,5,1,17,1,5,2,395,765,221,23,91,Erstreckungsstaaten:,0.0764519056261343,0.3335481099656357,,,616,788
144,144,4,1,17,1,6,0,286,797,74,19,-1,,0.04885057471264368,0.34643470790378006,,,360,816
145,145,5,1,17,1,6,1,286,797,33,19,96,BA,0.04575015124016939,0.34643470790378006,,,319,816
146,146,5,1,17,1,6,2,327,797,33,19,96,ME,0.05195099818511797,0.34643470790378006,,,360,816
147,147,4,1,17,1,7,0,286,830,322,23,-1,,0.06760435571687841,0.36146907216494845,,,608,853
148,148,5,1,17,1,7,1,286,830,100,18,92,Benannte,0.050816696914700546,0.3603951890034364,,,386,848
149,149,5,1,17,1,7,2,393,830,215,23,92,Validierungsstaaten:,0.07569570477918935,0.36146907216494845,,,608,853
150,150,4,1,17,1,8,0,286,863,157,18,-1,,0.055127041742286755,0.3745704467353952,,,443,881
151,151,5,1,17,1,8,1,286,863,31,18,95,KH,0.0455989110707804,0.3745704467353952,,,317,881
152,152,5,1,17,1,8,2,327,863,35,18,96,MA,0.052102238354506954,0.3745704467353952,,,362,881
153,153,5,1,17,1,8,3,371,863,34,18,95,MD,0.05868118572292801,0.3745704467353952,,,405,881
154,154,5,1,17,1,8,4,413,863,30,18,95,TN,0.0647307924984876,0.3745704467353952,,,443,881
155,155,2,1,18,0,0,0,225,927,450,26,-1,,0.06805807622504537,0.40378006872852235,,,675,953
156,156,3,1,18,1,0,0,225,927,450,26,-1,,0.06805807622504537,0.40378006872852235,,,675,953
157,157,4,1,18,1,1,0,225,927,450,26,-1,,0.06805807622504537,0.40378006872852235,,,675,953
158,158,5,1,18,1,1,1,225,927,45,26,92,(30),0.037431941923774956,0.40378006872852235,,,270,953
159,159,5,1,18,1,1,2,286,929,86,18,59,Prioritat:,0.04975801572897762,0.4029209621993127,,,372,947
160,160,5,1,18,1,1,3,383,929,118,18,94,30.03.2017,0.06684815486993345,0.4029209621993127,priority_date_eu,30.03.2017,501,947
161,161,5,1,18,1,1,4,518,929,32,18,94,AT,0.08076225045372051,0.4029209621993127,,,550,947
162,162,5,1,18,1,1,5,558,929,117,18,96,502522017,0.09323956442831216,0.4029209621993127,,,675,947
163,163,2,1,19,0,0,0,225,992,348,26,-1,,0.0603448275862069,0.43170103092783507,,,573,1018
164,164,3,1,19,1,0,0,225,992,348,26,-1,,0.0603448275862069,0.43170103092783507,,,573,1018
165,165,4,1,19,1,1,0,225,992,348,26,-1,,0.0603448275862069,0.43170103092783507,,,573,1018
166,166,5,1,19,1,1,1,225,992,45,26,93,(71),0.037431941923774956,0.43170103092783507,,,270,1018
167,167,5,1,19,1,1,2,285,994,106,18,91,Anmelder:,0.051119177253478525,0.43084192439862545,,,391,1012
168,168,5,1,19,1,1,3,400,994,47,18,96,AVL,0.06405021173623715,0.43084192439862545,applicant_line_1,AVL,447,1012
169,169,5,1,19,1,1,4,456,994,41,18,96,List,0.0720659407138536,0.43084192439862545,applicant_line_1,List,497,1012
170,170,5,1,19,1,1,5,504,994,69,18,96,GmbH,0.08144283121597096,0.43084192439862545,applicant_line_1,GmbH,573,1012
171,171,2,1,20,0,0,0,844,614,4,468,-1,,0.1279491833030853,0.3642611683848797,,,848,1082
172,172,3,1,20,1,0,0,844,614,4,468,-1,,0.1279491833030853,0.3642611683848797,,,848,1082
173,173,4,1,20,1,1,0,844,614,4,468,-1,,0.1279491833030853,0.3642611683848797,,,848,1082
174,174,5,1,20,1,1,1,844,614,4,468,95, ,0.1279491833030853,0.3642611683848797,,,848,1082
175,175,2,1,21,0,0,0,862,631,256,157,-1,,0.14972776769509982,0.30476804123711343,,,1118,788
176,176,3,1,21,1,0,0,862,631,256,157,-1,,0.14972776769509982,0.30476804123711343,,,1118,788
177,177,4,1,21,1,1,0,862,631,147,27,-1,,0.1414851784633999,0.2768470790378007,,,1009,658
178,178,5,1,21,1,1,1,862,631,44,27,90,(72),0.1336963097398669,0.2768470790378007,,,906,658
179,179,5,1,21,1,1,2,923,633,86,19,89,Erfinder:,0.14609800362976408,0.2759879725085911,,,1009,652
180,180,4,1,21,1,2,0,898,666,152,22,-1,,0.147307924984876,0.29080756013745707,,,1050,688
181,181,5,1,21,1,2,1,898,671,7,8,48,¬¢,0.13634301270417423,0.28994845360824745,,,905,679
182,182,5,1,21,1,2,2,923,666,75,22,93,"Martin,",0.14526618269812464,0.29080756013745707,inventor_line_1,"Martin,",998,688
183,183,5,1,21,1,2,3,1008,666,42,18,87,Piffl,0.15562613430127042,0.28994845360824745,inventor_line_1,Piffl,1050,684
184,184,4,1,21,1,3,0,922,699,165,23,-1,,0.15192075015124018,0.30519759450171824,,,1087,722
185,185,5,1,21,1,3,1,922,699,51,18,96,8010,0.14330006049606775,0.30412371134020616,,,973,717
186,186,5,1,21,1,3,2,981,699,53,18,95,Graz,0.15237447065940715,0.30412371134020616,,,1034,717
187,187,5,1,21,1,3,3,1042,699,45,23,95,(AT),0.16099516031457956,0.30519759450171824,,,1087,722
188,188,4,1,21,1,4,0,898,732,220,22,-1,,0.15245009074410162,0.31915807560137455,,,1118,754
189,189,5,1,21,1,4,1,898,737,7,8,34,¬¢,0.13634301270417423,0.31829896907216493,,,905,745
190,190,5,1,21,1,4,2,922,732,119,22,64,"Schiissler,",0.1484422262552934,0.31915807560137455,,,1041,754
191,191,5,1,21,1,4,3,1050,732,68,18,96,Martin,0.16394434361766486,0.31829896907216493,,,1118,750
192,192,4,1,21,1,5,0,922,765,165,23,-1,,0.15192075015124018,0.3335481099656357,,,1087,788
193,193,5,1,21,1,5,1,922,765,51,18,96,8010,0.14330006049606775,0.3324742268041237,,,973,783
194,194,5,1,21,1,5,2,981,765,53,18,96,Graz,0.15237447065940715,0.3324742268041237,,,1034,783
195,195,5,1,21,1,5,3,1042,765,45,23,96,(AT),0.16099516031457956,0.3335481099656357,,,1087,788
196,196,2,1,22,0,0,0,862,828,584,156,-1,,0.17453115547489415,0.38917525773195877,,,1446,984
197,197,3,1,22,1,0,0,862,828,584,156,-1,,0.17453115547489415,0.38917525773195877,,,1446,984
198,198,4,1,22,1,1,0,862,828,372,26,-1,,0.15849969751966123,0.36125429553264604,,,1234,854
199,199,5,1,22,1,1,1,862,828,44,26,92,(74),0.1336963097398669,0.36125429553264604,,,906,854
200,200,5,1,22,1,1,2,921,830,97,18,91,Vertreter:,0.14662734422262552,0.3603951890034364,,,1018,848
201,201,5,1,22,1,1,3,1027,830,113,23,91,"Wallinger,",0.16386872353297036,0.36146907216494845,representative_line_1_eu,"Wallinger,",1140,853
202,202,5,1,22,1,1,4,1149,830,85,18,96,Michael,0.18020266182698125,0.3603951890034364,representative_line_1_eu,Michael,1234,848
203,203,4,1,22,1,2,0,921,863,416,23,-1,,0.1707501512401694,0.3756443298969072,,,1337,886
204,204,5,1,22,1,2,1,921,863,108,23,91,Wallinger,0.14745916515426497,0.3756443298969072,,,1029,886
205,205,5,1,22,1,2,2,1037,863,71,18,93,Ricker,0.16220508166969147,0.3745704467353952,,,1108,881
206,206,5,1,22,1,2,3,1116,863,103,18,91,Schlotter,0.1765728977616455,0.3745704467353952,,,1219,881
207,207,5,1,22,1,2,4,1225,863,112,18,91,Tostmann,0.19373865698729584,0.3745704467353952,,,1337,881
208,208,4,1,22,1,3,0,923,895,523,19,-1,,0.1791439806412583,0.38853092783505155,,,1446,914
209,209,5,1,22,1,3,1,923,895,78,19,92,Patent-,0.1454930429522081,0.38853092783505155,,,1001,914
210,210,5,1,22,1,3,2,1010,895,41,19,93,und,0.1558529945553539,0.38853092783505155,,,1051,914
211,211,5,1,22,1,3,3,1061,895,164,19,88,Rechtsanwalte,0.17286751361161526,0.38853092783505155,,,1225,914
212,212,5,1,22,1,3,4,1235,895,152,19,89,Partnerschaft,0.19827586206896552,0.38853092783505155,,,1387,914
213,213,5,1,22,1,3,5,1394,895,52,19,91,mbB,0.2147610405323654,0.38853092783505155,,,1446,914
214,214,4,1,22,1,4,0,921,929,270,18,-1,,0.15970961887477314,0.4029209621993127,,,1191,947
215,215,5,1,22,1,4,1,921,929,229,18,76,Zweibriickenstrasse,0.15660919540229884,0.4029209621993127,,,1150,947
216,216,5,1,22,1,4,2,1158,929,33,18,96,5-7,0.17763157894736842,0.4029209621993127,,,1191,947
217,217,4,1,22,1,5,0,922,961,231,23,-1,,0.15691167574107684,0.4177405498281787,,,1153,984
218,218,5,1,22,1,5,1,922,961,62,19,93,80331,0.1441318814277072,0.4168814432989691,,,984,980
219,219,5,1,22,1,5,2,996,961,101,19,70,Miinchen,0.15827283726557773,0.4168814432989691,,,1097,980
220,220,5,1,22,1,5,3,1107,961,46,23,96,(DE),0.17090139140955837,0.4177405498281787,,,1153,984
221,221,2,1,23,0,0,0,224,1077,1243,8,-1,,0.1278735632183908,0.4643470790378007,,,1467,1085
222,222,3,1,23,1,0,0,224,1077,1243,8,-1,,0.1278735632183908,0.4643470790378007,,,1467,1085
223,223,4,1,23,1,1,0,224,1077,1243,8,-1,,0.1278735632183908,0.4643470790378007,,,1467,1085
224,224,5,1,23,1,1,1,224,1077,1243,8,95, ,0.1278735632183908,0.4643470790378007,,,1467,1085
225,225,2,1,24,0,0,0,225,1027,648,173,-1,,0.08303085299455536,0.47830756013745707,,,873,1200
226,226,3,1,24,1,0,0,225,1027,648,173,-1,,0.08303085299455536,0.47830756013745707,,,873,1200
227,227,4,1,24,1,1,0,286,1027,164,23,-1,,0.05565638233514821,0.44609106529209624,,,450,1050
228,228,5,1,24,1,1,1,286,1027,51,18,96,8020,0.047111312764670295,0.44501718213058417,,,337,1045
229,229,5,1,24,1,1,2,345,1027,52,18,93,Graz,0.056110102843315184,0.44501718213058417,,,397,1045
230,230,5,1,24,1,1,3,405,1027,45,23,93,(AT),0.06465517241379311,0.44609106529209624,,,450,1050
231,231,4,1,24,1,2,0,225,1099,648,26,-1,,0.08303085299455536,0.47766323024054985,,,873,1125
232,232,5,1,24,1,2,1,225,1099,45,26,74,(54),0.037431941923774956,0.47766323024054985,,,270,1125
233,233,5,1,24,1,2,2,316,1099,314,21,74,ROBUSTHEITSANALYSE,0.07153660012099214,0.47658934707903783,title_line_1,ROBUSTHEITSANALYSE,630,1120
234,234,5,1,24,1,2,3,641,1099,41,20,93,BEI,0.10004537205081669,0.47637457044673537,title_line_1,BEI,682,1119
235,235,5,1,24,1,2,4,693,1099,180,21,91,FAHRZEUGEN,0.11842105263157894,0.47658934707903783,title_line_1,FAHRZEUGEN,873,1120
236,236,4,1,24,1,3,0,225,1173,581,27,-1,,0.0779643073200242,0.5096649484536082,,,806,1200
237,237,5,1,24,1,3,1,225,1173,45,27,91,(57),0.037431941923774956,0.5096649484536082,,,270,1200
238,238,5,1,24,1,3,2,316,1175,33,19,53,Die,0.05028735632183908,0.5088058419243986,,,349,1194
239,239,5,1,24,1,3,3,358,1175,85,19,93,Erfindung,0.06057168784029038,0.5088058419243986,,,443,1194
240,240,5,1,24,1,3,4,445,1175,85,24,90,betrifft,0.07372958257713248,0.5098797250859106,,,530,1199
241,241,5,1,24,1,3,5,536,1175,30,19,96,ein,0.08333333333333333,0.5088058419243986,,,566,1194
242,242,5,1,24,1,3,6,573,1175,103,19,96,Verfahren,0.09444948578342408,0.5088058419243986,,,676,1194
243,243,5,1,24,1,3,7,685,1175,36,19,96,und,0.10632183908045977,0.5088058419243986,,,721,1194
244,244,5,1,24,1,3,8,730,1175,76,24,96,System,0.1161524500907441,0.5098797250859106,,,806,1199
245,245,2,1,25,0,0,0,224,1208,584,581,-1,,0.0780399274047187,0.6436855670103093,,,808,1789
246,246,3,1,25,1,0,0,224,1208,584,581,-1,,0.0780399274047187,0.6436855670103093,,,808,1789
247,247,4,1,25,1,1,0,225,1208,582,23,-1,,0.0780399274047187,0.523840206185567,,,807,1231
248,248,5,1,25,1,1,1,225,1213,33,14,96,zur,0.03652450090744102,0.5240549828178694,,,258,1227
249,249,5,1,25,1,1,2,261,1208,85,23,96,Analyse,0.04590139140955838,0.523840206185567,,,346,1231
250,250,5,1,25,1,1,3,352,1208,51,19,92,einer,0.05709316394434362,0.5229810996563574,,,403,1227
251,251,5,1,25,1,1,4,409,1208,113,19,92,Robustheit,0.07040229885057471,0.5229810996563574,,,522,1227
252,252,5,1,25,1,1,5,526,1208,52,19,93,einer,0.08348457350272233,0.5229810996563574,,,578,1227
253,253,5,1,25,1,1,6,583,1208,82,19,90,Vielzahl,0.09437386569872959,0.5229810996563574,,,665,1227
254,254,5,1,25,1,1,7,670,1213,37,14,92,von,0.10412885662431942,0.5240549828178694,,,707,1227
255,255,5,1,25,1,1,8,714,1208,93,19,92,Fahrzeu-,0.11501814882032668,0.5229810996563574,,,807,1227
256,256,4,1,25,1,2,0,225,1241,582,23,-1,,0.0780399274047187,0.5380154639175257,,,807,1264
257,257,5,1,25,1,2,1,225,1246,38,18,95,gen,0.03690260133091349,0.5390893470790378,,,263,1264
258,258,5,1,25,1,2,2,277,1241,53,18,93,einer,0.04590139140955838,0.5369415807560137,,,330,1259
259,259,5,1,25,1,2,3,343,1241,184,23,91,"Fahrzeuggattung,",0.06578947368421052,0.5380154639175257,,,527,1264
260,260,5,1,25,1,2,4,541,1241,74,18,96,welche,0.08741681790683606,0.5369415807560137,,,615,1259
261,261,5,1,25,1,2,5,628,1241,44,18,93,eine,0.09830611010284332,0.5369415807560137,,,672,1259
262,262,5,1,25,1,2,6,685,1241,83,18,88,Vielzahl,0.10987598306110102,0.5369415807560137,,,768,1259
263,263,5,1,25,1,2,7,782,1246,25,13,96,an,0.12016031457955233,0.5380154639175257,,,807,1259
264,264,4,1,25,1,3,0,225,1274,582,23,-1,,0.0780399274047187,0.5521907216494846,,,807,1297
265,265,5,1,25,1,3,1,225,1274,146,23,93,Komponenten,0.04506957047791894,0.5521907216494846,,,371,1297
266,266,5,1,25,1,3,2,379,1274,111,21,90,"aufweisen,",0.06571385359951604,0.5517611683848798,,,490,1295
267,267,5,1,25,1,3,3,496,1274,61,18,91,wobei,0.07962794918330308,0.5511168384879725,,,557,1292
268,268,5,1,25,1,3,4,564,1274,37,18,96,das,0.08809739866908652,0.5511168384879725,,,601,1292
269,269,5,1,25,1,3,5,607,1274,103,18,93,Verfahren,0.09959165154264973,0.5511168384879725,,,710,1292
270,270,5,1,25,1,3,6,716,1274,91,23,73,folgende,0.11516938898971567,0.5521907216494846,,,807,1297
271,271,4,1,25,1,4,0,224,1306,583,23,-1,,0.0779643073200242,0.5659364261168385,,,807,1329
272,272,5,1,25,1,4,1,224,1306,150,19,88,Arbeitsschritte,0.04522081064730792,0.5650773195876289,,,374,1325
273,273,5,1,25,1,4,2,386,1306,92,19,91,aufweist:,0.06533575317604355,0.5650773195876289,,,478,1325
274,274,5,1,25,1,4,3,491,1306,90,19,91,Erfassen,0.08106473079249849,0.5650773195876289,,,581,1325
275,275,5,1,25,1,4,4,593,1311,36,14,93,von,0.09240774349667272,0.5661512027491409,,,629,1325
276,276,5,1,25,1,4,5,642,1306,165,23,91,Konfigurationen,0.10957350272232305,0.5659364261168385,,,807,1329
277,277,4,1,25,1,5,0,225,1339,582,23,-1,,0.0780399274047187,0.5801116838487973,,,807,1362
278,278,5,1,25,1,5,1,225,1339,34,18,93,der,0.03660012099213551,0.5790378006872853,,,259,1357
279,279,5,1,25,1,5,2,265,1339,82,18,70,Vielzahl,0.04627949183303085,0.5790378006872853,,,347,1357
280,280,5,1,25,1,5,3,356,1344,36,13,93,von,0.056563823351482155,0.5801116838487973,,,392,1357
281,281,5,1,25,1,5,4,403,1339,129,23,91,"Fahrzeugen,",0.0707047791893527,0.5801116838487973,,,532,1362
282,282,5,1,25,1,5,5,541,1339,74,18,96,welche,0.08741681790683606,0.5790378006872853,,,615,1357
283,283,5,1,25,1,5,6,623,1339,57,18,93,durch,0.0985329703569268,0.5790378006872853,,,680,1357
284,284,5,1,25,1,5,7,688,1339,119,23,92,wenigstens,0.11305202661826981,0.5801116838487973,,,807,1362
285,285,4,1,25,1,6,0,225,1372,583,23,-1,,0.07811554748941318,0.594286941580756,,,808,1395
286,286,5,1,25,1,6,1,225,1372,43,19,93,eine,0.03728070175438596,0.5934278350515464,,,268,1391
287,287,5,1,25,1,6,2,285,1372,123,23,92,Eigenschaft,0.05240471869328494,0.594286941580756,,,408,1395
288,288,5,1,25,1,6,3,422,1372,119,23,92,wenigstens,0.07282214156079855,0.594286941580756,,,541,1395
289,289,5,1,25,1,6,4,557,1372,53,19,93,einer,0.0882486388384755,0.5934278350515464,,,610,1391
290,290,5,1,25,1,6,5,626,1372,132,23,91,Komponente,0.10465819721718088,0.594286941580756,,,758,1395
291,291,5,1,25,1,6,6,774,1372,34,19,96,der,0.11963097398669087,0.5934278350515464,,,808,1391
292,292,4,1,25,1,7,0,226,1405,581,23,-1,,0.07811554748941318,0.6084621993127147,,,807,1428
293,293,5,1,25,1,7,1,226,1405,111,23,92,Fahrzeuge,0.04257410768300061,0.6084621993127147,,,337,1428
294,294,5,1,25,1,7,2,344,1405,148,18,92,charakterisiert,0.06321839080459771,0.6073883161512027,,,492,1423
295,295,5,1,25,1,7,3,497,1405,48,21,93,sind;,0.07879612825166364,0.6080326460481099,,,545,1426
296,296,5,1,25,1,7,4,552,1405,105,18,90,Bestimmen,0.09142468239564429,0.6073883161512027,,,657,1423
297,297,5,1,25,1,7,5,660,1405,86,23,92,jeweils,0.10632183908045977,0.6084621993127147,,,746,1428
298,298,5,1,25,1,7,6,751,1405,56,18,87,eines,0.11781609195402298,0.6073883161512027,,,807,1423
299,299,4,1,25,1,8,0,224,1438,584,23,-1,,0.0780399274047187,0.6226374570446735,,,808,1461
300,300,5,1,25,1,8,1,224,1438,62,18,91,Werts,0.03856624319419238,0.6215635738831615,,,286,1456
301,301,5,1,25,1,8,2,295,1438,53,18,93,einer,0.048623714458560195,0.6215635738831615,,,348,1456
302,302,5,1,25,1,8,3,357,1438,99,23,76,Zielgr√©Re,0.06147912885662432,0.6226374570446735,,,456,1461
303,303,5,1,25,1,8,4,468,1438,15,18,93,in,0.07191470054446461,0.6215635738831615,,,483,1456
304,304,5,1,25,1,8,5,494,1438,65,23,92,Bezug,0.07962794918330308,0.6226374570446735,,,559,1461
305,305,5,1,25,1,8,6,570,1438,33,18,96,auf,0.08870235934664247,0.6215635738831615,,,603,1456
306,306,5,1,25,1,8,7,611,1438,30,18,93,die,0.09467634603750756,0.6215635738831615,,,641,1456
307,307,5,1,25,1,8,8,653,1438,112,18,92,Robustheit,0.10722928009679371,0.6215635738831615,,,765,1456
308,308,5,1,25,1,8,9,774,1438,34,18,97,der,0.11963097398669087,0.6215635738831615,,,808,1456
309,309,4,1,25,1,9,0,224,1470,583,23,-1,,0.0779643073200242,0.6363831615120275,,,807,1493
310,310,5,1,25,1,9,1,224,1470,83,19,90,Vielzahl,0.04015426497277677,0.6355240549828178,,,307,1489
311,311,5,1,25,1,9,2,314,1475,36,14,93,von,0.05021173623714459,0.6365979381443299,,,350,1489
312,312,5,1,25,1,9,3,359,1470,124,23,91,Fahrzeugen,0.06367211131276466,0.6363831615120275,,,483,1493
313,313,5,1,25,1,9,4,492,1470,67,19,93,mittels,0.0794767090139141,0.6355240549828178,,,559,1489
314,314,5,1,25,1,9,5,565,1470,56,19,93,eines,0.0896854204476709,0.6355240549828178,,,621,1489
315,315,5,1,25,1,9,6,628,1470,179,19,92,Transformations-,0.10851482153660012,0.6355240549828178,,,807,1489
316,316,4,1,25,1,10,0,226,1503,581,23,-1,,0.07811554748941318,0.6505584192439863,,,807,1526
317,317,5,1,25,1,10,1,226,1503,85,21,93,"modells,",0.040607985480943735,0.6501288659793815,,,311,1524
318,318,5,1,25,1,10,2,323,1503,86,18,92,welches,0.05535390199637023,0.6494845360824743,,,409,1521
319,319,5,1,25,1,10,3,420,1503,44,18,93,eine,0.06684815486993345,0.6494845360824743,,,464,1521
320,320,5,1,25,1,10,4,476,1503,223,23,90,Zuordnungsvorschrift,0.08885359951603146,0.6505584192439863,,,699,1526
321,321,5,1,25,1,10,5,710,1503,97,18,96,zwischen,0.1147156684815487,0.6494845360824743,,,807,1521
322,322,4,1,25,1,11,0,225,1536,583,23,-1,,0.07811554748941318,0.664733676975945,,,808,1559
323,323,5,1,25,1,11,1,225,1536,165,23,91,Konfigurationen,0.04650635208711434,0.664733676975945,,,390,1559
324,324,5,1,25,1,11,2,402,1536,33,18,93,der,0.0632940108892922,0.663659793814433,,,435,1554
325,325,5,1,25,1,11,3,446,1536,82,18,85,Vielzahl,0.073653962492438,0.663659793814433,,,528,1554
326,326,5,1,25,1,11,4,539,1540,37,14,93,von,0.08431639443436177,0.6645189003436426,,,576,1554
327,327,5,1,25,1,11,5,589,1536,124,23,92,Fahrzeugen,0.0984573502722323,0.664733676975945,,,713,1559
328,328,5,1,25,1,11,6,726,1536,36,18,96,und,0.11252268602540835,0.663659793814433,,,762,1554
329,329,5,1,25,1,11,7,774,1536,34,18,96,der,0.11963097398669087,0.663659793814433,,,808,1554
330,330,4,1,25,1,12,0,225,1569,582,23,-1,,0.0780399274047187,0.6789089347079038,,,807,1592
331,331,5,1,25,1,12,1,225,1569,56,18,92,einen,0.0382637628554144,0.6778350515463918,,,281,1587
332,332,5,1,25,1,12,2,293,1569,99,23,72,Zielgr√©Re,0.051799758015728975,0.6789089347079038,,,392,1592
333,333,5,1,25,1,12,3,404,1569,91,22,92,"aufweist,",0.06798245614035088,0.6786941580756014,,,495,1591
334,334,5,1,25,1,12,4,507,1569,61,18,91,wobei,0.08129159104658197,0.6778350515463918,,,568,1587
335,335,5,1,25,1,12,5,580,1569,37,18,93,das,0.09051724137931035,0.6778350515463918,,,617,1587
336,336,5,1,25,1,12,6,628,1569,179,18,91,Transformations-,0.10851482153660012,0.6778350515463918,,,807,1587
337,337,4,1,25,1,13,0,226,1602,581,23,-1,,0.07811554748941318,0.6930841924398625,,,807,1625
338,338,5,1,25,1,13,1,226,1602,67,18,96,modell,0.03924682395644283,0.6920103092783505,,,293,1620
339,339,5,1,25,1,13,2,301,1602,33,18,96,auf,0.04801875378100424,0.6920103092783505,,,334,1620
340,340,5,1,25,1,13,3,341,1602,52,18,93,einer,0.055505142165759226,0.6920103092783505,,,393,1620
341,341,5,1,25,1,13,4,399,1602,214,23,91,Ausgleichsrechnung,0.0765275257108288,0.6930841924398625,,,613,1625
342,342,5,1,25,1,13,5,622,1602,97,23,85,beztiglich,0.1014065335753176,0.6930841924398625,,,719,1625
343,343,5,1,25,1,13,6,728,1602,79,18,91,Simula-,0.11607683000604961,0.6920103092783505,,,807,1620
344,344,4,1,25,1,14,0,225,1634,582,23,-1,,0.0780399274047187,0.7068298969072165,,,807,1657
345,345,5,1,25,1,14,1,225,1634,166,23,90,tionergebnissen,0.04658197217180883,0.7068298969072165,,,391,1657
346,346,5,1,25,1,14,2,404,1634,70,22,92,"beruht,",0.06639443436176648,0.7066151202749141,,,474,1656
347,347,5,1,25,1,14,3,485,1634,74,19,96,welche,0.07894736842105263,0.7059707903780069,,,559,1653
348,348,5,1,25,1,14,4,570,1639,37,14,96,aus,0.08900483968542044,0.7070446735395189,,,607,1653
349,349,5,1,25,1,14,5,618,1634,52,19,93,einer,0.09739866908650938,0.7059707903780069,,,670,1653
350,350,5,1,25,1,14,6,681,1634,126,19,93,Betriebsver-,0.11252268602540835,0.7059707903780069,,,807,1653
351,351,4,1,25,1,15,0,226,1667,582,23,-1,,0.07819116757410768,0.7210051546391752,,,808,1690
352,352,5,1,25,1,15,1,226,1667,181,18,91,halten-Simulation,0.047867513611615245,0.7199312714776632,,,407,1685
353,353,5,1,25,1,15,2,422,1667,52,18,92,einer,0.0677555958862674,0.7199312714776632,,,474,1685
354,354,5,1,25,1,15,3,487,1667,82,18,92,Vielzahl,0.07985480943738657,0.7199312714776632,,,569,1685
355,355,5,1,25,1,15,4,583,1672,37,13,93,von,0.09097096188747732,0.7210051546391752,,,620,1685
356,356,5,1,25,1,15,5,635,1667,124,23,92,Fahrzeugen,0.10541439806412584,0.7210051546391752,,,759,1690
357,357,5,1,25,1,15,6,774,1667,34,18,96,der,0.11963097398669087,0.7199312714776632,,,808,1685
358,358,4,1,25,1,16,0,226,1700,581,23,-1,,0.07811554748941318,0.7351804123711341,,,807,1723
359,359,5,1,25,1,16,1,226,1700,177,23,91,Fahrzeuggattung,0.047565033272837266,0.7351804123711341,,,403,1723
360,360,5,1,25,1,16,2,412,1700,30,18,93,mit,0.06457955232909861,0.7341065292096219,,,442,1718
361,361,5,1,25,1,16,3,447,1700,71,23,92,jeweils,0.07297338173018754,0.7351804123711341,,,518,1723
362,362,5,1,25,1,16,4,526,1700,152,18,93,verschiedenen,0.0910465819721718,0.7341065292096219,,,678,1718
363,363,5,1,25,1,16,5,688,1700,119,23,91,Konfigurati-,0.11305202661826981,0.7351804123711341,,,807,1723
364,364,4,1,25,1,17,0,225,1732,582,23,-1,,0.0780399274047187,0.748926116838488,,,807,1755
365,365,5,1,25,1,17,1,225,1737,51,14,90,onen,0.03788566243194193,0.7491408934707904,,,276,1751
366,366,5,1,25,1,17,2,288,1732,66,19,92,mittels,0.048548094373865695,0.7480670103092784,,,354,1751
367,367,5,1,25,1,17,3,365,1732,55,19,93,eines,0.05936176648517846,0.7480670103092784,,,420,1751
368,368,5,1,25,1,17,4,432,1732,181,23,90,Fahrzeugmodells,0.07902298850574713,0.748926116838488,,,613,1755
369,369,5,1,25,1,17,5,623,1732,34,19,93,der,0.09679370840895342,0.7480670103092784,,,657,1751
370,370,5,1,25,1,17,6,668,1732,139,23,92,Fahrzeuggat-,0.11153962492437991,0.748926116838488,,,807,1755
371,371,4,1,25,1,18,0,225,1766,447,23,-1,,0.06783121597096188,0.7635309278350515,,,672,1789
372,372,5,1,25,1,18,1,225,1766,44,23,93,tung,0.03735632183908046,0.7635309278350515,,,269,1789
373,373,5,1,25,1,18,2,278,1766,115,22,91,resultieren;,0.05074107683000605,0.7633161512027491,,,393,1788
374,374,5,1,25,1,18,3,404,1766,37,18,93,und,0.06389897156684815,0.7624570446735395,,,441,1784
375,375,5,1,25,1,18,4,449,1766,93,23,91,Ausgeben,0.0749395039322444,0.7635309278350515,,,542,1789
376,376,5,1,25,1,18,5,545,1766,52,18,96,der,0.08635813672111313,0.7624570446735395,,,597,1784
377,377,5,1,25,1,18,6,603,1766,69,18,96,Werte.,0.09641560798548095,0.7624570446735395,,,672,1784
378,378,2,1,26,0,0,0,1296,1359,5,107,-1,,0.19638535995160314,0.6067439862542955,,,1301,1466
379,379,3,1,26,1,0,0,1296,1359,5,107,-1,,0.19638535995160314,0.6067439862542955,,,1301,1466
380,380,4,1,26,1,1,0,1296,1359,5,107,-1,,0.19638535995160314,0.6067439862542955,,,1301,1466
381,381,5,1,26,1,1,1,1296,1359,5,107,95, ,0.19638535995160314,0.6067439862542955,,,1301,1466
382,382,2,1,27,0,0,0,1055,1368,6,102,-1,,0.1600120992135511,0.6095360824742269,,,1061,1470
383,383,3,1,27,1,0,0,1055,1368,6,102,-1,,0.1600120992135511,0.6095360824742269,,,1061,1470
384,384,4,1,27,1,1,0,1055,1368,6,102,-1,,0.1600120992135511,0.6095360824742269,,,1061,1470
385,385,5,1,27,1,1,1,1055,1368,6,102,95, ,0.1600120992135511,0.6095360824742269,,,1061,1470
386,386,2,1,28,0,0,0,1043,1562,282,2,-1,,0.17906836055656383,0.6713917525773195,,,1325,1564
387,387,3,1,28,1,0,0,1043,1562,282,2,-1,,0.17906836055656383,0.6713917525773195,,,1325,1564
388,388,4,1,28,1,1,0,1043,1562,282,2,-1,,0.17906836055656383,0.6713917525773195,,,1325,1564
389,389,5,1,28,1,1,1,1043,1562,282,2,95, ,0.17906836055656383,0.6713917525773195,,,1325,1564
390,390,2,1,29,0,0,0,1043,1562,2,119,-1,,0.15789473684210525,0.696520618556701,,,1045,1681
391,391,3,1,29,1,0,0,1043,1562,2,119,-1,,0.15789473684210525,0.696520618556701,,,1045,1681
392,392,4,1,29,1,1,0,1043,1562,2,119,-1,,0.15789473684210525,0.696520618556701,,,1045,1681
393,393,5,1,29,1,1,1,1043,1562,2,119,95, ,0.15789473684210525,0.696520618556701,,,1045,1681
394,394,2,1,30,0,0,0,1323,1562,2,119,-1,,0.20024198427102238,0.696520618556701,,,1325,1681
395,395,3,1,30,1,0,0,1323,1562,2,119,-1,,0.20024198427102238,0.696520618556701,,,1325,1681
396,396,4,1,30,1,1,0,1323,1562,2,119,-1,,0.20024198427102238,0.696520618556701,,,1325,1681
397,397,5,1,30,1,1,1,1323,1562,2,119,95, ,0.20024198427102238,0.696520618556701,,,1325,1681
398,398,2,1,31,0,0,0,1044,1680,281,1,-1,,0.1791439806412583,0.7218642611683849,,,1325,1681
399,399,3,1,31,1,0,0,1044,1680,281,1,-1,,0.1791439806412583,0.7218642611683849,,,1325,1681
400,400,4,1,31,1,1,0,1044,1680,281,1,-1,,0.1791439806412583,0.7218642611683849,,,1325,1681
401,401,5,1,31,1,1,1,1044,1680,281,1,95, ,0.1791439806412583,0.7218642611683849,,,1325,1681
402,402,2,1,32,0,0,0,946,1848,486,4,-1,,0.17982456140350878,0.7946735395189003,,,1432,1852
403,403,3,1,32,1,0,0,946,1848,486,4,-1,,0.17982456140350878,0.7946735395189003,,,1432,1852
404,404,4,1,32,1,1,0,946,1848,486,4,-1,,0.17982456140350878,0.7946735395189003,,,1432,1852
405,405,5,1,32,1,1,1,946,1848,486,4,95, ,0.17982456140350878,0.7946735395189003,,,1432,1852
406,406,2,1,33,0,0,0,1431,1849,1,116,-1,,0.21650030248033877,0.8191580756013745,,,1432,1965
407,407,3,1,33,1,0,0,1431,1849,1,116,-1,,0.21650030248033877,0.8191580756013745,,,1432,1965
408,408,4,1,33,1,1,0,1431,1849,1,116,-1,,0.21650030248033877,0.8191580756013745,,,1432,1965
409,409,5,1,33,1,1,1,1431,1849,1,116,95, ,0.21650030248033877,0.8191580756013745,,,1432,1965
410,410,2,1,34,0,0,0,946,1850,2,129,-1,,0.14322444041137325,0.8223797250859106,,,948,1979
411,411,3,1,34,1,0,0,946,1850,2,129,-1,,0.14322444041137325,0.8223797250859106,,,948,1979
412,412,4,1,34,1,1,0,946,1850,2,129,-1,,0.14322444041137325,0.8223797250859106,,,948,1979
413,413,5,1,34,1,1,1,946,1850,2,129,95, ,0.14322444041137325,0.8223797250859106,,,948,1979
414,414,2,1,35,0,0,0,1138,1850,2,129,-1,,0.1722625529340593,0.8223797250859106,,,1140,1979
415,415,3,1,35,1,0,0,1138,1850,2,129,-1,,0.1722625529340593,0.8223797250859106,,,1140,1979
416,416,4,1,35,1,1,0,1138,1850,2,129,-1,,0.1722625529340593,0.8223797250859106,,,1140,1979
417,417,5,1,35,1,1,1,1138,1850,2,129,95, ,0.1722625529340593,0.8223797250859106,,,1140,1979
418,418,2,1,36,0,0,0,946,1977,194,2,-1,,0.15774349667271628,0.8496563573883161,,,1140,1979
419,419,3,1,36,1,0,0,946,1977,194,2,-1,,0.15774349667271628,0.8496563573883161,,,1140,1979
420,420,4,1,36,1,1,0,946,1977,194,2,-1,,0.15774349667271628,0.8496563573883161,,,1140,1979
421,421,5,1,36,1,1,1,946,1977,194,2,95, ,0.15774349667271628,0.8496563573883161,,,1140,1979
422,422,2,1,37,0,0,0,1211,1825,1,166,-1,,0.18322746521476105,0.8195876288659794,,,1212,1991
423,423,3,1,37,1,0,0,1211,1825,1,166,-1,,0.18322746521476105,0.8195876288659794,,,1212,1991
424,424,4,1,37,1,1,0,1211,1825,1,166,-1,,0.18322746521476105,0.8195876288659794,,,1212,1991
425,425,5,1,37,1,1,1,1211,1825,1,166,95, ,0.18322746521476105,0.8195876288659794,,,1212,1991
426,426,2,1,38,0,0,0,921,1213,511,837,-1,,0.1779340592861464,0.7008161512027491,,,1432,2050
427,427,3,1,38,1,0,0,921,1213,511,837,-1,,0.1779340592861464,0.7008161512027491,,,1432,2050
428,428,4,1,38,1,1,0,921,1213,511,837,-1,,0.1779340592861464,0.7008161512027491,,,1432,2050
429,429,5,1,38,1,1,1,921,1213,511,837,95, ,0.1779340592861464,0.7008161512027491,,,1432,2050
430,430,2,1,39,0,0,0,716,2270,259,16,-1,,0.1278735632183908,0.9785223367697594,,,975,2286
431,431,3,1,39,1,0,0,716,2270,259,16,-1,,0.1278735632183908,0.9785223367697594,,,975,2286
432,432,4,1,39,1,1,0,716,2270,259,16,-1,,0.1278735632183908,0.9785223367697594,,,975,2286
433,433,5,1,39,1,1,1,716,2270,49,12,96,Printed,0.11199334543254688,0.9776632302405498,,,765,2282
434,434,5,1,39,1,1,2,771,2270,15,16,96,by,0.1177404718693285,0.9785223367697594,,,786,2286
435,435,5,1,39,1,1,3,792,2270,45,14,96,"Jouve,",0.12318511796733213,0.9780927835051546,,,837,2284
436,436,5,1,39,1,1,4,843,2270,41,12,96,75001,0.13059588626739263,0.9776632302405498,,,884,2282
437,437,5,1,39,1,1,5,893,2270,46,12,96,PARIS,0.1385359951603146,0.9776632302405498,,,939,2282
438,438,5,1,39,1,1,6,945,2270,30,16,95,(FR),0.14519056261343014,0.9785223367697594,,,975,2286
