,Unnamed: 0,level,page_num,block_num,par_num,line_num,word_num,left,top,width,height,conf,text,x,y,label,target,right,bottom
0,0,1,1,0,0,0,0,0,0,1653,2328,-1,,0.125,0.5,,,1653,2328
1,1,2,1,1,0,0,0,144,1905,31,328,-1,,0.02412280701754386,0.8887457044673539,,,175,2233
2,2,3,1,1,1,0,0,144,1905,31,328,-1,,0.02412280701754386,0.8887457044673539,,,175,2233
3,3,4,1,1,1,1,0,144,1905,31,328,-1,,0.02412280701754386,0.8887457044673539,,,175,2233
4,4,5,1,1,1,1,1,144,2179,30,54,95,EP,0.024047186932849365,0.947594501718213,,,174,2233
5,5,5,1,1,1,1,2,144,2142,31,21,95,3,0.02412280701754386,0.9246134020618557,,,175,2163
6,6,5,1,1,1,1,3,144,2055,31,71,93,345,0.02412280701754386,0.8979810996563574,,,175,2126
7,7,5,1,1,1,1,4,144,1967,31,73,92,984,0.02412280701754386,0.8606099656357389,,,175,2040
8,8,5,1,1,1,1,5,144,1905,30,50,91,A1,0.024047186932849365,0.8290378006872853,,,174,1955
9,9,2,1,2,0,0,0,429,153,88,28,-1,,0.07153660012099214,0.07173539518900343,,,517,181
10,10,3,1,2,1,0,0,429,153,88,28,-1,,0.07153660012099214,0.07173539518900343,,,517,181
11,11,4,1,2,1,1,0,429,153,88,16,-1,,0.07153660012099214,0.06915807560137457,,,517,169
12,12,5,1,2,1,1,1,429,153,88,16,84,Europaisches,0.07153660012099214,0.06915807560137457,,,517,169
13,13,4,1,2,1,2,0,429,170,71,11,-1,,0.07025105868118572,0.07538659793814433,,,500,181
14,14,5,1,2,1,2,1,429,170,71,11,96,Patentamt,0.07025105868118572,0.07538659793814433,,,500,181
15,15,2,1,3,0,0,0,429,196,89,28,-1,,0.07161222020568662,0.09020618556701031,,,518,224
16,16,3,1,3,1,0,0,429,196,89,28,-1,,0.07161222020568662,0.09020618556701031,,,518,224
17,17,4,1,3,1,1,0,429,196,63,15,-1,,0.06964609800362977,0.08741408934707903,,,492,211
18,18,5,1,3,1,1,1,429,196,63,15,95,European,0.06964609800362977,0.08741408934707903,,,492,211
19,19,4,1,3,1,2,0,429,212,89,12,-1,,0.07161222020568662,0.0936426116838488,,,518,224
20,20,5,1,3,1,2,1,429,213,43,11,96,Patent,0.06813369630973987,0.0938573883161512,,,472,224
21,21,5,1,3,1,2,2,478,212,40,12,90,Office,0.07531760435571688,0.0936426116838488,,,518,224
22,22,2,1,4,0,0,0,429,239,109,28,-1,,0.07312462189957653,0.10867697594501718,,,538,267
23,23,3,1,4,1,0,0,429,239,109,28,-1,,0.07312462189957653,0.10867697594501718,,,538,267
24,24,4,1,4,1,1,0,429,239,109,15,-1,,0.07312462189957653,0.10588487972508591,,,538,254
25,25,5,1,4,1,1,1,429,239,40,12,93,Office,0.06790683605565638,0.1052405498281787,,,469,251
26,26,5,1,4,1,1,2,474,239,64,15,93,europ√©en,0.0765275257108288,0.10588487972508591,,,538,254
27,27,4,1,4,1,2,0,429,255,77,12,-1,,0.0707047791893527,0.11211340206185567,,,506,267
28,28,5,1,4,1,2,1,429,255,22,12,95,des,0.06654567453115548,0.11211340206185567,,,451,267
29,29,5,1,4,1,2,2,457,255,49,12,82,brevets,0.07282214156079855,0.11211340206185567,,,506,267
30,30,2,1,5,0,0,0,281,136,274,150,-1,,0.06321839080459771,0.09063573883161512,,,555,286
31,31,3,1,5,1,0,0,281,136,274,150,-1,,0.06321839080459771,0.09063573883161512,,,555,286
32,32,4,1,5,1,1,0,281,136,274,150,-1,,0.06321839080459771,0.09063573883161512,,,555,286
33,33,5,1,5,1,1,1,281,136,274,150,95, ,0.06321839080459771,0.09063573883161512,,,555,286
34,34,2,1,6,0,0,0,225,324,45,26,-1,,0.037431941923774956,0.14475945017182132,,,270,350
35,35,3,1,6,1,0,0,225,324,45,26,-1,,0.037431941923774956,0.14475945017182132,,,270,350
36,36,4,1,6,1,1,0,225,324,45,26,-1,,0.037431941923774956,0.14475945017182132,,,270,350
37,37,5,1,6,1,1,1,225,324,45,26,96,(12),0.037431941923774956,0.14475945017182132,,,270,350
38,38,2,1,7,0,0,0,225,395,415,53,-1,,0.06541137326073805,0.18105670103092783,,,640,448
39,39,3,1,7,1,0,0,225,395,415,53,-1,,0.06541137326073805,0.18105670103092783,,,640,448
40,40,4,1,7,1,1,0,225,395,282,26,-1,,0.05535390199637023,0.17525773195876287,,,507,421
41,41,5,1,7,1,1,1,225,395,45,26,92,(43),0.037431941923774956,0.17525773195876287,,,270,421
42,42,5,1,7,1,1,2,285,397,222,23,90,Verdffentlichungstag:,0.05989110707803993,0.17547250859106528,,,507,420
43,43,4,1,7,1,2,0,287,430,353,18,-1,,0.07009981851179674,0.18857388316151202,,,640,448
44,44,5,1,7,1,2,1,287,430,116,18,92,11.07.2018,0.052177858439201454,0.18857388316151202,publication_date,11.07.2018,403,448
45,45,5,1,7,1,2,2,426,430,121,18,92,Patentblatt,0.0735783424077435,0.18857388316151202,,,547,448
46,46,5,1,7,1,2,3,555,430,85,18,96,2018/28,0.09036600120992136,0.18857388316151202,,,640,448
47,47,2,1,8,0,0,0,225,493,379,26,-1,,0.06268905021173624,0.21735395189003437,,,604,519
48,48,3,1,8,1,0,0,225,493,379,26,-1,,0.06268905021173624,0.21735395189003437,,,604,519
49,49,4,1,8,1,1,0,225,493,379,26,-1,,0.06268905021173624,0.21735395189003437,,,604,519
50,50,5,1,8,1,1,1,225,493,45,26,91,(21),0.037431941923774956,0.21735395189003437,,,270,519
51,51,5,1,8,1,1,2,285,495,186,18,91,Anmeldenummer:,0.05716878402903811,0.21649484536082475,,,471,513
52,52,5,1,8,1,1,3,481,495,123,18,92,18157771.9,0.08204779189352691,0.21649484536082475,application_number,18157771.9,604,513
53,53,2,1,9,0,0,0,225,559,319,26,-1,,0.05815184513006655,0.24570446735395188,,,544,585
54,54,3,1,9,1,0,0,225,559,319,26,-1,,0.05815184513006655,0.24570446735395188,,,544,585
55,55,4,1,9,1,1,0,225,559,319,26,-1,,0.05815184513006655,0.24570446735395188,,,544,585
56,56,5,1,9,1,1,1,225,559,45,26,93,(22),0.037431941923774956,0.24570446735395188,,,270,585
57,57,5,1,9,1,1,2,285,561,131,23,92,Anmeldetag:,0.0530096793708409,0.24591924398625428,,,416,584
58,58,5,1,9,1,1,3,426,561,118,18,96,26.11.2014,0.07335148215366001,0.24484536082474226,filing_date,26.11.2014,544,579
59,59,2,1,10,0,0,0,1146,245,314,32,-1,,0.1970659407138536,0.11211340206185567,,,1460,277
60,60,3,1,10,1,0,0,1146,245,314,32,-1,,0.1970659407138536,0.11211340206185567,,,1460,277
61,61,4,1,10,1,1,0,1146,245,314,32,-1,,0.1970659407138536,0.11211340206185567,,,1460,277
62,62,5,1,10,1,1,1,1146,245,52,32,95,EP,0.17725347852389595,0.11211340206185567,number,EP,1198,277
63,63,5,1,10,1,1,2,1214,245,20,32,94,3,0.1851179673321234,0.11211340206185567,number,3,1234,277
64,64,5,1,10,1,1,3,1249,245,68,32,93,345,0.1940411373260738,0.11211340206185567,number,345,1317,277
65,65,5,1,10,1,1,4,1331,245,69,32,86,984,0.20651845130066546,0.11211340206185567,number,984,1400,277
66,66,5,1,10,1,1,5,1413,245,47,32,86,A1,0.21725650332728372,0.11211340206185567,number,A1,1460,277
67,67,2,1,11,0,0,0,1310,142,21,67,-1,,0.1997126436781609,0.07538659793814433,,,1331,209
68,68,3,1,11,1,0,0,1310,142,21,67,-1,,0.1997126436781609,0.07538659793814433,,,1331,209
69,69,4,1,11,1,1,0,1310,142,21,67,-1,,0.1997126436781609,0.07538659793814433,,,1331,209
70,70,5,1,11,1,1,1,1310,142,21,67,95, ,0.1997126436781609,0.07538659793814433,,,1331,209
71,71,2,1,12,0,0,0,1002,256,44,27,-1,,0.15486993345432548,0.11576460481099657,,,1046,283
72,72,3,1,12,1,0,0,1002,256,44,27,-1,,0.15486993345432548,0.11576460481099657,,,1046,283
73,73,4,1,12,1,1,0,1002,256,44,27,-1,,0.15486993345432548,0.11576460481099657,,,1046,283
74,74,5,1,12,1,1,1,1002,256,44,27,80,(11),0.15486993345432548,0.11576460481099657,,,1046,283
75,75,2,1,13,0,0,0,559,314,573,31,-1,,0.1278735632183908,0.14153780068728522,,,1132,345
76,76,3,1,13,1,0,0,559,314,573,31,-1,,0.1278735632183908,0.14153780068728522,,,1132,345
77,77,4,1,13,1,1,0,559,314,573,31,-1,,0.1278735632183908,0.14153780068728522,,,1132,345
78,78,5,1,13,1,1,1,559,314,230,31,92,EUROPAISCHE,0.10193587416817906,0.14153780068728522,,,789,345
79,79,5,1,13,1,1,2,802,319,330,26,91,PATENTANMELDUNG,0.14624924379915305,0.14261168384879724,,,1132,345
80,80,2,1,14,0,0,0,862,395,126,26,-1,,0.13989715668481548,0.17525773195876287,,,988,421
81,81,3,1,14,1,0,0,862,395,126,26,-1,,0.13989715668481548,0.17525773195876287,,,988,421
82,82,4,1,14,1,1,0,862,395,126,26,-1,,0.13989715668481548,0.17525773195876287,,,988,421
83,83,5,1,14,1,1,1,862,395,44,26,67,(51),0.1336963097398669,0.17525773195876287,,,906,421
84,84,5,1,14,1,1,2,923,397,25,18,93,Int,0.1414851784633999,0.17439862542955326,,,948,415
85,85,5,1,14,1,1,3,955,397,33,18,65,Cl:,0.14692982456140352,0.17439862542955326,,,988,415
86,86,2,1,15,0,0,0,923,425,465,21,-1,,0.17475801572897762,0.1870704467353952,,,1388,446
87,87,3,1,15,1,0,0,923,425,465,21,-1,,0.17475801572897762,0.1870704467353952,,,1388,446
88,88,4,1,15,1,1,0,923,425,465,21,-1,,0.17475801572897762,0.1870704467353952,,,1388,446
89,89,5,1,15,1,1,1,923,428,61,18,90,CO9K,0.1442075015124017,0.1877147766323024,class_international,C09K,984,446
90,90,5,1,15,1,1,2,992,428,57,18,91,11106,0.154340592861464,0.1877147766323024,class_international,11/06,1049,446
91,91,5,1,15,1,1,3,1054,425,67,16,73,(2006.07),0.16447368421052633,0.18599656357388317,,,1121,441
92,92,5,1,15,1,1,4,1193,428,56,18,53,HOTL,0.18466424682395643,0.1877147766323024,,,1249,446
93,93,5,1,15,1,1,5,1258,428,58,18,49,51150,0.19464609800362975,0.1877147766323024,,,1316,446
94,94,5,1,15,1,1,6,1321,425,67,16,49,(2006.01),0.20485480943738657,0.18599656357388317,,,1388,441
95,95,2,1,16,0,0,0,224,612,1243,6,-1,,0.1278735632183908,0.26417525773195877,,,1467,618
96,96,3,1,16,1,0,0,224,612,1243,6,-1,,0.1278735632183908,0.26417525773195877,,,1467,618
97,97,4,1,16,1,1,0,224,612,1243,6,-1,,0.1278735632183908,0.26417525773195877,,,1467,618
98,98,5,1,16,1,1,1,224,612,1243,6,95, ,0.1278735632183908,0.26417525773195877,,,1467,618
99,99,2,1,17,0,0,0,225,631,599,119,-1,,0.07932546884452511,0.296606529209622,,,824,750
100,100,3,1,17,1,0,0,225,631,599,119,-1,,0.07932546884452511,0.296606529209622,,,824,750
101,101,4,1,17,1,1,0,225,631,342,27,-1,,0.05989110707803993,0.2768470790378007,,,567,658
102,102,5,1,17,1,1,1,225,631,45,27,93,(84),0.037431941923774956,0.2768470790378007,,,270,658
103,103,5,1,17,1,1,2,286,633,100,19,93,Benannte,0.050816696914700546,0.2759879725085911,,,386,652
104,104,5,1,17,1,1,3,393,633,174,23,92,Vertragsstaaten:,0.07259528130671507,0.2768470790378007,,,567,656
105,105,4,1,17,1,2,0,285,666,537,18,-1,,0.08371143375680581,0.28994845360824745,,,822,684
106,106,5,1,17,1,2,1,285,666,31,18,96,AL,0.04544767090139141,0.28994845360824745,,,316,684
107,107,5,1,17,1,2,2,323,666,31,18,94,AT,0.05119479733817302,0.28994845360824745,,,354,684
108,108,5,1,17,1,2,3,363,666,30,18,96,BE,0.05716878402903811,0.28994845360824745,,,393,684
109,109,5,1,17,1,2,4,403,666,32,18,96,BG,0.0633696309739867,0.28994845360824745,,,435,684
110,110,5,1,17,1,2,5,445,666,31,18,96,CH,0.06964609800362977,0.28994845360824745,,,476,684
111,111,5,1,17,1,2,6,486,666,15,18,96,CY,0.07463702359346643,0.28994845360824745,,,501,684
112,112,5,1,17,1,2,7,502,666,54,18,96,CZ,0.08000604960677556,0.28994845360824745,,,556,684
113,113,5,1,17,1,2,8,565,666,30,18,96,DE,0.08771929824561403,0.28994845360824745,,,595,684
114,114,5,1,17,1,2,9,605,666,32,18,92,DK,0.09392014519056262,0.28994845360824745,,,637,684
115,115,5,1,17,1,2,10,646,666,29,18,92,EE,0.0998941318814277,0.28994845360824745,,,675,684
116,116,5,1,17,1,2,11,684,666,29,18,93,ES,0.10564125831820932,0.28994845360824745,,,713,684
117,117,5,1,17,1,2,12,723,666,99,18,90,FIFRGB,0.11683303085299455,0.28994845360824745,,,822,684
118,118,4,1,17,1,3,0,285,699,539,18,-1,,0.0838626739261948,0.30412371134020616,,,824,717
119,119,5,1,17,1,3,1,285,699,35,18,87,GR,0.04575015124016939,0.30412371134020616,,,320,717
120,120,5,1,17,1,3,2,328,699,32,18,87,HR,0.05202661826981246,0.30412371134020616,,,360,717
121,121,5,1,17,1,3,3,368,699,31,18,27,HU,0.058000604960677556,0.30412371134020616,,,399,717
122,122,5,1,17,1,3,4,408,699,20,18,27,IE,0.06321839080459771,0.30412371134020616,,,428,717
123,123,5,1,17,1,3,5,436,699,20,18,41,IS,0.06745311554748941,0.30412371134020616,,,456,717
124,124,5,1,17,1,3,6,464,699,20,18,41,IT,0.07168784029038112,0.30412371134020616,,,484,717
125,125,5,1,17,1,3,7,492,699,54,18,75,LILT,0.07849364791288566,0.30412371134020616,,,546,717
126,126,5,1,17,1,3,8,554,699,28,18,82,LU,0.08590441621294616,0.30412371134020616,,,582,717
127,127,5,1,17,1,3,9,591,699,28,18,82,LV,0.09150030248033877,0.30412371134020616,,,619,717
128,128,5,1,17,1,3,10,627,699,35,18,95,MC,0.09747428917120388,0.30412371134020616,,,662,717
129,129,5,1,17,1,3,11,670,699,35,18,96,MK,0.10397761645493044,0.30412371134020616,,,705,717
130,130,5,1,17,1,3,12,713,699,32,18,96,MT,0.11025408348457351,0.30412371134020616,,,745,717
131,131,5,1,17,1,3,13,753,699,29,18,74,NL,0.11607683000604961,0.30412371134020616,,,782,717
132,132,5,1,17,1,3,14,791,699,33,18,74,NO,0.1221264367816092,0.30412371134020616,,,824,717
133,133,4,1,17,1,4,0,286,732,336,18,-1,,0.06866303690260134,0.31829896907216493,,,622,750
134,134,5,1,17,1,4,1,286,732,28,18,95,PL,0.045372050816696916,0.31829896907216493,,,314,750
135,135,5,1,17,1,4,2,323,732,29,18,95,PT,0.05104355716878403,0.31829896907216493,,,352,750
136,136,5,1,17,1,4,3,360,732,33,18,96,RO,0.05694192377495463,0.31829896907216493,,,393,750
137,137,5,1,17,1,4,4,403,732,31,18,94,RS,0.0632940108892922,0.31829896907216493,,,434,750
138,138,5,1,17,1,4,5,442,732,30,18,94,SE,0.0691167574107683,0.31829896907216493,,,472,750
139,139,5,1,17,1,4,6,480,732,20,18,90,SI,0.07410768300060495,0.31829896907216493,,,500,750
140,140,5,1,17,1,4,7,510,732,31,18,90,SK,0.0794767090139141,0.31829896907216493,,,541,750
141,141,5,1,17,1,4,8,550,732,72,18,91,SMTR,0.08862673926194797,0.31829896907216493,,,622,750
142,142,2,1,18,0,0,0,225,795,437,27,-1,,0.06707501512401694,0.3472938144329897,,,662,822
143,143,3,1,18,1,0,0,225,795,437,27,-1,,0.06707501512401694,0.3472938144329897,,,662,822
144,144,4,1,18,1,1,0,225,795,437,27,-1,,0.06707501512401694,0.3472938144329897,,,662,822
145,145,5,1,18,1,1,1,225,795,45,27,92,(30),0.037431941923774956,0.3472938144329897,,,270,822
146,146,5,1,18,1,1,2,286,797,86,19,89,Prioritat:,0.04975801572897762,0.34643470790378006,,,372,816
147,147,5,1,18,1,1,3,383,797,118,19,96,06.12.2013,0.06684815486993345,0.34643470790378006,priority_date_eu,06.12.2013,501,816
148,148,5,1,18,1,1,4,520,797,29,19,96,EP,0.080837870538415,0.34643470790378006,,,549,816
149,149,5,1,18,1,1,5,558,797,104,19,96,13005697,0.09225650332728373,0.34643470790378006,,,662,816
150,150,2,1,19,0,0,0,225,861,591,86,-1,,0.07872050816696914,0.38831615120274915,,,816,947
151,151,3,1,19,1,0,0,225,861,591,86,-1,,0.07872050816696914,0.38831615120274915,,,816,947
152,152,4,1,19,1,1,0,225,861,591,26,-1,,0.07872050816696914,0.3754295532646048,,,816,887
153,153,5,1,19,1,1,1,225,861,45,26,93,(62),0.037431941923774956,0.3754295532646048,,,270,887
154,154,5,1,19,1,1,2,286,863,214,23,92,Dokumentnummer(n),0.059437386569872956,0.3756443298969072,,,500,886
155,155,5,1,19,1,1,3,503,863,40,23,93,der,0.07909860859044163,0.3756443298969072,,,543,886
156,156,5,1,19,1,1,4,544,863,101,18,80,friiheren,0.08991228070175439,0.3745704467353952,,,645,881
157,157,5,1,19,1,1,5,653,863,163,23,89,Anmeldung(en),0.11108590441621295,0.3756443298969072,,,816,886
158,158,4,1,19,1,2,0,286,891,188,23,-1,,0.05747126436781609,0.38767182130584193,,,474,914
159,159,5,1,19,1,2,1,286,895,49,19,96,nach,0.04696007259528131,0.38853092783505155,,,335,914
160,160,5,1,19,1,2,2,343,895,35,19,96,Art.,0.05452208106473079,0.38853092783505155,,,378,914
161,161,5,1,19,1,2,3,388,895,24,19,93,76,0.060496067755595885,0.38853092783505155,,,412,914
162,162,5,1,19,1,2,4,422,891,52,23,93,EPU:,0.0677555958862674,0.38767182130584193,,,474,914
163,163,4,1,19,1,3,0,286,929,250,18,-1,,0.06215970961887477,0.4029209621993127,,,536,947
164,164,5,1,19,1,3,1,286,929,124,18,90,14808490.8,0.05263157894736842,0.4029209621993127,,,410,947
165,165,5,1,19,1,3,2,417,929,7,18,90,/,0.06359649122807018,0.4029209621993127,,,424,947
166,166,5,1,19,1,3,3,432,929,11,18,84,3,0.066167574107683,0.4029209621993127,,,443,947
167,167,5,1,19,1,3,4,452,929,37,18,84,077,0.07115849969751967,0.4029209621993127,,,489,947
168,168,5,1,19,1,3,5,498,929,38,18,96,477,0.07819116757410768,0.4029209621993127,,,536,947
169,169,2,1,20,0,0,0,225,992,400,58,-1,,0.06427707199032062,0.438573883161512,,,625,1050
170,170,3,1,20,1,0,0,225,992,400,58,-1,,0.06427707199032062,0.438573883161512,,,625,1050
171,171,4,1,20,1,1,0,225,992,400,26,-1,,0.06427707199032062,0.43170103092783507,,,625,1018
172,172,5,1,20,1,1,1,225,992,45,26,93,(71),0.037431941923774956,0.43170103092783507,,,270,1018
173,173,5,1,20,1,1,2,285,994,106,18,92,Anmelder:,0.051119177253478525,0.43084192439862545,,,391,1012
174,174,5,1,20,1,1,3,402,994,67,18,96,Merck,0.06586509376890502,0.43084192439862545,applicant_line_1,Merck,469,1012
175,175,5,1,20,1,1,4,477,994,71,18,96,Patent,0.07751058681185723,0.43084192439862545,applicant_line_1,Patent,548,1012
176,176,5,1,20,1,1,5,556,994,69,18,96,GmbH,0.08930732002419843,0.43084192439862545,applicant_line_1,GmbH,625,1012
177,177,4,1,20,1,2,0,286,1027,244,23,-1,,0.06170598911070781,0.44609106529209624,,,530,1050
178,178,5,1,20,1,2,1,286,1027,64,18,96,64293,0.04809437386569873,0.44501718213058417,,,350,1045
179,179,5,1,20,1,2,2,359,1027,117,18,96,Darmstadt,0.06314277071990321,0.44501718213058417,,,476,1045
180,180,5,1,20,1,2,3,484,1027,46,23,96,(DE),0.07667876588021778,0.44609106529209624,,,530,1050
181,181,2,1,21,0,0,0,225,1090,444,91,-1,,0.06760435571687841,0.4877577319587629,,,669,1181
182,182,3,1,21,1,0,0,225,1090,444,91,-1,,0.06760435571687841,0.4877577319587629,,,669,1181
183,183,4,1,21,1,1,0,225,1090,148,26,-1,,0.04522081064730792,0.4737972508591065,,,373,1116
184,184,5,1,21,1,1,1,225,1090,45,26,90,(72),0.037431941923774956,0.4737972508591065,,,270,1116
185,185,5,1,21,1,1,2,286,1092,87,18,75,Erfinder:,0.04983363581367211,0.4729381443298969,,,373,1110
186,186,4,1,21,1,2,0,262,1125,192,23,-1,,0.05414398064125832,0.4881872852233677,,,454,1148
187,187,5,1,21,1,2,1,262,1131,7,7,21,*,0.04015426497277677,0.48732817869415807,,,269,1138
188,188,5,1,21,1,2,2,286,1125,78,23,96,"Pfister,",0.04915305505142166,0.4881872852233677,inventor_line_1,"Pfister,",364,1148
189,189,5,1,21,1,2,3,373,1125,81,19,96,Jochen,0.06253781004234725,0.48732817869415807,inventor_line_1,Jochen,454,1144
190,190,4,1,21,1,3,0,286,1158,383,23,-1,,0.0722171808832426,0.5023625429553265,,,669,1181
191,191,5,1,21,1,3,1,286,1158,64,18,90,64342,0.04809437386569873,0.5012886597938144,,,350,1176
192,192,5,1,21,1,3,2,359,1158,235,18,90,SEEHEIM-JUGENHEIM,0.0720659407138536,0.5012886597938144,,,594,1176
193,193,5,1,21,1,3,3,597,1158,72,23,96,(DE),0.09573502722323049,0.5023625429553265,,,669,1181
194,194,2,1,22,0,0,0,844,614,4,599,-1,,0.1279491833030853,0.39239690721649484,,,848,1213
195,195,3,1,22,1,0,0,844,614,4,599,-1,,0.1279491833030853,0.39239690721649484,,,848,1213
196,196,4,1,22,1,1,0,844,614,4,599,-1,,0.1279491833030853,0.39239690721649484,,,848,1213
197,197,5,1,22,1,1,1,844,614,4,599,95, ,0.1279491833030853,0.39239690721649484,,,848,1213
198,198,2,1,23,0,0,0,898,633,353,253,-1,,0.16250756200846944,0.32624570446735396,,,1251,886
199,199,3,1,23,1,0,0,898,633,353,253,-1,,0.16250756200846944,0.32624570446735396,,,1251,886
200,200,4,1,23,1,1,0,898,633,182,22,-1,,0.14957652752571082,0.2766323024054983,,,1080,655
201,201,5,1,23,1,1,1,898,639,7,7,13,*,0.13634301270417423,0.2759879725085911,,,905,646
202,202,5,1,23,1,1,2,922,633,85,22,96,"Stieber,",0.14587114337568058,0.2766323024054983,,,1007,655
203,203,5,1,23,1,1,3,1017,633,63,19,96,Frank,0.15857531760435573,0.2759879725085911,,,1080,652
204,204,4,1,23,1,2,0,922,666,247,23,-1,,0.15812159709618875,0.29102233676975947,,,1169,689
205,205,5,1,23,1,2,1,922,666,64,18,92,64683,0.1442831215970962,0.28994845360824745,,,986,684
206,206,5,1,23,1,2,2,996,666,117,18,92,Einhausen,0.15948275862068967,0.28994845360824745,,,1113,684
207,207,5,1,23,1,2,3,1123,666,46,23,96,(DE),0.1733212341197822,0.29102233676975947,,,1169,689
208,208,4,1,23,1,3,0,898,699,237,23,-1,,0.15373563218390804,0.30519759450171824,,,1135,722
209,209,5,1,23,1,3,1,898,704,7,8,31,¬¢,0.13634301270417423,0.30412371134020616,,,905,712
210,210,5,1,23,1,3,2,923,699,134,23,95,"Montenegro,",0.14972776769509982,0.30519759450171824,,,1057,722
211,211,5,1,23,1,3,3,1059,699,76,22,95,Elvira,0.16591046581972171,0.30498281786941583,,,1135,721
212,212,4,1,23,1,4,0,922,732,248,23,-1,,0.15819721718088325,0.31937285223367695,,,1170,755
213,213,5,1,23,1,4,1,922,732,64,18,94,69469,0.1442831215970962,0.31829896907216493,,,986,750
214,214,5,1,23,1,4,2,994,732,120,18,94,WEINHEIM,0.15940713853599517,0.31829896907216493,,,1114,750
215,215,5,1,23,1,4,3,1124,732,46,23,95,(DE),0.1734724742891712,0.31937285223367695,,,1170,755
216,216,4,1,23,1,5,0,898,765,289,23,-1,,0.15766787658802178,0.3335481099656357,,,1187,788
217,217,5,1,23,1,5,1,898,770,7,8,41,¬´,0.13634301270417423,0.3324742268041237,,,905,778
218,218,5,1,23,1,5,2,923,765,179,23,92,"Mujica-Fernaud,",0.1531306715063521,0.3335481099656357,,,1102,788
219,219,5,1,23,1,5,3,1111,765,76,18,96,Teresa,0.17377495462794917,0.3324742268041237,,,1187,783
220,220,4,1,23,1,6,0,922,797,277,23,-1,,0.16039019963702358,0.3472938144329897,,,1199,820
221,221,5,1,23,1,6,1,922,797,64,19,96,64283,0.1442831215970962,0.34643470790378006,,,986,816
222,222,5,1,23,1,6,2,996,797,133,19,96,DARMSTADT,0.16069267997580158,0.34643470790378006,,,1129,816
223,223,5,1,23,1,6,3,1131,797,68,23,96,(DE),0.17619479733817303,0.3472938144329897,,,1199,820
224,224,4,1,23,1,7,0,898,830,173,23,-1,,0.14889594676346038,0.36146907216494845,,,1071,853
225,225,5,1,23,1,7,1,898,835,7,8,52,¬´,0.13634301270417423,0.3603951890034364,,,905,843
226,226,5,1,23,1,7,2,921,830,77,23,96,"Voges,",0.14511494252873564,0.36146907216494845,,,998,853
227,227,5,1,23,1,7,3,1008,830,63,18,96,Frank,0.1572141560798548,0.3603951890034364,,,1071,848
228,228,4,1,23,1,8,0,922,863,329,23,-1,,0.16432244404113733,0.3756443298969072,,,1251,886
229,229,5,1,23,1,8,1,922,863,64,18,95,67098,0.1442831215970962,0.3745704467353952,,,986,881
230,230,5,1,23,1,8,2,996,863,48,18,92,BAD,0.1542649727767695,0.3745704467353952,,,1044,881
231,231,5,1,23,1,8,3,1054,863,122,18,91,DUERKHEIM,0.16863278886872354,0.3745704467353952,,,1176,881
232,232,5,1,23,1,8,4,1179,863,72,23,96,(DE),0.1837568058076225,0.3756443298969072,,,1251,886
233,233,2,1,24,0,0,0,862,929,600,121,-1,,0.17574107683000606,0.42504295532646047,,,1462,1050
234,234,3,1,24,1,0,0,862,929,600,121,-1,,0.17574107683000606,0.42504295532646047,,,1462,1050
235,235,4,1,24,1,1,0,862,929,152,24,-1,,0.14186327888687236,0.40420962199312716,,,1014,953
236,236,5,1,24,1,1,1,862,929,152,24,92,Bemerkungen:,0.14186327888687236,0.40420962199312716,,,1014,953
237,237,4,1,24,1,2,0,923,961,422,23,-1,,0.17150635208711434,0.4177405498281787,,,1345,984
238,238,5,1,24,1,2,1,923,961,58,19,93,Diese,0.14398064125831822,0.4168814432989691,,,981,980
239,239,5,1,24,1,2,2,989,961,119,23,92,Anmeldung,0.15857531760435573,0.4177405498281787,,,1108,984
240,240,5,1,24,1,2,3,1118,961,22,19,95,ist,0.1707501512401694,0.4168814432989691,,,1140,980
241,241,5,1,24,1,2,4,1147,966,31,14,96,am,0.17581669691470053,0.4179553264604811,,,1178,980
242,242,5,1,24,1,2,5,1187,961,121,19,96,21-02-2018,0.18867211131276468,0.4168814432989691,,,1308,980
243,243,5,1,24,1,2,6,1316,961,29,19,96,als,0.20122504537205083,0.4168814432989691,,,1345,980
244,244,4,1,24,1,3,0,922,994,540,23,-1,,0.18027828191167575,0.4319158075601375,,,1462,1017
245,245,5,1,24,1,3,1,922,994,141,18,92,Teilanmeldung,0.1501058681185723,0.43084192439862545,,,1063,1012
246,246,5,1,24,1,3,2,1065,999,39,18,96,zu,0.16401996370235936,0.4329896907216495,,,1104,1017
247,247,5,1,24,1,3,3,1110,994,26,18,96,der,0.16984271022383546,0.43084192439862545,,,1136,1012
248,248,5,1,24,1,3,4,1137,995,65,17,93,unter,0.17687537810042347,0.43105670103092786,,,1202,1012
249,249,5,1,24,1,3,5,1207,994,110,18,90,INID-Code,0.190865093768905,0.43084192439862545,,,1317,1012
250,250,5,1,24,1,3,6,1323,994,24,18,93,62,0.20190562613430127,0.43084192439862545,,,1347,1012
251,251,5,1,24,1,3,7,1353,994,109,18,91,erwahnten,0.21287053841500303,0.43084192439862545,,,1462,1012
252,252,4,1,24,1,4,0,921,1027,334,23,-1,,0.1645493042952208,0.44609106529209624,,,1255,1050
253,253,5,1,24,1,4,1,921,1027,119,23,91,Anmeldung,0.1482909860859044,0.44609106529209624,,,1040,1050
254,254,5,1,24,1,4,2,1049,1027,116,23,91,eingereicht,0.16742286751361163,0.44609106529209624,,,1165,1050
255,255,5,1,24,1,4,3,1172,1027,83,18,95,worden.,0.18352994555353902,0.44501718213058417,,,1255,1045
256,256,2,1,25,0,0,0,224,1209,1243,7,-1,,0.1278735632183908,0.5208333333333334,,,1467,1216
257,257,3,1,25,1,0,0,224,1209,1243,7,-1,,0.1278735632183908,0.5208333333333334,,,1467,1216
258,258,4,1,25,1,1,0,224,1209,1243,7,-1,,0.1278735632183908,0.5208333333333334,,,1467,1216
259,259,5,1,25,1,1,1,224,1209,1243,7,95, ,0.1278735632183908,0.5208333333333334,,,1467,1216
260,260,2,1,26,0,0,0,225,1230,45,27,-1,,0.037431941923774956,0.5341494845360825,,,270,1257
261,261,3,1,26,1,0,0,225,1230,45,27,-1,,0.037431941923774956,0.5341494845360825,,,270,1257
262,262,4,1,26,1,1,0,225,1230,45,27,-1,,0.037431941923774956,0.5341494845360825,,,270,1257
263,263,5,1,26,1,1,1,225,1230,45,27,96,(54),0.037431941923774956,0.5341494845360825,,,270,1257
264,264,2,1,27,0,0,0,225,1304,582,124,-1,,0.0780399274047187,0.5867697594501718,,,807,1428
265,265,3,1,27,1,0,0,225,1304,582,124,-1,,0.0780399274047187,0.5867697594501718,,,807,1428
266,266,4,1,27,1,1,0,225,1304,582,27,-1,,0.0780399274047187,0.5659364261168385,,,807,1331
267,267,5,1,27,1,1,1,225,1304,45,27,87,(57),0.037431941923774956,0.5659364261168385,,,270,1331
268,268,5,1,27,1,1,2,0,0,1653,2328,25,‚Äî,0.125,0.5,,,1653,2328
269,269,5,1,27,1,1,3,316,1306,33,19,93,Die,0.05028735632183908,0.5650773195876289,,,349,1325
270,270,5,1,27,1,1,4,365,1306,121,23,92,vorliegende,0.06435269207501512,0.5659364261168385,,,486,1329
271,271,5,1,27,1,1,5,503,1306,99,23,92,Erfindung,0.08356019358741681,0.5659364261168385,,,602,1329
272,272,5,1,27,1,1,6,619,1306,65,19,75,betrifft,0.0985329703569268,0.5650773195876289,,,684,1325
273,273,5,1,27,1,1,7,700,1306,107,19,75,bestimmte,0.11395946763460375,0.5650773195876289,,,807,1325
274,274,4,1,27,1,2,0,226,1339,581,23,-1,,0.07811554748941318,0.5801116838487973,,,807,1362
275,275,5,1,27,1,2,1,226,1339,97,22,92,"Fluorene,",0.04151542649727768,0.5798969072164949,,,323,1361
276,276,5,1,27,1,2,2,330,1339,31,18,96,die,0.052253478523895946,0.5790378006872853,,,361,1357
277,277,5,1,27,1,2,3,367,1339,119,18,96,Verwendung,0.06450393224440411,0.5790378006872853,,,486,1357
278,278,5,1,27,1,2,4,489,1339,43,23,93,der,0.07720810647307925,0.5801116838487973,,,532,1362
279,279,5,1,27,1,2,5,535,1339,119,18,91,Verbindung,0.08991228070175439,0.5790378006872853,,,654,1357
280,280,5,1,27,1,2,6,656,1339,35,23,96,in,0.10186025408348458,0.5801116838487973,,,691,1362
281,281,5,1,27,1,2,7,699,1339,52,18,93,einer,0.10964912280701754,0.5790378006872853,,,751,1357
282,282,5,1,27,1,2,8,757,1339,50,18,92,elek-,0.11826981246218995,0.5790378006872853,,,807,1357
283,283,4,1,27,1,3,0,225,1372,582,23,-1,,0.0780399274047187,0.594286941580756,,,807,1395
284,284,5,1,27,1,3,1,225,1372,108,19,90,tronischen,0.04219600725952813,0.5934278350515464,,,333,1391
285,285,5,1,27,1,3,2,345,1372,127,23,92,"Vorrichtung,",0.0617816091954023,0.594286941580756,,,472,1395
286,286,5,1,27,1,3,3,485,1372,59,19,96,sowie,0.07781306715063521,0.5934278350515464,,,544,1391
287,287,5,1,27,1,3,4,557,1372,43,19,93,eine,0.08749243799153054,0.5934278350515464,,,600,1391
288,288,5,1,27,1,3,5,612,1372,139,19,92,elektronische,0.10307017543859649,0.5934278350515464,,,751,1391
289,289,5,1,27,1,3,6,763,1372,44,19,92,Vor-,0.11872353297035693,0.5934278350515464,,,807,1391
290,290,4,1,27,1,4,0,225,1405,582,23,-1,,0.0780399274047187,0.6084621993127147,,,807,1428
291,291,5,1,27,1,4,1,225,1405,82,23,91,richtung,0.040229885057471264,0.6084621993127147,,,307,1428
292,292,5,1,27,1,4,2,318,1405,109,18,92,enthaltend,0.05633696309739867,0.6073883161512027,,,427,1423
293,293,5,1,27,1,4,3,437,1405,118,23,91,wenigstens,0.0750151240169389,0.6084621993127147,,,555,1428
294,294,5,1,27,1,4,4,565,1405,44,18,96,eine,0.08877797943133696,0.6073883161512027,,,609,1423
295,295,5,1,27,1,4,5,618,1405,65,18,93,dieser,0.0983817301875378,0.6073883161512027,,,683,1423
296,296,5,1,27,1,4,6,691,1405,116,18,91,Verbindun-,0.1132788868723533,0.6073883161512027,,,807,1423
297,297,2,1,28,0,0,0,315,1230,941,21,-1,,0.11879915305505143,0.532860824742268,,,1256,1251
298,298,3,1,28,1,0,0,315,1230,941,21,-1,,0.11879915305505143,0.532860824742268,,,1256,1251
299,299,4,1,28,1,1,0,315,1230,941,21,-1,,0.11879915305505143,0.532860824742268,,,1256,1251
300,300,5,1,28,1,1,1,315,1230,212,21,92,VERBINDUNGEN,0.06367211131276466,0.532860824742268,title_line_1,VERBINDUNGEN,527,1251
301,301,5,1,28,1,1,2,539,1231,55,20,93,UND,0.08567755595886267,0.5330756013745704,title_line_1,UND,594,1251
302,302,5,1,28,1,1,3,603,1230,177,21,91,ORGANISCHE,0.10458257713248639,0.532860824742268,title_line_1,ORGANISCHE,780,1251
303,303,5,1,28,1,1,4,792,1230,223,21,92,ELEKTRONISCHE,0.1366454930429522,0.532860824742268,title_line_1,ELEKTRONISCHE,1015,1251
304,304,5,1,28,1,1,5,1024,1230,232,21,92,VORRICHTUNGEN,0.1724137931034483,0.532860824742268,,,1256,1251
305,305,2,1,29,0,0,0,883,1306,584,122,-1,,0.17770719903206292,0.5871993127147767,,,1467,1428
306,306,3,1,29,1,0,0,883,1306,584,122,-1,,0.17770719903206292,0.5871993127147767,,,1467,1428
307,307,4,1,29,1,1,0,884,1306,582,23,-1,,0.17770719903206292,0.5659364261168385,,,1466,1329
308,308,5,1,29,1,1,1,884,1311,44,18,93,gen.,0.13702359346642468,0.5670103092783505,,,928,1329
309,309,5,1,29,1,1,2,934,1306,87,19,92,Weiterhin,0.14783726557773744,0.5650773195876289,,,1021,1325
310,310,5,1,29,1,1,3,1024,1306,83,19,91,betrifft,0.16114640048396855,0.5650773195876289,,,1107,1325
311,311,5,1,29,1,1,4,1113,1306,30,19,91,die,0.1705989110707804,0.5650773195876289,,,1143,1325
312,312,5,1,29,1,1,5,1149,1306,122,23,91,vorliegende,0.18300060496067755,0.5659364261168385,,,1271,1329
313,313,5,1,29,1,1,6,1279,1306,99,23,91,Erfindung,0.20092256503327283,0.5659364261168385,,,1378,1329
314,314,5,1,29,1,1,7,1385,1306,30,19,93,ein,0.21173623714458562,0.5650773195876289,,,1415,1325
315,315,5,1,29,1,1,8,1422,1306,44,19,92,Ver-,0.21839080459770116,0.5650773195876289,,,1466,1325
316,316,4,1,29,1,2,0,883,1339,583,23,-1,,0.17763157894736842,0.5801116838487973,,,1466,1362
317,317,5,1,29,1,2,1,883,1339,66,18,96,fahren,0.1385359951603146,0.5790378006872853,,,949,1357
318,318,5,1,29,1,2,2,959,1344,33,13,93,zur,0.14753478523895946,0.5801116838487973,,,992,1357
319,319,5,1,29,1,2,3,1002,1339,117,23,91,Herstellung,0.16039019963702358,0.5801116838487973,,,1119,1362
320,320,5,1,29,1,2,4,1129,1339,34,18,93,der,0.1733212341197822,0.5790378006872853,,,1163,1357
321,321,5,1,29,1,2,5,1171,1339,121,23,91,Verbindung,0.18625226860254082,0.5801116838487973,,,1292,1362
322,322,5,1,29,1,2,6,1302,1339,59,18,96,sowie,0.2013762855414398,0.5790378006872853,,,1361,1357
323,323,5,1,29,1,2,7,1371,1339,43,18,93,eine,0.21060193587416817,0.5790378006872853,,,1414,1357
324,324,5,1,29,1,2,8,1425,1339,41,18,93,For-,0.21861766485178463,0.5790378006872853,,,1466,1357
325,325,4,1,29,1,3,0,885,1372,582,23,-1,,0.17785843920145192,0.594286941580756,,,1467,1395
326,326,5,1,29,1,3,1,885,1372,101,23,91,mulierung,0.1414851784633999,0.594286941580756,,,986,1395
327,327,5,1,29,1,3,2,996,1372,36,19,93,und,0.15335753176043557,0.5934278350515464,,,1032,1391
328,328,5,1,29,1,3,3,1041,1372,201,23,92,Zusammensetzung,0.17264065335753176,0.594286941580756,,,1242,1395
329,329,5,1,29,1,3,4,1251,1372,109,19,91,enthaltend,0.19744404113732608,0.5934278350515464,,,1360,1391
330,330,5,1,29,1,3,5,1368,1372,44,19,96,eine,0.2102238354506957,0.5934278350515464,,,1412,1391
331,331,5,1,29,1,3,6,1420,1372,47,19,96,oder,0.21831518451300666,0.5934278350515464,,,1467,1391
332,332,4,1,29,1,4,0,885,1405,288,23,-1,,0.15562613430127042,0.6084621993127147,,,1173,1428
333,333,5,1,29,1,4,1,885,1405,86,18,92,mehrere,0.14035087719298245,0.6073883161512027,,,971,1423
334,334,5,1,29,1,4,2,979,1405,34,18,93,der,0.15063520871143377,0.6073883161512027,,,1013,1423
335,335,5,1,29,1,4,3,1020,1405,153,23,91,Verbindungen.,0.16583484573502721,0.6084621993127147,,,1173,1428
336,336,2,1,30,0,0,0,716,2270,259,16,-1,,0.1278735632183908,0.9785223367697594,,,975,2286
337,337,3,1,30,1,0,0,716,2270,259,16,-1,,0.1278735632183908,0.9785223367697594,,,975,2286
338,338,4,1,30,1,1,0,716,2270,259,16,-1,,0.1278735632183908,0.9785223367697594,,,975,2286
339,339,5,1,30,1,1,1,716,2270,49,12,96,Printed,0.11199334543254688,0.9776632302405498,,,765,2282
340,340,5,1,30,1,1,2,771,2270,15,16,96,by,0.1177404718693285,0.9785223367697594,,,786,2286
341,341,5,1,30,1,1,3,792,2270,45,14,96,"Jouve,",0.12318511796733213,0.9780927835051546,,,837,2284
342,342,5,1,30,1,1,4,843,2270,41,12,96,75001,0.13059588626739263,0.9776632302405498,,,884,2282
343,343,5,1,30,1,1,5,893,2270,46,12,96,PARIS,0.1385359951603146,0.9776632302405498,,,939,2282
344,344,5,1,30,1,1,6,945,2270,30,16,95,(FR),0.14519056261343014,0.9785223367697594,,,975,2286
