,Unnamed: 0,level,page_num,block_num,par_num,line_num,word_num,left,top,width,height,conf,text,x,y,label,target,right,bottom
0,0,1,1,0,0,0,0,0,0,1653,2328,-1,,0.125,0.5,,,1653,2328
1,1,2,1,1,0,0,0,144,1905,31,328,-1,,0.02412280701754386,0.8887457044673539,,,175,2233
2,2,3,1,1,1,0,0,144,1905,31,328,-1,,0.02412280701754386,0.8887457044673539,,,175,2233
3,3,4,1,1,1,1,0,144,1905,31,328,-1,,0.02412280701754386,0.8887457044673539,,,175,2233
4,4,5,1,1,1,1,1,144,2179,30,54,95,EP,0.024047186932849365,0.947594501718213,,,174,2233
5,5,5,1,1,1,1,2,144,2142,31,21,95,3,0.02412280701754386,0.9246134020618557,,,175,2163
6,6,5,1,1,1,1,3,144,2056,31,70,95,370,0.02412280701754386,0.8981958762886598,,,175,2126
7,7,5,1,1,1,1,4,144,1969,31,71,93,489,0.02412280701754386,0.8610395189003437,,,175,2040
8,8,5,1,1,1,1,5,144,1905,30,50,91,A1,0.024047186932849365,0.8290378006872853,,,174,1955
9,9,2,1,2,0,0,0,429,153,88,28,-1,,0.07153660012099214,0.07173539518900343,,,517,181
10,10,3,1,2,1,0,0,429,153,88,28,-1,,0.07153660012099214,0.07173539518900343,,,517,181
11,11,4,1,2,1,1,0,429,153,88,16,-1,,0.07153660012099214,0.06915807560137457,,,517,169
12,12,5,1,2,1,1,1,429,153,88,16,84,Europaisches,0.07153660012099214,0.06915807560137457,,,517,169
13,13,4,1,2,1,2,0,429,170,71,11,-1,,0.07025105868118572,0.07538659793814433,,,500,181
14,14,5,1,2,1,2,1,429,170,71,11,96,Patentamt,0.07025105868118572,0.07538659793814433,,,500,181
15,15,2,1,3,0,0,0,429,196,89,28,-1,,0.07161222020568662,0.09020618556701031,,,518,224
16,16,3,1,3,1,0,0,429,196,89,28,-1,,0.07161222020568662,0.09020618556701031,,,518,224
17,17,4,1,3,1,1,0,429,196,63,15,-1,,0.06964609800362977,0.08741408934707903,,,492,211
18,18,5,1,3,1,1,1,429,196,63,15,95,European,0.06964609800362977,0.08741408934707903,,,492,211
19,19,4,1,3,1,2,0,429,212,89,12,-1,,0.07161222020568662,0.0936426116838488,,,518,224
20,20,5,1,3,1,2,1,429,213,43,11,96,Patent,0.06813369630973987,0.0938573883161512,,,472,224
21,21,5,1,3,1,2,2,478,212,40,12,90,Office,0.07531760435571688,0.0936426116838488,,,518,224
22,22,2,1,4,0,0,0,429,239,109,28,-1,,0.07312462189957653,0.10867697594501718,,,538,267
23,23,3,1,4,1,0,0,429,239,109,28,-1,,0.07312462189957653,0.10867697594501718,,,538,267
24,24,4,1,4,1,1,0,429,239,109,15,-1,,0.07312462189957653,0.10588487972508591,,,538,254
25,25,5,1,4,1,1,1,429,239,40,12,93,Office,0.06790683605565638,0.1052405498281787,,,469,251
26,26,5,1,4,1,1,2,474,239,64,15,93,europ√©en,0.0765275257108288,0.10588487972508591,,,538,254
27,27,4,1,4,1,2,0,429,255,77,12,-1,,0.0707047791893527,0.11211340206185567,,,506,267
28,28,5,1,4,1,2,1,429,255,22,12,95,des,0.06654567453115548,0.11211340206185567,,,451,267
29,29,5,1,4,1,2,2,457,255,49,12,82,brevets,0.07282214156079855,0.11211340206185567,,,506,267
30,30,2,1,5,0,0,0,281,136,274,150,-1,,0.06321839080459771,0.09063573883161512,,,555,286
31,31,3,1,5,1,0,0,281,136,274,150,-1,,0.06321839080459771,0.09063573883161512,,,555,286
32,32,4,1,5,1,1,0,281,136,274,150,-1,,0.06321839080459771,0.09063573883161512,,,555,286
33,33,5,1,5,1,1,1,281,136,274,150,95, ,0.06321839080459771,0.09063573883161512,,,555,286
34,34,2,1,6,0,0,0,225,324,45,26,-1,,0.037431941923774956,0.14475945017182132,,,270,350
35,35,3,1,6,1,0,0,225,324,45,26,-1,,0.037431941923774956,0.14475945017182132,,,270,350
36,36,4,1,6,1,1,0,225,324,45,26,-1,,0.037431941923774956,0.14475945017182132,,,270,350
37,37,5,1,6,1,1,1,225,324,45,26,96,(12),0.037431941923774956,0.14475945017182132,,,270,350
38,38,2,1,7,0,0,0,225,395,415,53,-1,,0.06541137326073805,0.18105670103092783,,,640,448
39,39,3,1,7,1,0,0,225,395,415,53,-1,,0.06541137326073805,0.18105670103092783,,,640,448
40,40,4,1,7,1,1,0,225,395,282,26,-1,,0.05535390199637023,0.17525773195876287,,,507,421
41,41,5,1,7,1,1,1,225,395,45,26,92,(43),0.037431941923774956,0.17525773195876287,,,270,421
42,42,5,1,7,1,1,2,285,397,222,23,90,Verdffentlichungstag:,0.05989110707803993,0.17547250859106528,,,507,420
43,43,4,1,7,1,2,0,286,430,354,18,-1,,0.07002419842710224,0.18857388316151202,,,640,448
44,44,5,1,7,1,2,1,286,430,117,18,89,05.09.2018,0.052102238354506954,0.18857388316151202,publication_date,05.09.2018,403,448
45,45,5,1,7,1,2,2,426,430,121,18,92,Patentblatt,0.0735783424077435,0.18857388316151202,,,547,448
46,46,5,1,7,1,2,3,555,430,85,18,96,2018/36,0.09036600120992136,0.18857388316151202,,,640,448
47,47,2,1,8,0,0,0,225,493,379,26,-1,,0.06268905021173624,0.21735395189003437,,,604,519
48,48,3,1,8,1,0,0,225,493,379,26,-1,,0.06268905021173624,0.21735395189003437,,,604,519
49,49,4,1,8,1,1,0,225,493,379,26,-1,,0.06268905021173624,0.21735395189003437,,,604,519
50,50,5,1,8,1,1,1,225,493,45,26,93,(21),0.037431941923774956,0.21735395189003437,,,270,519
51,51,5,1,8,1,1,2,285,495,186,18,91,Anmeldenummer:,0.05716878402903811,0.21649484536082475,,,471,513
52,52,5,1,8,1,1,3,481,495,123,18,92,18000096.0,0.08204779189352691,0.21649484536082475,application_number,18000096,604,513
53,53,2,1,9,0,0,0,225,559,319,26,-1,,0.05815184513006655,0.24570446735395188,,,544,585
54,54,3,1,9,1,0,0,225,559,319,26,-1,,0.05815184513006655,0.24570446735395188,,,544,585
55,55,4,1,9,1,1,0,225,559,319,26,-1,,0.05815184513006655,0.24570446735395188,,,544,585
56,56,5,1,9,1,1,1,225,559,45,26,93,(22),0.037431941923774956,0.24570446735395188,,,270,585
57,57,5,1,9,1,1,2,285,561,131,23,92,Anmeldetag:,0.0530096793708409,0.24591924398625428,,,416,584
58,58,5,1,9,1,1,3,426,561,118,18,96,06.02.2018,0.07335148215366001,0.24484536082474226,filing_date,06.02.2018,544,579
59,59,2,1,10,0,0,0,1002,245,458,38,-1,,0.18617664851784635,0.1134020618556701,,,1460,283
60,60,3,1,10,1,0,0,1002,245,458,38,-1,,0.18617664851784635,0.1134020618556701,,,1460,283
61,61,4,1,10,1,1,0,1002,245,458,38,-1,,0.18617664851784635,0.1134020618556701,,,1460,283
62,62,5,1,10,1,1,1,1002,256,44,27,74,(11),0.15486993345432548,0.11576460481099657,,,1046,283
63,63,5,1,10,1,1,2,1146,245,52,32,94,EP,0.17725347852389595,0.11211340206185567,number,EP,1198,277
64,64,5,1,10,1,1,3,1214,245,20,32,95,3,0.1851179673321234,0.11211340206185567,number,3,1234,277
65,65,5,1,10,1,1,4,1249,245,67,32,95,370,0.1939655172413793,0.11211340206185567,number,370,1316,277
66,66,5,1,10,1,1,5,1331,245,68,32,93,489,0.20644283121597096,0.11211340206185567,number,489,1399,277
67,67,5,1,10,1,1,6,1413,245,47,32,87,A1,0.21725650332728372,0.11211340206185567,number,A1,1460,277
68,68,2,1,11,0,0,0,559,314,573,31,-1,,0.1278735632183908,0.14153780068728522,,,1132,345
69,69,3,1,11,1,0,0,559,314,573,31,-1,,0.1278735632183908,0.14153780068728522,,,1132,345
70,70,4,1,11,1,1,0,559,314,573,31,-1,,0.1278735632183908,0.14153780068728522,,,1132,345
71,71,5,1,11,1,1,1,559,314,230,31,92,EUROPAISCHE,0.10193587416817906,0.14153780068728522,,,789,345
72,72,5,1,11,1,1,2,802,319,330,26,91,PATENTANMELDUNG,0.14624924379915305,0.14261168384879724,,,1132,345
73,73,2,1,12,0,0,0,862,395,246,51,-1,,0.14897156684815488,0.18062714776632302,,,1108,446
74,74,3,1,12,1,0,0,862,395,246,51,-1,,0.14897156684815488,0.18062714776632302,,,1108,446
75,75,4,1,12,1,1,0,862,395,126,26,-1,,0.13989715668481548,0.17525773195876287,,,988,421
76,76,5,1,12,1,1,1,862,395,44,26,67,(51),0.1336963097398669,0.17525773195876287,,,906,421
77,77,5,1,12,1,1,2,923,397,25,18,93,Int,0.1414851784633999,0.17439862542955326,,,948,415
78,78,5,1,12,1,1,3,955,397,33,18,65,Cl:,0.14692982456140352,0.17439862542955326,,,988,415
79,79,4,1,12,1,2,0,922,425,186,21,-1,,0.15350877192982457,0.1870704467353952,,,1108,446
80,80,5,1,12,1,2,1,922,428,62,18,89,HO5K,0.1441318814277072,0.1877147766323024,class_international,H05K,984,446
81,81,5,1,12,1,2,2,991,428,45,18,89,7114,0.15328191167574107,0.1877147766323024,class_international,7/14,1036,446
82,82,5,1,12,1,2,3,1041,425,67,16,80,(2006.91),0.16250756200846944,0.18599656357388317,,,1108,441
83,83,2,1,13,0,0,0,224,612,1243,6,-1,,0.1278735632183908,0.26417525773195877,,,1467,618
84,84,3,1,13,1,0,0,224,612,1243,6,-1,,0.1278735632183908,0.26417525773195877,,,1467,618
85,85,4,1,13,1,1,0,224,612,1243,6,-1,,0.1278735632183908,0.26417525773195877,,,1467,618
86,86,5,1,13,1,1,1,224,612,1243,6,95, ,0.1278735632183908,0.26417525773195877,,,1467,618
87,87,2,1,14,0,0,0,225,631,599,250,-1,,0.07932546884452511,0.3247422680412371,,,824,881
88,88,3,1,14,1,0,0,225,631,599,250,-1,,0.07932546884452511,0.3247422680412371,,,824,881
89,89,4,1,14,1,1,0,225,631,342,27,-1,,0.05989110707803993,0.2768470790378007,,,567,658
90,90,5,1,14,1,1,1,225,631,45,27,93,(84),0.037431941923774956,0.2768470790378007,,,270,658
91,91,5,1,14,1,1,2,286,633,100,19,93,Benannte,0.050816696914700546,0.2759879725085911,,,386,652
92,92,5,1,14,1,1,3,393,633,174,23,92,Vertragsstaaten:,0.07259528130671507,0.2768470790378007,,,567,656
93,93,4,1,14,1,2,0,285,666,537,18,-1,,0.08371143375680581,0.28994845360824745,,,822,684
94,94,5,1,14,1,2,1,285,666,31,18,94,AL,0.04544767090139141,0.28994845360824745,,,316,684
95,95,5,1,14,1,2,2,323,666,31,18,94,AT,0.05119479733817302,0.28994845360824745,,,354,684
96,96,5,1,14,1,2,3,363,666,30,18,95,BE,0.05716878402903811,0.28994845360824745,,,393,684
97,97,5,1,14,1,2,4,403,666,32,18,95,BG,0.0633696309739867,0.28994845360824745,,,435,684
98,98,5,1,14,1,2,5,445,666,31,18,95,CH,0.06964609800362977,0.28994845360824745,,,476,684
99,99,5,1,14,1,2,6,486,666,32,18,96,CY,0.07592256503327284,0.28994845360824745,,,518,684
100,100,5,1,14,1,2,7,526,666,30,18,96,CZ,0.08182093163944344,0.28994845360824745,,,556,684
101,101,5,1,14,1,2,8,565,666,30,18,96,DE,0.08771929824561403,0.28994845360824745,,,595,684
102,102,5,1,14,1,2,9,605,666,32,18,93,DK,0.09392014519056262,0.28994845360824745,,,637,684
103,103,5,1,14,1,2,10,646,666,29,18,93,EE,0.0998941318814277,0.28994845360824745,,,675,684
104,104,5,1,14,1,2,11,684,666,29,18,93,ES,0.10564125831820932,0.28994845360824745,,,713,684
105,105,5,1,14,1,2,12,723,666,99,18,86,FIFRGB,0.11683303085299455,0.28994845360824745,,,822,684
106,106,4,1,14,1,3,0,285,699,539,18,-1,,0.0838626739261948,0.30412371134020616,,,824,717
107,107,5,1,14,1,3,1,285,699,35,18,94,GR,0.04575015124016939,0.30412371134020616,,,320,717
108,108,5,1,14,1,3,2,328,699,32,18,94,HR,0.05202661826981246,0.30412371134020616,,,360,717
109,109,5,1,14,1,3,3,368,699,14,18,41,HU,0.05671506352087114,0.30412371134020616,,,382,717
110,110,5,1,14,1,3,4,385,699,43,18,41,IE,0.06147912885662432,0.30412371134020616,,,428,717
111,111,5,1,14,1,3,5,436,699,20,18,47,IS,0.06745311554748941,0.30412371134020616,,,456,717
112,112,5,1,14,1,3,6,464,699,20,18,47,IT,0.07168784029038112,0.30412371134020616,,,484,717
113,113,5,1,14,1,3,7,492,699,54,18,83,LILT,0.07849364791288566,0.30412371134020616,,,546,717
114,114,5,1,14,1,3,8,554,699,28,18,75,LU,0.08590441621294616,0.30412371134020616,,,582,717
115,115,5,1,14,1,3,9,591,699,28,18,75,LV,0.09150030248033877,0.30412371134020616,,,619,717
116,116,5,1,14,1,3,10,627,699,35,18,95,MC,0.09747428917120388,0.30412371134020616,,,662,717
117,117,5,1,14,1,3,11,670,699,35,18,94,MK,0.10397761645493044,0.30412371134020616,,,705,717
118,118,5,1,14,1,3,12,713,699,32,18,93,MT,0.11025408348457351,0.30412371134020616,,,745,717
119,119,5,1,14,1,3,13,753,699,29,18,20,NL,0.11607683000604961,0.30412371134020616,,,782,717
120,120,5,1,14,1,3,14,791,699,33,18,20,NO,0.1221264367816092,0.30412371134020616,,,824,717
121,121,4,1,14,1,4,0,286,732,336,18,-1,,0.06866303690260134,0.31829896907216493,,,622,750
122,122,5,1,14,1,4,1,286,732,28,18,95,PL,0.045372050816696916,0.31829896907216493,,,314,750
123,123,5,1,14,1,4,2,323,732,29,18,92,PT,0.05104355716878403,0.31829896907216493,,,352,750
124,124,5,1,14,1,4,3,360,732,58,18,92,RORS,0.058832425892317,0.31829896907216493,,,418,750
125,125,5,1,14,1,4,4,420,732,52,18,96,SE,0.06745311554748941,0.31829896907216493,,,472,750
126,126,5,1,14,1,4,5,480,732,20,18,91,SI,0.07410768300060495,0.31829896907216493,,,500,750
127,127,5,1,14,1,4,6,510,732,31,18,91,SK,0.0794767090139141,0.31829896907216493,,,541,750
128,128,5,1,14,1,4,7,550,732,72,18,91,SMTR,0.08862673926194797,0.31829896907216493,,,622,750
129,129,4,1,14,1,5,0,286,765,330,23,-1,,0.06820931639443437,0.3335481099656357,,,616,788
130,130,5,1,14,1,5,1,286,765,100,18,92,Benannte,0.050816696914700546,0.3324742268041237,,,386,783
131,131,5,1,14,1,5,2,395,765,221,23,91,Erstreckungsstaaten:,0.0764519056261343,0.3335481099656357,,,616,788
132,132,4,1,14,1,6,0,286,797,74,19,-1,,0.04885057471264368,0.34643470790378006,,,360,816
133,133,5,1,14,1,6,1,286,797,33,19,96,BA,0.04575015124016939,0.34643470790378006,,,319,816
134,134,5,1,14,1,6,2,327,797,33,19,96,ME,0.05195099818511797,0.34643470790378006,,,360,816
135,135,4,1,14,1,7,0,286,830,322,23,-1,,0.06760435571687841,0.36146907216494845,,,608,853
136,136,5,1,14,1,7,1,286,830,100,18,92,Benannte,0.050816696914700546,0.3603951890034364,,,386,848
137,137,5,1,14,1,7,2,393,830,215,23,92,Validierungsstaaten:,0.07569570477918935,0.36146907216494845,,,608,853
138,138,4,1,14,1,8,0,286,863,116,18,-1,,0.05202661826981246,0.3745704467353952,,,402,881
139,139,5,1,14,1,8,1,286,863,35,18,95,MA,0.04590139140955838,0.3745704467353952,,,321,881
140,140,5,1,14,1,8,2,330,863,34,18,94,MD,0.05248033877797943,0.3745704467353952,,,364,881
141,141,5,1,14,1,8,3,373,863,29,18,92,TN,0.05860556563823351,0.3745704467353952,,,402,881
142,142,2,1,15,0,0,0,225,927,491,26,-1,,0.07115849969751967,0.40378006872852235,,,716,953
143,143,3,1,15,1,0,0,225,927,491,26,-1,,0.07115849969751967,0.40378006872852235,,,716,953
144,144,4,1,15,1,1,0,225,927,491,26,-1,,0.07115849969751967,0.40378006872852235,,,716,953
145,145,5,1,15,1,1,1,225,927,45,26,91,(30),0.037431941923774956,0.40378006872852235,,,270,953
146,146,5,1,15,1,1,2,286,929,86,18,66,Prioritat:,0.04975801572897762,0.4029209621993127,,,372,947
147,147,5,1,15,1,1,3,383,929,118,18,93,02.03.2017,0.06684815486993345,0.4029209621993127,priority_date_eu,02.03.2017,501,947
148,148,5,1,15,1,1,4,520,929,30,18,94,DE,0.0809134906231095,0.4029209621993127,,,550,947
149,149,5,1,15,1,1,5,559,929,157,18,93,102017001929,0.09641560798548095,0.4029209621993127,,,716,947
150,150,2,1,16,0,0,0,225,992,301,58,-1,,0.05679068360556564,0.438573883161512,,,526,1050
151,151,3,1,16,1,0,0,225,992,301,58,-1,,0.05679068360556564,0.438573883161512,,,526,1050
152,152,4,1,16,1,1,0,225,992,275,26,-1,,0.05482456140350877,0.43170103092783507,,,500,1018
153,153,5,1,16,1,1,1,225,992,45,26,93,(71),0.037431941923774956,0.43170103092783507,,,270,1018
154,154,5,1,16,1,1,2,285,994,106,18,91,Anmelder:,0.051119177253478525,0.43084192439862545,,,391,1012
155,155,5,1,16,1,1,3,400,994,61,18,92,WILO,0.06510889292196008,0.43084192439862545,applicant_line_1,WILO,461,1012
156,156,5,1,16,1,1,4,470,994,30,18,96,SE,0.07335148215366001,0.43084192439862545,applicant_line_1,SE,500,1012
157,157,4,1,16,1,2,0,285,1027,241,23,-1,,0.06132788868723533,0.44609106529209624,,,526,1050
158,158,5,1,16,1,2,1,285,1027,65,18,96,44263,0.04801875378100424,0.44501718213058417,,,350,1045
159,159,5,1,16,1,2,2,359,1027,111,18,96,Dortmund,0.06268905021173624,0.44501718213058417,,,470,1045
160,160,5,1,16,1,2,3,479,1027,47,23,96,(DE),0.07599818511796733,0.44609106529209624,,,526,1050
161,161,2,1,17,0,0,0,845,614,2,500,-1,,0.1279491833030853,0.3711340206185567,,,847,1114
162,162,3,1,17,1,0,0,845,614,2,500,-1,,0.1279491833030853,0.3711340206185567,,,847,1114
163,163,4,1,17,1,1,0,845,614,2,500,-1,,0.1279491833030853,0.3711340206185567,,,847,1114
164,164,5,1,17,1,1,1,845,614,2,500,95, ,0.1279491833030853,0.3711340206185567,,,847,1114
165,165,2,1,18,0,0,0,862,631,350,287,-1,,0.15683605565638234,0.3326890034364261,,,1212,918
166,166,3,1,18,1,0,0,862,631,147,27,-1,,0.1414851784633999,0.2768470790378007,,,1009,658
167,167,4,1,18,1,1,0,862,631,147,27,-1,,0.1414851784633999,0.2768470790378007,,,1009,658
168,168,5,1,18,1,1,1,862,631,44,27,90,(72),0.1336963097398669,0.2768470790378007,,,906,658
169,169,5,1,18,1,1,2,923,633,86,19,89,Erfinder:,0.14609800362976408,0.2759879725085911,,,1009,652
170,170,3,1,18,2,0,0,898,666,314,56,-1,,0.15955837870538414,0.2981099656357388,,,1212,722
171,171,4,1,18,2,1,0,898,666,196,23,-1,,0.15063520871143377,0.29102233676975947,,,1094,689
172,172,5,1,18,2,1,1,898,671,7,8,53,¬´,0.13634301270417423,0.28994845360824745,,,905,679
173,173,5,1,18,2,1,2,923,666,71,22,96,"Karns,",0.14496370235934664,0.29080756013745707,inventor_line_1,"Karns,",994,688
174,174,5,1,18,2,1,3,1003,666,91,23,96,Stephan,0.15857531760435573,0.29102233676975947,inventor_line_1,Stephan,1094,689
175,175,4,1,18,2,2,0,922,699,290,23,-1,,0.16137326073805203,0.30519759450171824,,,1212,722
176,176,5,1,18,2,2,1,922,699,64,18,93,59348,0.1442831215970962,0.30412371134020616,,,986,717
177,177,5,1,18,2,2,2,996,699,159,23,64,Liidinghausen,0.16265880217785844,0.30519759450171824,,,1155,722
178,178,5,1,18,2,2,3,1165,699,47,23,96,(DE),0.17974894131881428,0.30519759450171824,,,1212,722
179,179,3,1,18,3,0,0,898,732,223,56,-1,,0.15267695099818512,0.32646048109965636,,,1121,788
180,180,4,1,18,3,1,0,898,732,200,22,-1,,0.15093768905021174,0.31915807560137455,,,1098,754
181,181,5,1,18,3,1,1,898,737,7,8,19,*,0.13634301270417423,0.31829896907216493,,,905,745
182,182,5,1,18,3,1,2,922,732,120,22,91,"Schmelter,",0.1485178463399879,0.31915807560137455,,,1042,754
183,183,5,1,18,3,1,3,1050,732,48,18,96,Tina,0.16243194192377494,0.31829896907216493,,,1098,750
184,184,4,1,18,3,2,0,922,765,199,23,-1,,0.15449183303085298,0.3335481099656357,,,1121,788
185,185,5,1,18,3,2,1,922,765,64,18,96,58093,0.1442831215970962,0.3324742268041237,,,986,783
186,186,5,1,18,3,2,2,996,765,70,23,95,Hagen,0.1559286146400484,0.3335481099656357,,,1066,788
187,187,5,1,18,3,2,3,1075,765,46,23,95,(DE),0.16606170598911071,0.3335481099656357,,,1121,788
188,188,3,1,18,4,0,0,898,797,264,56,-1,,0.1557773744706594,0.3543814432989691,,,1162,853
189,189,4,1,18,4,1,0,898,797,242,22,-1,,0.1541137326073805,0.3470790378006873,,,1140,819
190,190,5,1,18,4,1,1,898,803,7,7,42,¬´,0.13634301270417423,0.34643470790378006,,,905,810
191,191,5,1,18,4,1,2,923,797,119,22,96,"Rosenthal,",0.1485934664246824,0.3470790378006873,,,1042,819
192,192,5,1,18,4,1,3,1050,797,90,19,95,Thomas,0.16560798548094374,0.34643470790378006,,,1140,816
193,193,4,1,18,4,2,0,922,830,240,23,-1,,0.15759225650332728,0.36146907216494845,,,1162,853
194,194,5,1,18,4,2,1,922,830,62,18,96,44141,0.1441318814277072,0.3603951890034364,,,984,848
195,195,5,1,18,4,2,2,996,830,110,18,95,Dortmund,0.1589534180278282,0.3603951890034364,,,1106,848
196,196,5,1,18,4,2,3,1116,830,46,23,96,(DE),0.1722625529340593,0.36146907216494845,,,1162,853
197,197,3,1,18,5,0,0,898,863,292,55,-1,,0.15789473684210525,0.38251718213058417,,,1190,918
198,198,4,1,18,5,1,0,898,863,292,23,-1,,0.15789473684210525,0.3756443298969072,,,1190,886
199,199,5,1,18,5,1,1,898,868,7,8,8,¬´,0.13634301270417423,0.3745704467353952,,,905,876
200,200,5,1,18,5,1,2,923,863,148,23,91,"Lapp-Emden,",0.15078644888082274,0.3756443298969072,,,1071,886
201,201,5,1,18,5,1,3,1080,863,110,23,96,Christoph,0.17165759225650332,0.3756443298969072,,,1190,886
202,202,4,1,18,5,2,0,922,895,240,23,-1,,0.15759225650332728,0.3893900343642612,,,1162,918
203,203,5,1,18,5,2,1,922,895,64,19,96,44263,0.1442831215970962,0.38853092783505155,,,986,914
204,204,5,1,18,5,2,2,996,895,110,19,96,Dortmund,0.1589534180278282,0.38853092783505155,,,1106,914
205,205,5,1,18,5,2,3,1116,895,46,23,96,(DE),0.1722625529340593,0.3893900343642612,,,1162,918
206,206,2,1,19,0,0,0,862,959,575,123,-1,,0.17385057471264367,0.4383591065292096,,,1437,1082
207,207,3,1,19,1,0,0,862,959,575,123,-1,,0.17385057471264367,0.4383591065292096,,,1437,1082
208,208,4,1,19,1,1,0,862,959,575,27,-1,,0.17385057471264367,0.4177405498281787,,,1437,986
209,209,5,1,19,1,1,1,862,959,44,27,92,(74),0.1336963097398669,0.4177405498281787,,,906,986
210,210,5,1,19,1,1,2,921,961,97,19,91,Vertreter:,0.14662734422262552,0.4168814432989691,,,1018,980
211,211,5,1,19,1,1,3,1028,961,98,19,91,Cohausz,0.1628856624319419,0.4168814432989691,representative_line_1_eu,Cohausz,1126,980
212,212,5,1,19,1,1,4,1135,961,78,23,91,Hannig,0.17755595886267392,0.4177405498281787,representative_line_1_eu,Hannig,1213,984
213,213,5,1,19,1,1,5,1223,961,117,19,93,Borkowski,0.1938142770719903,0.4168814432989691,representative_line_1_eu,Borkowski,1340,980
214,214,5,1,19,1,1,6,1348,961,89,23,5,Wikgott,0.21060193587416817,0.4177405498281787,representative_line_1_eu,Wi‚àö√ºgott,1437,984
215,215,4,1,19,1,2,0,923,994,382,18,-1,,0.16848154869933454,0.43084192439862545,,,1305,1012
216,216,5,1,19,1,2,1,923,994,78,18,92,Patent-,0.1454930429522081,0.43084192439862545,,,1001,1012
217,217,5,1,19,1,2,2,1010,994,41,18,93,und,0.1558529945553539,0.43084192439862545,,,1051,1012
218,218,5,1,19,1,2,3,1061,994,244,18,92,Rechtsanwaltskanzlei,0.17891712038717483,0.43084192439862545,,,1305,1012
219,219,4,1,19,1,3,0,922,1027,272,18,-1,,0.1600120992135511,0.44501718213058417,,,1194,1045
220,220,5,1,19,1,3,1,922,1027,203,18,91,Schumannstrasse,0.15479431336963098,0.44501718213058417,,,1125,1045
221,221,5,1,19,1,3,2,1134,1027,60,18,96,97-99,0.17604355716878403,0.44501718213058417,,,1194,1045
222,222,4,1,19,1,4,0,922,1059,251,23,-1,,0.15842407743496673,0.45983676975945015,,,1173,1082
223,223,5,1,19,1,4,1,922,1059,64,19,96,40237,0.1442831215970962,0.45897766323024053,,,986,1078
224,224,5,1,19,1,4,2,996,1059,123,19,20,Dusseldorf,0.1599364791288566,0.45897766323024053,,,1119,1078
225,225,5,1,19,1,4,3,1126,1059,47,23,96,(DE),0.17385057471264367,0.45983676975945015,,,1173,1082
226,226,2,1,20,0,0,0,224,1110,1243,7,-1,,0.1278735632183908,0.47830756013745707,,,1467,1117
227,227,3,1,20,1,0,0,224,1110,1243,7,-1,,0.1278735632183908,0.47830756013745707,,,1467,1117
228,228,4,1,20,1,1,0,224,1110,1243,7,-1,,0.1278735632183908,0.47830756013745707,,,1467,1117
229,229,5,1,20,1,1,1,224,1110,1243,7,95, ,0.1278735632183908,0.47830756013745707,,,1467,1117
230,230,2,1,21,0,0,0,225,1131,374,55,-1,,0.062310949788263764,0.49763745704467355,,,599,1186
231,231,3,1,21,1,0,0,225,1131,374,55,-1,,0.062310949788263764,0.49763745704467355,,,599,1186
232,232,4,1,21,1,1,0,225,1131,45,27,-1,,0.037431941923774956,0.49162371134020616,,,270,1158
233,233,5,1,21,1,1,1,225,1131,45,27,86,(54),0.037431941923774956,0.49162371134020616,,,270,1158
234,234,4,1,21,1,2,0,316,1165,283,21,-1,,0.0691923774954628,0.5049398625429553,,,599,1186
235,235,5,1,21,1,2,1,316,1165,283,21,91,PUMPENAGGREGATS,0.0691923774954628,0.5049398625429553,,,599,1186
236,236,2,1,22,0,0,0,224,1239,584,320,-1,,0.0780399274047187,0.6009450171821306,,,808,1559
237,237,3,1,22,1,0,0,224,1239,584,320,-1,,0.0780399274047187,0.6009450171821306,,,808,1559
238,238,4,1,22,1,1,0,225,1239,583,26,-1,,0.07811554748941318,0.5378006872852233,,,808,1265
239,239,5,1,22,1,1,1,225,1239,45,26,89,(57),0.037431941923774956,0.5378006872852233,,,270,1265
240,240,5,1,22,1,1,2,316,1241,33,18,56,Die,0.05028735632183908,0.5369415807560137,,,349,1259
241,241,5,1,22,1,1,3,357,1241,85,18,92,Erfindung,0.06042044767090139,0.5369415807560137,,,442,1259
242,242,5,1,22,1,1,4,445,1241,84,23,77,betrifft,0.073653962492438,0.5380154639175257,,,529,1264
243,243,5,1,22,1,1,5,535,1241,29,18,91,ein,0.08310647307924984,0.5369415807560137,,,564,1259
244,244,5,1,22,1,1,6,573,1241,161,18,91,Elektronikmodul,0.09883545069570478,0.5369415807560137,,,734,1259
245,245,5,1,22,1,1,7,737,1241,26,23,96,(1),0.11343012704174228,0.5380154639175257,,,763,1264
246,246,5,1,22,1,1,8,767,1241,41,23,89,fur,0.1191016333938294,0.5380154639175257,,,808,1264
247,247,4,1,22,1,2,0,225,1274,583,23,-1,,0.07811554748941318,0.5521907216494846,,,808,1297
248,248,5,1,22,1,2,1,225,1274,56,18,92,einen,0.0382637628554144,0.5511168384879725,,,281,1292
249,249,5,1,22,1,2,2,290,1274,134,18,92,Elektromotor,0.053992740471869326,0.5511168384879725,,,424,1292
250,250,5,1,22,1,2,3,431,1274,40,23,96,(40),0.06820931639443437,0.5521907216494846,,,471,1297
251,251,5,1,22,1,2,4,480,1274,31,18,96,mit,0.0749395039322444,0.5511168384879725,,,511,1292
252,252,5,1,22,1,2,5,518,1274,52,18,96,einer,0.0822746521476104,0.5511168384879725,,,570,1292
253,253,5,1,22,1,2,6,578,1274,102,18,96,Elektronik,0.09513006654567453,0.5511168384879725,,,680,1292
254,254,5,1,22,1,2,7,688,1274,38,23,95,"(10,",0.10692679975801572,0.5521907216494846,,,726,1297
255,255,5,1,22,1,2,8,735,1274,32,23,95,20),0.11358136721113128,0.5521907216494846,,,767,1297
256,256,5,1,22,1,2,9,775,1278,33,14,96,zur,0.11970659407138536,0.5519759450171822,,,808,1292
257,257,4,1,22,1,3,0,225,1306,581,23,-1,,0.0779643073200242,0.5659364261168385,,,806,1329
258,258,5,1,22,1,3,1,225,1306,108,23,92,Steuerung,0.04219600725952813,0.5659364261168385,,,333,1329
259,259,5,1,22,1,3,2,343,1306,45,19,93,und/,0.05527828191167574,0.5650773195876289,,,388,1325
260,260,5,1,22,1,3,3,396,1306,46,19,92,oder,0.0633696309739867,0.5650773195876289,,,442,1325
261,261,5,1,22,1,3,4,452,1306,98,23,92,Regelung,0.07577132486388385,0.5659364261168385,,,550,1329
262,262,5,1,22,1,3,5,559,1306,38,19,93,des,0.08741681790683606,0.5650773195876289,,,597,1325
263,263,5,1,22,1,3,6,606,1306,145,19,92,Elektromotors,0.10261645493042952,0.5650773195876289,,,751,1325
264,264,5,1,22,1,3,7,760,1306,46,23,96,"(40),",0.11842105263157894,0.5659364261168385,,,806,1329
265,265,4,1,22,1,4,0,225,1339,582,23,-1,,0.0780399274047187,0.5801116838487973,,,807,1362
266,266,5,1,22,1,4,1,225,1339,30,18,96,die,0.036297640653357534,0.5790378006872853,,,255,1357
267,267,5,1,22,1,4,2,264,1339,15,18,96,in,0.04106170598911071,0.5790378006872853,,,279,1357
268,268,5,1,22,1,4,3,287,1339,63,18,96,einem,0.048169993950393224,0.5790378006872853,,,350,1357
269,269,5,1,22,1,4,4,359,1339,29,18,93,ein,0.05648820326678766,0.5790378006872853,,,388,1357
270,270,5,1,22,1,4,5,397,1339,86,18,93,Unterteil,0.06654567453115548,0.5790378006872853,,,483,1357
271,271,5,1,22,1,4,6,492,1339,26,23,96,(2),0.07637628554143981,0.5801116838487973,,,518,1362
272,272,5,1,22,1,4,7,528,1339,36,18,96,und,0.08257713248638839,0.5790378006872853,,,564,1357
273,273,5,1,22,1,4,8,573,1339,30,18,91,ein,0.08892921960072596,0.5790378006872853,,,603,1357
274,274,5,1,22,1,4,9,611,1339,81,18,91,Oberteil,0.0985329703569268,0.5790378006872853,,,692,1357
275,275,5,1,22,1,4,10,701,1339,27,23,93,(3),0.10806110102843315,0.5801116838487973,,,728,1362
276,276,5,1,22,1,4,11,737,1339,70,18,92,umfas-,0.11675741076830005,0.5790378006872853,,,807,1357
277,277,4,1,22,1,5,0,225,1372,582,23,-1,,0.0780399274047187,0.594286941580756,,,807,1395
278,278,5,1,22,1,5,1,225,1372,75,19,91,sendes,0.0397005444646098,0.5934278350515464,,,300,1391
279,279,5,1,22,1,5,2,307,1372,81,19,67,Gehause,0.052555958862673925,0.5934278350515464,,,388,1391
280,280,5,1,22,1,5,3,390,1372,43,23,96,"(2,",0.06223532970356927,0.594286941580756,,,433,1395
281,281,5,1,22,1,5,4,440,1372,19,23,93,3),0.06798245614035088,0.594286941580756,,,459,1395
282,282,5,1,22,1,5,5,466,1372,137,23,87,aufgenommen,0.080837870538415,0.594286941580756,,,603,1395
283,283,5,1,22,1,5,6,606,1372,44,22,93,"ist,",0.09497882637628555,0.5940721649484536,,,650,1394
284,284,5,1,22,1,5,7,658,1372,66,19,92,indem,0.10450695704779189,0.5934278350515464,,,724,1391
285,285,5,1,22,1,5,8,732,1372,29,19,92,ein,0.11290078644888082,0.5934278350515464,,,761,1391
286,286,5,1,22,1,5,9,768,1377,39,14,92,ers-,0.1191016333938294,0.5945017182130584,,,807,1391
287,287,4,1,22,1,6,0,225,1405,581,23,-1,,0.0779643073200242,0.6084621993127147,,,806,1428
288,288,5,1,22,1,6,1,225,1406,27,17,96,ter,0.03607078039927405,0.6076030927835051,,,252,1423
289,289,5,1,22,1,6,2,260,1405,37,18,96,und,0.042120387174833636,0.6073883161512027,,,297,1423
290,290,5,1,22,1,6,3,306,1405,30,18,93,ein,0.048548094373865695,0.6073883161512027,,,336,1423
291,291,5,1,22,1,6,4,345,1405,74,18,92,zweiter,0.05777374470659407,0.6073883161512027,,,419,1423
292,292,5,1,22,1,6,5,428,1405,139,18,92,Raumbereich,0.07524198427102238,0.6073883161512027,,,567,1423
293,293,5,1,22,1,6,6,577,1405,24,23,96,"(5,",0.08908045977011494,0.6084621993127147,,,601,1428
294,294,5,1,22,1,6,7,611,1405,19,23,96,6),0.09384452510586812,0.6084621993127147,,,630,1428
295,295,5,1,22,1,6,8,639,1405,97,18,96,vorhanden,0.10397761645493044,0.6073883161512027,,,736,1423
296,296,5,1,22,1,6,9,739,1405,67,22,96,"sind,",0.11683303085299455,0.6082474226804123,,,806,1427
297,297,4,1,22,1,7,0,224,1438,584,23,-1,,0.0780399274047187,0.6226374570446735,,,808,1461
298,298,5,1,22,1,7,1,224,1438,74,18,96,welche,0.039473684210526314,0.6215635738831615,,,298,1456
299,299,5,1,22,1,7,2,303,1438,46,18,96,durch,0.049304295220810646,0.6215635738831615,,,349,1456
300,300,5,1,22,1,7,3,351,1438,60,18,93,eine,0.057622504537205084,0.6215635738831615,,,411,1456
301,301,5,1,22,1,7,4,416,1438,104,18,92,Trennwand,0.07078039927404718,0.6215635738831615,,,520,1456
302,302,5,1,22,1,7,5,522,1438,58,23,93,(50),0.08333333333333333,0.6226374570446735,,,580,1461
303,303,5,1,22,1,7,6,586,1438,122,18,92,voneinander,0.09785238959467635,0.6215635738831615,,,708,1456
304,304,5,1,22,1,7,7,709,1438,99,23,92,getrennt,0.1147156684815487,0.6226374570446735,,,808,1461
305,305,4,1,22,1,8,0,225,1470,582,23,-1,,0.0780399274047187,0.6363831615120275,,,807,1493
306,306,5,1,22,1,8,1,225,1470,48,19,96,sind.,0.03765880217785844,0.6355240549828178,,,273,1489
307,307,5,1,22,1,8,2,281,1470,17,19,94,In,0.04378402903811252,0.6355240549828178,,,298,1489
308,308,5,1,22,1,8,3,306,1470,44,19,96,dem,0.049606775559588624,0.6355240549828178,,,350,1489
309,309,5,1,22,1,8,4,358,1471,63,18,93,ersten,0.05890804597701149,0.6357388316151202,,,421,1489
310,310,5,1,22,1,8,5,430,1470,127,19,91,Raumbereich,0.07463702359346643,0.6355240549828178,,,557,1489
311,311,5,1,22,1,8,6,559,1470,37,23,96,(5),0.08734119782214156,0.6363831615120275,,,596,1493
312,312,5,1,22,1,8,7,598,1470,56,23,96,liegt,0.09467634603750756,0.6363831615120275,,,654,1493
313,313,5,1,22,1,8,8,660,1470,43,19,96,eine,0.10307017543859649,0.6355240549828178,,,703,1489
314,314,5,1,22,1,8,9,711,1471,51,18,92,erste,0.11138838475499092,0.6357388316151202,,,762,1489
315,315,5,1,22,1,8,10,770,1470,37,19,92,Lei-,0.11925287356321838,0.6355240549828178,,,807,1489
316,316,4,1,22,1,9,0,225,1503,582,23,-1,,0.0780399274047187,0.6505584192439863,,,807,1526
317,317,5,1,22,1,9,1,225,1503,85,23,89,terplatte,0.04045674531155475,0.6505584192439863,,,310,1526
318,318,5,1,22,1,9,2,322,1503,53,23,96,(10a),0.05270719903206292,0.6505584192439863,,,375,1526
319,319,5,1,22,1,9,3,387,1503,52,18,93,einer,0.06246218995765275,0.6494845360824743,,,439,1521
320,320,5,1,22,1,9,4,451,1503,196,18,92,Motorsteuereinheit,0.08303085299455536,0.6494845360824743,,,647,1521
321,321,5,1,22,1,9,5,658,1503,40,23,96,(10),0.10254083484573502,0.6505584192439863,,,698,1526
322,322,5,1,22,1,9,6,709,1508,33,13,93,zur,0.10972474289171204,0.6505584192439863,,,742,1521
323,323,5,1,22,1,9,7,753,1503,54,23,92,Spei-,0.11796733212341198,0.6505584192439863,,,807,1526
324,324,4,1,22,1,10,0,225,1536,582,23,-1,,0.0780399274047187,0.664733676975945,,,807,1559
325,325,5,1,22,1,10,1,225,1540,49,19,96,sung,0.037734422262552934,0.6655927835051546,,,274,1559
326,326,5,1,22,1,10,2,284,1536,37,18,93,des,0.04575015124016939,0.663659793814433,,,321,1554
327,327,5,1,22,1,10,3,332,1536,144,18,92,Elektromotors,0.06110102843315184,0.663659793814433,,,476,1554
328,328,5,1,22,1,10,4,486,1536,40,23,96,(40),0.0765275257108288,0.664733676975945,,,526,1559
329,329,5,1,22,1,10,5,535,1536,36,21,96,"ein,",0.08363581367211131,0.6643041237113402,,,571,1557
330,330,5,1,22,1,10,6,582,1536,30,18,93,die,0.09029038112522686,0.663659793814433,,,612,1554
331,331,5,1,22,1,10,7,622,1536,185,23,89,Betriebsspannun-,0.10806110102843315,0.664733676975945,,,807,1559
332,332,2,1,23,0,0,0,316,1127,966,29,-1,,0.12084089534180278,0.49033505154639173,,,1282,1156
333,333,3,1,23,1,0,0,316,1127,966,29,-1,,0.12084089534180278,0.49033505154639173,,,1282,1156
334,334,4,1,23,1,1,0,316,1127,966,29,-1,,0.12084089534180278,0.49033505154639173,,,1282,1156
335,335,5,1,23,1,1,1,316,1131,251,21,92,ELEKTRONIKMODUL,0.06677253478523897,0.49033505154639173,title_line_1,ELEKTRONIKMODUL,567,1152
336,336,5,1,23,1,1,2,570,1127,76,25,92,FUR,0.09195402298850575,0.4894759450171821,title_line_1,F‚àö√∫R,646,1152
337,337,5,1,23,1,1,3,656,1132,77,20,92,EINEN,0.10503629764065336,0.49054982817869414,title_line_1,EINEN,733,1152
338,338,5,1,23,1,1,4,744,1131,224,21,91,"ELEKTROMOTOR,",0.1294615849969752,0.49033505154639173,title_line_1,"ELEKTROMOTOR,",968,1152
339,339,5,1,23,1,1,5,970,1131,207,25,91,INSBESONDERE,0.16235632183908047,0.49119415807560135,title_line_1,INSBESONDERE,1177,1156
340,340,5,1,23,1,1,6,1179,1131,103,21,95,EINES,0.18610102843315185,0.49033505154639173,title_line_1,EINES,1282,1152
341,341,2,1,24,0,0,0,884,1241,583,285,-1,,0.17778281911675742,0.594286941580756,,,1467,1526
342,342,3,1,24,1,0,0,884,1241,583,285,-1,,0.17778281911675742,0.594286941580756,,,1467,1526
343,343,4,1,24,1,1,0,884,1241,581,23,-1,,0.17763157894736842,0.5380154639175257,,,1465,1264
344,344,5,1,24,1,1,1,884,1246,37,18,95,gen,0.13649425287356323,0.5390893470790378,,,921,1264
345,345,5,1,24,1,1,2,929,1241,52,18,96,einer,0.1444343617664852,0.5369415807560137,,,981,1259
346,346,5,1,24,1,1,3,987,1242,64,17,93,ersten,0.1541137326073805,0.5371563573883161,,,1051,1259
347,347,5,1,24,1,1,4,1059,1241,171,23,91,Spannungsebene,0.17309437386569873,0.5380154639175257,,,1230,1264
348,348,5,1,24,1,1,5,1232,1242,71,22,92,tragt.,0.19169691470054445,0.5382302405498282,,,1303,1264
349,349,5,1,24,1,1,6,1311,1241,17,18,96,In,0.19956140350877194,0.5369415807560137,,,1328,1259
350,350,5,1,24,1,1,7,1335,1241,44,18,93,dem,0.20523290986085904,0.5369415807560137,,,1379,1259
351,351,5,1,24,1,1,8,1387,1241,78,18,91,zweiten,0.21566848154869933,0.5369415807560137,,,1465,1259
352,352,4,1,24,1,2,0,885,1274,582,23,-1,,0.17785843920145192,0.5521907216494846,,,1467,1297
353,353,5,1,24,1,2,1,885,1274,127,18,92,Raumbereich,0.14345130066545675,0.5511168384879725,,,1012,1292
354,354,5,1,24,1,2,2,1013,1274,37,23,96,(6),0.1560042347247429,0.5521907216494846,,,1050,1297
355,355,5,1,24,1,2,3,1051,1274,55,23,96,liegt,0.1631125226860254,0.5521907216494846,,,1106,1297
356,356,5,1,24,1,2,4,1111,1274,44,18,93,eine,0.17135511191772534,0.5511168384879725,,,1155,1292
357,357,5,1,24,1,2,5,1160,1274,67,18,93,zweite,0.18050514216575922,0.5511168384879725,,,1227,1292
358,358,5,1,24,1,2,6,1234,1274,115,23,89,Leiterplatte,0.19532667876588022,0.5521907216494846,,,1349,1297
359,359,5,1,24,1,2,7,1355,1274,54,22,96,(20a),0.20901391409558379,0.5519759450171822,,,1409,1296
360,360,5,1,24,1,2,8,1415,1274,52,18,96,einer,0.2179370840895342,0.5511168384879725,,,1467,1292
361,361,4,1,24,1,3,0,885,1306,580,23,-1,,0.17770719903206292,0.5659364261168385,,,1465,1329
362,362,5,1,24,1,3,1,885,1306,214,23,92,Systemsteuereinheit,0.1500302480338778,0.5659364261168385,,,1099,1329
363,363,5,1,24,1,3,2,1110,1306,40,23,96,(20),0.17090139140955837,0.5659364261168385,,,1150,1329
364,364,5,1,24,1,3,3,1160,1306,36,22,96,"ein,",0.1781609195402299,0.5657216494845361,,,1196,1328
365,365,5,1,24,1,3,4,1208,1306,30,19,93,die,0.18496672716273443,0.5650773195876289,,,1238,1325
366,366,5,1,24,1,3,5,1249,1306,216,23,90,Betriebsspannungen,0.20523290986085904,0.5659364261168385,,,1465,1329
367,367,4,1,24,1,4,0,884,1339,582,23,-1,,0.17770719903206292,0.5801116838487973,,,1466,1362
368,368,5,1,24,1,4,1,884,1339,52,18,93,einer,0.13762855414398065,0.5790378006872853,,,936,1357
369,369,5,1,24,1,4,2,946,1339,85,21,92,"zweiten,",0.14950090744101632,0.5796821305841925,,,1031,1360
370,370,5,1,24,1,4,3,1044,1339,117,23,92,niedrigeren,0.16674228675136116,0.5801116838487973,,,1161,1362
371,371,5,1,24,1,4,4,1172,1339,172,23,92,Spannungsebene,0.19026013309134907,0.5801116838487973,,,1344,1362
372,372,5,1,24,1,4,5,1346,1340,74,22,91,tragt.,0.20916515426497279,0.5803264604810997,,,1420,1362
373,373,5,1,24,1,4,6,1433,1339,33,18,96,Die,0.2192226255293406,0.5790378006872853,,,1466,1357
374,374,4,1,24,1,5,0,884,1372,583,23,-1,,0.17778281911675742,0.594286941580756,,,1467,1395
375,375,5,1,24,1,5,1,884,1372,104,19,92,Trennwand,0.14156079854809436,0.5934278350515464,,,988,1391
376,376,5,1,24,1,5,2,990,1372,61,23,93,(50),0.154340592861464,0.594286941580756,,,1051,1395
377,377,5,1,24,1,5,3,1062,1372,55,19,93,bildet,0.1647761645493043,0.5934278350515464,,,1117,1391
378,378,5,1,24,1,5,4,1126,1372,29,19,95,ein,0.17248941318814276,0.5934278350515464,,,1155,1391
379,379,5,1,24,1,5,5,1165,1373,103,22,93,separates,0.183983666061706,0.5945017182130584,,,1268,1395
380,380,5,1,24,1,5,6,1277,1372,77,22,89,"Bauteil,",0.19895644283121597,0.5940721649484536,,,1354,1394
381,381,5,1,24,1,5,7,1362,1372,62,19,93,wobei,0.21067755595886267,0.5934278350515464,,,1424,1391
382,382,5,1,24,1,5,8,1433,1372,34,19,96,der,0.21929824561403508,0.5934278350515464,,,1467,1391
383,383,4,1,24,1,6,0,884,1405,582,23,-1,,0.17770719903206292,0.6084621993127147,,,1466,1428
384,384,5,1,24,1,6,1,884,1406,51,17,93,erste,0.13755293405928615,0.6076030927835051,,,935,1423
385,385,5,1,24,1,6,2,948,1405,139,18,92,Raumbereich,0.15388687235329704,0.6073883161512027,,,1087,1423
386,386,5,1,24,1,6,3,1098,1405,27,23,93,(5),0.16810344827586207,0.6084621993127147,,,1125,1428
387,387,5,1,24,1,6,4,1138,1405,81,18,92,mitsamt,0.1782365396249244,0.6073883161512027,,,1219,1423
388,388,5,1,24,1,6,5,1230,1405,33,18,96,der,0.18852087114337568,0.6073883161512027,,,1263,1423
389,389,5,1,24,1,6,6,1274,1406,64,17,93,ersten,0.19751966122202058,0.6076030927835051,,,1338,1423
390,390,5,1,24,1,6,7,1351,1405,115,23,92,Leiterplatte,0.213021778584392,0.6084621993127147,,,1466,1428
391,391,4,1,24,1,7,0,885,1438,580,23,-1,,0.17770719903206292,0.6226374570446735,,,1465,1461
392,392,5,1,24,1,7,1,885,1438,59,23,96,"(10a),",0.1383091349062311,0.6226374570446735,,,944,1461
393,393,5,1,24,1,7,2,952,1438,31,18,93,die,0.14632486388384755,0.6215635738831615,,,983,1456
394,394,5,1,24,1,7,3,991,1438,117,18,90,Trennwand,0.1587265577737447,0.6215635738831615,,,1108,1456
395,395,5,1,24,1,7,4,1117,1438,40,23,96,(50),0.17196007259528132,0.6226374570446735,,,1157,1461
396,396,5,1,24,1,7,5,1166,1438,37,18,96,und,0.1791439806412583,0.6215635738831615,,,1203,1456
397,397,5,1,24,1,7,6,1211,1438,34,18,93,der,0.18572292800967938,0.6215635738831615,,,1245,1456
398,398,5,1,24,1,7,7,1251,1438,67,18,92,zweite,0.19426799758015728,0.6215635738831615,,,1318,1456
399,399,5,1,24,1,7,8,1327,1438,138,18,91,Raumbereich,0.21113127646702964,0.6215635738831615,,,1465,1456
400,400,4,1,24,1,8,0,885,1470,581,23,-1,,0.17778281911675742,0.6363831615120275,,,1466,1493
401,401,5,1,24,1,8,1,885,1470,26,23,92,(6),0.13581367211131276,0.6363831615120275,,,911,1493
402,402,5,1,24,1,8,2,920,1470,82,19,92,mitsamt,0.1453418027828191,0.6355240549828178,,,1002,1489
403,403,5,1,24,1,8,3,1010,1470,33,19,93,der,0.15524803387779795,0.6355240549828178,,,1043,1489
404,404,5,1,24,1,8,4,1050,1470,79,19,92,zweiten,0.1647761645493043,0.6355240549828178,,,1129,1489
405,405,5,1,24,1,8,5,1139,1470,115,23,93,Leiterplatte,0.1809588626739262,0.6363831615120275,,,1254,1493
406,406,5,1,24,1,8,6,1263,1470,53,23,96,(20a),0.19502419842710225,0.6363831615120275,,,1316,1493
407,407,5,1,24,1,8,7,1325,1470,47,19,93,axial,0.20394736842105263,0.6355240549828178,,,1372,1489
408,408,5,1,24,1,8,8,1381,1470,85,19,91,Uberein-,0.21529038112522686,0.6355240549828178,,,1466,1489
409,409,4,1,24,1,9,0,884,1503,243,23,-1,,0.15207199032062915,0.6505584192439863,,,1127,1526
410,410,5,1,24,1,9,1,884,1503,60,18,93,ander,0.1382335148215366,0.6494845360824743,,,944,1521
411,411,5,1,24,1,9,2,952,1503,112,23,91,angeordnet,0.15245009074410162,0.6505584192439863,,,1064,1526
412,412,5,1,24,1,9,3,1066,1503,61,18,96,sind.,0.16583484573502721,0.6494845360824743,,,1127,1521
413,413,2,1,25,0,0,0,448,1625,787,548,-1,,0.12726860254083486,0.8157216494845361,,,1235,2173
414,414,3,1,25,1,0,0,448,1625,787,548,-1,,0.12726860254083486,0.8157216494845361,,,1235,2173
415,415,4,1,25,1,1,0,448,1625,787,548,-1,,0.12726860254083486,0.8157216494845361,,,1235,2173
416,416,5,1,25,1,1,1,448,1625,787,548,95, ,0.12726860254083486,0.8157216494845361,,,1235,2173
417,417,2,1,26,0,0,0,530,2176,155,18,-1,,0.09187840290381125,0.938573883161512,,,685,2194
418,418,3,1,26,1,0,0,530,2176,155,18,-1,,0.09187840290381125,0.938573883161512,,,685,2194
419,419,4,1,26,1,1,0,530,2176,155,18,-1,,0.09187840290381125,0.938573883161512,,,685,2194
420,420,5,1,26,1,1,1,530,2176,10,11,79,2.,0.0809134906231095,0.9370704467353952,,,540,2187
421,421,5,1,26,1,1,2,544,2177,101,15,90,Spannungsebene,0.08991228070175439,0.9383591065292096,,,645,2192
422,422,5,1,26,1,1,3,648,2179,37,15,70,(SELV},0.10080157289776165,0.9392182130584192,,,685,2194
423,423,2,1,27,0,0,0,716,2270,259,16,-1,,0.1278735632183908,0.9785223367697594,,,975,2286
424,424,3,1,27,1,0,0,716,2270,259,16,-1,,0.1278735632183908,0.9785223367697594,,,975,2286
425,425,4,1,27,1,1,0,716,2270,259,16,-1,,0.1278735632183908,0.9785223367697594,,,975,2286
426,426,5,1,27,1,1,1,716,2270,49,12,96,Printed,0.11199334543254688,0.9776632302405498,,,765,2282
427,427,5,1,27,1,1,2,771,2270,15,16,96,by,0.1177404718693285,0.9785223367697594,,,786,2286
428,428,5,1,27,1,1,3,792,2270,45,14,96,"Jouve,",0.12318511796733213,0.9780927835051546,,,837,2284
429,429,5,1,27,1,1,4,843,2270,41,12,96,75001,0.13059588626739263,0.9776632302405498,,,884,2282
430,430,5,1,27,1,1,5,893,2270,46,12,96,PARIS,0.1385359951603146,0.9776632302405498,,,939,2282
431,431,5,1,27,1,1,6,945,2270,30,16,95,(FR),0.14519056261343014,0.9785223367697594,,,975,2286
