,Unnamed: 0,level,page_num,block_num,par_num,line_num,word_num,left,top,width,height,conf,text,x,y,label,target,right,bottom
0,0,1,1,0,0,0,0,0,0,1653,2328,-1,,0.125,0.5,,,1653,2328
1,1,2,1,1,0,0,0,144,1905,31,328,-1,,0.02412280701754386,0.8887457044673539,,,175,2233
2,2,3,1,1,1,0,0,144,1905,31,328,-1,,0.02412280701754386,0.8887457044673539,,,175,2233
3,3,4,1,1,1,1,0,144,1905,31,328,-1,,0.02412280701754386,0.8887457044673539,,,175,2233
4,4,5,1,1,1,1,1,144,2179,30,54,95,EP,0.024047186932849365,0.947594501718213,,,174,2233
5,5,5,1,1,1,1,2,144,2142,31,21,96,3,0.02412280701754386,0.9246134020618557,,,175,2163
6,6,5,1,1,1,1,3,144,2061,31,65,94,401,0.02412280701754386,0.8992697594501718,,,175,2126
7,7,5,1,1,1,1,4,144,1969,31,70,85,743,0.02412280701754386,0.8608247422680413,,,175,2039
8,8,5,1,1,1,1,5,144,1905,30,50,85,A1,0.024047186932849365,0.8290378006872853,,,174,1955
9,9,2,1,2,0,0,0,225,147,292,26,-1,,0.056110102843315184,0.06872852233676977,,,517,173
10,10,3,1,2,1,0,0,225,147,292,26,-1,,0.056110102843315184,0.06872852233676977,,,517,173
11,11,4,1,2,1,1,0,225,147,292,26,-1,,0.056110102843315184,0.06872852233676977,,,517,173
12,12,5,1,2,1,1,1,225,147,45,26,96,(19),0.037431941923774956,0.06872852233676977,,,270,173
13,13,5,1,2,1,1,2,429,153,88,16,82,Europaisches,0.07153660012099214,0.06915807560137457,,,517,169
14,14,2,1,3,0,0,0,429,170,71,11,-1,,0.07025105868118572,0.07538659793814433,,,500,181
15,15,3,1,3,1,0,0,429,170,71,11,-1,,0.07025105868118572,0.07538659793814433,,,500,181
16,16,4,1,3,1,1,0,429,170,71,11,-1,,0.07025105868118572,0.07538659793814433,,,500,181
17,17,5,1,3,1,1,1,429,170,71,11,94,Patentamt,0.07025105868118572,0.07538659793814433,,,500,181
18,18,2,1,4,0,0,0,429,196,89,28,-1,,0.07161222020568662,0.09020618556701031,,,518,224
19,19,3,1,4,1,0,0,429,196,89,28,-1,,0.07161222020568662,0.09020618556701031,,,518,224
20,20,4,1,4,1,1,0,429,196,63,15,-1,,0.06964609800362977,0.08741408934707903,,,492,211
21,21,5,1,4,1,1,1,429,196,63,15,95,European,0.06964609800362977,0.08741408934707903,,,492,211
22,22,4,1,4,1,2,0,429,212,89,12,-1,,0.07161222020568662,0.0936426116838488,,,518,224
23,23,5,1,4,1,2,1,429,213,43,11,96,Patent,0.06813369630973987,0.0938573883161512,,,472,224
24,24,5,1,4,1,2,2,478,212,40,12,90,Office,0.07531760435571688,0.0936426116838488,,,518,224
25,25,2,1,5,0,0,0,429,239,109,28,-1,,0.07312462189957653,0.10867697594501718,,,538,267
26,26,3,1,5,1,0,0,429,239,109,28,-1,,0.07312462189957653,0.10867697594501718,,,538,267
27,27,4,1,5,1,1,0,429,239,109,15,-1,,0.07312462189957653,0.10588487972508591,,,538,254
28,28,5,1,5,1,1,1,429,239,40,12,93,Office,0.06790683605565638,0.1052405498281787,,,469,251
29,29,5,1,5,1,1,2,474,239,64,15,93,europ√©en,0.0765275257108288,0.10588487972508591,,,538,254
30,30,4,1,5,1,2,0,429,255,77,12,-1,,0.0707047791893527,0.11211340206185567,,,506,267
31,31,5,1,5,1,2,1,429,255,22,12,95,des,0.06654567453115548,0.11211340206185567,,,451,267
32,32,5,1,5,1,2,2,457,255,49,12,82,brevets,0.07282214156079855,0.11211340206185567,,,506,267
33,33,2,1,6,0,0,0,281,136,274,150,-1,,0.06321839080459771,0.09063573883161512,,,555,286
34,34,3,1,6,1,0,0,281,136,274,150,-1,,0.06321839080459771,0.09063573883161512,,,555,286
35,35,4,1,6,1,1,0,281,136,274,150,-1,,0.06321839080459771,0.09063573883161512,,,555,286
36,36,5,1,6,1,1,1,281,136,274,150,95, ,0.06321839080459771,0.09063573883161512,,,555,286
37,37,2,1,7,0,0,0,1002,245,458,38,-1,,0.18617664851784635,0.1134020618556701,,,1460,283
38,38,3,1,7,1,0,0,1002,245,458,38,-1,,0.18617664851784635,0.1134020618556701,,,1460,283
39,39,4,1,7,1,1,0,1002,245,458,38,-1,,0.18617664851784635,0.1134020618556701,,,1460,283
40,40,5,1,7,1,1,1,1002,256,44,27,74,(11),0.15486993345432548,0.11576460481099657,,,1046,283
41,41,5,1,7,1,1,2,1146,245,52,32,95,EP,0.17725347852389595,0.11211340206185567,number,EP,1198,277
42,42,5,1,7,1,1,3,1214,245,20,32,96,3,0.1851179673321234,0.11211340206185567,number,3,1234,277
43,43,5,1,7,1,1,4,1248,245,64,32,95,401,0.19358741681790684,0.11211340206185567,number,401,1312,277
44,44,5,1,7,1,1,5,1332,245,67,32,91,743,0.20651845130066546,0.11211340206185567,number,743,1399,277
45,45,5,1,7,1,1,6,1413,245,47,32,90,A1,0.21725650332728372,0.11211340206185567,number,A1,1460,277
46,46,2,1,8,0,0,0,225,314,907,36,-1,,0.10261645493042952,0.14261168384879724,,,1132,350
47,47,3,1,8,1,0,0,225,314,907,36,-1,,0.10261645493042952,0.14261168384879724,,,1132,350
48,48,4,1,8,1,1,0,225,314,907,36,-1,,0.10261645493042952,0.14261168384879724,,,1132,350
49,49,5,1,8,1,1,1,225,324,45,26,95,(12),0.037431941923774956,0.14475945017182132,,,270,350
50,50,5,1,8,1,1,2,559,314,230,31,92,EUROPAISCHE,0.10193587416817906,0.14153780068728522,,,789,345
51,51,5,1,8,1,1,3,802,319,330,26,91,PATENTANMELDUNG,0.14624924379915305,0.14261168384879724,,,1132,345
52,52,2,1,9,0,0,0,225,395,415,53,-1,,0.06541137326073805,0.18105670103092783,,,640,448
53,53,3,1,9,1,0,0,225,395,415,53,-1,,0.06541137326073805,0.18105670103092783,,,640,448
54,54,4,1,9,1,1,0,225,395,282,26,-1,,0.05535390199637023,0.17525773195876287,,,507,421
55,55,5,1,9,1,1,1,225,395,45,26,92,(43),0.037431941923774956,0.17525773195876287,,,270,421
56,56,5,1,9,1,1,2,285,397,222,23,90,Verdffentlichungstag:,0.05989110707803993,0.17547250859106528,,,507,420
57,57,4,1,9,1,2,0,287,430,353,18,-1,,0.07009981851179674,0.18857388316151202,,,640,448
58,58,5,1,9,1,2,1,287,430,116,18,92,14.11.2018,0.052177858439201454,0.18857388316151202,publication_date,14.11.2018,403,448
59,59,5,1,9,1,2,2,426,430,121,18,92,Patentblatt,0.0735783424077435,0.18857388316151202,,,547,448
60,60,5,1,9,1,2,3,555,430,85,18,96,2018/46,0.09036600120992136,0.18857388316151202,,,640,448
61,61,2,1,10,0,0,0,225,493,380,26,-1,,0.06276467029643074,0.21735395189003437,,,605,519
62,62,3,1,10,1,0,0,225,493,380,26,-1,,0.06276467029643074,0.21735395189003437,,,605,519
63,63,4,1,10,1,1,0,225,493,380,26,-1,,0.06276467029643074,0.21735395189003437,,,605,519
64,64,5,1,10,1,1,1,225,493,45,26,91,(21),0.037431941923774956,0.21735395189003437,,,270,519
65,65,5,1,10,1,1,2,285,495,186,18,91,Anmeldenummer:,0.05716878402903811,0.21649484536082475,,,471,513
66,66,5,1,10,1,1,3,481,495,124,18,92,18166462.4,0.08212341197822141,0.21649484536082475,application_number,18166462.4,605,513
67,67,2,1,11,0,0,0,225,559,319,26,-1,,0.05815184513006655,0.24570446735395188,,,544,585
68,68,3,1,11,1,0,0,225,559,319,26,-1,,0.05815184513006655,0.24570446735395188,,,544,585
69,69,4,1,11,1,1,0,225,559,319,26,-1,,0.05815184513006655,0.24570446735395188,,,544,585
70,70,5,1,11,1,1,1,225,559,45,26,93,(22),0.037431941923774956,0.24570446735395188,,,270,585
71,71,5,1,11,1,1,2,285,561,131,23,92,Anmeldetag:,0.0530096793708409,0.24591924398625428,,,416,584
72,72,5,1,11,1,1,3,427,561,117,18,96,10.04.2018,0.07342710223835451,0.24484536082474226,filing_date,10.04.2018,544,579
73,73,2,1,12,0,0,0,862,395,545,51,-1,,0.17158197217180884,0.18062714776632302,,,1407,446
74,74,3,1,12,1,0,0,862,395,545,51,-1,,0.17158197217180884,0.18062714776632302,,,1407,446
75,75,4,1,12,1,1,0,862,395,126,26,-1,,0.13989715668481548,0.17525773195876287,,,988,421
76,76,5,1,12,1,1,1,862,395,44,26,93,(51),0.1336963097398669,0.17525773195876287,,,906,421
77,77,5,1,12,1,1,2,923,397,25,18,93,Int,0.1414851784633999,0.17439862542955326,,,948,415
78,78,5,1,12,1,1,3,955,397,33,18,78,Cl:,0.14692982456140352,0.17439862542955326,,,988,415
79,79,4,1,12,1,2,0,923,425,484,21,-1,,0.17619479733817303,0.1870704467353952,,,1407,446
80,80,5,1,12,1,2,1,923,428,60,18,74,GO5B,0.1441318814277072,0.1877147766323024,class_international,G05B,983,446
81,81,5,1,12,1,2,2,993,428,71,18,75,19/042,0.15555051421657592,0.1877147766323024,class_international,19/042,1064,446
82,82,5,1,12,1,2,3,1068,425,67,16,75,(2006.01),0.16659104658197219,0.18599656357388317,,,1135,441
83,83,5,1,12,1,2,4,1194,428,61,18,79,GO5B,0.1851935874168179,0.1877147766323024,,,1255,446
84,84,5,1,12,1,2,5,1264,428,71,18,83,191418,0.19653660012099214,0.1877147766323024,,,1335,446
85,85,5,1,12,1,2,6,1340,425,67,16,88,(2006.01),0.20772837265577737,0.18599656357388317,,,1407,441
86,86,2,1,13,0,0,0,224,613,1243,4,-1,,0.1278735632183908,0.26417525773195877,,,1467,617
87,87,3,1,13,1,0,0,224,613,1243,4,-1,,0.1278735632183908,0.26417525773195877,,,1467,617
88,88,4,1,13,1,1,0,224,613,1243,4,-1,,0.1278735632183908,0.26417525773195877,,,1467,617
89,89,5,1,13,1,1,1,224,613,1243,4,95, ,0.1278735632183908,0.26417525773195877,,,1467,617
90,90,2,1,14,0,0,0,225,631,599,250,-1,,0.07932546884452511,0.3247422680412371,,,824,881
91,91,3,1,14,1,0,0,225,631,599,250,-1,,0.07932546884452511,0.3247422680412371,,,824,881
92,92,4,1,14,1,1,0,225,631,342,27,-1,,0.05989110707803993,0.2768470790378007,,,567,658
93,93,5,1,14,1,1,1,225,631,45,27,93,(84),0.037431941923774956,0.2768470790378007,,,270,658
94,94,5,1,14,1,1,2,286,633,100,19,93,Benannte,0.050816696914700546,0.2759879725085911,,,386,652
95,95,5,1,14,1,1,3,393,633,174,23,92,Vertragsstaaten:,0.07259528130671507,0.2768470790378007,,,567,656
96,96,4,1,14,1,2,0,285,666,537,18,-1,,0.08371143375680581,0.28994845360824745,,,822,684
97,97,5,1,14,1,2,1,285,666,31,18,94,AL,0.04544767090139141,0.28994845360824745,,,316,684
98,98,5,1,14,1,2,2,323,666,31,18,94,AT,0.05119479733817302,0.28994845360824745,,,354,684
99,99,5,1,14,1,2,3,363,666,30,18,95,BE,0.05716878402903811,0.28994845360824745,,,393,684
100,100,5,1,14,1,2,4,403,666,32,18,95,BG,0.0633696309739867,0.28994845360824745,,,435,684
101,101,5,1,14,1,2,5,445,666,31,18,95,CH,0.06964609800362977,0.28994845360824745,,,476,684
102,102,5,1,14,1,2,6,486,666,32,18,96,CY,0.07592256503327284,0.28994845360824745,,,518,684
103,103,5,1,14,1,2,7,526,666,30,18,96,CZ,0.08182093163944344,0.28994845360824745,,,556,684
104,104,5,1,14,1,2,8,565,666,30,18,96,DE,0.08771929824561403,0.28994845360824745,,,595,684
105,105,5,1,14,1,2,9,605,666,32,18,93,DK,0.09392014519056262,0.28994845360824745,,,637,684
106,106,5,1,14,1,2,10,646,666,29,18,93,EE,0.0998941318814277,0.28994845360824745,,,675,684
107,107,5,1,14,1,2,11,684,666,29,18,93,ES,0.10564125831820932,0.28994845360824745,,,713,684
108,108,5,1,14,1,2,12,723,666,99,18,86,FIFRGB,0.11683303085299455,0.28994845360824745,,,822,684
109,109,4,1,14,1,3,0,285,699,539,18,-1,,0.0838626739261948,0.30412371134020616,,,824,717
110,110,5,1,14,1,3,1,285,699,35,18,94,GR,0.04575015124016939,0.30412371134020616,,,320,717
111,111,5,1,14,1,3,2,328,699,32,18,94,HR,0.05202661826981246,0.30412371134020616,,,360,717
112,112,5,1,14,1,3,3,368,699,14,18,41,HU,0.05671506352087114,0.30412371134020616,,,382,717
113,113,5,1,14,1,3,4,385,699,43,18,41,IE,0.06147912885662432,0.30412371134020616,,,428,717
114,114,5,1,14,1,3,5,436,699,20,18,47,IS,0.06745311554748941,0.30412371134020616,,,456,717
115,115,5,1,14,1,3,6,464,699,20,18,47,IT,0.07168784029038112,0.30412371134020616,,,484,717
116,116,5,1,14,1,3,7,492,699,54,18,83,LILT,0.07849364791288566,0.30412371134020616,,,546,717
117,117,5,1,14,1,3,8,554,699,28,18,75,LU,0.08590441621294616,0.30412371134020616,,,582,717
118,118,5,1,14,1,3,9,591,699,28,18,75,LV,0.09150030248033877,0.30412371134020616,,,619,717
119,119,5,1,14,1,3,10,627,699,35,18,95,MC,0.09747428917120388,0.30412371134020616,,,662,717
120,120,5,1,14,1,3,11,670,699,35,18,94,MK,0.10397761645493044,0.30412371134020616,,,705,717
121,121,5,1,14,1,3,12,713,699,32,18,93,MT,0.11025408348457351,0.30412371134020616,,,745,717
122,122,5,1,14,1,3,13,753,699,29,18,20,NL,0.11607683000604961,0.30412371134020616,,,782,717
123,123,5,1,14,1,3,14,791,699,33,18,20,NO,0.1221264367816092,0.30412371134020616,,,824,717
124,124,4,1,14,1,4,0,286,732,336,18,-1,,0.06866303690260134,0.31829896907216493,,,622,750
125,125,5,1,14,1,4,1,286,732,28,18,95,PL,0.045372050816696916,0.31829896907216493,,,314,750
126,126,5,1,14,1,4,2,323,732,29,18,92,PT,0.05104355716878403,0.31829896907216493,,,352,750
127,127,5,1,14,1,4,3,360,732,58,18,92,RORS,0.058832425892317,0.31829896907216493,,,418,750
128,128,5,1,14,1,4,4,420,732,52,18,96,SE,0.06745311554748941,0.31829896907216493,,,472,750
129,129,5,1,14,1,4,5,480,732,20,18,91,SI,0.07410768300060495,0.31829896907216493,,,500,750
130,130,5,1,14,1,4,6,510,732,31,18,91,SK,0.0794767090139141,0.31829896907216493,,,541,750
131,131,5,1,14,1,4,7,550,732,72,18,91,SMTR,0.08862673926194797,0.31829896907216493,,,622,750
132,132,4,1,14,1,5,0,286,765,330,23,-1,,0.06820931639443437,0.3335481099656357,,,616,788
133,133,5,1,14,1,5,1,286,765,100,18,92,Benannte,0.050816696914700546,0.3324742268041237,,,386,783
134,134,5,1,14,1,5,2,395,765,221,23,91,Erstreckungsstaaten:,0.0764519056261343,0.3335481099656357,,,616,788
135,135,4,1,14,1,6,0,286,797,74,19,-1,,0.04885057471264368,0.34643470790378006,,,360,816
136,136,5,1,14,1,6,1,286,797,33,19,96,BA,0.04575015124016939,0.34643470790378006,,,319,816
137,137,5,1,14,1,6,2,327,797,33,19,96,ME,0.05195099818511797,0.34643470790378006,,,360,816
138,138,4,1,14,1,7,0,286,830,322,23,-1,,0.06760435571687841,0.36146907216494845,,,608,853
139,139,5,1,14,1,7,1,286,830,100,18,92,Benannte,0.050816696914700546,0.3603951890034364,,,386,848
140,140,5,1,14,1,7,2,393,830,215,23,92,Validierungsstaaten:,0.07569570477918935,0.36146907216494845,,,608,853
141,141,4,1,14,1,8,0,286,863,157,18,-1,,0.055127041742286755,0.3745704467353952,,,443,881
142,142,5,1,14,1,8,1,286,863,31,18,95,KH,0.0455989110707804,0.3745704467353952,,,317,881
143,143,5,1,14,1,8,2,327,863,35,18,96,MA,0.052102238354506954,0.3745704467353952,,,362,881
144,144,5,1,14,1,8,3,371,863,34,18,95,MD,0.05868118572292801,0.3745704467353952,,,405,881
145,145,5,1,14,1,8,4,413,863,30,18,95,TN,0.0647307924984876,0.3745704467353952,,,443,881
146,146,2,1,15,0,0,0,225,927,488,26,-1,,0.07093163944343618,0.40378006872852235,,,713,953
147,147,3,1,15,1,0,0,225,927,488,26,-1,,0.07093163944343618,0.40378006872852235,,,713,953
148,148,4,1,15,1,1,0,225,927,488,26,-1,,0.07093163944343618,0.40378006872852235,,,713,953
149,149,5,1,15,1,1,1,225,927,45,26,92,(30),0.037431941923774956,0.40378006872852235,,,270,953
150,150,5,1,15,1,1,2,286,929,86,18,65,Prioritat:,0.04975801572897762,0.4029209621993127,,,372,947
151,151,5,1,15,1,1,3,383,929,118,18,94,05.05.2017,0.06684815486993345,0.4029209621993127,priority_date_eu,05.05.2017,501,947
152,152,5,1,15,1,1,4,520,929,30,18,94,DE,0.0809134906231095,0.4029209621993127,,,550,947
153,153,5,1,15,1,1,5,559,929,154,18,96,102017109711,0.09618874773139746,0.4029209621993127,,,713,947
154,154,2,1,16,0,0,0,845,614,2,435,-1,,0.1279491833030853,0.35717353951890035,,,847,1049
155,155,3,1,16,1,0,0,845,614,2,435,-1,,0.1279491833030853,0.35717353951890035,,,847,1049
156,156,4,1,16,1,1,0,845,614,2,435,-1,,0.1279491833030853,0.35717353951890035,,,847,1049
157,157,5,1,16,1,1,1,845,614,2,435,95, ,0.1279491833030853,0.35717353951890035,,,847,1049
158,158,2,1,17,0,0,0,862,631,492,91,-1,,0.1675741076830006,0.29059278350515466,,,1354,722
159,159,3,1,17,1,0,0,862,631,492,91,-1,,0.1675741076830006,0.29059278350515466,,,1354,722
160,160,4,1,17,1,1,0,862,631,492,27,-1,,0.1675741076830006,0.2768470790378007,,,1354,658
161,161,5,1,17,1,1,1,862,631,44,27,93,(71),0.1336963097398669,0.2768470790378007,,,906,658
162,162,5,1,17,1,1,2,921,633,107,19,91,Anmelder:,0.14738354506957047,0.2759879725085911,,,1028,652
163,163,5,1,17,1,1,3,1038,633,92,19,92,Endress,0.16394434361766486,0.2759879725085911,applicant_line_1,Endress,1130,652
164,164,5,1,17,1,1,4,1138,636,12,13,97,+,0.17301875378100423,0.2759879725085911,applicant_line_1,+,1150,649
165,165,5,1,17,1,1,5,1160,633,80,19,96,Hauser,0.18148820326678766,0.2759879725085911,applicant_line_1,Hauser,1240,652
166,166,5,1,17,1,1,6,1246,633,108,19,96,Conducta,0.19661222020568664,0.2759879725085911,applicant_line_1,Conducta,1354,652
167,167,4,1,17,1,2,0,922,666,164,18,-1,,0.15184513006654568,0.28994845360824745,,,1086,684
168,168,5,1,17,1,2,1,922,666,122,18,88,GmbH+Co.,0.14866908650937688,0.28994845360824745,,,1044,684
169,169,5,1,17,1,2,2,1054,666,32,18,96,KG,0.161826981246219,0.28994845360824745,,,1086,684
170,170,4,1,17,1,3,0,922,699,238,23,-1,,0.15744101633393828,0.30519759450171824,,,1160,722
171,171,5,1,17,1,3,1,922,699,64,18,92,70839,0.1442831215970962,0.30412371134020616,,,986,717
172,172,5,1,17,1,3,2,994,699,110,23,92,Gerlingen,0.15865093768905023,0.30519759450171824,,,1104,722
173,173,5,1,17,1,3,3,1113,699,47,23,96,(DE),0.17188445251058682,0.30519759450171824,,,1160,722
174,174,2,1,18,0,0,0,862,763,293,57,-1,,0.15252571082879612,0.3399914089347079,,,1155,820
175,175,3,1,18,1,0,0,862,763,293,57,-1,,0.15252571082879612,0.3399914089347079,,,1155,820
176,176,4,1,18,1,1,0,862,763,293,26,-1,,0.15252571082879612,0.3333333333333333,,,1155,789
177,177,5,1,18,1,1,1,862,763,44,26,92,(72),0.1336963097398669,0.3333333333333333,,,906,789
178,178,5,1,18,1,1,2,923,765,86,18,87,Erfinder:,0.14609800362976408,0.3324742268041237,,,1009,783
179,179,5,1,18,1,1,3,1020,765,56,21,69,"Robl,",0.15849969751966123,0.3331185567010309,inventor_line_1,"Robl,",1076,786
180,180,5,1,18,1,1,4,1086,765,69,18,96,Stefan,0.169464609800363,0.3324742268041237,inventor_line_1,Stefan,1155,783
181,181,4,1,18,1,2,0,922,797,199,23,-1,,0.15449183303085298,0.3472938144329897,,,1121,820
182,182,5,1,18,1,2,1,922,797,64,19,93,46569,0.1442831215970962,0.34643470790378006,,,986,816
183,183,5,1,18,1,2,2,996,797,70,19,66,Hiinxe,0.1559286146400484,0.34643470790378006,,,1066,816
184,184,5,1,18,1,2,3,1075,797,46,23,96,(DE),0.16606170598911071,0.3472938144329897,,,1121,820
185,185,2,1,19,0,0,0,862,861,550,156,-1,,0.17196007259528132,0.40335051546391754,,,1412,1017
186,186,3,1,19,1,0,0,862,861,550,156,-1,,0.17196007259528132,0.40335051546391754,,,1412,1017
187,187,4,1,19,1,1,0,862,861,428,26,-1,,0.16273442226255294,0.3754295532646048,,,1290,887
188,188,5,1,19,1,1,1,862,861,44,26,93,(74),0.1336963097398669,0.3754295532646048,,,906,887
189,189,5,1,19,1,1,2,921,863,97,18,92,Vertreter:,0.14662734422262552,0.3745704467353952,,,1018,881
190,190,5,1,19,1,1,3,1027,863,88,21,96,"Andres,",0.161978221415608,0.3752147766323024,representative_line_1_eu,"Andres,",1115,884
191,191,5,1,19,1,1,4,1123,863,98,23,96,Angelika,0.17725347852389595,0.3756443298969072,representative_line_1_eu,Angelika,1221,886
192,192,5,1,19,1,1,5,1230,863,60,18,96,Maria,0.19056261343012704,0.3745704467353952,representative_line_1_eu,Maria,1290,881
193,193,4,1,19,1,2,0,923,895,489,23,-1,,0.1765728977616455,0.3893900343642612,,,1412,918
194,194,5,1,19,1,2,1,923,895,177,19,79,EndresstHauser,0.1529794313369631,0.38853092783505155,,,1100,914
195,195,5,1,19,1,2,2,1103,895,172,23,93,(Deutschland),0.17982456140350878,0.3893900343642612,,,1275,918
196,196,5,1,19,1,2,3,1283,895,87,19,90,AG+Co.,0.20062008469449485,0.38853092783505155,,,1370,914
197,197,5,1,19,1,2,4,1379,895,33,19,96,KG,0.21105565638233514,0.38853092783505155,,,1412,914
198,198,4,1,19,1,3,0,923,929,99,18,-1,,0.1470810647307925,0.4029209621993127,,,1022,947
199,199,5,1,19,1,3,1,923,929,99,18,91,PatServe,0.1470810647307925,0.4029209621993127,,,1022,947
200,200,4,1,19,1,4,0,922,961,216,19,-1,,0.1557773744706594,0.4168814432989691,,,1138,980
201,201,5,1,19,1,4,1,922,961,94,19,92,Colmarer,0.14655172413793102,0.4168814432989691,,,1016,980
202,202,5,1,19,1,4,2,1018,961,100,19,96,Strasse,0.16152450090744103,0.4168814432989691,,,1118,980
203,203,5,1,19,1,4,3,1126,961,12,19,96,6,0.17120387174833634,0.4168814432989691,,,1138,980
204,204,4,1,19,1,5,0,922,994,290,23,-1,,0.16137326073805203,0.4319158075601375,,,1212,1017
205,205,5,1,19,1,5,1,922,994,64,18,96,79576,0.1442831215970962,0.43084192439862545,,,986,1012
206,206,5,1,19,1,5,2,994,994,48,18,95,Weil,0.15396249243799154,0.43084192439862545,,,1042,1012
207,207,5,1,19,1,5,3,1050,999,33,13,95,am,0.16129764065335753,0.4319158075601375,,,1083,1012
208,208,5,1,19,1,5,4,1093,994,62,18,96,Rhein,0.16999395039322443,0.43084192439862545,,,1155,1012
209,209,5,1,19,1,5,5,1165,994,47,23,96,(DE),0.17974894131881428,0.4319158075601375,,,1212,1017
210,210,2,1,20,0,0,0,224,1046,1243,4,-1,,0.1278735632183908,0.45017182130584193,,,1467,1050
211,211,3,1,20,1,0,0,224,1046,1243,4,-1,,0.1278735632183908,0.45017182130584193,,,1467,1050
212,212,4,1,20,1,1,0,224,1046,1243,4,-1,,0.1278735632183908,0.45017182130584193,,,1467,1050
213,213,5,1,20,1,1,1,224,1046,1243,4,95, ,0.1278735632183908,0.45017182130584193,,,1467,1050
214,214,2,1,21,0,0,0,225,1061,1234,31,-1,,0.12734422262552933,0.46241408934707906,,,1459,1092
215,215,3,1,21,1,0,0,225,1061,1234,31,-1,,0.12734422262552933,0.46241408934707906,,,1459,1092
216,216,4,1,21,1,1,0,225,1061,1234,31,-1,,0.12734422262552933,0.46241408934707906,,,1459,1092
217,217,5,1,21,1,1,1,225,1066,45,26,87,(54),0.037431941923774956,0.4634879725085911,,,270,1092
218,218,5,1,21,1,1,2,0,0,1653,2328,49,|,0.125,0.5,,,1653,2328
219,219,5,1,21,1,1,3,315,1067,163,19,49,VERFAHREN,0.05996672716273442,0.46241408934707906,title_line_1,VERFAHREN,478,1086
220,220,5,1,21,1,1,4,487,1067,54,20,92,ZUR,0.07773744706594071,0.46262886597938147,title_line_1,ZUR,541,1087
221,221,5,1,21,1,1,5,550,1066,195,21,91,AUFSTELLUNG,0.09792800967937085,0.46241408934707906,title_line_1,AUFSTELLUNG,745,1087
222,222,5,1,21,1,1,6,756,1067,79,19,93,EINER,0.12031155474894131,0.46241408934707906,title_line_1,EINER,835,1086
223,223,5,1,21,1,1,7,844,1061,223,26,91,MENUSTRUKTUR,0.14450998185117966,0.46134020618556704,title_line_1,MEN‚àö√∫STRUKTUR,1067,1087
224,224,5,1,21,1,1,8,1074,1067,53,20,95,AUF,0.16643980641258319,0.46262886597938147,title_line_1,AUF,1127,1087
225,225,5,1,21,1,1,9,1138,1067,81,19,93,EINEM,0.1782365396249244,0.46241408934707906,title_line_1,EINEM,1219,1086
226,226,5,1,21,1,1,10,1230,1066,229,21,91,MESSUMFORMER,0.20334240774349668,0.46241408934707906,,,1459,1087
227,227,2,1,22,0,0,0,316,1099,295,21,-1,,0.07009981851179674,0.47658934707903783,,,611,1120
228,228,3,1,22,1,0,0,316,1099,295,21,-1,,0.07009981851179674,0.47658934707903783,,,611,1120
229,229,4,1,22,1,1,0,316,1099,295,21,-1,,0.07009981851179674,0.47658934707903783,,,611,1120
230,230,5,1,22,1,1,1,316,1099,55,21,92,UND,0.05195099818511797,0.47658934707903783,,,371,1120
231,231,5,1,22,1,1,2,382,1099,229,21,91,MESSUMFORMER,0.0750907441016334,0.47658934707903783,title_line_1,MESSUMFORMER,611,1120
232,232,2,1,23,0,0,0,225,1173,583,1009,-1,,0.07811554748941318,0.7205756013745704,,,808,2182
233,233,3,1,23,1,0,0,225,1173,583,943,-1,,0.07811554748941318,0.7064003436426117,,,808,2116
234,234,4,1,23,1,1,0,225,1173,582,27,-1,,0.0780399274047187,0.5096649484536082,,,807,1200
235,235,5,1,23,1,1,1,225,1173,45,27,92,(57),0.037431941923774956,0.5096649484536082,,,270,1200
236,236,5,1,23,1,1,2,316,1175,33,19,46,Die,0.05028735632183908,0.5088058419243986,,,349,1194
237,237,5,1,23,1,1,3,360,1175,99,24,93,Erfindung,0.061932849364791286,0.5098797250859106,,,459,1199
238,238,5,1,23,1,1,4,469,1175,93,19,92,offenbart,0.0779643073200242,0.5088058419243986,,,562,1194
239,239,5,1,23,1,1,5,571,1175,30,19,96,ein,0.08862673926194797,0.5088058419243986,,,601,1194
240,240,5,1,23,1,1,6,611,1175,102,19,95,Verfahren,0.10012099213551119,0.5088058419243986,,,713,1194
241,241,5,1,23,1,1,7,723,1180,33,14,93,zur,0.1118421052631579,0.5098797250859106,,,756,1194
242,242,5,1,23,1,1,8,764,1175,43,19,88,Auf-,0.11879915305505143,0.5088058419243986,,,807,1194
243,243,4,1,23,1,2,0,225,1208,583,23,-1,,0.07811554748941318,0.523840206185567,,,808,1231
244,244,5,1,23,1,2,1,225,1208,80,23,92,stellung,0.04007864488808228,0.523840206185567,,,305,1231
245,245,5,1,23,1,2,2,317,1208,53,19,93,einer,0.05195099818511797,0.5229810996563574,,,370,1227
246,246,5,1,23,1,2,3,382,1208,138,19,45,Menistruktur,0.06820931639443437,0.5229810996563574,,,520,1227
247,247,5,1,23,1,2,4,531,1208,33,19,96,auf,0.08280399274047187,0.5229810996563574,,,564,1227
248,248,5,1,23,1,2,5,574,1208,62,19,92,einem,0.09150030248033877,0.5229810996563574,,,636,1227
249,249,5,1,23,1,2,6,651,1208,157,19,92,Messumformer,0.110329703569268,0.5229810996563574,,,808,1227
250,250,4,1,23,1,3,0,225,1241,583,23,-1,,0.07811554748941318,0.5380154639175257,,,808,1264
251,251,5,1,23,1,3,1,225,1241,40,23,96,(20),0.03705384150030248,0.5380154639175257,,,265,1264
252,252,5,1,23,1,3,2,282,1241,34,18,92,der,0.04522081064730792,0.5369415807560137,,,316,1259
253,253,5,1,23,1,3,3,332,1241,347,23,91,"Prozessautomatisierungstechnik,",0.0764519056261343,0.5380154639175257,,,679,1264
254,254,5,1,23,1,3,4,696,1241,61,18,92,wobei,0.10987598306110102,0.5369415807560137,,,757,1259
255,255,5,1,23,1,3,5,774,1241,34,18,96,der,0.11963097398669087,0.5369415807560137,,,808,1259
256,256,4,1,23,1,4,0,226,1274,581,23,-1,,0.07811554748941318,0.5521907216494846,,,807,1297
257,257,5,1,23,1,4,1,226,1274,157,18,92,Messumformer,0.046052631578947366,0.5511168384879725,,,383,1292
258,258,5,1,23,1,4,2,392,1274,40,23,95,(20),0.062310949788263764,0.5521907216494846,,,432,1297
259,259,5,1,23,1,4,3,443,1274,30,18,93,mit,0.0692679975801573,0.5511168384879725,,,473,1292
260,260,5,1,23,1,4,4,482,1274,108,18,91,zumindest,0.08106473079249849,0.5511168384879725,,,590,1292
261,261,5,1,23,1,4,5,598,1274,63,18,93,einem,0.09520568663036903,0.5511168384879725,,,661,1292
262,262,5,1,23,1,4,6,672,1274,99,23,92,Feldgerat,0.10911978221415608,0.5521907216494846,,,771,1297
263,263,5,1,23,1,4,7,780,1274,27,23,96,(1),0.12000907441016334,0.5521907216494846,,,807,1297
264,264,4,1,23,1,5,0,225,1306,582,22,-1,,0.0780399274047187,0.5657216494845361,,,807,1328
265,265,5,1,23,1,5,1,225,1306,103,19,92,verbindbar,0.04181790683605566,0.5650773195876289,,,328,1325
266,266,5,1,23,1,5,2,330,1306,44,22,93,"ist,",0.05323653962492438,0.5657216494845361,,,374,1328
267,267,5,1,23,1,5,3,386,1306,113,19,91,umfassend,0.06692377495462795,0.5650773195876289,,,499,1325
268,268,5,1,23,1,5,4,510,1306,108,19,91,zumindest,0.0852994555353902,0.5650773195876289,,,618,1325
269,269,5,1,23,1,5,5,627,1306,30,19,96,die,0.09709618874773139,0.5650773195876289,,,657,1325
270,270,5,1,23,1,5,6,668,1306,84,19,93,Schritte:,0.1073805202661827,0.5650773195876289,,,752,1325
271,271,5,1,23,1,5,7,763,1306,44,19,92,Ver-,0.11872353297035693,0.5650773195876289,,,807,1325
272,272,4,1,23,1,6,0,226,1339,580,23,-1,,0.0780399274047187,0.5801116838487973,,,806,1362
273,273,5,1,23,1,6,1,226,1339,68,18,92,binden,0.03932244404113733,0.5790378006872853,,,294,1357
274,274,5,1,23,1,6,2,303,1339,37,18,93,des,0.048623714458560195,0.5790378006872853,,,340,1357
275,275,5,1,23,1,6,3,349,1339,110,23,91,Feldgerats,0.06110102843315184,0.5801116838487973,,,459,1362
276,276,5,1,23,1,6,4,468,1339,26,23,96,(1),0.07274652147610405,0.5801116838487973,,,494,1362
277,277,5,1,23,1,6,5,504,1339,30,18,96,mit,0.07849364791288566,0.5790378006872853,,,534,1357
278,278,5,1,23,1,6,6,541,1339,44,18,93,dem,0.08514821536600121,0.5790378006872853,,,585,1357
279,279,5,1,23,1,6,7,595,1339,148,18,91,Messumformer,0.10117967332123412,0.5790378006872853,,,743,1357
280,280,5,1,23,1,6,8,746,1339,60,23,96,(20);,0.11736237144585603,0.5801116838487973,,,806,1362
281,281,4,1,23,1,7,0,226,1368,582,27,-1,,0.07819116757410768,0.5934278350515464,,,808,1395
282,282,5,1,23,1,7,1,226,1368,116,27,92,Ubertragen,0.04295220810647308,0.5934278350515464,,,342,1395
283,283,5,1,23,1,7,2,356,1372,52,19,93,einer,0.05777374470659407,0.5934278350515464,,,408,1391
284,284,5,1,23,1,7,3,419,1372,236,23,84,feldgeratespezifischen,0.08121597096188747,0.594286941580756,,,655,1395
285,285,5,1,23,1,7,4,670,1372,138,19,42,Mentstruktur,0.1117664851784634,0.5934278350515464,,,808,1391
286,286,4,1,23,1,8,0,225,1405,582,25,-1,,0.0780399274047187,0.6088917525773195,,,807,1430
287,287,5,1,23,1,8,1,225,1405,46,25,89,(Mg),0.03750756200846945,0.6088917525773195,,,271,1430
288,288,5,1,23,1,8,2,276,1410,43,13,89,vom,0.04499395039322444,0.6084621993127147,,,319,1423
289,289,5,1,23,1,8,3,327,1405,98,23,90,Feldgerat,0.056866303690260134,0.6084621993127147,,,425,1428
290,290,5,1,23,1,8,4,430,1405,27,23,83,(1),0.06707501512401694,0.6084621993127147,,,457,1428
291,291,5,1,23,1,8,5,462,1410,25,13,83,an,0.07176346037507562,0.6084621993127147,,,487,1423
292,292,5,1,23,1,8,6,492,1405,38,18,88,den,0.07728372655777374,0.6073883161512027,,,530,1423
293,293,5,1,23,1,8,7,537,1405,148,18,91,Messumformer,0.09240774349667272,0.6073883161512027,,,685,1423
294,294,5,1,23,1,8,8,688,1405,57,23,96,"(20),",0.10836358136721114,0.6084621993127147,,,745,1428
295,295,5,1,23,1,8,9,751,1410,56,13,96,wenn,0.11781609195402298,0.6084621993127147,,,807,1423
296,296,4,1,23,1,9,0,225,1438,582,23,-1,,0.0780399274047187,0.6226374570446735,,,807,1461
297,297,5,1,23,1,9,1,225,1438,40,18,95,sich,0.03705384150030248,0.6215635738831615,,,265,1456
298,298,5,1,23,1,9,2,272,1438,56,18,96,diese,0.045372050816696916,0.6215635738831615,,,328,1456
299,299,5,1,23,1,9,3,336,1438,48,18,96,noch,0.0544464609800363,0.6215635738831615,,,384,1456
300,300,5,1,23,1,9,4,392,1438,49,18,96,nicht,0.06299153055051422,0.6215635738831615,,,441,1456
301,301,5,1,23,1,9,5,447,1438,33,18,96,auf,0.07009981851179674,0.6215635738831615,,,480,1456
302,302,5,1,23,1,9,6,485,1438,44,18,92,dem,0.07667876588021778,0.6215635738831615,,,529,1456
303,303,5,1,23,1,9,7,538,1438,149,18,91,Messumformer,0.0926346037507562,0.6215635738831615,,,687,1456
304,304,5,1,23,1,9,8,689,1438,53,23,93,(20),0.10821234119782214,0.6226374570446735,,,742,1461
305,305,5,1,23,1,9,9,750,1438,57,18,92,befin-,0.1177404718693285,0.6215635738831615,,,807,1456
306,306,4,1,23,1,10,0,225,1470,582,23,-1,,0.0780399274047187,0.6363831615120275,,,807,1493
307,307,5,1,23,1,10,1,225,1470,37,22,96,det;,0.036826981246219,0.636168384879725,,,262,1492
308,308,5,1,23,1,10,2,269,1470,36,19,92,und,0.04340592861464005,0.6355240549828178,,,305,1489
309,309,5,1,23,1,10,3,311,1470,94,19,92,Vereinen,0.05414398064125832,0.6355240549828178,,,405,1489
310,310,5,1,23,1,10,4,410,1470,25,19,90,der,0.06389897156684815,0.6355240549828178,,,435,1489
311,311,5,1,23,1,10,5,437,1470,247,23,86,feldgeratespezifischen,0.08477011494252873,0.6363831615120275,,,684,1493
312,312,5,1,23,1,10,6,690,1470,117,19,51,Mentstruk-,0.1132032667876588,0.6355240549828178,,,807,1489
313,313,4,1,23,1,11,0,225,1503,582,26,-1,,0.0780399274047187,0.6512027491408935,,,807,1529
314,314,5,1,23,1,11,1,225,1504,27,17,95,tur,0.03607078039927405,0.6496993127147767,,,252,1521
315,315,5,1,23,1,11,2,271,1503,46,26,95,(Mg),0.04446460980036298,0.6512027491408935,,,317,1529
316,316,5,1,23,1,11,3,338,1503,30,18,96,mit,0.05338777979431337,0.6494845360824743,,,368,1521
317,317,5,1,23,1,11,4,388,1503,52,18,81,einer,0.06261343012704174,0.6494845360824743,,,440,1521
318,318,5,1,23,1,11,5,460,1503,287,23,81,messumformerspezifischen,0.09127344222625529,0.6505584192439863,,,747,1526
319,319,5,1,23,1,11,6,769,1503,38,18,91,Me-,0.1191772534785239,0.6494845360824743,,,807,1521
320,320,4,1,23,1,12,0,226,1536,582,25,-1,,0.07819116757410768,0.6651632302405498,,,808,1561
321,321,5,1,23,1,12,1,226,1536,104,18,42,nistruktur,0.04204476709013914,0.663659793814433,,,330,1554
322,322,5,1,23,1,12,2,343,1536,49,25,67,(My),0.05558076225045372,0.6651632302405498,,,392,1561
323,323,5,1,23,1,12,3,406,1540,22,14,96,zu,0.06306715063520871,0.6645189003436426,,,428,1554
324,324,5,1,23,1,12,4,443,1536,52,18,92,einer,0.07093163944343618,0.663659793814433,,,495,1554
325,325,5,1,23,1,12,5,507,1536,148,23,92,gemeinsamen,0.08787053841500303,0.664733676975945,,,655,1559
326,326,5,1,23,1,12,6,670,1536,138,18,89,Menistruktur,0.1117664851784634,0.663659793814433,,,808,1554
327,327,4,1,23,1,13,0,225,1569,582,23,-1,,0.0780399274047187,0.6789089347079038,,,807,1592
328,328,5,1,23,1,13,1,225,1569,40,23,92,"(M),",0.03705384150030248,0.6789089347079038,,,265,1592
329,329,5,1,23,1,13,2,284,1569,61,18,92,wobei,0.047565033272837266,0.6778350515463918,,,345,1587
330,330,5,1,23,1,13,3,364,1569,40,18,96,sich,0.05807622504537205,0.6778350515463918,,,404,1587
331,331,5,1,23,1,13,4,424,1569,30,18,92,die,0.06639443436176648,0.6778350515463918,,,454,1587
332,332,5,1,23,1,13,5,474,1569,275,23,91,messumformerspezifische,0.09248336358136722,0.6789089347079038,,,749,1592
333,333,5,1,23,1,13,6,769,1569,38,18,92,Me-,0.1191772534785239,0.6778350515463918,,,807,1587
334,334,4,1,23,1,14,0,226,1602,581,25,-1,,0.07811554748941318,0.6935137457044673,,,807,1627
335,335,5,1,23,1,14,1,226,1602,104,18,41,nistruktur,0.04204476709013914,0.6920103092783505,,,330,1620
336,336,5,1,23,1,14,2,338,1602,49,25,9,(My),0.05482456140350877,0.6935137457044673,,,387,1627
337,337,5,1,23,1,14,3,396,1602,22,18,93,im,0.061554748941318814,0.6920103092783505,,,418,1620
338,338,5,1,23,1,14,4,428,1602,148,18,91,Messumformer,0.07592256503327284,0.6920103092783505,,,576,1620
339,339,5,1,23,1,14,5,579,1602,54,23,93,(20),0.09165154264972777,0.6930841924398625,,,633,1625
340,340,5,1,23,1,14,6,642,1602,89,21,93,"befindet,",0.10382637628554144,0.6926546391752577,,,731,1623
341,341,5,1,23,1,14,7,741,1602,66,18,93,mittels,0.11705989110707804,0.6920103092783505,,,807,1620
342,342,4,1,23,1,15,0,225,1634,583,23,-1,,0.07811554748941318,0.7068298969072165,,,808,1657
343,343,5,1,23,1,15,1,225,1634,108,19,91,zumindest,0.04219600725952813,0.7059707903780069,,,333,1653
344,344,5,1,23,1,15,2,339,1634,63,19,93,einem,0.05603448275862069,0.7059707903780069,,,402,1653
345,345,5,1,23,1,15,3,409,1634,113,23,91,Ankerpunkt,0.07040229885057471,0.7068298969072165,,,522,1657
346,346,5,1,23,1,15,4,523,1634,42,23,95,(A),0.0822746521476104,0.7068298969072165,,,565,1657
347,347,5,1,23,1,15,5,572,1634,48,19,95,oder,0.09013914095583787,0.7059707903780069,,,620,1653
348,348,5,1,23,1,15,6,625,1634,63,19,93,einem,0.09928917120387175,0.7059707903780069,,,688,1653
349,349,5,1,23,1,15,7,697,1634,111,19,93,Platzhalter,0.11380822746521477,0.7059707903780069,,,808,1653
350,350,4,1,23,1,16,0,225,1667,583,23,-1,,0.07811554748941318,0.7210051546391752,,,808,1690
351,351,5,1,23,1,16,1,225,1667,29,23,91,(P),0.036222020568663034,0.7210051546391752,,,254,1690
352,352,5,1,23,1,16,2,275,1667,15,18,96,in,0.04272534785238959,0.7199312714776632,,,290,1685
353,353,5,1,23,1,16,3,309,1667,35,18,93,der,0.049379915305505145,0.7199312714776632,,,344,1685
354,354,5,1,23,1,16,4,362,1667,288,23,91,messumformerspezifischen,0.0765275257108288,0.7210051546391752,,,650,1690
355,355,5,1,23,1,16,5,670,1667,138,18,58,Menistruktur,0.1117664851784634,0.7199312714776632,,,808,1685
356,356,4,1,23,1,17,0,225,1700,582,25,-1,,0.0780399274047187,0.7356099656357389,,,807,1725
357,357,5,1,23,1,17,1,225,1700,55,25,82,(My).,0.038188142770719906,0.7356099656357389,,,280,1725
358,358,5,1,23,1,17,2,290,1700,61,18,58,wobei,0.0484724742891712,0.7341065292096219,,,351,1718
359,359,5,1,23,1,17,3,360,1700,58,18,96,durch,0.058832425892317,0.7341065292096219,,,418,1718
360,360,5,1,23,1,17,4,428,1700,38,18,93,den,0.06760435571687841,0.7341065292096219,,,466,1718
361,361,5,1,23,1,17,5,475,1700,121,23,92,Ankerpunkt,0.080989110707804,0.7351804123711341,,,596,1723
362,362,5,1,23,1,17,6,605,1700,29,23,96,(A),0.09369328493647913,0.7351804123711341,,,634,1723
363,363,5,1,23,1,17,7,644,1700,47,18,96,oder,0.10095281306715063,0.7341065292096219,,,691,1718
364,364,5,1,23,1,17,8,700,1700,38,18,93,den,0.10874168179068361,0.7341065292096219,,,738,1718
365,365,5,1,23,1,17,9,749,1700,58,18,92,Platz-,0.117664851784634,0.7341065292096219,,,807,1718
366,366,4,1,23,1,18,0,226,1732,581,23,-1,,0.07811554748941318,0.748926116838488,,,807,1755
367,367,5,1,23,1,18,1,226,1732,58,19,93,halter,0.03856624319419238,0.7480670103092784,,,284,1751
368,368,5,1,23,1,18,2,295,1732,29,23,93,(P),0.046808832425892316,0.748926116838488,,,324,1755
369,369,5,1,23,1,18,3,336,1732,104,23,93,festgelegt,0.05868118572292801,0.748926116838488,,,440,1755
370,370,5,1,23,1,18,4,452,1732,26,22,96,"ist,",0.07032667876588022,0.7487113402061856,,,478,1754
371,371,5,1,23,1,18,5,491,1737,29,14,96,wo,0.0764519056261343,0.7491408934707904,,,520,1751
372,372,5,1,23,1,18,6,532,1732,41,19,96,sich,0.08356019358741681,0.7480670103092784,,,573,1751
373,373,5,1,23,1,18,7,584,1732,31,19,93,die,0.09066848154869933,0.7480670103092784,,,615,1751
374,374,5,1,23,1,18,8,626,1732,181,23,88,feldgeratespezifi-,0.10836358136721114,0.748926116838488,,,807,1755
375,375,4,1,23,1,19,0,225,1766,582,25,-1,,0.0780399274047187,0.7639604810996563,,,807,1791
376,376,5,1,23,1,19,1,225,1766,61,18,92,schen,0.03864186327888687,0.7624570446735395,,,286,1784
377,377,5,1,23,1,19,2,299,1766,138,18,90,Meniistruktur,0.05565638233514821,0.7624570446735395,,,437,1784
378,378,5,1,23,1,19,3,447,1766,46,25,96,(Mg),0.07108287961282517,0.7639604810996563,,,493,1791
379,379,5,1,23,1,19,4,505,1766,16,18,96,in,0.07758620689655173,0.7624570446735395,,,521,1784
380,380,5,1,23,1,19,5,532,1766,31,18,93,die,0.08280399274047187,0.7624570446735395,,,563,1784
381,381,5,1,23,1,19,6,575,1766,232,23,92,messumformerspezifi-,0.10450695704779189,0.7635309278350515,,,807,1789
382,382,4,1,23,1,20,0,225,1799,582,25,-1,,0.0780399274047187,0.7781357388316151,,,807,1824
383,383,5,1,23,1,20,1,225,1799,48,18,93,sche,0.03765880217785844,0.7766323024054983,,,273,1817
384,384,5,1,23,1,20,2,285,1799,138,18,83,Menistruktur,0.05353901996370236,0.7766323024054983,,,423,1817
385,385,5,1,23,1,20,3,433,1799,49,25,3,(Mj),0.0691923774954628,0.7781357388316151,,,482,1824
386,386,5,1,23,1,20,4,493,1799,115,23,92,"eingliedert,",0.08325771324863884,0.7777061855670103,,,608,1822
387,387,5,1,23,1,20,5,619,1799,61,18,90,wobei,0.09823049001814882,0.7766323024054983,,,680,1817
388,388,5,1,23,1,20,6,691,1803,23,14,96,es,0.10624621899576528,0.7774914089347079,,,714,1817
389,389,5,1,23,1,20,7,726,1799,39,18,96,sich,0.11274954627949184,0.7766323024054983,,,765,1817
390,390,5,1,23,1,20,8,778,1799,29,18,96,bei,0.11985783424077436,0.7766323024054983,,,807,1817
391,391,4,1,23,1,21,0,225,1831,582,23,-1,,0.0780399274047187,0.7914518900343642,,,807,1854
392,392,5,1,23,1,21,1,225,1831,44,19,92,dem,0.03735632183908046,0.7905927835051546,,,269,1850
393,393,5,1,23,1,21,2,276,1831,121,23,88,Ankerpunkt,0.05089231699939504,0.7914518900343642,,,397,1854
394,394,5,1,23,1,21,3,403,1831,29,23,96,(A),0.06314277071990321,0.7914518900343642,,,432,1854
395,395,5,1,23,1,21,4,441,1836,30,14,96,um,0.06896551724137931,0.7916666666666666,,,471,1850
396,396,5,1,23,1,21,5,478,1831,44,19,93,eine,0.07562008469449485,0.7905927835051546,,,522,1850
397,397,5,1,23,1,21,6,529,1831,82,19,92,Referenz,0.08620689655172414,0.7905927835051546,,,611,1850
398,398,5,1,23,1,21,7,614,1836,41,14,96,auf,0.09596188747731398,0.7916666666666666,,,655,1850
399,399,5,1,23,1,21,8,656,1831,57,19,93,eine,0.10352389594676346,0.7905927835051546,,,713,1850
400,400,5,1,23,1,21,9,719,1831,88,19,79,vollstan-,0.11539624924379915,0.7905927835051546,,,807,1850
401,401,4,1,23,1,22,0,225,1864,583,23,-1,,0.07811554748941318,0.805627147766323,,,808,1887
402,402,5,1,23,1,22,1,225,1864,43,23,91,dige,0.03728070175438596,0.805627147766323,,,268,1887
403,403,5,1,23,1,22,2,275,1864,108,18,84,Meniseite,0.04975801572897762,0.804553264604811,,,383,1882
404,404,5,1,23,1,22,3,389,1864,34,18,93,der,0.06140350877192982,0.804553264604811,,,423,1882
405,405,5,1,23,1,22,4,427,1864,235,23,90,feldgeratespezifischen,0.0823502722323049,0.805627147766323,,,662,1887
406,406,5,1,23,1,22,5,670,1864,138,18,39,Menistruktur,0.1117664851784634,0.804553264604811,,,808,1882
407,407,4,1,23,1,23,0,225,1897,582,25,-1,,0.0780399274047187,0.8202319587628866,,,807,1922
408,408,5,1,23,1,23,1,225,1897,46,25,92,(Mg),0.03750756200846945,0.8202319587628866,,,271,1922
409,409,5,1,23,1,23,2,282,1897,81,21,92,"handelt,",0.04877495462794918,0.819372852233677,,,363,1918
410,410,5,1,23,1,23,3,373,1897,61,18,91,wobei,0.06102540834845735,0.8187285223367697,,,434,1915
411,411,5,1,23,1,23,4,443,1897,35,18,93,der,0.06964609800362977,0.8187285223367697,,,478,1915
412,412,5,1,23,1,23,5,485,1897,114,23,91,Ankerpunkt,0.08197217180883243,0.8198024054982818,,,599,1920
413,413,5,1,23,1,23,6,600,1897,44,23,96,(A),0.0940713853599516,0.8198024054982818,,,644,1920
414,414,5,1,23,1,23,7,655,1897,15,18,96,in,0.10019661222020569,0.8187285223367697,,,670,1915
415,415,5,1,23,1,23,8,680,1897,34,18,93,der,0.10541439806412584,0.8187285223367697,,,714,1915
416,416,5,1,23,1,23,9,722,1897,85,23,92,gemein-,0.11562310949788264,0.8198024054982818,,,807,1920
417,417,4,1,23,1,24,0,225,1929,582,23,-1,,0.0780399274047187,0.8335481099656358,,,807,1952
418,418,5,1,23,1,24,1,225,1934,69,14,93,samen,0.03924682395644283,0.8337628865979382,,,294,1948
419,419,5,1,23,1,24,2,307,1929,137,19,62,Menistruktur,0.05679068360556564,0.8326890034364262,,,444,1948
420,420,5,1,23,1,24,3,455,1929,33,23,92,(M),0.07130973986690865,0.8335481099656358,,,488,1952
421,421,5,1,23,1,24,4,501,1934,33,14,93,nur,0.07826678765880218,0.8337628865979382,,,534,1948
422,422,5,1,23,1,24,5,543,1929,111,23,91,dargestellt,0.09051724137931035,0.8335481099656358,,,654,1952
423,423,5,1,23,1,24,6,663,1929,49,22,96,"wird,",0.10397761645493044,0.8333333333333334,,,712,1951
424,424,5,1,23,1,24,7,723,1934,56,14,96,wenn,0.11358136721113128,0.8337628865979382,,,779,1948
425,425,5,1,23,1,24,8,791,1929,16,19,96,in,0.12084089534180278,0.8326890034364262,,,807,1948
426,426,4,1,23,1,25,0,225,1963,582,25,-1,,0.0780399274047187,0.8485824742268041,,,807,1988
427,427,5,1,23,1,25,1,225,1963,34,18,93,der,0.03660012099213551,0.8470790378006873,,,259,1981
428,428,5,1,23,1,25,2,266,1963,236,23,84,feldgeratespezifischen,0.05807622504537205,0.8481529209621993,,,502,1986
429,429,5,1,23,1,25,3,513,1963,138,18,84,Menistruktur,0.08802177858439202,0.8470790378006873,,,651,1981
430,430,5,1,23,1,25,4,660,1963,45,25,88,(Mg),0.10322141560798548,0.8485824742268041,,,705,1988
431,431,5,1,23,1,25,5,714,1963,44,18,93,eine,0.11131276467029642,0.8470790378006873,,,758,1981
432,432,5,1,23,1,25,6,768,1963,39,18,92,ent-,0.1191016333938294,0.8470790378006873,,,807,1981
433,433,4,1,23,1,26,0,225,1995,582,23,-1,,0.0780399274047187,0.8618986254295533,,,807,2018
434,434,5,1,23,1,26,1,225,1995,123,23,92,sprechende,0.04333030852994555,0.8618986254295533,,,348,2018
435,435,5,1,23,1,26,2,359,1995,108,19,58,Meniiseite,0.06246218995765275,0.8610395189003437,,,467,2014
436,436,5,1,23,1,26,3,477,1995,86,22,92,"existiert,",0.07864488808227466,0.8616838487972509,,,563,2017
437,437,5,1,23,1,26,4,575,1995,36,19,93,und,0.0896854204476709,0.8610395189003437,,,611,2014
438,438,5,1,23,1,26,5,621,1995,61,19,91,wobei,0.0985329703569268,0.8610395189003437,,,682,2014
439,439,5,1,23,1,26,6,692,2000,24,14,96,es,0.10647307924984876,0.8621134020618557,,,716,2014
440,440,5,1,23,1,26,7,726,1995,40,19,96,sich,0.11282516636418632,0.8610395189003437,,,766,2014
441,441,5,1,23,1,26,8,778,1995,29,19,96,bei,0.11985783424077436,0.8610395189003437,,,807,2014
442,442,4,1,23,1,27,0,225,2028,582,23,-1,,0.0780399274047187,0.876073883161512,,,807,2051
443,443,5,1,23,1,27,1,225,2028,44,18,90,dem,0.03735632183908046,0.875,,,269,2046
444,444,5,1,23,1,27,2,279,2028,111,18,90,Platzhalter,0.05058983666061706,0.875,,,390,2046
445,445,5,1,23,1,27,3,397,2028,30,23,93,(P),0.062310949788263764,0.876073883161512,,,427,2051
446,446,5,1,23,1,27,4,436,2033,29,13,93,um,0.06813369630973987,0.876073883161512,,,465,2046
447,447,5,1,23,1,27,5,474,2028,108,18,91,zumindest,0.07985480943738657,0.875,,,582,2046
448,448,5,1,23,1,27,6,590,2028,29,18,96,ein,0.09142468239564429,0.875,,,619,2046
449,449,5,1,23,1,27,7,628,2028,78,18,96,Element,0.10087719298245613,0.875,,,706,2046
450,450,5,1,23,1,27,8,708,2028,47,18,93,der,0.11063218390804598,0.875,,,755,2046
451,451,5,1,23,1,27,9,762,2028,45,18,93,feld-,0.11864791288566243,0.875,,,807,2046
452,452,4,1,23,1,28,0,225,2061,583,25,-1,,0.07811554748941318,0.8906786941580757,,,808,2086
453,453,5,1,23,1,28,1,225,2061,196,23,91,geratespezifischen,0.04885057471264368,0.8902491408934707,,,421,2084
454,454,5,1,23,1,28,2,436,2061,138,18,48,Menistruktur,0.07637628554143981,0.8891752577319587,,,574,2079
455,455,5,1,23,1,28,3,587,2061,45,25,96,(Mg),0.09218088324258923,0.8906786941580757,,,632,2086
456,456,5,1,23,1,28,4,647,2061,95,18,96,innerhalb,0.10503629764065336,0.8891752577319587,,,742,2079
457,457,5,1,23,1,28,5,756,2061,52,18,96,einer,0.11826981246218995,0.8891752577319587,,,808,2079
458,458,4,1,23,1,29,0,226,2093,580,23,-1,,0.0780399274047187,0.9039948453608248,,,806,2116
459,459,5,1,23,1,29,1,226,2093,107,19,84,Mentiseite,0.04227162734422263,0.9031357388316151,,,333,2112
460,460,5,1,23,1,29,2,341,2093,34,19,93,der,0.05414398064125832,0.9031357388316151,,,375,2112
461,461,5,1,23,1,29,3,381,2093,148,23,91,gemeinsamen,0.06881427707199032,0.9039948453608248,,,529,2116
462,462,5,1,23,1,29,4,538,2093,137,19,78,Menistruktur,0.09172716273442226,0.9031357388316151,,,675,2112
463,463,5,1,23,1,29,5,683,2093,33,23,92,(M),0.10579249848759831,0.9039948453608248,,,716,2116
464,464,5,1,23,1,29,6,725,2093,81,19,89,handelt.,0.11577434966727163,0.9031357388316151,,,806,2112
465,465,3,1,23,2,0,0,225,2126,583,56,-1,,0.07811554748941318,0.9252577319587629,,,808,2182
466,466,4,1,23,2,1,0,271,2126,537,23,-1,,0.08159407138535996,0.9181701030927835,,,808,2149
467,467,5,1,23,2,1,1,271,2126,33,18,93,Die,0.043481548699334543,0.9170962199312714,,,304,2144
468,468,5,1,23,2,1,2,312,2126,99,23,92,Erfindung,0.05467332123411978,0.9181701030927835,,,411,2149
469,469,5,1,23,2,1,3,418,2126,93,18,92,offenbart,0.07025105868118572,0.9170962199312714,,,511,2144
470,470,5,1,23,2,1,4,517,2126,63,18,96,weiter,0.08295523290986086,0.9170962199312714,,,580,2144
471,471,5,1,23,2,1,5,586,2126,56,18,93,einen,0.09286146400483969,0.9170962199312714,,,642,2144
472,472,5,1,23,2,1,6,651,2126,157,18,92,Messumformer,0.110329703569268,0.9170962199312714,,,808,2144
473,473,4,1,23,2,2,0,225,2159,383,23,-1,,0.06299153055051422,0.9323453608247423,,,608,2182
474,474,5,1,23,2,2,1,225,2159,40,23,96,(20),0.03705384150030248,0.9323453608247423,,,265,2182
475,475,5,1,23,2,2,2,274,2164,33,14,93,zur,0.043935269207501515,0.9325601374570447,,,307,2178
476,476,5,1,23,2,2,3,313,2159,121,23,37,Ausfilhrung,0.05648820326678766,0.9323453608247423,,,434,2182
477,477,5,1,23,2,2,4,442,2159,37,19,92,des,0.06964609800362977,0.9314862542955327,,,479,2178
478,478,5,1,23,2,2,5,487,2159,121,19,91,Verfahrens.,0.08280399274047187,0.9314862542955327,,,608,2178
479,479,2,1,24,0,0,0,995,1226,250,169,-1,,0.1693889897156685,0.5629295532646048,,,1245,1395
480,480,3,1,24,1,0,0,995,1226,250,169,-1,,0.1693889897156685,0.5629295532646048,,,1245,1395
481,481,4,1,24,1,1,0,995,1239,105,156,-1,,0.15842407743496673,0.5657216494845361,,,1100,1395
482,482,5,1,24,1,1,1,995,1239,105,156,22,Os,0.15842407743496673,0.5657216494845361,,,1100,1395
483,483,4,1,24,1,2,0,1089,1244,105,108,-1,,0.17264065335753176,0.5575601374570447,,,1194,1352
484,484,5,1,24,1,2,1,1089,1244,105,108,32,a,0.17264065335753176,0.5575601374570447,,,1194,1352
485,485,4,1,24,1,3,0,1184,1226,61,169,-1,,0.18368118572292802,0.5629295532646048,,,1245,1395
486,486,5,1,24,1,3,1,1184,1351,61,44,62,@),0.18368118572292802,0.5897766323024055,,,1245,1395
487,487,5,1,24,1,3,2,1188,1226,20,13,62,=,0.1811857229280097,0.5294243986254296,,,1208,1239
488,488,2,1,25,0,0,0,1248,1317,42,38,-1,,0.19192377495462795,0.5738831615120275,,,1290,1355
489,489,3,1,25,1,0,0,1248,1317,42,38,-1,,0.19192377495462795,0.5738831615120275,,,1290,1355
490,490,4,1,25,1,1,0,1248,1317,42,38,-1,,0.19192377495462795,0.5738831615120275,,,1290,1355
491,491,5,1,25,1,1,1,1248,1317,42,38,61,\;,0.19192377495462795,0.5738831615120275,,,1290,1355
492,492,2,1,26,0,0,0,950,1395,425,56,-1,,0.17581669691470053,0.6112542955326461,,,1375,1451
493,493,3,1,26,1,0,0,950,1395,425,56,-1,,0.17581669691470053,0.6112542955326461,,,1375,1451
494,494,4,1,26,1,1,0,950,1396,53,55,-1,,0.14768602540834846,0.6114690721649485,,,1003,1451
495,495,5,1,26,1,1,1,950,1396,53,55,60,\,0.14768602540834846,0.6114690721649485,,,1003,1451
496,496,4,1,26,1,2,0,1140,1395,52,53,-1,,0.176346037507562,0.6106099656357389,,,1192,1448
497,497,5,1,26,1,2,1,1140,1395,52,53,88,\,0.176346037507562,0.6106099656357389,,,1192,1448
498,498,4,1,26,1,3,0,1235,1396,52,53,-1,,0.19071385359951604,0.6110395189003437,,,1287,1449
499,499,5,1,26,1,3,1,1235,1396,52,53,15,4,0.19071385359951604,0.6110395189003437,,,1287,1449
500,500,4,1,26,1,4,0,1333,1412,42,37,-1,,0.20477918935269207,0.6144759450171822,,,1375,1449
501,501,5,1,26,1,4,1,1333,1412,42,37,27,\;,0.20477918935269207,0.6144759450171822,,,1375,1449
502,502,2,1,27,0,0,0,900,1412,549,180,-1,,0.17763157894736842,0.6451890034364262,,,1449,1592
503,503,3,1,27,1,0,0,900,1412,549,180,-1,,0.17763157894736842,0.6451890034364262,,,1449,1592
504,504,4,1,27,1,1,0,900,1450,61,43,-1,,0.14072897761645492,0.6320876288659794,,,961,1493
505,505,5,1,27,1,1,1,900,1450,61,43,45,@,0.14072897761645492,0.6320876288659794,,,961,1493
506,506,4,1,27,1,2,0,995,1550,60,42,-1,,0.15502117362371445,0.6748281786941581,,,1055,1592
507,507,5,1,27,1,2,1,995,1550,60,42,66,¬Æ,0.15502117362371445,0.6748281786941581,,,1055,1592
508,508,4,1,27,1,3,0,1089,1450,112,141,-1,,0.17316999395039323,0.6531357388316151,,,1201,1591
509,509,5,1,27,1,3,1,1089,1450,112,141,41,ma,0.17316999395039323,0.6531357388316151,,,1201,1591
510,510,4,1,27,1,4,0,1204,1450,136,141,-1,,0.19237749546279492,0.6531357388316151,,,1340,1591
511,511,5,1,27,1,4,1,1204,1450,136,141,0,eA,0.19237749546279492,0.6531357388316151,,,1340,1591
512,512,4,1,27,1,5,0,1374,1412,75,180,-1,,0.21347549909255897,0.6451890034364262,,,1449,1592
513,513,5,1,27,1,5,1,1374,1492,75,100,51,"OW,",0.21347549909255897,0.6623711340206185,,,1449,1592
514,514,5,1,27,1,5,2,1377,1412,9,14,0,‚Äú,0.20893829401088929,0.6095360824742269,,,1386,1426
515,515,2,1,28,0,0,0,1043,1493,54,56,-1,,0.161826981246219,0.6533505154639175,,,1097,1549
516,516,3,1,28,1,0,0,1043,1493,54,56,-1,,0.161826981246219,0.6533505154639175,,,1097,1549
517,517,4,1,28,1,1,0,1043,1493,54,56,-1,,0.161826981246219,0.6533505154639175,,,1097,1549
518,518,5,1,28,1,1,1,1043,1493,54,56,68,\,0.161826981246219,0.6533505154639175,,,1097,1549
519,519,2,1,29,0,0,0,1130,1597,140,53,-1,,0.18148820326678766,0.6973797250859106,,,1270,1650
520,520,3,1,29,1,0,0,1130,1597,140,53,-1,,0.18148820326678766,0.6973797250859106,,,1270,1650
521,521,4,1,29,1,1,0,1130,1597,23,53,-1,,0.17264065335753176,0.6973797250859106,,,1153,1650
522,522,5,1,29,1,1,1,1130,1597,23,53,42,ams,0.17264065335753176,0.6973797250859106,,,1153,1650
523,523,4,1,29,1,2,0,1253,1597,17,53,-1,,0.19078947368421054,0.6973797250859106,,,1270,1650
524,524,5,1,29,1,2,1,1253,1597,17,53,20,a7,0.19078947368421054,0.6973797250859106,,,1270,1650
525,525,2,1,30,0,0,0,1272,1636,17,14,-1,,0.19366303690260134,0.7057560137457045,,,1289,1650
526,526,3,1,30,1,0,0,1272,1636,17,14,-1,,0.19366303690260134,0.7057560137457045,,,1289,1650
527,527,4,1,30,1,1,0,1272,1636,17,14,-1,,0.19366303690260134,0.7057560137457045,,,1289,1650
528,528,5,1,30,1,1,1,1272,1636,17,14,48,3,0.19366303690260134,0.7057560137457045,,,1289,1650
529,529,2,1,31,0,0,0,1167,1599,2,75,-1,,0.17664851784633998,0.7029639175257731,,,1169,1674
530,530,3,1,31,1,0,0,1167,1599,2,75,-1,,0.17664851784633998,0.7029639175257731,,,1169,1674
531,531,4,1,31,1,1,0,1167,1599,2,75,-1,,0.17664851784633998,0.7029639175257731,,,1169,1674
532,532,5,1,31,1,1,1,1167,1599,2,75,95, ,0.17664851784633998,0.7029639175257731,,,1169,1674
533,533,2,1,32,0,0,0,1140,1682,64,81,-1,,0.17725347852389595,0.739905498281787,,,1204,1763
534,534,3,1,32,1,0,0,1140,1682,64,81,-1,,0.17725347852389595,0.739905498281787,,,1204,1763
535,535,4,1,32,1,1,0,1140,1682,64,81,-1,,0.17725347852389595,0.739905498281787,,,1204,1763
536,536,5,1,32,1,1,1,1140,1682,64,81,20,LD,0.17725347852389595,0.739905498281787,,,1204,1763
537,537,2,1,33,0,0,0,1195,1758,195,27,-1,,0.1954779189352692,0.7609536082474226,,,1390,1785
538,538,3,1,33,1,0,0,1195,1758,195,27,-1,,0.1954779189352692,0.7609536082474226,,,1390,1785
539,539,4,1,33,1,1,0,1195,1758,195,27,-1,,0.1954779189352692,0.7609536082474226,,,1390,1785
540,540,5,1,33,1,1,1,1195,1766,28,14,64,Mit,0.18284936479128858,0.7615979381443299,,,1223,1780
541,541,5,1,33,1,1,2,1325,1758,41,27,96,Fig.,0.20349364791288566,0.7609536082474226,,,1366,1785
542,542,5,1,33,1,1,3,1376,1758,14,21,95,2,0.20916515426497279,0.7596649484536082,,,1390,1779
543,543,2,1,34,0,0,0,716,2270,259,16,-1,,0.1278735632183908,0.9785223367697594,,,975,2286
544,544,3,1,34,1,0,0,716,2270,259,16,-1,,0.1278735632183908,0.9785223367697594,,,975,2286
545,545,4,1,34,1,1,0,716,2270,259,16,-1,,0.1278735632183908,0.9785223367697594,,,975,2286
546,546,5,1,34,1,1,1,716,2270,49,12,96,Printed,0.11199334543254688,0.9776632302405498,,,765,2282
547,547,5,1,34,1,1,2,771,2270,15,16,96,by,0.1177404718693285,0.9785223367697594,,,786,2286
548,548,5,1,34,1,1,3,792,2270,45,14,96,"Jouve,",0.12318511796733213,0.9780927835051546,,,837,2284
549,549,5,1,34,1,1,4,843,2270,41,12,96,75001,0.13059588626739263,0.9776632302405498,,,884,2282
550,550,5,1,34,1,1,5,893,2270,46,12,96,PARIS,0.1385359951603146,0.9776632302405498,,,939,2282
551,551,5,1,34,1,1,6,945,2270,30,16,95,(FR),0.14519056261343014,0.9785223367697594,,,975,2286
