,Unnamed: 0,level,page_num,block_num,par_num,line_num,word_num,left,top,width,height,conf,text,x,y,label,target,right,bottom
0,0,1,1,0,0,0,0,0,0,1653,2328,-1,,0.125,0.5,,,1653,2328
1,1,2,1,1,0,0,0,144,1905,31,328,-1,,0.02412280701754386,0.8887457044673539,,,175,2233
2,2,3,1,1,1,0,0,144,1905,31,328,-1,,0.02412280701754386,0.8887457044673539,,,175,2233
3,3,4,1,1,1,1,0,144,1905,31,328,-1,,0.02412280701754386,0.8887457044673539,,,175,2233
4,4,5,1,1,1,1,1,144,2179,30,54,95,EP,0.024047186932849365,0.947594501718213,,,174,2233
5,5,5,1,1,1,1,2,144,2142,31,21,95,3,0.02412280701754386,0.9246134020618557,,,175,2163
6,6,5,1,1,1,1,3,144,2055,31,71,95,396,0.02412280701754386,0.8979810996563574,,,175,2126
7,7,5,1,1,1,1,4,144,1967,31,73,87,404,0.02412280701754386,0.8606099656357389,,,175,2040
8,8,5,1,1,1,1,5,144,1905,30,50,87,A1,0.024047186932849365,0.8290378006872853,,,174,1955
9,9,2,1,2,0,0,0,429,153,88,28,-1,,0.07153660012099214,0.07173539518900343,,,517,181
10,10,3,1,2,1,0,0,429,153,88,28,-1,,0.07153660012099214,0.07173539518900343,,,517,181
11,11,4,1,2,1,1,0,429,153,88,16,-1,,0.07153660012099214,0.06915807560137457,,,517,169
12,12,5,1,2,1,1,1,429,153,88,16,84,Europaisches,0.07153660012099214,0.06915807560137457,,,517,169
13,13,4,1,2,1,2,0,429,170,71,11,-1,,0.07025105868118572,0.07538659793814433,,,500,181
14,14,5,1,2,1,2,1,429,170,71,11,96,Patentamt,0.07025105868118572,0.07538659793814433,,,500,181
15,15,2,1,3,0,0,0,429,196,89,28,-1,,0.07161222020568662,0.09020618556701031,,,518,224
16,16,3,1,3,1,0,0,429,196,89,28,-1,,0.07161222020568662,0.09020618556701031,,,518,224
17,17,4,1,3,1,1,0,429,196,63,15,-1,,0.06964609800362977,0.08741408934707903,,,492,211
18,18,5,1,3,1,1,1,429,196,63,15,95,European,0.06964609800362977,0.08741408934707903,,,492,211
19,19,4,1,3,1,2,0,429,212,89,12,-1,,0.07161222020568662,0.0936426116838488,,,518,224
20,20,5,1,3,1,2,1,429,213,43,11,96,Patent,0.06813369630973987,0.0938573883161512,,,472,224
21,21,5,1,3,1,2,2,478,212,40,12,90,Office,0.07531760435571688,0.0936426116838488,,,518,224
22,22,2,1,4,0,0,0,429,239,109,28,-1,,0.07312462189957653,0.10867697594501718,,,538,267
23,23,3,1,4,1,0,0,429,239,109,28,-1,,0.07312462189957653,0.10867697594501718,,,538,267
24,24,4,1,4,1,1,0,429,239,109,15,-1,,0.07312462189957653,0.10588487972508591,,,538,254
25,25,5,1,4,1,1,1,429,239,40,12,93,Office,0.06790683605565638,0.1052405498281787,,,469,251
26,26,5,1,4,1,1,2,474,239,64,15,93,europ√©en,0.0765275257108288,0.10588487972508591,,,538,254
27,27,4,1,4,1,2,0,429,255,77,12,-1,,0.0707047791893527,0.11211340206185567,,,506,267
28,28,5,1,4,1,2,1,429,255,22,12,95,des,0.06654567453115548,0.11211340206185567,,,451,267
29,29,5,1,4,1,2,2,457,255,49,12,82,brevets,0.07282214156079855,0.11211340206185567,,,506,267
30,30,2,1,5,0,0,0,281,136,274,150,-1,,0.06321839080459771,0.09063573883161512,,,555,286
31,31,3,1,5,1,0,0,281,136,274,150,-1,,0.06321839080459771,0.09063573883161512,,,555,286
32,32,4,1,5,1,1,0,281,136,274,150,-1,,0.06321839080459771,0.09063573883161512,,,555,286
33,33,5,1,5,1,1,1,281,136,274,150,95, ,0.06321839080459771,0.09063573883161512,,,555,286
34,34,2,1,6,0,0,0,225,324,45,26,-1,,0.037431941923774956,0.14475945017182132,,,270,350
35,35,3,1,6,1,0,0,225,324,45,26,-1,,0.037431941923774956,0.14475945017182132,,,270,350
36,36,4,1,6,1,1,0,225,324,45,26,-1,,0.037431941923774956,0.14475945017182132,,,270,350
37,37,5,1,6,1,1,1,225,324,45,26,96,(12),0.037431941923774956,0.14475945017182132,,,270,350
38,38,2,1,7,0,0,0,225,395,415,53,-1,,0.06541137326073805,0.18105670103092783,,,640,448
39,39,3,1,7,1,0,0,225,395,415,53,-1,,0.06541137326073805,0.18105670103092783,,,640,448
40,40,4,1,7,1,1,0,225,395,282,26,-1,,0.05535390199637023,0.17525773195876287,,,507,421
41,41,5,1,7,1,1,1,225,395,45,26,92,(43),0.037431941923774956,0.17525773195876287,,,270,421
42,42,5,1,7,1,1,2,285,397,222,23,90,Verdffentlichungstag:,0.05989110707803993,0.17547250859106528,,,507,420
43,43,4,1,7,1,2,0,286,430,354,18,-1,,0.07002419842710224,0.18857388316151202,,,640,448
44,44,5,1,7,1,2,1,286,430,117,18,90,31.10.2018,0.052102238354506954,0.18857388316151202,publication_date,31.10.2018,403,448
45,45,5,1,7,1,2,2,426,430,121,18,91,Patentblatt,0.0735783424077435,0.18857388316151202,,,547,448
46,46,5,1,7,1,2,3,555,430,85,18,96,2018/44,0.09036600120992136,0.18857388316151202,,,640,448
47,47,2,1,8,0,0,0,225,493,379,26,-1,,0.06268905021173624,0.21735395189003437,,,604,519
48,48,3,1,8,1,0,0,225,493,379,26,-1,,0.06268905021173624,0.21735395189003437,,,604,519
49,49,4,1,8,1,1,0,225,493,379,26,-1,,0.06268905021173624,0.21735395189003437,,,604,519
50,50,5,1,8,1,1,1,225,493,45,26,93,(21),0.037431941923774956,0.21735395189003437,,,270,519
51,51,5,1,8,1,1,2,285,495,186,18,91,Anmeldenummer:,0.05716878402903811,0.21649484536082475,,,471,513
52,52,5,1,8,1,1,3,481,495,123,18,92,18168496.0,0.08204779189352691,0.21649484536082475,application_number,18168496,604,513
53,53,2,1,9,0,0,0,225,559,319,26,-1,,0.05815184513006655,0.24570446735395188,,,544,585
54,54,3,1,9,1,0,0,225,559,319,26,-1,,0.05815184513006655,0.24570446735395188,,,544,585
55,55,4,1,9,1,1,0,225,559,319,26,-1,,0.05815184513006655,0.24570446735395188,,,544,585
56,56,5,1,9,1,1,1,225,559,45,26,93,(22),0.037431941923774956,0.24570446735395188,,,270,585
57,57,5,1,9,1,1,2,285,561,131,23,92,Anmeldetag:,0.0530096793708409,0.24591924398625428,,,416,584
58,58,5,1,9,1,1,3,426,561,118,18,96,20.04.2018,0.07335148215366001,0.24484536082474226,filing_date,20.04.2018,544,579
59,59,2,1,10,0,0,0,1002,245,458,38,-1,,0.18617664851784635,0.1134020618556701,,,1460,283
60,60,3,1,10,1,0,0,1002,245,458,38,-1,,0.18617664851784635,0.1134020618556701,,,1460,283
61,61,4,1,10,1,1,0,1002,245,458,38,-1,,0.18617664851784635,0.1134020618556701,,,1460,283
62,62,5,1,10,1,1,1,1002,256,44,27,74,(11),0.15486993345432548,0.11576460481099657,,,1046,283
63,63,5,1,10,1,1,2,1146,245,52,32,94,EP,0.17725347852389595,0.11211340206185567,number,EP,1198,277
64,64,5,1,10,1,1,3,1214,245,20,32,95,3,0.1851179673321234,0.11211340206185567,number,3,1234,277
65,65,5,1,10,1,1,4,1249,245,68,32,95,396,0.1940411373260738,0.11211340206185567,number,396,1317,277
66,66,5,1,10,1,1,5,1331,245,69,32,88,404,0.20651845130066546,0.11211340206185567,number,404,1400,277
67,67,5,1,10,1,1,6,1413,245,47,32,88,A1,0.21725650332728372,0.11211340206185567,number,A1,1460,277
68,68,2,1,11,0,0,0,559,314,573,31,-1,,0.1278735632183908,0.14153780068728522,,,1132,345
69,69,3,1,11,1,0,0,559,314,573,31,-1,,0.1278735632183908,0.14153780068728522,,,1132,345
70,70,4,1,11,1,1,0,559,314,573,31,-1,,0.1278735632183908,0.14153780068728522,,,1132,345
71,71,5,1,11,1,1,1,559,314,230,31,92,EUROPAISCHE,0.10193587416817906,0.14153780068728522,,,789,345
72,72,5,1,11,1,1,2,802,319,330,26,91,PATENTANMELDUNG,0.14624924379915305,0.14261168384879724,,,1132,345
73,73,2,1,12,0,0,0,862,395,126,26,-1,,0.13989715668481548,0.17525773195876287,,,988,421
74,74,3,1,12,1,0,0,862,395,126,26,-1,,0.13989715668481548,0.17525773195876287,,,988,421
75,75,4,1,12,1,1,0,862,395,126,26,-1,,0.13989715668481548,0.17525773195876287,,,988,421
76,76,5,1,12,1,1,1,862,395,44,26,67,(51),0.1336963097398669,0.17525773195876287,,,906,421
77,77,5,1,12,1,1,2,923,397,25,18,93,Int,0.1414851784633999,0.17439862542955326,,,948,415
78,78,5,1,12,1,1,3,955,397,33,18,65,Cl:,0.14692982456140352,0.17439862542955326,,,988,415
79,79,2,1,13,0,0,0,923,425,469,21,-1,,0.1750604960677556,0.1870704467353952,,,1392,446
80,80,3,1,13,1,0,0,923,425,469,21,-1,,0.1750604960677556,0.1870704467353952,,,1392,446
81,81,4,1,13,1,1,0,923,425,469,21,-1,,0.1750604960677556,0.1870704467353952,,,1392,446
82,82,5,1,13,1,1,1,923,428,59,18,86,GO1S,0.1440562613430127,0.1877147766323024,class_international,G01S,982,446
83,83,5,1,13,1,1,2,991,428,58,18,83,71539,0.1542649727767695,0.1877147766323024,class_international,7/529,1049,446
84,84,5,1,13,1,1,3,1054,425,67,16,75,(2006.01),0.16447368421052633,0.18599656357388317,,,1121,441
85,85,5,1,13,1,1,4,1194,428,60,18,73,GO1S,0.1851179673321234,0.1877147766323024,,,1254,446
86,86,5,1,13,1,1,5,1263,428,58,18,78,15/87,0.19540229885057472,0.1877147766323024,,,1321,446
87,87,5,1,13,1,1,6,1325,425,67,16,86,(2006.01),0.20545977011494254,0.18599656357388317,,,1392,441
88,88,2,1,14,0,0,0,224,612,1243,6,-1,,0.1278735632183908,0.26417525773195877,,,1467,618
89,89,3,1,14,1,0,0,224,612,1243,6,-1,,0.1278735632183908,0.26417525773195877,,,1467,618
90,90,4,1,14,1,1,0,224,612,1243,6,-1,,0.1278735632183908,0.26417525773195877,,,1467,618
91,91,5,1,14,1,1,1,224,612,1243,6,95, ,0.1278735632183908,0.26417525773195877,,,1467,618
92,92,2,1,15,0,0,0,225,631,599,250,-1,,0.07932546884452511,0.3247422680412371,,,824,881
93,93,3,1,15,1,0,0,225,631,599,250,-1,,0.07932546884452511,0.3247422680412371,,,824,881
94,94,4,1,15,1,1,0,225,631,342,27,-1,,0.05989110707803993,0.2768470790378007,,,567,658
95,95,5,1,15,1,1,1,225,631,45,27,93,(84),0.037431941923774956,0.2768470790378007,,,270,658
96,96,5,1,15,1,1,2,286,633,100,19,93,Benannte,0.050816696914700546,0.2759879725085911,,,386,652
97,97,5,1,15,1,1,3,393,633,174,23,92,Vertragsstaaten:,0.07259528130671507,0.2768470790378007,,,567,656
98,98,4,1,15,1,2,0,285,666,537,18,-1,,0.08371143375680581,0.28994845360824745,,,822,684
99,99,5,1,15,1,2,1,285,666,31,18,94,AL,0.04544767090139141,0.28994845360824745,,,316,684
100,100,5,1,15,1,2,2,323,666,31,18,94,AT,0.05119479733817302,0.28994845360824745,,,354,684
101,101,5,1,15,1,2,3,363,666,30,18,95,BE,0.05716878402903811,0.28994845360824745,,,393,684
102,102,5,1,15,1,2,4,403,666,32,18,95,BG,0.0633696309739867,0.28994845360824745,,,435,684
103,103,5,1,15,1,2,5,445,666,31,18,95,CH,0.06964609800362977,0.28994845360824745,,,476,684
104,104,5,1,15,1,2,6,486,666,32,18,96,CY,0.07592256503327284,0.28994845360824745,,,518,684
105,105,5,1,15,1,2,7,526,666,30,18,96,CZ,0.08182093163944344,0.28994845360824745,,,556,684
106,106,5,1,15,1,2,8,565,666,30,18,96,DE,0.08771929824561403,0.28994845360824745,,,595,684
107,107,5,1,15,1,2,9,605,666,32,18,93,DK,0.09392014519056262,0.28994845360824745,,,637,684
108,108,5,1,15,1,2,10,646,666,29,18,93,EE,0.0998941318814277,0.28994845360824745,,,675,684
109,109,5,1,15,1,2,11,684,666,29,18,93,ES,0.10564125831820932,0.28994845360824745,,,713,684
110,110,5,1,15,1,2,12,723,666,99,18,86,FIFRGB,0.11683303085299455,0.28994845360824745,,,822,684
111,111,4,1,15,1,3,0,285,699,539,18,-1,,0.0838626739261948,0.30412371134020616,,,824,717
112,112,5,1,15,1,3,1,285,699,35,18,94,GR,0.04575015124016939,0.30412371134020616,,,320,717
113,113,5,1,15,1,3,2,328,699,32,18,94,HR,0.05202661826981246,0.30412371134020616,,,360,717
114,114,5,1,15,1,3,3,368,699,14,18,41,HU,0.05671506352087114,0.30412371134020616,,,382,717
115,115,5,1,15,1,3,4,385,699,43,18,41,IE,0.06147912885662432,0.30412371134020616,,,428,717
116,116,5,1,15,1,3,5,436,699,20,18,47,IS,0.06745311554748941,0.30412371134020616,,,456,717
117,117,5,1,15,1,3,6,464,699,20,18,47,IT,0.07168784029038112,0.30412371134020616,,,484,717
118,118,5,1,15,1,3,7,492,699,54,18,83,LILT,0.07849364791288566,0.30412371134020616,,,546,717
119,119,5,1,15,1,3,8,554,699,28,18,75,LU,0.08590441621294616,0.30412371134020616,,,582,717
120,120,5,1,15,1,3,9,591,699,28,18,75,LV,0.09150030248033877,0.30412371134020616,,,619,717
121,121,5,1,15,1,3,10,627,699,35,18,95,MC,0.09747428917120388,0.30412371134020616,,,662,717
122,122,5,1,15,1,3,11,670,699,35,18,94,MK,0.10397761645493044,0.30412371134020616,,,705,717
123,123,5,1,15,1,3,12,713,699,32,18,93,MT,0.11025408348457351,0.30412371134020616,,,745,717
124,124,5,1,15,1,3,13,753,699,29,18,20,NL,0.11607683000604961,0.30412371134020616,,,782,717
125,125,5,1,15,1,3,14,791,699,33,18,20,NO,0.1221264367816092,0.30412371134020616,,,824,717
126,126,4,1,15,1,4,0,286,732,336,18,-1,,0.06866303690260134,0.31829896907216493,,,622,750
127,127,5,1,15,1,4,1,286,732,28,18,95,PL,0.045372050816696916,0.31829896907216493,,,314,750
128,128,5,1,15,1,4,2,323,732,29,18,92,PT,0.05104355716878403,0.31829896907216493,,,352,750
129,129,5,1,15,1,4,3,360,732,58,18,92,RORS,0.058832425892317,0.31829896907216493,,,418,750
130,130,5,1,15,1,4,4,420,732,52,18,96,SE,0.06745311554748941,0.31829896907216493,,,472,750
131,131,5,1,15,1,4,5,480,732,20,18,91,SI,0.07410768300060495,0.31829896907216493,,,500,750
132,132,5,1,15,1,4,6,510,732,31,18,91,SK,0.0794767090139141,0.31829896907216493,,,541,750
133,133,5,1,15,1,4,7,550,732,72,18,91,SMTR,0.08862673926194797,0.31829896907216493,,,622,750
134,134,4,1,15,1,5,0,286,765,330,23,-1,,0.06820931639443437,0.3335481099656357,,,616,788
135,135,5,1,15,1,5,1,286,765,100,18,92,Benannte,0.050816696914700546,0.3324742268041237,,,386,783
136,136,5,1,15,1,5,2,395,765,221,23,91,Erstreckungsstaaten:,0.0764519056261343,0.3335481099656357,,,616,788
137,137,4,1,15,1,6,0,286,797,74,19,-1,,0.04885057471264368,0.34643470790378006,,,360,816
138,138,5,1,15,1,6,1,286,797,33,19,96,BA,0.04575015124016939,0.34643470790378006,,,319,816
139,139,5,1,15,1,6,2,327,797,33,19,96,ME,0.05195099818511797,0.34643470790378006,,,360,816
140,140,4,1,15,1,7,0,286,830,322,23,-1,,0.06760435571687841,0.36146907216494845,,,608,853
141,141,5,1,15,1,7,1,286,830,100,18,92,Benannte,0.050816696914700546,0.3603951890034364,,,386,848
142,142,5,1,15,1,7,2,393,830,215,23,92,Validierungsstaaten:,0.07569570477918935,0.36146907216494845,,,608,853
143,143,4,1,15,1,8,0,286,863,157,18,-1,,0.055127041742286755,0.3745704467353952,,,443,881
144,144,5,1,15,1,8,1,286,863,31,18,95,KH,0.0455989110707804,0.3745704467353952,,,317,881
145,145,5,1,15,1,8,2,327,863,35,18,96,MA,0.052102238354506954,0.3745704467353952,,,362,881
146,146,5,1,15,1,8,3,371,863,34,18,95,MD,0.05868118572292801,0.3745704467353952,,,405,881
147,147,5,1,15,1,8,4,413,863,30,18,95,TN,0.0647307924984876,0.3745704467353952,,,443,881
148,148,2,1,16,0,0,0,225,927,492,26,-1,,0.07123411978221415,0.40378006872852235,,,717,953
149,149,3,1,16,1,0,0,225,927,492,26,-1,,0.07123411978221415,0.40378006872852235,,,717,953
150,150,4,1,16,1,1,0,225,927,492,26,-1,,0.07123411978221415,0.40378006872852235,,,717,953
151,151,5,1,16,1,1,1,225,927,45,26,92,(30),0.037431941923774956,0.40378006872852235,,,270,953
152,152,5,1,16,1,1,2,286,929,86,18,64,Prioritat:,0.04975801572897762,0.4029209621993127,,,372,947
153,153,5,1,16,1,1,3,383,929,118,18,95,21.04.2017,0.06684815486993345,0.4029209621993127,priority_date_eu,21.04.2017,501,947
154,154,5,1,16,1,1,4,520,929,30,18,95,DE,0.0809134906231095,0.4029209621993127,,,550,947
155,155,5,1,16,1,1,5,559,929,158,18,96,102017108524,0.09649122807017543,0.4029209621993127,,,717,947
156,156,2,1,17,0,0,0,845,614,2,369,-1,,0.1279491833030853,0.3429982817869416,,,847,983
157,157,3,1,17,1,0,0,845,614,2,369,-1,,0.1279491833030853,0.3429982817869416,,,847,983
158,158,4,1,17,1,1,0,845,614,2,369,-1,,0.1279491833030853,0.3429982817869416,,,847,983
159,159,5,1,17,1,1,1,845,614,2,369,95, ,0.1279491833030853,0.3429982817869416,,,847,983
160,160,2,1,18,0,0,0,862,631,423,58,-1,,0.16235632183908047,0.28350515463917525,,,1285,689
161,161,3,1,18,1,0,0,862,631,423,58,-1,,0.16235632183908047,0.28350515463917525,,,1285,689
162,162,4,1,18,1,1,0,862,631,423,27,-1,,0.16235632183908047,0.2768470790378007,,,1285,658
163,163,5,1,18,1,1,1,862,631,44,27,93,(71),0.1336963097398669,0.2768470790378007,,,906,658
164,164,5,1,18,1,1,2,921,633,107,19,93,Anmelder:,0.14738354506957047,0.2759879725085911,,,1028,652
165,165,5,1,18,1,1,3,1038,633,169,23,80,PepperltFuchs,0.16976709013914096,0.2768470790378007,applicant_line_1,Pepperl+Fuchs,1207,656
166,166,5,1,18,1,1,4,1216,633,69,19,96,GmbH,0.18912583182093165,0.2759879725085911,applicant_line_1,GmbH,1285,652
167,167,4,1,18,1,2,0,922,666,244,23,-1,,0.15789473684210525,0.29102233676975947,,,1166,689
168,168,5,1,18,1,2,1,922,666,64,18,96,68307,0.1442831215970962,0.28994845360824745,,,986,684
169,169,5,1,18,1,2,2,996,666,115,18,96,Mannheim,0.15933151845130067,0.28994845360824745,,,1111,684
170,170,5,1,18,1,2,3,1120,666,46,23,96,(DE),0.17286751361161526,0.29102233676975947,,,1166,689
171,171,2,1,19,0,0,0,862,730,304,58,-1,,0.15335753176043557,0.32603092783505155,,,1166,788
172,172,3,1,19,1,0,0,862,730,304,58,-1,,0.15335753176043557,0.32603092783505155,,,1166,788
173,173,4,1,19,1,1,0,862,730,283,26,-1,,0.15176950998185118,0.31915807560137455,,,1145,756
174,174,5,1,19,1,1,1,862,730,44,26,93,(72),0.1336963097398669,0.31915807560137455,,,906,756
175,175,5,1,19,1,1,2,923,732,86,18,92,Erfinder:,0.14609800362976408,0.31829896907216493,,,1009,750
176,176,5,1,19,1,1,3,1019,732,80,18,96,"Steiner,",0.1601633393829401,0.31829896907216493,inventor_line_1,"Steiner,",1099,750
177,177,5,1,19,1,1,4,1100,732,45,22,94,Till,0.16976709013914096,0.31915807560137455,inventor_line_1,Till,1145,754
178,178,4,1,19,1,2,0,922,765,244,23,-1,,0.15789473684210525,0.3335481099656357,,,1166,788
179,179,5,1,19,1,2,1,922,765,64,18,95,68307,0.1442831215970962,0.3324742268041237,,,986,783
180,180,5,1,19,1,2,2,996,765,115,18,96,Mannheim,0.15933151845130067,0.3324742268041237,,,1111,783
181,181,5,1,19,1,2,3,1120,765,46,23,96,(DE),0.17286751361161526,0.3335481099656357,,,1166,788
182,182,2,1,20,0,0,0,862,828,371,124,-1,,0.15842407743496673,0.38230240549828176,,,1233,952
183,183,3,1,20,1,0,0,862,828,371,124,-1,,0.15842407743496673,0.38230240549828176,,,1233,952
184,184,4,1,20,1,1,0,862,828,318,26,-1,,0.1544162129461585,0.36125429553264604,,,1180,854
185,185,5,1,20,1,1,1,862,828,44,26,93,(74),0.1336963097398669,0.36125429553264604,,,906,854
186,186,5,1,20,1,1,2,921,830,97,18,91,Vertreter:,0.14662734422262552,0.3603951890034364,,,1018,848
187,187,5,1,20,1,1,3,1029,830,75,22,96,"Hamel,",0.16129764065335753,0.36125429553264604,representative_line_1_eu,"Hamel,",1104,852
188,188,5,1,20,1,1,4,1112,830,68,18,96,Armin,0.1733212341197822,0.3603951890034364,representative_line_1_eu,Armin,1180,848
189,189,4,1,20,1,2,0,923,863,106,18,-1,,0.14761040532365396,0.3745704467353952,,,1029,881
190,190,5,1,20,1,2,1,923,863,76,18,46,Iridium,0.1453418027828191,0.3745704467353952,,,999,881
191,191,5,1,20,1,2,2,1009,863,20,18,96,IP,0.1541137326073805,0.3745704467353952,,,1029,881
192,192,4,1,20,1,3,0,923,895,310,23,-1,,0.1630369026013309,0.3893900343642612,,,1233,918
193,193,5,1,20,1,3,1,923,895,269,23,7,Friedrich-K6nig-Strasse,0.1599364791288566,0.3893900343642612,,,1192,918
194,194,5,1,20,1,3,2,1201,895,32,19,96,3-5,0.1840592861464005,0.38853092783505155,,,1233,914
195,195,4,1,20,1,4,0,922,929,244,23,-1,,0.15789473684210525,0.40399484536082475,,,1166,952
196,196,5,1,20,1,4,1,922,929,64,18,95,68167,0.1442831215970962,0.4029209621993127,,,986,947
197,197,5,1,20,1,4,2,996,929,115,18,95,Mannheim,0.15933151845130067,0.4029209621993127,,,1111,947
198,198,5,1,20,1,4,3,1120,929,46,23,96,(DE),0.17286751361161526,0.40399484536082475,,,1166,952
199,199,2,1,21,0,0,0,224,979,1243,6,-1,,0.1278735632183908,0.4218213058419244,,,1467,985
200,200,3,1,21,1,0,0,224,979,1243,6,-1,,0.1278735632183908,0.4218213058419244,,,1467,985
201,201,4,1,21,1,1,0,224,979,1243,6,-1,,0.1278735632183908,0.4218213058419244,,,1467,985
202,202,5,1,21,1,1,1,224,979,1243,6,95, ,0.1278735632183908,0.4218213058419244,,,1467,985
203,203,2,1,22,0,0,0,225,1001,45,26,-1,,0.037431941923774956,0.43556701030927836,,,270,1027
204,204,3,1,22,1,0,0,225,1001,45,26,-1,,0.037431941923774956,0.43556701030927836,,,270,1027
205,205,4,1,22,1,1,0,225,1001,45,26,-1,,0.037431941923774956,0.43556701030927836,,,270,1027
206,206,5,1,22,1,1,1,225,1001,45,26,96,(54),0.037431941923774956,0.43556701030927836,,,270,1027
207,207,2,1,23,0,0,0,224,1075,584,386,-1,,0.0780399274047187,0.5446735395189003,,,808,1461
208,208,3,1,23,1,0,0,224,1075,584,386,-1,,0.0780399274047187,0.5446735395189003,,,808,1461
209,209,4,1,23,1,1,0,225,1075,582,26,-1,,0.0780399274047187,0.46735395189003437,,,807,1101
210,210,5,1,23,1,1,1,225,1075,45,26,88,(57),0.037431941923774956,0.46735395189003437,,,270,1101
211,211,5,1,23,1,1,2,0,0,1653,2328,20,‚Äî,0.125,0.5,,,1653,2328
212,212,5,1,23,1,1,3,316,1077,130,18,53,Beschrieben,0.057622504537205084,0.46649484536082475,,,446,1095
213,213,5,1,23,1,1,4,452,1077,43,18,96,wird,0.07161222020568662,0.46649484536082475,,,495,1095
214,214,5,1,23,1,1,5,502,1077,30,18,95,ein,0.07819116757410768,0.46649484536082475,,,532,1095
215,215,5,1,23,1,1,6,539,1077,103,18,95,Verfahren,0.08930732002419843,0.46649484536082475,,,642,1095
216,216,5,1,23,1,1,7,649,1081,33,14,93,zur,0.10065033272837265,0.46735395189003437,,,682,1095
217,217,5,1,23,1,1,8,689,1077,118,23,93,Lageerken-,0.11312764670296431,0.4675687285223368,,,807,1100
218,218,4,1,23,1,2,0,226,1109,581,23,-1,,0.07811554748941318,0.48131443298969073,,,807,1132
219,219,5,1,23,1,2,1,226,1114,50,18,96,nung,0.03796128251663642,0.48238831615120276,,,276,1132
220,220,5,1,23,1,2,2,282,1114,37,14,93,von,0.04544767090139141,0.48152920962199314,,,319,1128
221,221,5,1,23,1,2,3,326,1109,99,23,90,"Objekten,",0.05679068360556564,0.48131443298969073,,,425,1132
222,222,5,1,23,1,2,4,433,1109,113,19,91,umfassend,0.07403206291591047,0.4804553264604811,,,546,1128
223,223,5,1,23,1,2,5,552,1109,91,23,92,folgende,0.09036600120992136,0.48131443298969073,,,643,1132
224,224,5,1,23,1,2,6,649,1109,158,19,92,aufeinanderfol-,0.11010284331518451,0.4804553264604811,,,807,1128
225,225,4,1,23,1,3,0,225,1142,582,23,-1,,0.0780399274047187,0.4954896907216495,,,807,1165
226,226,5,1,23,1,3,1,225,1142,51,23,92,gende,0.03788566243194193,0.4954896907216495,,,276,1165
227,227,5,1,23,1,3,2,278,1142,105,18,96,Schritte.,0.0499848759830611,0.4944158075601375,,,383,1160
228,228,5,1,23,1,3,3,393,1142,16,18,96,In,0.06064730792498488,0.4944158075601375,,,409,1160
229,229,5,1,23,1,3,4,418,1142,62,18,96,einem,0.06790683605565638,0.4944158075601375,,,480,1160
230,230,5,1,23,1,3,5,489,1143,64,17,92,ersten,0.07879612825166364,0.4946305841924399,,,553,1160
231,231,5,1,23,1,3,6,562,1142,66,18,91,Schritt,0.08998790078644887,0.4944158075601375,,,628,1160
232,232,5,1,23,1,3,7,634,1142,77,18,93,werden,0.10170901391409558,0.4944158075601375,,,711,1160
233,233,5,1,23,1,3,8,721,1142,86,18,92,mehrere,0.11554748941318814,0.4944158075601375,,,807,1160
234,234,4,1,23,1,4,0,225,1175,582,24,-1,,0.0780399274047187,0.5098797250859106,,,807,1199
235,235,5,1,23,1,4,1,225,1175,80,24,91,Objekte,0.04007864488808228,0.5098797250859106,,,305,1199
236,236,5,1,23,1,4,2,313,1175,18,24,96,(7,0.04869933454325469,0.5098797250859106,,,331,1199
237,237,5,1,23,1,4,3,339,1175,28,19,96,bis,0.05338777979431337,0.5088058419243986,,,367,1194
238,238,5,1,23,1,4,4,375,1175,30,24,93,10),0.05898366606170599,0.5098797250859106,,,405,1199
239,239,5,1,23,1,4,5,413,1175,139,24,91,"bereitgestellt,",0.07297338173018754,0.5098797250859106,,,552,1199
240,240,5,1,23,1,4,6,559,1175,31,19,93,die,0.08688747731397459,0.5088058419243986,,,590,1194
241,241,5,1,23,1,4,7,597,1175,120,19,93,mindestens,0.09936479128856625,0.5088058419243986,,,717,1194
242,242,5,1,23,1,4,8,723,1175,29,19,93,ein,0.11153962492437991,0.5088058419243986,,,752,1194
243,243,5,1,23,1,4,9,760,1180,47,14,93,mar-,0.11849667271627344,0.5098797250859106,,,807,1194
244,244,4,1,23,1,5,0,226,1208,582,23,-1,,0.07819116757410768,0.523840206185567,,,808,1231
245,245,5,1,23,1,5,1,226,1208,68,19,93,kantes,0.03932244404113733,0.5229810996563574,,,294,1227
246,246,5,1,23,1,5,2,303,1208,71,19,92,Bauteil,0.05119479733817302,0.5229810996563574,,,374,1227
247,247,5,1,23,1,5,3,383,1208,32,23,96,(12,0.0603448275862069,0.523840206185567,,,415,1231
248,248,5,1,23,1,5,4,426,1208,27,19,96,bis,0.06647005444646098,0.5229810996563574,,,453,1227
249,249,5,1,23,1,5,5,464,1208,31,23,92,15),0.07251966122202057,0.523840206185567,,,495,1231
250,250,5,1,23,1,5,6,505,1208,111,19,92,aufweisen.,0.08477011494252873,0.5229810996563574,,,616,1227
251,251,5,1,23,1,5,7,626,1208,32,19,93,Ein,0.09709618874773139,0.5229810996563574,,,658,1227
252,252,5,1,23,1,5,8,668,1209,63,18,92,erstes,0.10579249848759831,0.5231958762886598,,,731,1227
253,253,5,1,23,1,5,9,740,1208,68,23,96,Objekt,0.11705989110707804,0.523840206185567,,,808,1231
254,254,4,1,23,1,6,0,225,1241,582,23,-1,,0.0780399274047187,0.5380154639175257,,,807,1264
255,255,5,1,23,1,6,1,225,1241,27,23,96,(8),0.03607078039927405,0.5380154639175257,,,252,1264
256,256,5,1,23,1,6,2,258,1241,42,18,96,wird,0.04219600725952813,0.5369415807560137,,,300,1259
257,257,5,1,23,1,6,3,309,1241,15,18,95,in,0.047867513611615245,0.5369415807560137,,,324,1259
258,258,5,1,23,1,6,4,330,1241,63,18,92,einem,0.05467332123411978,0.5369415807560137,,,393,1259
259,259,5,1,23,1,6,5,401,1241,78,18,92,zweiten,0.06654567453115548,0.5369415807560137,,,479,1259
260,260,5,1,23,1,6,6,487,1241,66,18,92,Schritt,0.07864488808227466,0.5369415807560137,,,553,1259
261,261,5,1,23,1,6,7,559,1246,23,13,96,zu,0.08628251663641863,0.5380154639175257,,,582,1259
262,262,5,1,23,1,6,8,589,1241,52,18,93,einer,0.09301270417422867,0.5369415807560137,,,641,1259
263,263,5,1,23,1,6,9,648,1241,124,18,93,Messstation,0.1073805202661827,0.5369415807560137,,,772,1259
264,264,5,1,23,1,6,10,780,1241,27,23,96,(5),0.12000907441016334,0.5380154639175257,,,807,1264
265,265,4,1,23,1,7,0,225,1274,582,23,-1,,0.0780399274047187,0.5521907216494846,,,807,1297
266,266,5,1,23,1,7,1,225,1274,131,23,90,"transportiert,",0.043935269207501515,0.5521907216494846,,,356,1297
267,267,5,1,23,1,7,2,364,1274,15,18,85,in,0.056185722928009676,0.5511168384879725,,,379,1292
268,268,5,1,23,1,7,3,385,1274,34,18,85,der,0.060798548094373864,0.5511168384879725,,,419,1292
269,269,5,1,23,1,7,4,426,1274,106,18,91,mindestens,0.07244404113732607,0.5511168384879725,,,532,1292
270,270,5,1,23,1,7,5,535,1274,45,18,93,ein,0.08431639443436177,0.5511168384879725,,,580,1292
271,271,5,1,23,1,7,6,588,1274,181,18,90,Ultraschallsensor,0.10261645493042952,0.5511168384879725,,,769,1292
272,272,5,1,23,1,7,7,774,1278,33,14,91,an-,0.11955535390199637,0.5519759450171822,,,807,1292
273,273,4,1,23,1,8,0,225,1306,582,23,-1,,0.0780399274047187,0.5659364261168385,,,807,1329
274,274,5,1,23,1,8,1,225,1306,86,23,91,geordnet,0.04053236539624924,0.5659364261168385,,,311,1329
275,275,5,1,23,1,8,2,312,1306,42,19,96,ist.,0.050362976406533574,0.5650773195876289,,,354,1325
276,276,5,1,23,1,8,3,364,1306,17,19,96,In,0.05633696309739867,0.5650773195876289,,,381,1325
277,277,5,1,23,1,8,4,389,1306,63,19,93,einem,0.06359649122807018,0.5650773195876289,,,452,1325
278,278,5,1,23,1,8,5,461,1306,64,19,89,dritten,0.07456140350877193,0.5650773195876289,,,525,1325
279,279,5,1,23,1,8,6,535,1306,66,19,92,Schritt,0.08590441621294616,0.5650773195876289,,,601,1325
280,280,5,1,23,1,8,7,607,1306,43,19,96,wird,0.09505444646098003,0.5650773195876289,,,650,1325
281,281,5,1,23,1,8,8,658,1306,38,19,96,das,0.10238959467634604,0.5650773195876289,,,696,1325
282,282,5,1,23,1,8,9,704,1306,68,23,96,Objekt,0.11161524500907441,0.5659364261168385,,,772,1329
283,283,5,1,23,1,8,10,780,1306,27,23,95,(8),0.12000907441016334,0.5659364261168385,,,807,1329
284,284,4,1,23,1,9,0,226,1339,581,23,-1,,0.07811554748941318,0.5801116838487973,,,807,1362
285,285,5,1,23,1,9,1,226,1339,67,18,91,mittels,0.03924682395644283,0.5790378006872853,,,293,1357
286,286,5,1,23,1,9,2,299,1339,109,18,91,Ultraschall,0.05346339987900786,0.5790378006872853,,,408,1357
287,287,5,1,23,1,9,3,414,1344,121,16,91,"vermessen,",0.07176346037507562,0.5807560137457045,,,535,1360
288,288,5,1,23,1,9,4,542,1339,61,18,92,wobei,0.08658499697519662,0.5790378006872853,,,603,1357
289,289,5,1,23,1,9,5,609,1344,36,13,96,von,0.09482758620689655,0.5801116838487973,,,645,1357
290,290,5,1,23,1,9,6,652,1339,44,18,96,dem,0.10193587416817906,0.5790378006872853,,,696,1357
291,291,5,1,23,1,9,7,704,1339,68,23,73,Objekt,0.11161524500907441,0.5801116838487973,,,772,1362
292,292,5,1,23,1,9,8,776,1339,31,18,73,die,0.11970659407138536,0.5790378006872853,,,807,1357
293,293,4,1,23,1,10,0,226,1372,581,19,-1,,0.07811554748941318,0.5934278350515464,,,807,1391
294,294,5,1,23,1,10,1,226,1372,176,19,91,Ultraschallwellen,0.04748941318814277,0.5934278350515464,,,402,1391
295,295,5,1,23,1,10,2,415,1372,97,19,92,reflektiert,0.07009981851179674,0.5934278350515464,,,512,1391
296,296,5,1,23,1,10,3,522,1372,83,19,96,werden.,0.0852238354506957,0.5934278350515464,,,605,1391
297,297,5,1,23,1,10,4,619,1372,58,19,92,Diese,0.09800362976406533,0.5934278350515464,,,677,1391
298,298,5,1,23,1,10,5,690,1372,117,19,91,Ultraschall-,0.1132032667876588,0.5934278350515464,,,807,1391
299,299,4,1,23,1,11,0,224,1405,583,18,-1,,0.0779643073200242,0.6073883161512027,,,807,1423
300,300,5,1,23,1,11,1,224,1405,66,18,92,wellen,0.038868723532970356,0.6073883161512027,,,290,1423
301,301,5,1,23,1,11,2,301,1405,76,18,96,werden,0.05127041742286751,0.6073883161512027,,,377,1423
302,302,5,1,23,1,11,3,389,1410,36,13,96,von,0.061554748941318814,0.6084621993127147,,,425,1423
303,303,5,1,23,1,11,4,436,1405,43,18,93,dem,0.0691923774954628,0.6073883161512027,,,479,1423
304,304,5,1,23,1,11,5,492,1405,119,18,92,mindestens,0.08340895341802783,0.6073883161512027,,,611,1423
305,305,5,1,23,1,11,6,622,1405,56,18,93,einen,0.09830611010284332,0.6073883161512027,,,678,1423
306,306,5,1,23,1,11,7,690,1405,117,18,92,Ultraschall-,0.1132032667876588,0.6073883161512027,,,807,1423
307,307,4,1,23,1,12,0,225,1438,582,23,-1,,0.0780399274047187,0.6226374570446735,,,807,1461
308,308,5,1,23,1,12,1,225,1442,71,14,96,sensor,0.03939806412583182,0.6224226804123711,,,296,1456
309,309,5,1,23,1,12,2,302,1438,70,18,92,wieder,0.05096793708408953,0.6215635738831615,,,372,1456
310,310,5,1,23,1,12,3,379,1438,138,23,92,aufgenommen,0.0677555958862674,0.6226374570446735,,,517,1461
311,311,5,1,23,1,12,4,520,1442,42,14,94,und,0.08182093163944344,0.6224226804123711,,,562,1456
312,312,5,1,23,1,12,5,565,1438,35,18,93,in,0.08809739866908652,0.6215635738831615,,,600,1456
313,313,5,1,23,1,12,6,609,1438,112,18,91,elektrische,0.10057471264367816,0.6215635738831615,,,721,1456
314,314,5,1,23,1,12,7,730,1438,77,23,92,Signale,0.1162280701754386,0.6226374570446735,,,807,1461
315,315,2,1,24,0,0,0,315,1001,694,21,-1,,0.10012099213551119,0.43449312714776633,,,1009,1022
316,316,3,1,24,1,0,0,315,1001,694,21,-1,,0.10012099213551119,0.43449312714776633,,,1009,1022
317,317,4,1,24,1,1,0,315,1001,694,21,-1,,0.10012099213551119,0.43449312714776633,,,1009,1022
318,318,5,1,24,1,1,1,315,1001,163,20,92,VERFAHREN,0.05996672716273442,0.43427835051546393,title_line_1,VERFAHREN,478,1021
319,319,5,1,24,1,1,2,487,1001,54,21,92,ZUR,0.07773744706594071,0.43449312714776633,title_line_1,ZUR,541,1022
320,320,5,1,24,1,1,3,551,1001,220,21,91,LAGEERKENNUNG,0.0999697519661222,0.43449312714776633,title_line_1,LAGEERKENNUNG,771,1022
321,321,5,1,24,1,1,4,774,1001,83,21,93,VON,0.12333635813672111,0.43449312714776633,title_line_1,VON,857,1022
322,322,5,1,24,1,1,5,867,1001,142,21,91,OBJEKTEN,0.14186327888687236,0.43449312714776633,title_line_1,OBJECTEN,1009,1022
323,323,2,1,25,0,0,0,883,1077,584,351,-1,,0.17770719903206292,0.5380154639175257,,,1467,1428
324,324,3,1,25,1,0,0,883,1077,584,351,-1,,0.17770719903206292,0.5380154639175257,,,1467,1428
325,325,4,1,25,1,1,0,885,1077,581,23,-1,,0.17778281911675742,0.4675687285223368,,,1466,1100
326,326,5,1,25,1,1,1,885,1077,145,23,92,umgewandelt.,0.14481246218995766,0.4675687285223368,,,1030,1100
327,327,5,1,25,1,1,2,1042,1077,15,18,96,In,0.1587265577737447,0.46649484536082475,,,1057,1095
328,328,5,1,25,1,1,3,1067,1077,62,18,93,einem,0.16606170598911071,0.46649484536082475,,,1129,1095
329,329,5,1,25,1,1,4,1138,1077,70,18,91,vierten,0.17740471869328495,0.46649484536082475,,,1208,1095
330,330,5,1,25,1,1,5,1218,1077,66,18,91,Schritt,0.18920145190562612,0.46649484536082475,,,1284,1095
331,331,5,1,25,1,1,6,1291,1077,77,18,96,werden,0.20107380520266183,0.46649484536082475,,,1368,1095
332,332,5,1,25,1,1,7,1377,1077,30,18,93,die,0.21052631578947367,0.46649484536082475,,,1407,1095
333,333,5,1,25,1,1,8,1416,1077,50,18,92,elek-,0.2179370840895342,0.46649484536082475,,,1466,1095
334,334,4,1,25,1,2,0,884,1109,581,23,-1,,0.17763157894736842,0.48131443298969073,,,1465,1132
335,335,5,1,25,1,2,1,884,1109,81,19,92,trischen,0.139821536600121,0.4804553264604811,,,965,1128
336,336,5,1,25,1,2,2,974,1109,83,23,92,"Signale,",0.15358439201451907,0.48131443298969073,,,1057,1132
337,337,5,1,25,1,2,3,1066,1109,31,19,96,die,0.16356624319419238,0.4804553264604811,,,1097,1128
338,338,5,1,25,1,2,4,1104,1114,37,14,96,von,0.16976709013914096,0.48152920962199314,,,1141,1128
339,339,5,1,25,1,2,5,1149,1109,44,19,96,dem,0.17710223835450695,0.4804553264604811,,,1193,1128
340,340,5,1,25,1,2,6,1202,1109,78,19,96,Bereich,0.18768905021173624,0.4804553264604811,,,1280,1128
341,341,5,1,25,1,2,7,1290,1109,40,23,93,(17),0.19812462189957653,0.48131443298969073,,,1330,1132
342,342,5,1,25,1,2,8,1338,1110,96,18,90,"stammen,",0.20961887477313976,0.4806701030927835,,,1434,1128
343,343,5,1,25,1,2,9,1438,1109,27,22,95,in,0.21952510586811858,0.48109965635738833,,,1465,1131
344,344,4,1,25,1,3,0,884,1142,582,23,-1,,0.17770719903206292,0.4954896907216495,,,1466,1165
345,345,5,1,25,1,3,1,884,1142,44,18,96,dem,0.13702359346642468,0.4944158075601375,,,928,1160
346,346,5,1,25,1,3,2,935,1142,37,18,92,das,0.1442075015124017,0.4944158075601375,,,972,1160
347,347,5,1,25,1,3,3,980,1142,96,18,91,markante,0.15547489413188142,0.4944158075601375,,,1076,1160
348,348,5,1,25,1,3,4,1083,1142,71,18,88,Bauteil,0.169162129461585,0.4944158075601375,,,1154,1160
349,349,5,1,25,1,3,5,1161,1142,112,23,92,angeordnet,0.1840592861464005,0.4954896907216495,,,1273,1165
350,350,5,1,25,1,3,6,1274,1142,40,22,96,"ist,",0.1957047791893527,0.4952749140893471,,,1314,1164
351,351,5,1,25,1,3,7,1322,1147,23,13,96,an,0.2016787658802178,0.4954896907216495,,,1345,1160
352,352,5,1,25,1,3,8,1353,1142,43,18,93,eine,0.20787961282516637,0.4944158075601375,,,1396,1160
353,353,5,1,25,1,3,9,1404,1142,62,18,83,kiinst-,0.21702964307320025,0.4944158075601375,,,1466,1160
354,354,4,1,25,1,4,0,885,1175,580,24,-1,,0.17770719903206292,0.5098797250859106,,,1465,1199
355,355,5,1,25,1,4,1,885,1175,47,19,93,liche,0.13740169388989715,0.5088058419243986,,,932,1194
356,356,5,1,25,1,4,2,941,1175,105,24,90,Intelligenz,0.1502571082879613,0.5098797250859106,,,1046,1199
357,357,5,1,25,1,4,3,1054,1175,40,24,92,(23),0.16243194192377494,0.5098797250859106,,,1094,1199
358,358,5,1,25,1,4,4,1102,1175,98,24,92,gesendet,0.17407743496672717,0.5098797250859106,,,1200,1199
359,359,5,1,25,1,4,5,1208,1175,37,19,93,und,0.18549606775559588,0.5088058419243986,,,1245,1194
360,360,5,1,25,1,4,6,1254,1175,62,19,92,sodann,0.19434361766485178,0.5088058419243986,,,1316,1194
361,361,5,1,25,1,4,7,1320,1175,34,19,95,in,0.20220810647307924,0.5088058419243986,,,1354,1194
362,362,5,1,25,1,4,8,1363,1175,30,19,93,ein,0.20840895341802781,0.5088058419243986,,,1393,1194
363,363,5,1,25,1,4,9,1401,1175,64,19,90,Abbild,0.21672716273442227,0.5088058419243986,,,1465,1194
364,364,4,1,25,1,5,0,885,1208,582,23,-1,,0.17785843920145192,0.523840206185567,,,1467,1231
365,365,5,1,25,1,5,1,885,1208,145,23,92,"umgewandelt,",0.14481246218995766,0.523840206185567,,,1030,1231
366,366,5,1,25,1,5,2,1037,1213,23,14,96,so,0.15857531760435573,0.5240549828178694,,,1060,1227
367,367,5,1,25,1,5,3,1065,1208,37,19,93,dass,0.16386872353297036,0.5229810996563574,,,1102,1227
368,368,5,1,25,1,5,4,1104,1208,125,19,44,schlieRlich,0.1764216575922565,0.5229810996563574,,,1229,1227
369,369,5,1,25,1,5,5,1236,1208,15,19,96,in,0.1880671506352087,0.5229810996563574,,,1251,1227
370,370,5,1,25,1,5,6,1257,1208,62,19,96,einem,0.19479733817301875,0.5229810996563574,,,1319,1227
371,371,5,1,25,1,5,7,1327,1208,67,19,93,letzten,0.2057622504537205,0.5229810996563574,,,1394,1227
372,372,5,1,25,1,5,8,1401,1208,66,19,85,Schritt,0.21687840290381125,0.5229810996563574,,,1467,1227
373,373,4,1,25,1,6,0,884,1241,582,23,-1,,0.17770719903206292,0.5380154639175257,,,1466,1264
374,374,5,1,25,1,6,1,884,1241,37,18,93,das,0.13649425287356323,0.5369415807560137,,,921,1259
375,375,5,1,25,1,6,2,930,1241,110,18,92,enthaltene,0.14897156684815488,0.5369415807560137,,,1040,1259
376,376,5,1,25,1,6,3,1048,1241,65,18,92,Abbild,0.16341500302480338,0.5369415807560137,,,1113,1259
377,377,5,1,25,1,6,4,1124,1241,30,18,96,mit,0.1722625529340593,0.5369415807560137,,,1154,1259
378,378,5,1,25,1,6,5,1162,1241,62,18,93,einem,0.18042952208106472,0.5369415807560137,,,1224,1259
379,379,5,1,25,1,6,6,1235,1241,158,18,93,Referenzabbild,0.1987295825771325,0.5369415807560137,,,1393,1259
380,380,5,1,25,1,6,7,1403,1241,63,23,91,vergli-,0.21695402298850575,0.5380154639175257,,,1466,1264
381,381,4,1,25,1,7,0,885,1274,581,23,-1,,0.17778281911675742,0.5521907216494846,,,1466,1297
382,382,5,1,25,1,7,1,885,1274,49,18,90,chen,0.13755293405928615,0.5511168384879725,,,934,1292
383,383,5,1,25,1,7,2,939,1274,49,21,90,"wird,",0.14571990320629158,0.5517611683848798,,,988,1295
384,384,5,1,25,1,7,3,994,1274,61,18,92,wobei,0.15494555353901995,0.5511168384879725,,,1055,1292
385,385,5,1,25,1,7,4,1061,1274,73,23,53,gepriift,0.16598608590441621,0.5521907216494846,,,1134,1297
386,386,5,1,25,1,7,5,1138,1274,49,21,97,"wird,",0.17581669691470053,0.5517611683848798,,,1187,1295
387,387,5,1,25,1,7,6,1193,1274,26,18,96,ob,0.1823956442831216,0.5511168384879725,,,1219,1292
388,388,5,1,25,1,7,7,1224,1274,40,18,96,sich,0.1881427707199032,0.5511168384879725,,,1264,1292
389,389,5,1,25,1,7,8,1271,1274,37,18,93,das,0.19502419842710225,0.5511168384879725,,,1308,1292
390,390,5,1,25,1,7,9,1315,1274,97,18,92,markante,0.20621597096188748,0.5511168384879725,,,1412,1292
391,391,5,1,25,1,7,10,1418,1274,48,18,92,Bau-,0.21808832425892316,0.5511168384879725,,,1466,1292
392,392,4,1,25,1,8,0,884,1306,583,23,-1,,0.17778281911675742,0.5659364261168385,,,1467,1329
393,393,5,1,25,1,8,1,884,1306,28,19,96,teil,0.13581367211131276,0.5650773195876289,,,912,1325
394,394,5,1,25,1,8,2,923,1306,40,23,96,(13),0.1426194797338173,0.5659364261168385,,,963,1329
395,395,5,1,25,1,8,3,975,1306,15,19,96,in,0.1485934664246824,0.5650773195876289,,,990,1325
396,396,5,1,25,1,8,4,1000,1306,44,19,96,dem,0.15456745311554748,0.5650773195876289,,,1044,1325
397,397,5,1,25,1,8,5,1056,1306,78,19,96,Bereich,0.16560798548094374,0.5650773195876289,,,1134,1325
398,398,5,1,25,1,8,6,1145,1306,40,23,93,(17),0.17619479733817303,0.5659364261168385,,,1185,1329
399,399,5,1,25,1,8,7,1196,1306,88,22,92,"befindet,",0.18753781004234724,0.5657216494845361,,,1284,1328
400,400,5,1,25,1,8,8,1295,1306,34,19,93,der,0.1984271022383545,0.5650773195876289,,,1329,1325
401,401,5,1,25,1,8,9,1337,1307,130,22,91,ausgewertet,0.2120387174833636,0.5661512027491409,,,1467,1329
402,402,4,1,25,1,9,0,883,1339,582,23,-1,,0.17755595886267392,0.5801116838487973,,,1465,1362
403,403,5,1,25,1,9,1,883,1339,70,18,93,wurde.,0.13883847549909256,0.5790378006872853,,,953,1357
404,404,5,1,25,1,9,2,964,1339,86,18,93,Befindet,0.15229885057471265,0.5790378006872853,,,1050,1357
405,405,5,1,25,1,9,3,1059,1339,40,18,96,sich,0.1631881427707199,0.5790378006872853,,,1099,1357
406,406,5,1,25,1,9,4,1109,1339,38,18,93,das,0.1705989110707804,0.5790378006872853,,,1147,1357
407,407,5,1,25,1,9,5,1157,1339,97,18,92,markante,0.1823200241984271,0.5790378006872853,,,1254,1357
408,408,5,1,25,1,9,6,1265,1339,70,18,76,Bauteil,0.19661222020568664,0.5790378006872853,,,1335,1357
409,409,5,1,25,1,9,7,1344,1339,41,23,94,(13),0.20636721113127646,0.5801116838487973,,,1385,1362
410,410,5,1,25,1,9,8,1396,1339,15,18,94,in,0.21226557773744706,0.5790378006872853,,,1411,1357
411,411,5,1,25,1,9,9,1421,1339,44,18,96,dem,0.21823956442831216,0.5790378006872853,,,1465,1357
412,412,4,1,25,1,10,0,885,1372,580,23,-1,,0.17770719903206292,0.594286941580756,,,1465,1395
413,413,5,1,25,1,10,1,885,1372,78,19,96,Bereich,0.1397459165154265,0.5934278350515464,,,963,1391
414,414,5,1,25,1,10,2,975,1372,46,23,96,"(17),",0.15093768905021174,0.594286941580756,,,1021,1395
415,415,5,1,25,1,10,3,1033,1372,33,19,93,der,0.1587265577737447,0.5934278350515464,,,1066,1391
416,416,5,1,25,1,10,4,1076,1373,130,22,91,ausgewertet,0.17256503327283726,0.5945017182130584,,,1206,1395
417,417,5,1,25,1,10,5,1215,1372,70,22,96,"wurde,",0.18905021173623715,0.5940721649484536,,,1285,1394
418,418,5,1,25,1,10,6,1297,1377,23,14,93,so,0.19789776164549305,0.5945017182130584,,,1320,1391
419,419,5,1,25,1,10,7,1332,1372,83,19,93,befindet,0.20772837265577737,0.5934278350515464,,,1415,1391
420,420,5,1,25,1,10,8,1425,1372,40,19,97,sich,0.21854204476709013,0.5934278350515464,,,1465,1391
421,421,4,1,25,1,11,0,884,1405,386,23,-1,,0.1628856624319419,0.6084621993127147,,,1270,1428
422,422,5,1,25,1,11,1,884,1405,37,18,96,das,0.13649425287356323,0.6073883161512027,,,921,1423
423,423,5,1,25,1,11,2,929,1405,68,23,96,Objekt,0.1456442831215971,0.6084621993127147,,,997,1428
424,424,5,1,25,1,11,3,1005,1405,27,23,96,(8),0.15403811252268604,0.6084621993127147,,,1032,1428
425,425,5,1,25,1,11,4,1042,1405,15,18,96,in,0.1587265577737447,0.6073883161512027,,,1057,1423
426,426,5,1,25,1,11,5,1066,1405,33,18,93,der,0.16371748336358136,0.6073883161512027,,,1099,1423
427,427,5,1,25,1,11,6,1108,1405,96,18,91,korrekten,0.17483363581367212,0.6073883161512027,,,1204,1423
428,428,5,1,25,1,11,7,1214,1405,56,23,96,Lage.,0.18784029038112524,0.6084621993127147,,,1270,1428
429,429,2,1,26,0,0,0,458,1515,779,633,-1,,0.12817604355716877,0.7867268041237113,,,1237,2148
430,430,3,1,26,1,0,0,458,1515,779,633,-1,,0.12817604355716877,0.7867268041237113,,,1237,2148
431,431,4,1,26,1,1,0,458,1515,779,633,-1,,0.12817604355716877,0.7867268041237113,,,1237,2148
432,432,5,1,26,1,1,1,458,1515,779,633,95, ,0.12817604355716877,0.7867268041237113,,,1237,2148
433,433,2,1,27,0,0,0,785,2162,85,35,-1,,0.125151240169389,0.9362113402061856,,,870,2197
434,434,3,1,27,1,0,0,785,2162,85,35,-1,,0.125151240169389,0.9362113402061856,,,870,2197
435,435,4,1,27,1,1,0,785,2162,85,35,-1,,0.125151240169389,0.9362113402061856,,,870,2197
436,436,5,1,27,1,1,1,785,2162,54,35,83,Fig.,0.12280701754385964,0.9362113402061856,,,839,2197
437,437,5,1,27,1,1,2,852,2163,18,27,95,2,0.13021778584392016,0.9349226804123711,,,870,2190
438,438,2,1,28,0,0,0,716,2270,259,16,-1,,0.1278735632183908,0.9785223367697594,,,975,2286
439,439,3,1,28,1,0,0,716,2270,259,16,-1,,0.1278735632183908,0.9785223367697594,,,975,2286
440,440,4,1,28,1,1,0,716,2270,259,16,-1,,0.1278735632183908,0.9785223367697594,,,975,2286
441,441,5,1,28,1,1,1,716,2270,49,12,96,Printed,0.11199334543254688,0.9776632302405498,,,765,2282
442,442,5,1,28,1,1,2,771,2270,15,16,96,by,0.1177404718693285,0.9785223367697594,,,786,2286
443,443,5,1,28,1,1,3,792,2270,45,14,96,"Jouve,",0.12318511796733213,0.9780927835051546,,,837,2284
444,444,5,1,28,1,1,4,843,2270,41,12,96,75001,0.13059588626739263,0.9776632302405498,,,884,2282
445,445,5,1,28,1,1,5,893,2270,46,12,96,PARIS,0.1385359951603146,0.9776632302405498,,,939,2282
446,446,5,1,28,1,1,6,945,2270,30,16,95,(FR),0.14519056261343014,0.9785223367697594,,,975,2286
