,Unnamed: 0,level,page_num,block_num,par_num,line_num,word_num,left,top,width,height,conf,text,x,y,label,target,right,bottom
0,0,1,1,0,0,0,0,0,0,1653,2328,-1,,0.125,0.5,,,1653,2328
1,1,2,1,1,0,0,0,144,1905,31,328,-1,,0.02412280701754386,0.8887457044673539,,,175,2233
2,2,3,1,1,1,0,0,144,1905,31,328,-1,,0.02412280701754386,0.8887457044673539,,,175,2233
3,3,4,1,1,1,1,0,144,1905,31,328,-1,,0.02412280701754386,0.8887457044673539,,,175,2233
4,4,5,1,1,1,1,1,144,2179,30,54,95,EP,0.024047186932849365,0.947594501718213,,,174,2233
5,5,5,1,1,1,1,2,144,2142,31,21,95,3,0.02412280701754386,0.9246134020618557,,,175,2163
6,6,5,1,1,1,1,3,144,2055,31,71,96,399,0.02412280701754386,0.8979810996563574,,,175,2126
7,7,5,1,1,1,1,4,144,1968,31,71,84,805,0.02412280701754386,0.8606099656357389,,,175,2039
8,8,5,1,1,1,1,5,144,1905,30,50,84,A1,0.024047186932849365,0.8290378006872853,,,174,1955
9,9,2,1,2,0,0,0,429,153,88,28,-1,,0.07153660012099214,0.07173539518900343,,,517,181
10,10,3,1,2,1,0,0,429,153,88,28,-1,,0.07153660012099214,0.07173539518900343,,,517,181
11,11,4,1,2,1,1,0,429,153,88,16,-1,,0.07153660012099214,0.06915807560137457,,,517,169
12,12,5,1,2,1,1,1,429,153,88,16,84,Europaisches,0.07153660012099214,0.06915807560137457,,,517,169
13,13,4,1,2,1,2,0,429,170,71,11,-1,,0.07025105868118572,0.07538659793814433,,,500,181
14,14,5,1,2,1,2,1,429,170,71,11,96,Patentamt,0.07025105868118572,0.07538659793814433,,,500,181
15,15,2,1,3,0,0,0,429,196,89,28,-1,,0.07161222020568662,0.09020618556701031,,,518,224
16,16,3,1,3,1,0,0,429,196,89,28,-1,,0.07161222020568662,0.09020618556701031,,,518,224
17,17,4,1,3,1,1,0,429,196,63,15,-1,,0.06964609800362977,0.08741408934707903,,,492,211
18,18,5,1,3,1,1,1,429,196,63,15,95,European,0.06964609800362977,0.08741408934707903,,,492,211
19,19,4,1,3,1,2,0,429,212,89,12,-1,,0.07161222020568662,0.0936426116838488,,,518,224
20,20,5,1,3,1,2,1,429,213,43,11,96,Patent,0.06813369630973987,0.0938573883161512,,,472,224
21,21,5,1,3,1,2,2,478,212,40,12,90,Office,0.07531760435571688,0.0936426116838488,,,518,224
22,22,2,1,4,0,0,0,429,239,109,28,-1,,0.07312462189957653,0.10867697594501718,,,538,267
23,23,3,1,4,1,0,0,429,239,109,28,-1,,0.07312462189957653,0.10867697594501718,,,538,267
24,24,4,1,4,1,1,0,429,239,109,15,-1,,0.07312462189957653,0.10588487972508591,,,538,254
25,25,5,1,4,1,1,1,429,239,40,12,93,Office,0.06790683605565638,0.1052405498281787,,,469,251
26,26,5,1,4,1,1,2,474,239,64,15,93,europ√©en,0.0765275257108288,0.10588487972508591,,,538,254
27,27,4,1,4,1,2,0,429,255,77,12,-1,,0.0707047791893527,0.11211340206185567,,,506,267
28,28,5,1,4,1,2,1,429,255,22,12,95,des,0.06654567453115548,0.11211340206185567,,,451,267
29,29,5,1,4,1,2,2,457,255,49,12,82,brevets,0.07282214156079855,0.11211340206185567,,,506,267
30,30,2,1,5,0,0,0,281,136,274,150,-1,,0.06321839080459771,0.09063573883161512,,,555,286
31,31,3,1,5,1,0,0,281,136,274,150,-1,,0.06321839080459771,0.09063573883161512,,,555,286
32,32,4,1,5,1,1,0,281,136,274,150,-1,,0.06321839080459771,0.09063573883161512,,,555,286
33,33,5,1,5,1,1,1,281,136,274,150,95, ,0.06321839080459771,0.09063573883161512,,,555,286
34,34,2,1,6,0,0,0,225,324,45,26,-1,,0.037431941923774956,0.14475945017182132,,,270,350
35,35,3,1,6,1,0,0,225,324,45,26,-1,,0.037431941923774956,0.14475945017182132,,,270,350
36,36,4,1,6,1,1,0,225,324,45,26,-1,,0.037431941923774956,0.14475945017182132,,,270,350
37,37,5,1,6,1,1,1,225,324,45,26,96,(12),0.037431941923774956,0.14475945017182132,,,270,350
38,38,2,1,7,0,0,0,225,395,378,53,-1,,0.06261343012704174,0.18105670103092783,,,603,448
39,39,3,1,7,1,0,0,225,395,378,53,-1,,0.06261343012704174,0.18105670103092783,,,603,448
40,40,4,1,7,1,1,0,225,395,262,26,-1,,0.05384150030248034,0.17525773195876287,,,487,421
41,41,5,1,7,1,1,1,225,395,45,26,95,(43),0.037431941923774956,0.17525773195876287,,,270,421
42,42,5,1,7,1,1,2,286,397,48,18,95,Date,0.04688445251058681,0.17439862542955326,,,334,415
43,43,5,1,7,1,1,3,342,397,20,18,96,of,0.05323653962492438,0.17439862542955326,,,362,415
44,44,5,1,7,1,1,4,370,397,117,23,96,publication:,0.0648064125831821,0.17547250859106528,,,487,420
45,45,4,1,7,1,2,0,286,430,317,18,-1,,0.06722625529340592,0.18857388316151202,,,603,448
46,46,5,1,7,1,2,1,286,430,117,18,96,07.11.2018,0.052102238354506954,0.18857388316151202,publication_date,07.11.2018,403,448
47,47,5,1,7,1,2,2,426,430,84,18,95,Bulletin,0.07078039927404718,0.18857388316151202,,,510,448
48,48,5,1,7,1,2,3,519,430,84,18,95,2018/45,0.08484573502722323,0.18857388316151202,,,603,448
49,49,2,1,8,0,0,0,225,493,402,26,-1,,0.06442831215970962,0.21735395189003437,,,627,519
50,50,3,1,8,1,0,0,225,493,402,26,-1,,0.06442831215970962,0.21735395189003437,,,627,519
51,51,4,1,8,1,1,0,225,493,402,26,-1,,0.06442831215970962,0.21735395189003437,,,627,519
52,52,5,1,8,1,1,1,225,493,45,26,96,(21),0.037431941923774956,0.21735395189003437,,,270,519
53,53,5,1,8,1,1,2,285,495,115,23,96,Application,0.051799758015728975,0.21756872852233677,,,400,518
54,54,5,1,8,1,1,3,410,495,83,18,93,number:,0.06828493647912885,0.21649484536082475,,,493,513
55,55,5,1,8,1,1,4,505,495,122,18,92,18180400.6,0.08560193587416817,0.21649484536082475,application_number,18180400.6,627,513
56,56,2,1,9,0,0,0,225,559,325,26,-1,,0.05860556563823351,0.24570446735395188,,,550,585
57,57,3,1,9,1,0,0,225,559,325,26,-1,,0.05860556563823351,0.24570446735395188,,,550,585
58,58,4,1,9,1,1,0,225,559,325,26,-1,,0.05860556563823351,0.24570446735395188,,,550,585
59,59,5,1,9,1,1,1,225,559,45,26,96,(22),0.037431941923774956,0.24570446735395188,,,270,585
60,60,5,1,9,1,1,2,286,561,48,18,96,Date,0.04688445251058681,0.24484536082474226,,,334,579
61,61,5,1,9,1,1,3,342,566,12,13,96,of,0.05263157894736842,0.24591924398625428,,,354,579
62,62,5,1,9,1,1,4,355,561,67,23,96,filing:,0.058756805807622506,0.24591924398625428,,,422,584
63,63,5,1,9,1,1,5,432,561,118,18,96,09.12.2015,0.07425892316999395,0.24484536082474226,filing_date,09.12.2015,550,579
64,64,2,1,10,0,0,0,1002,245,458,38,-1,,0.18617664851784635,0.1134020618556701,,,1460,283
65,65,3,1,10,1,0,0,1002,245,458,38,-1,,0.18617664851784635,0.1134020618556701,,,1460,283
66,66,4,1,10,1,1,0,1002,245,458,38,-1,,0.18617664851784635,0.1134020618556701,,,1460,283
67,67,5,1,10,1,1,1,1002,256,44,27,74,(11),0.15486993345432548,0.11576460481099657,,,1046,283
68,68,5,1,10,1,1,2,1146,245,52,32,95,EP,0.17725347852389595,0.11211340206185567,number,EP,1198,277
69,69,5,1,10,1,1,3,1214,245,20,32,94,3,0.1851179673321234,0.11211340206185567,number,3,1234,277
70,70,5,1,10,1,1,4,1249,245,68,32,94,399,0.1940411373260738,0.11211340206185567,number,399,1317,277
71,71,5,1,10,1,1,5,1332,245,68,32,93,805,0.20659407138535996,0.11211340206185567,number,805,1400,277
72,72,5,1,10,1,1,6,1413,245,47,32,89,A1,0.21725650332728372,0.11211340206185567,number,A1,1460,277
73,73,2,1,11,0,0,0,577,319,537,26,-1,,0.1278735632183908,0.14261168384879724,,,1114,345
74,74,3,1,11,1,0,0,577,319,537,26,-1,,0.1278735632183908,0.14261168384879724,,,1114,345
75,75,4,1,11,1,1,0,577,319,537,26,-1,,0.1278735632183908,0.14261168384879724,,,1114,345
76,76,5,1,11,1,1,1,577,319,156,26,95,EUROPEAN,0.09906231094978826,0.14261168384879724,,,733,345
77,77,5,1,11,1,1,2,735,320,135,24,95,PATENT,0.12137023593466424,0.14261168384879724,,,870,344
78,78,5,1,11,1,1,3,873,319,241,26,96,APPLICATION,0.1502571082879613,0.14261168384879724,,,1114,345
79,79,2,1,12,0,0,0,862,395,264,51,-1,,0.15033272837265577,0.18062714776632302,,,1126,446
80,80,3,1,12,1,0,0,862,395,264,51,-1,,0.15033272837265577,0.18062714776632302,,,1126,446
81,81,4,1,12,1,1,0,862,395,126,26,-1,,0.13989715668481548,0.17525773195876287,,,988,421
82,82,5,1,12,1,1,1,862,395,44,26,67,(51),0.1336963097398669,0.17525773195876287,,,906,421
83,83,5,1,12,1,1,2,923,397,25,18,93,Int,0.1414851784633999,0.17439862542955326,,,948,415
84,84,5,1,12,1,1,3,955,397,33,18,65,Cl:,0.14692982456140352,0.17439862542955326,,,988,415
85,85,4,1,12,1,2,0,922,425,204,21,-1,,0.15486993345432548,0.1870704467353952,,,1126,446
86,86,5,1,12,1,2,1,922,428,68,18,46,H04W,0.14458560193587416,0.1877147766323024,class_international,H04W,990,446
87,87,5,1,12,1,2,2,995,428,59,18,86,52/02,0.15494555353901995,0.1877147766323024,class_international,52/02,1054,446
88,88,5,1,12,1,2,3,1059,425,67,16,78,(2009.01),0.16522988505747127,0.18599656357388317,,,1126,441
89,89,2,1,13,0,0,0,224,612,1243,6,-1,,0.1278735632183908,0.26417525773195877,,,1467,618
90,90,3,1,13,1,0,0,224,612,1243,6,-1,,0.1278735632183908,0.26417525773195877,,,1467,618
91,91,4,1,13,1,1,0,224,612,1243,6,-1,,0.1278735632183908,0.26417525773195877,,,1467,618
92,92,5,1,13,1,1,1,224,612,1243,6,95, ,0.1278735632183908,0.26417525773195877,,,1467,618
93,93,2,1,14,0,0,0,225,631,599,119,-1,,0.07932546884452511,0.296606529209622,,,824,750
94,94,3,1,14,1,0,0,225,631,599,119,-1,,0.07932546884452511,0.296606529209622,,,824,750
95,95,4,1,14,1,1,0,225,631,388,27,-1,,0.0633696309739867,0.2768470790378007,,,613,658
96,96,5,1,14,1,1,1,225,631,45,27,96,(84),0.037431941923774956,0.2768470790378007,,,270,658
97,97,5,1,14,1,1,2,286,633,118,23,96,Designated,0.052177858439201454,0.2768470790378007,,,404,656
98,98,5,1,14,1,1,3,413,633,119,23,96,Contracting,0.07146098003629764,0.2768470790378007,,,532,656
99,99,5,1,14,1,1,4,542,633,71,19,96,States:,0.08734119782214156,0.2759879725085911,,,613,652
100,100,4,1,14,1,2,0,285,666,537,18,-1,,0.08371143375680581,0.28994845360824745,,,822,684
101,101,5,1,14,1,2,1,285,666,31,18,94,AL,0.04544767090139141,0.28994845360824745,,,316,684
102,102,5,1,14,1,2,2,323,666,31,18,94,AT,0.05119479733817302,0.28994845360824745,,,354,684
103,103,5,1,14,1,2,3,363,666,30,18,96,BE,0.05716878402903811,0.28994845360824745,,,393,684
104,104,5,1,14,1,2,4,403,666,32,18,96,BG,0.0633696309739867,0.28994845360824745,,,435,684
105,105,5,1,14,1,2,5,445,666,31,18,96,CH,0.06964609800362977,0.28994845360824745,,,476,684
106,106,5,1,14,1,2,6,486,666,32,18,95,CY,0.07592256503327284,0.28994845360824745,,,518,684
107,107,5,1,14,1,2,7,526,666,30,18,93,CZ,0.08182093163944344,0.28994845360824745,,,556,684
108,108,5,1,14,1,2,8,565,666,30,18,93,DE,0.08771929824561403,0.28994845360824745,,,595,684
109,109,5,1,14,1,2,9,605,666,32,18,95,DK,0.09392014519056262,0.28994845360824745,,,637,684
110,110,5,1,14,1,2,10,646,666,29,18,95,EE,0.0998941318814277,0.28994845360824745,,,675,684
111,111,5,1,14,1,2,11,684,666,29,18,93,ES,0.10564125831820932,0.28994845360824745,,,713,684
112,112,5,1,14,1,2,12,723,666,57,18,90,FIFR,0.11365698729582577,0.28994845360824745,,,780,684
113,113,5,1,14,1,2,13,788,666,34,18,95,GB,0.12174833635813673,0.28994845360824745,,,822,684
114,114,4,1,14,1,3,0,285,699,539,18,-1,,0.0838626739261948,0.30412371134020616,,,824,717
115,115,5,1,14,1,3,1,285,699,297,18,83,GRHRHUIEISITLILTLU,0.06556261343012704,0.30412371134020616,,,582,717
116,116,5,1,14,1,3,2,591,699,28,18,85,LV,0.09150030248033877,0.30412371134020616,,,619,717
117,117,5,1,14,1,3,3,627,699,35,18,85,MC,0.09747428917120388,0.30412371134020616,,,662,717
118,118,5,1,14,1,3,4,670,699,35,18,94,MK,0.10397761645493044,0.30412371134020616,,,705,717
119,119,5,1,14,1,3,5,713,699,32,18,91,MT,0.11025408348457351,0.30412371134020616,,,745,717
120,120,5,1,14,1,3,6,753,699,29,18,49,NL,0.11607683000604961,0.30412371134020616,,,782,717
121,121,5,1,14,1,3,7,791,699,33,18,49,NO,0.1221264367816092,0.30412371134020616,,,824,717
122,122,4,1,14,1,4,0,286,732,336,18,-1,,0.06866303690260134,0.31829896907216493,,,622,750
123,123,5,1,14,1,4,1,286,732,28,18,93,PL,0.045372050816696916,0.31829896907216493,,,314,750
124,124,5,1,14,1,4,2,323,732,29,18,92,PT,0.05104355716878403,0.31829896907216493,,,352,750
125,125,5,1,14,1,4,3,360,732,58,18,92,RORS,0.058832425892317,0.31829896907216493,,,418,750
126,126,5,1,14,1,4,4,420,732,52,18,92,SE,0.06745311554748941,0.31829896907216493,,,472,750
127,127,5,1,14,1,4,5,480,732,20,18,95,SI,0.07410768300060495,0.31829896907216493,,,500,750
128,128,5,1,14,1,4,6,510,732,31,18,93,SK,0.0794767090139141,0.31829896907216493,,,541,750
129,129,5,1,14,1,4,7,550,732,72,18,90,SMTR,0.08862673926194797,0.31829896907216493,,,622,750
130,130,2,1,15,0,0,0,225,795,513,53,-1,,0.07282214156079855,0.35287800687285226,,,738,848
131,131,3,1,15,1,0,0,225,795,513,53,-1,,0.07282214156079855,0.35287800687285226,,,738,848
132,132,4,1,15,1,1,0,225,795,513,27,-1,,0.07282214156079855,0.3472938144329897,,,738,822
133,133,5,1,15,1,1,1,225,795,45,27,96,(30),0.037431941923774956,0.3472938144329897,,,270,822
134,134,5,1,15,1,1,2,286,797,77,23,94,Priority:,0.04907743496672716,0.3472938144329897,,,363,820
135,135,5,1,15,1,1,3,383,797,119,19,94,22.12.2014,0.06692377495462795,0.34643470790378006,,,502,816
136,136,5,1,15,1,1,4,520,797,30,19,95,US,0.0809134906231095,0.34643470790378006,,,550,816
137,137,5,1,15,1,1,5,559,797,157,19,93,201462095767,0.09641560798548095,0.34643470790378006,,,716,816
138,138,5,1,15,1,1,6,725,797,13,19,91,P,0.11063218390804598,0.34643470790378006,,,738,816
139,139,4,1,15,1,2,0,383,830,333,18,-1,,0.08310647307924984,0.3603951890034364,,,716,848
140,140,5,1,15,1,2,1,383,830,118,18,95,08.12.2015,0.06684815486993345,0.3603951890034364,,,501,848
141,141,5,1,15,1,2,2,520,830,30,18,95,US,0.0809134906231095,0.3603951890034364,,,550,848
142,142,5,1,15,1,2,3,559,830,157,18,90,201514963055,0.09641560798548095,0.3603951890034364,,,716,848
143,143,2,1,16,0,0,0,225,893,596,87,-1,,0.07909860859044163,0.4022766323024055,,,821,980
144,144,3,1,16,1,0,0,225,893,596,87,-1,,0.07909860859044163,0.4022766323024055,,,821,980
145,145,4,1,16,1,1,0,225,893,596,27,-1,,0.07909860859044163,0.3893900343642612,,,821,920
146,146,5,1,16,1,1,1,225,893,45,27,96,(62),0.037431941923774956,0.3893900343642612,,,270,920
147,147,5,1,16,1,1,2,286,895,107,19,96,Document,0.05134603750756201,0.38853092783505155,,,393,914
148,148,5,1,16,1,1,3,402,895,105,23,95,number(s),0.06873865698729582,0.3893900343642612,,,507,918
149,149,5,1,16,1,1,4,516,895,20,19,96,of,0.07955232909860858,0.38853092783505155,,,536,914
150,150,5,1,16,1,1,5,542,895,32,19,96,the,0.08439201451905626,0.38853092783505155,,,574,914
151,151,5,1,16,1,1,6,582,895,66,19,96,earlier,0.09301270417422867,0.38853092783505155,,,648,914
152,152,5,1,16,1,1,7,655,895,140,23,95,application(s),0.10964912280701754,0.3893900343642612,,,795,918
153,153,5,1,16,1,1,8,805,895,16,19,96,in,0.12295825771324864,0.38853092783505155,,,821,914
154,154,4,1,16,1,2,0,286,929,308,18,-1,,0.06654567453115548,0.4029209621993127,,,594,947
155,155,5,1,16,1,2,1,286,929,121,18,96,accordance,0.05240471869328494,0.4029209621993127,,,407,947
156,156,5,1,16,1,2,2,415,929,40,18,96,with,0.06578947368421052,0.4029209621993127,,,455,947
157,157,5,1,16,1,2,3,464,929,35,18,95,Art.,0.07282214156079855,0.4029209621993127,,,499,947
158,158,5,1,16,1,2,4,508,929,25,18,95,76,0.07872050816696914,0.4029209621993127,,,533,947
159,159,5,1,16,1,2,5,542,929,52,18,96,EPC:,0.08590441621294616,0.4029209621993127,,,594,947
160,160,4,1,16,1,3,0,286,961,250,19,-1,,0.06215970961887477,0.4168814432989691,,,536,980
161,161,5,1,16,1,3,1,286,961,125,19,92,15823858.4,0.05270719903206292,0.4168814432989691,,,411,980
162,162,5,1,16,1,3,2,417,961,7,19,91,/,0.06359649122807018,0.4168814432989691,,,424,980
163,163,5,1,16,1,3,3,432,961,11,19,92,3,0.066167574107683,0.4168814432989691,,,443,980
164,164,5,1,16,1,3,4,451,961,38,19,92,238,0.07108287961282517,0.4168814432989691,,,489,980
165,165,5,1,16,1,3,5,498,961,38,19,96,490,0.07819116757410768,0.4168814432989691,,,536,980
166,166,2,1,17,0,0,0,225,1025,465,57,-1,,0.0691923774954628,0.4525343642611684,,,690,1082
167,167,3,1,17,1,0,0,225,1025,465,57,-1,,0.0691923774954628,0.4525343642611684,,,690,1082
168,168,4,1,17,1,1,0,225,1025,465,26,-1,,0.0691923774954628,0.44587628865979384,,,690,1051
169,169,5,1,17,1,1,1,225,1025,45,26,96,(71),0.037431941923774956,0.44587628865979384,,,270,1051
170,170,5,1,17,1,1,2,285,1027,103,23,93,Applicant:,0.05089231699939504,0.44609106529209624,,,388,1050
171,171,5,1,17,1,1,3,397,1027,121,19,91,QUALCOMM,0.0691923774954628,0.44523195876288657,applicant_line_1,QUALCOMM,518,1046
172,172,5,1,17,1,1,4,521,1027,169,23,95,Incorporated,0.09157592256503327,0.44609106529209624,applicant_line_1,Incorporated,690,1050
173,173,4,1,17,1,2,0,286,1059,352,23,-1,,0.06987295825771325,0.45983676975945015,,,638,1082
174,174,5,1,17,1,2,1,286,1059,40,19,96,San,0.04627949183303085,0.45897766323024053,,,326,1078
175,175,5,1,17,1,2,2,337,1059,70,23,96,"Diego,",0.056261343012704176,0.45983676975945015,,,407,1082
176,176,5,1,17,1,2,3,415,1059,34,19,95,CA,0.06533575317604355,0.45897766323024053,,,449,1078
177,177,5,1,17,1,2,4,456,1059,127,19,95,92121-1714,0.07856926799758016,0.45897766323024053,,,583,1078
178,178,5,1,17,1,2,5,591,1059,47,23,96,(US),0.09293708408953417,0.45983676975945015,,,638,1082
179,179,2,1,18,0,0,0,844,614,4,566,-1,,0.1279491833030853,0.3853092783505155,,,848,1180
180,180,3,1,18,1,0,0,844,614,4,566,-1,,0.1279491833030853,0.3853092783505155,,,848,1180
181,181,4,1,18,1,1,0,844,614,4,566,-1,,0.1279491833030853,0.3853092783505155,,,848,1180
182,182,5,1,18,1,1,1,844,614,4,566,95, ,0.1279491833030853,0.3853092783505155,,,848,1180
183,183,2,1,19,0,0,0,862,631,412,157,-1,,0.16152450090744103,0.30476804123711343,,,1274,788
184,184,3,1,19,1,0,0,862,631,412,157,-1,,0.16152450090744103,0.30476804123711343,,,1274,788
185,185,4,1,19,1,1,0,862,631,162,27,-1,,0.1426194797338173,0.2768470790378007,,,1024,658
186,186,5,1,19,1,1,1,862,631,44,27,94,(72),0.1336963097398669,0.2768470790378007,,,906,658
187,187,5,1,19,1,1,2,923,633,101,19,94,Inventors:,0.1472323049001815,0.2759879725085911,,,1024,652
188,188,4,1,19,1,2,0,898,666,213,22,-1,,0.15192075015124018,0.29080756013745707,,,1111,688
189,189,5,1,19,1,2,1,898,671,7,8,52,¬´,0.13634301270417423,0.28994845360824745,,,905,679
190,190,5,1,19,1,2,2,923,666,95,22,95,"MERLIN,",0.14677858439201452,0.29080756013745707,inventor_line_1,"MERLIN,",1018,688
191,191,5,1,19,1,2,3,1027,666,84,18,95,Simone,0.16167574107683,0.28994845360824745,inventor_line_1,Simone,1111,684
192,192,4,1,19,1,3,0,922,699,352,23,-1,,0.16606170598911071,0.30519759450171824,,,1274,722
193,193,5,1,19,1,3,1,922,699,41,18,96,San,0.1425438596491228,0.30412371134020616,,,963,717
194,194,5,1,19,1,3,2,973,699,70,23,96,"Diego,",0.15245009074410162,0.30519759450171824,,,1043,722
195,195,5,1,19,1,3,3,1052,699,33,18,96,CA,0.1616001209921355,0.30412371134020616,,,1085,717
196,196,5,1,19,1,3,4,1093,699,126,18,96,92121-1714,0.17483363581367212,0.30412371134020616,,,1219,717
197,197,5,1,19,1,3,5,1227,699,47,23,96,(US),0.18912583182093165,0.30519759450171824,,,1274,722
198,198,4,1,19,1,4,0,898,732,359,23,-1,,0.1629612825166364,0.31937285223367695,,,1257,755
199,199,5,1,19,1,4,1,898,737,7,8,59,¬´,0.13634301270417423,0.31829896907216493,,,905,745
200,200,5,1,19,1,4,2,923,732,113,22,92,"BARRIAC,",0.14813974591651544,0.31915807560137455,,,1036,754
201,201,5,1,19,1,4,3,1045,732,126,23,95,Gwendolyn,0.1675741076830006,0.31937285223367695,,,1171,755
202,202,5,1,19,1,4,4,1181,732,76,18,95,Denise,0.18436176648517846,0.31829896907216493,,,1257,750
203,203,4,1,19,1,5,0,922,765,352,23,-1,,0.16606170598911071,0.3335481099656357,,,1274,788
204,204,5,1,19,1,5,1,922,765,41,18,96,San,0.1425438596491228,0.3324742268041237,,,963,783
205,205,5,1,19,1,5,2,973,765,70,23,96,"Diego,",0.15245009074410162,0.3335481099656357,,,1043,788
206,206,5,1,19,1,5,3,1052,765,33,18,96,CA,0.1616001209921355,0.3324742268041237,,,1085,783
207,207,5,1,19,1,5,4,1093,765,126,18,96,92121-1714,0.17483363581367212,0.3324742268041237,,,1219,783
208,208,5,1,19,1,5,5,1227,765,47,23,96,(US),0.18912583182093165,0.3335481099656357,,,1274,788
209,209,2,1,20,0,0,0,862,828,510,156,-1,,0.16893526920750151,0.38917525773195877,,,1372,984
210,210,3,1,20,1,0,0,862,828,510,156,-1,,0.16893526920750151,0.38917525773195877,,,1372,984
211,211,4,1,20,1,1,0,862,828,422,26,-1,,0.16228070175438597,0.36125429553264604,,,1284,854
212,212,5,1,20,1,1,1,862,828,44,26,96,(74),0.1336963097398669,0.36125429553264604,,,906,854
213,213,5,1,20,1,1,2,923,830,163,23,93,Representative:,0.15192075015124018,0.36146907216494845,,,1086,853
214,214,5,1,20,1,1,3,1096,830,110,23,92,"Hohgardt,",0.17407743496672717,0.36146907216494845,representative_line_1_eu,"Hohgardt,",1206,853
215,215,5,1,20,1,1,4,1216,830,68,18,96,Martin,0.18905021173623715,0.3603951890034364,representative_line_1_eu,Martin,1284,848
216,216,4,1,20,1,2,0,923,863,449,23,-1,,0.1735480943738657,0.3756443298969072,,,1372,886
217,217,5,1,20,1,2,1,923,863,99,18,91,Bardehle,0.1470810647307925,0.3745704467353952,,,1022,881
218,218,5,1,20,1,2,2,1031,863,121,23,91,Pagenberg,0.16507864488808227,0.3756443298969072,,,1152,886
219,219,5,1,20,1,2,3,1161,863,153,18,92,Partnerschaft,0.18715970961887476,0.3745704467353952,,,1314,881
220,220,5,1,20,1,2,4,1322,863,50,18,89,mbB,0.20372050816696916,0.3745704467353952,,,1372,881
221,221,4,1,20,1,3,0,923,895,338,22,-1,,0.16515426497277677,0.38917525773195877,,,1261,917
222,222,5,1,20,1,3,1,923,895,164,22,90,"Patentanwalte,",0.15199637023593465,0.38917525773195877,,,1087,917
223,223,5,1,20,1,3,2,1096,895,165,19,92,Rechtsanwalte,0.1782365396249244,0.38853092783505155,,,1261,914
224,224,4,1,20,1,4,0,923,929,231,23,-1,,0.1570629159104658,0.40399484536082475,,,1154,952
225,225,5,1,20,1,4,1,923,929,211,23,91,Prinzregentenplatz,0.15555051421657592,0.40399484536082475,,,1134,952
226,226,5,1,20,1,4,2,1142,929,12,18,96,7,0.1736237144585602,0.4029209621993127,,,1154,947
227,227,4,1,20,1,5,0,922,961,231,23,-1,,0.15691167574107684,0.4177405498281787,,,1153,984
228,228,5,1,20,1,5,1,922,961,64,19,93,81675,0.1442831215970962,0.4168814432989691,,,986,980
229,229,5,1,20,1,5,2,996,961,101,19,91,Miinchen,0.15827283726557773,0.4168814432989691,,,1097,980
230,230,5,1,20,1,5,3,1107,961,46,23,96,(DE),0.17090139140955837,0.4177405498281787,,,1153,984
231,231,2,1,21,0,0,0,862,1027,99,18,-1,,0.13785541439806412,0.44501718213058417,,,961,1045
232,232,3,1,21,1,0,0,862,1027,99,18,-1,,0.13785541439806412,0.44501718213058417,,,961,1045
233,233,4,1,21,1,1,0,862,1027,99,18,-1,,0.13785541439806412,0.44501718213058417,,,961,1045
234,234,5,1,21,1,1,1,862,1027,99,18,96,Remarks:,0.13785541439806412,0.44501718213058417,,,961,1045
235,235,2,1,22,0,0,0,922,1059,522,85,-1,,0.17891712038717483,0.4731529209621993,,,1444,1144
236,236,3,1,22,1,0,0,922,1059,522,85,-1,,0.17891712038717483,0.4731529209621993,,,1444,1144
237,237,4,1,22,1,1,0,922,1059,477,23,-1,,0.17551421657592256,0.45983676975945015,,,1399,1082
238,238,5,1,22,1,1,1,922,1059,43,19,96,This,0.1426950998185118,0.45897766323024053,,,965,1078
239,239,5,1,22,1,1,2,974,1059,111,23,96,application,0.15570175438596492,0.45983676975945015,,,1085,1082
240,240,5,1,22,1,1,3,1093,1064,42,14,96,was,0.16848154869933454,0.46005154639175255,,,1135,1078
241,241,5,1,22,1,1,4,1142,1059,43,19,96,filed,0.17596793708408953,0.45897766323024053,,,1185,1078
242,242,5,1,22,1,1,5,1193,1064,25,14,96,on,0.1823200241984271,0.46005154639175255,,,1218,1078
243,243,5,1,22,1,1,6,1226,1059,121,19,96,28-06-2018,0.19457047791893528,0.45897766323024053,,,1347,1078
244,244,5,1,22,1,1,7,1356,1064,23,14,96,as,0.20682093163944343,0.46005154639175255,,,1379,1078
245,245,5,1,22,1,1,8,1388,1064,11,14,96,a,0.21075317604355717,0.46005154639175255,,,1399,1078
246,246,4,1,22,1,2,0,922,1092,522,23,-1,,0.17891712038717483,0.4740120274914089,,,1444,1115
247,247,5,1,22,1,2,1,922,1092,96,18,96,divisional,0.14670296430732002,0.4729381443298969,,,1018,1110
248,248,5,1,22,1,2,2,1027,1092,111,23,96,application,0.16371748336358136,0.4740120274914089,,,1138,1115
249,249,5,1,22,1,2,3,1147,1093,19,17,96,to,0.17490925589836662,0.4731529209621993,,,1166,1110
250,250,5,1,22,1,2,4,1174,1092,31,18,96,the,0.17990018148820328,0.4729381443298969,,,1205,1110
251,251,5,1,22,1,2,5,1214,1092,112,23,96,application,0.19207501512401695,0.4740120274914089,,,1326,1115
252,252,5,1,22,1,2,6,1336,1092,108,18,96,mentioned,0.2102238354506957,0.4729381443298969,,,1444,1110
253,253,4,1,22,1,3,0,923,1125,209,19,-1,,0.15539927404718692,0.48732817869415807,,,1132,1144
254,254,5,1,22,1,3,1,923,1125,59,19,93,under,0.1440562613430127,0.48732817869415807,,,982,1144
255,255,5,1,22,1,3,2,991,1125,45,19,92,INID,0.15328191167574107,0.48732817869415807,,,1036,1144
256,256,5,1,22,1,3,3,1044,1125,50,19,96,code,0.16167574107683,0.48732817869415807,,,1094,1144
257,257,5,1,22,1,3,4,1103,1125,29,19,96,62.,0.16901088929219601,0.48732817869415807,,,1132,1144
258,258,2,1,23,0,0,0,224,1176,1243,6,-1,,0.1278735632183908,0.5064432989690721,,,1467,1182
259,259,3,1,23,1,0,0,224,1176,1243,6,-1,,0.1278735632183908,0.5064432989690721,,,1467,1182
260,260,4,1,23,1,1,0,224,1176,1243,6,-1,,0.1278735632183908,0.5064432989690721,,,1467,1182
261,261,5,1,23,1,1,1,224,1176,1243,6,95, ,0.1278735632183908,0.5064432989690721,,,1467,1182
262,262,2,1,24,0,0,0,225,1198,45,26,-1,,0.037431941923774956,0.5201890034364262,,,270,1224
263,263,3,1,24,1,0,0,225,1198,45,26,-1,,0.037431941923774956,0.5201890034364262,,,270,1224
264,264,4,1,24,1,1,0,225,1198,45,26,-1,,0.037431941923774956,0.5201890034364262,,,270,1224
265,265,5,1,24,1,1,1,225,1198,45,26,96,(54),0.037431941923774956,0.5201890034364262,,,270,1224
266,266,2,1,25,0,0,0,225,1272,583,156,-1,,0.07811554748941318,0.5798969072164949,,,808,1428
267,267,3,1,25,1,0,0,225,1272,583,156,-1,,0.07811554748941318,0.5798969072164949,,,808,1428
268,268,4,1,25,1,1,0,225,1272,582,26,-1,,0.0780399274047187,0.5519759450171822,,,807,1298
269,269,5,1,25,1,1,1,225,1272,45,26,92,(57),0.037431941923774956,0.5519759450171822,,,270,1298
270,270,5,1,25,1,1,2,0,0,1653,2328,51,|,0.125,0.5,,,1653,2328
271,271,5,1,25,1,1,3,315,1274,16,18,85,A,0.04885057471264368,0.5511168384879725,,,331,1292
272,272,5,1,25,1,1,4,341,1274,76,18,85,method,0.057320024198427105,0.5511168384879725,,,417,1292
273,273,5,1,25,1,1,5,428,1274,37,18,96,and,0.06752873563218391,0.5511168384879725,,,465,1292
274,274,5,1,25,1,1,6,476,1278,24,14,96,an,0.07380520266182698,0.5519759450171822,,,500,1292
275,275,5,1,25,1,1,7,511,1275,104,22,96,apparatus,0.08514821536600121,0.552405498281787,,,615,1297
276,276,5,1,25,1,1,8,624,1274,28,18,96,for,0.09649122807017543,0.5511168384879725,,,652,1292
277,277,5,1,25,1,1,9,660,1274,85,18,93,wireless,0.10624621899576528,0.5511168384879725,,,745,1292
278,278,5,1,25,1,1,10,756,1278,51,14,91,com-,0.11819419237749547,0.5519759450171822,,,807,1292
279,279,4,1,25,1,2,0,226,1306,581,23,-1,,0.07811554748941318,0.5659364261168385,,,807,1329
280,280,5,1,25,1,2,1,226,1306,112,19,96,munication,0.0426497277676951,0.5650773195876289,,,338,1325
281,281,5,1,25,1,2,2,347,1306,15,19,96,is,0.053614640048396854,0.5650773195876289,,,362,1325
282,282,5,1,25,1,2,3,369,1306,108,19,96,described.,0.06397459165154265,0.5650773195876289,,,477,1325
283,283,5,1,25,1,2,4,485,1306,40,19,96,The,0.07637628554143981,0.5650773195876289,,,525,1325
284,284,5,1,25,1,2,5,534,1306,76,19,96,method,0.08650937689050212,0.5650773195876289,,,610,1325
285,285,5,1,25,1,2,6,619,1306,112,23,93,comprising,0.10208711433756806,0.5659364261168385,,,731,1329
286,286,5,1,25,1,2,7,739,1311,68,18,91,gener-,0.11690865093768905,0.5670103092783505,,,807,1329
287,287,4,1,25,1,3,0,225,1339,582,23,-1,,0.0780399274047187,0.5801116838487973,,,807,1362
288,288,5,1,25,1,3,1,225,1339,49,23,96,ating,0.037734422262552934,0.5801116838487973,,,274,1362
289,289,5,1,25,1,3,2,283,1344,11,13,94,a,0.043632788868723536,0.5801116838487973,,,294,1357
290,290,5,1,25,1,3,3,302,1339,66,23,94,trigger,0.05066545674531155,0.5801116838487973,,,368,1362
291,291,5,1,25,1,3,4,374,1339,61,18,96,frame,0.06117664851784634,0.5790378006872853,,,435,1357
292,292,5,1,25,1,3,5,441,1339,28,18,96,for,0.06881427707199032,0.5790378006872853,,,469,1357
293,293,5,1,25,1,3,6,476,1339,132,18,96,transmission,0.08197217180883243,0.5790378006872853,,,608,1357
294,294,5,1,25,1,3,7,616,1339,45,18,96,from,0.09656684815486993,0.5790378006872853,,,661,1357
295,295,5,1,25,1,3,8,670,1344,24,13,95,an,0.10314579552329099,0.5801116838487973,,,694,1357
296,296,5,1,25,1,3,9,702,1340,105,22,95,apparatus,0.11411070780399274,0.5803264604810997,,,807,1362
297,297,4,1,25,1,4,0,225,1372,582,23,-1,,0.0780399274047187,0.594286941580756,,,807,1395
298,298,5,1,25,1,4,1,225,1372,54,23,96,(110),0.038112522686025406,0.594286941580756,,,279,1395
299,299,5,1,25,1,4,2,288,1373,19,18,96,to,0.04499395039322444,0.5936426116838488,,,307,1391
300,300,5,1,25,1,4,3,318,1377,11,14,96,a,0.048926194797338174,0.5945017182130584,,,329,1391
301,301,5,1,25,1,4,4,337,1372,86,19,96,wireless,0.05747126436781609,0.5934278350515464,,,423,1391
302,302,5,1,25,1,4,5,433,1372,67,19,96,device,0.0705535390199637,0.5934278350515464,,,500,1391
303,303,5,1,25,1,4,6,511,1372,59,23,96,"(120),",0.08174531155474894,0.594286941580756,,,570,1395
304,304,5,1,25,1,4,7,581,1372,127,23,96,"transmitting,",0.09747428917120388,0.594286941580756,,,708,1395
305,305,5,1,25,1,4,8,719,1372,46,19,96,from,0.11222020568663037,0.5934278350515464,,,765,1391
306,306,5,1,25,1,4,9,775,1372,32,19,96,the,0.11963097398669087,0.5934278350515464,,,807,1391
307,307,4,1,25,1,5,0,225,1405,583,23,-1,,0.07811554748941318,0.6084621993127147,,,808,1428
308,308,5,1,25,1,5,1,225,1406,105,22,96,apparatus,0.04196914700544464,0.6086769759450171,,,330,1428
309,309,5,1,25,1,5,2,337,1405,53,23,96,"(110),",0.05497580157289776,0.6084621993127147,,,390,1428
310,310,5,1,25,1,5,3,394,1406,29,21,96,to,0.0617816091954023,0.6084621993127147,,,423,1427
311,311,5,1,25,1,5,4,429,1405,32,18,96,the,0.06730187537810042,0.6073883161512027,,,461,1423
312,312,5,1,25,1,5,5,468,1405,85,18,96,wireless,0.07720810647307925,0.6073883161512027,,,553,1423
313,313,5,1,25,1,5,6,560,1405,67,18,96,device,0.0897610405323654,0.6073883161512027,,,627,1423
314,314,5,1,25,1,5,7,635,1405,59,23,96,"(120),",0.10049909255898366,0.6084621993127147,,,694,1428
315,315,5,1,25,1,5,8,702,1405,32,18,96,the,0.10859044162129462,0.6073883161512027,,,734,1423
316,316,5,1,25,1,5,9,741,1405,67,23,96,trigger,0.11713551119177254,0.6084621993127147,,,808,1428
317,317,2,1,26,0,0,0,271,1492,565,300,-1,,0.08371143375680581,0.7053264604810997,,,836,1792
318,318,3,1,26,1,0,0,271,1492,565,300,-1,,0.08371143375680581,0.7053264604810997,,,836,1792
319,319,4,1,26,1,1,0,297,1492,121,37,-1,,0.054068360556563826,0.648840206185567,,,418,1529
320,320,5,1,26,1,1,1,297,1492,56,22,96,1100,0.04915305505142166,0.645618556701031,,,353,1514
321,321,5,1,26,1,1,2,366,1496,52,33,84,‚Ñ¢,0.05928614640048397,0.6496993127147767,,,418,1529
322,322,4,1,26,1,2,0,452,1576,384,22,-1,,0.09739866908650938,0.6817010309278351,,,836,1598
323,323,5,1,26,1,2,1,452,1576,53,21,96,1101,0.07236842105263158,0.6814862542955327,,,505,1597
324,324,5,1,26,1,2,2,641,1576,71,22,89,1102a,0.10231397459165155,0.6817010309278351,,,712,1598
325,325,5,1,26,1,2,3,782,1576,54,21,96,1103,0.12235329703569268,0.6814862542955327,,,836,1597
326,326,4,1,26,1,3,0,653,1672,34,19,-1,,0.1013309134906231,0.7222938144329897,,,687,1691
327,327,5,1,26,1,3,1,653,1672,34,19,95,BU,0.1013309134906231,0.7222938144329897,,,687,1691
328,328,4,1,26,1,4,0,630,1704,82,23,-1,,0.1014821536600121,0.7368986254295533,,,712,1727
329,329,5,1,26,1,4,1,630,1704,82,23,96,Request,0.1014821536600121,0.7368986254295533,,,712,1727
330,330,4,1,26,1,5,0,271,1730,451,24,-1,,0.0750907441016334,0.7482817869415808,,,722,1754
331,331,5,1,26,1,5,1,271,1730,110,23,94,Channels,0.049304295220810646,0.7480670103092784,,,381,1753
332,332,5,1,26,1,5,2,619,1734,49,20,96,from,0.09732304900181488,0.7491408934707904,,,668,1754
333,333,5,1,26,1,5,3,675,1734,47,20,96,STA,0.10564125831820932,0.7491408934707904,,,722,1754
334,334,4,1,26,1,6,0,315,1768,380,24,-1,,0.07637628554143981,0.7646048109965635,,,695,1792
335,335,5,1,26,1,6,1,315,1776,24,16,96,or,0.04945553539019964,0.7663230240549829,,,339,1792
336,336,5,1,26,1,6,2,649,1768,46,18,91,120a,0.10163339382940109,0.7633161512027491,,,695,1786
337,337,2,1,27,0,0,0,279,1807,95,23,-1,,0.049379915305505145,0.7811426116838488,,,374,1830
338,338,3,1,27,1,0,0,279,1807,95,23,-1,,0.049379915305505145,0.7811426116838488,,,374,1830
339,339,4,1,27,1,1,0,279,1807,95,23,-1,,0.049379915305505145,0.7811426116838488,,,374,1830
340,340,5,1,27,1,1,1,279,1807,95,23,95,Streams,0.049379915305505145,0.7811426116838488,,,374,1830
341,341,2,1,28,0,0,0,316,1198,935,21,-1,,0.11849667271627344,0.5191151202749141,,,1251,1219
342,342,3,1,28,1,0,0,316,1198,935,21,-1,,0.11849667271627344,0.5191151202749141,,,1251,1219
343,343,4,1,28,1,1,0,316,1198,935,21,-1,,0.11849667271627344,0.5191151202749141,,,1251,1219
344,344,5,1,28,1,1,1,316,1198,112,21,96,METHODS,0.056261343012704176,0.5191151202749141,title_line_1,METHODS,428,1219
345,345,5,1,28,1,1,2,431,1198,80,21,96,AND,0.07123411978221415,0.5191151202749141,title_line_1,AND,511,1219
346,346,5,1,28,1,1,3,519,1198,165,21,95,APPARATUS,0.09097096188747732,0.5191151202749141,title_line_1,APPARATUS,684,1219
347,347,5,1,28,1,1,4,694,1198,54,21,96,FOR,0.10904416212946158,0.5191151202749141,title_line_1,FOR,748,1219
348,348,5,1,28,1,1,5,758,1198,147,21,96,ENHANCED,0.12575620084694494,0.5191151202749141,title_line_1,ENHANCED,905,1219
349,349,5,1,28,1,1,6,915,1198,98,21,95,POWER,0.14579552329098608,0.5191151202749141,title_line_1,POWER,1013,1219
350,350,5,1,28,1,1,7,1022,1198,70,21,96,SAVE,0.15986085904416214,0.5191151202749141,title_line_1,SAVE,1092,1219
351,351,5,1,28,1,1,8,1103,1198,148,21,96,PROTOCOL,0.1780096793708409,0.5191151202749141,title_line_1,PROTOCOL,1251,1219
352,352,2,1,29,0,0,0,883,1274,584,154,-1,,0.17770719903206292,0.5803264604810997,,,1467,1428
353,353,3,1,29,1,0,0,883,1274,584,154,-1,,0.17770719903206292,0.5803264604810997,,,1467,1428
354,354,4,1,29,1,1,0,883,1274,584,23,-1,,0.17770719903206292,0.5521907216494846,,,1467,1297
355,355,5,1,29,1,1,1,883,1274,46,18,96,frame,0.13702359346642468,0.5511168384879725,,,929,1292
356,356,5,1,29,1,1,2,931,1274,47,18,96,for,0.1443587416817907,0.5511168384879725,,,978,1292
357,357,5,1,29,1,1,3,984,1274,97,23,95,triggering,0.15615547489413187,0.5521907216494846,,,1081,1297
358,358,5,1,29,1,1,4,1089,1274,32,18,96,the,0.16712038717483363,0.5511168384879725,,,1121,1292
359,359,5,1,29,1,1,5,1128,1274,85,18,96,wireless,0.17702661826981247,0.5511168384879725,,,1213,1292
360,360,5,1,29,1,1,6,1221,1274,67,18,96,device,0.1897307924984876,0.5511168384879725,,,1288,1292
361,361,5,1,29,1,1,7,1296,1274,46,23,96,(120),0.19948578342407744,0.5521907216494846,,,1342,1297
362,362,5,1,29,1,1,8,1344,1274,31,23,96,to,0.2056110102843315,0.5521907216494846,,,1375,1297
363,363,5,1,29,1,1,9,1383,1274,84,18,95,transmit,0.21551724137931033,0.5511168384879725,,,1467,1292
364,364,4,1,29,1,2,0,884,1306,581,23,-1,,0.17763157894736842,0.5659364261168385,,,1465,1329
365,365,5,1,29,1,2,1,884,1311,12,14,95,a,0.13460375075620085,0.5661512027491409,,,896,1325
366,366,5,1,29,1,2,2,904,1306,84,19,95,buffered,0.14307320024198428,0.5650773195876289,,,988,1325
367,367,5,1,29,1,2,3,997,1306,41,22,96,"unit,",0.15388687235329704,0.5657216494845361,,,1038,1328
368,368,5,1,29,1,2,4,1047,1306,36,22,96,"BU,",0.16107078039927405,0.5657216494845361,,,1083,1328
369,369,5,1,29,1,2,5,1092,1307,78,22,96,request,0.17105263157894737,0.5661512027491409,,,1170,1329
370,370,5,1,29,1,2,6,1175,1306,67,22,96,frame;,0.18277374470659408,0.5657216494845361,,,1242,1328
371,371,5,1,29,1,2,7,1250,1306,37,19,96,and,0.19184815486993345,0.5650773195876289,,,1287,1325
372,372,5,1,29,1,2,8,1295,1306,93,23,96,receiving,0.2028886872353297,0.5659364261168385,,,1388,1329
373,373,5,1,29,1,2,9,1395,1306,33,19,96,the,0.21347549909255897,0.5650773195876289,,,1428,1325
374,374,5,1,29,1,2,10,1435,1306,30,19,96,BU,0.21929824561403508,0.5650773195876289,,,1465,1325
375,375,4,1,29,1,3,0,885,1339,581,23,-1,,0.17778281911675742,0.5801116838487973,,,1466,1362
376,376,5,1,29,1,3,1,885,1344,70,18,95,request,0.13914095583787053,0.5811855670103093,,,955,1362
377,377,5,1,29,1,3,2,957,1339,77,22,95,"frame,",0.15055958862673927,0.5798969072164949,,,1034,1361
378,378,5,1,29,1,3,3,1043,1340,19,17,96,at,0.15918027828191167,0.5792525773195877,,,1062,1357
379,379,5,1,29,1,3,4,1069,1339,32,18,96,the,0.16409558378705383,0.5790378006872853,,,1101,1357
380,380,5,1,29,1,3,5,1108,1340,105,22,96,apparatus,0.17551421657592256,0.5803264604810997,,,1213,1362
381,381,5,1,29,1,3,6,1221,1339,59,23,96,"(110),",0.18912583182093165,0.5801116838487973,,,1280,1362
382,382,5,1,29,1,3,7,1288,1339,46,18,96,from,0.19827586206896552,0.5790378006872853,,,1334,1357
383,383,5,1,29,1,3,8,1342,1339,32,18,96,the,0.20538415003024804,0.5790378006872853,,,1374,1357
384,384,5,1,29,1,3,9,1381,1339,85,18,91,wireless,0.21529038112522686,0.5790378006872853,,,1466,1357
385,385,4,1,29,1,4,0,884,1372,582,23,-1,,0.17770719903206292,0.594286941580756,,,1466,1395
386,386,5,1,29,1,4,1,884,1372,67,19,96,device,0.13876285541439806,0.5934278350515464,,,951,1391
387,387,5,1,29,1,4,2,961,1372,59,23,96,"(120),",0.14980338777979432,0.594286941580756,,,1020,1395
388,388,5,1,29,1,4,3,1029,1372,32,19,96,the,0.15804597701149425,0.5934278350515464,,,1061,1391
389,389,5,1,29,1,4,4,1070,1372,30,19,96,BU,0.16409558378705383,0.5934278350515464,,,1100,1391
390,390,5,1,29,1,4,5,1110,1373,79,22,96,request,0.17385057471264367,0.5945017182130584,,,1189,1395
391,391,5,1,29,1,4,6,1195,1372,47,19,96,frame,0.18428614640048396,0.5934278350515464,,,1242,1391
392,392,5,1,29,1,4,7,1244,1372,112,23,96,including,0.19661222020568664,0.594286941580756,,,1356,1395
393,393,5,1,29,1,4,8,1366,1372,100,19,96,additional,0.21415607985480944,0.5934278350515464,,,1466,1391
394,394,4,1,29,1,5,0,885,1405,446,23,-1,,0.1675741076830006,0.6084621993127147,,,1331,1428
395,395,5,1,29,1,5,1,885,1405,115,18,96,information,0.1425438596491228,0.6073883161512027,,,1000,1423
396,396,5,1,29,1,5,2,1008,1405,46,18,95,from,0.1559286146400484,0.6073883161512027,,,1054,1423
397,397,5,1,29,1,5,3,1063,1405,32,18,96,the,0.1631881427707199,0.6073883161512027,,,1095,1423
398,398,5,1,29,1,5,4,1102,1405,85,18,96,wireless,0.17309437386569873,0.6073883161512027,,,1187,1423
399,399,5,1,29,1,5,5,1196,1405,67,18,96,device,0.18594978826376285,0.6073883161512027,,,1263,1423
400,400,5,1,29,1,5,6,1272,1405,59,23,94,(120).,0.1968390804597701,0.6084621993127147,,,1331,1428
401,401,2,1,30,0,0,0,917,1576,386,23,-1,,0.16787658802177857,0.6819158075601375,,,1303,1599
402,402,3,1,30,1,0,0,917,1576,386,23,-1,,0.16787658802177857,0.6819158075601375,,,1303,1599
403,403,4,1,30,1,1,0,917,1576,386,23,-1,,0.16787658802177857,0.6819158075601375,,,1303,1599
404,404,5,1,30,1,1,1,917,1576,71,22,92,1104a,0.1440562613430127,0.6817010309278351,,,988,1598
405,405,5,1,30,1,1,2,1097,1578,55,21,96,1105,0.17006957047791893,0.6823453608247423,,,1152,1599
406,406,5,1,30,1,1,3,1233,1576,70,22,92,1106a,0.19177253478523895,0.6817010309278351,,,1303,1598
407,407,2,1,31,0,0,0,895,1672,103,114,-1,,0.14314882032667878,0.7426975945017182,,,998,1786
408,408,3,1,31,1,0,0,895,1672,103,114,-1,,0.14314882032667878,0.7426975945017182,,,998,1786
409,409,4,1,31,1,1,0,929,1672,35,19,-1,,0.14314882032667878,0.7222938144329897,,,964,1691
410,410,5,1,31,1,1,1,929,1672,35,19,96,BU,0.14314882032667878,0.7222938144329897,,,964,1691
411,411,4,1,31,1,2,0,906,1704,81,23,-1,,0.14314882032667878,0.7368986254295533,,,987,1727
412,412,5,1,31,1,2,1,906,1704,81,23,96,Request,0.14314882032667878,0.7368986254295533,,,987,1727
413,413,4,1,31,1,3,0,895,1734,103,20,-1,,0.14314882032667878,0.7491408934707904,,,998,1754
414,414,5,1,31,1,3,1,895,1734,49,20,95,from,0.13906533575317603,0.7491408934707904,,,944,1754
415,415,5,1,31,1,3,2,952,1734,46,20,96,STA,0.14745916515426497,0.7491408934707904,,,998,1754
416,416,4,1,31,1,4,0,925,1768,45,18,-1,,0.14330006049606775,0.7633161512027491,,,970,1786
417,417,5,1,31,1,4,1,925,1768,45,18,27,120¬¢,0.14330006049606775,0.7633161512027491,,,970,1786
418,418,2,1,32,0,0,0,876,1819,122,114,-1,,0.14171203871748336,0.8058419243986255,,,998,1933
419,419,3,1,32,1,0,0,876,1819,122,114,-1,,0.14171203871748336,0.8058419243986255,,,998,1933
420,420,4,1,32,1,1,0,929,1819,35,19,-1,,0.14314882032667878,0.7854381443298969,,,964,1838
421,421,5,1,32,1,1,1,929,1819,35,19,96,BU,0.14314882032667878,0.7854381443298969,,,964,1838
422,422,4,1,32,1,2,0,906,1850,82,24,-1,,0.14322444041137325,0.7998281786941581,,,988,1874
423,423,5,1,32,1,2,1,906,1850,82,24,96,Request,0.14322444041137325,0.7998281786941581,,,988,1874
424,424,4,1,32,1,3,0,876,1881,122,19,-1,,0.14171203871748336,0.8120704467353952,,,998,1900
425,425,5,1,32,1,3,1,876,1893,4,5,34,|,0.13278886872353296,0.8142182130584192,,,880,1898
426,426,5,1,32,1,3,2,895,1881,49,19,94,from,0.13906533575317603,0.8120704467353952,,,944,1900
427,427,5,1,32,1,3,3,952,1881,46,19,96,STA,0.14745916515426497,0.8120704467353952,,,998,1900
428,428,4,1,32,1,4,0,925,1913,47,20,-1,,0.14345130066545675,0.8260309278350515,,,972,1933
429,429,5,1,32,1,4,1,925,1913,47,20,95,120d,0.14345130066545675,0.8260309278350515,,,972,1933
430,430,2,1,33,0,0,0,383,1608,1035,469,-1,,0.13619177253478523,0.7914518900343642,,,1418,2077
431,431,3,1,33,1,0,0,383,1608,1035,469,-1,,0.13619177253478523,0.7914518900343642,,,1418,2077
432,432,4,1,33,1,1,0,383,1608,1035,469,-1,,0.13619177253478523,0.7914518900343642,,,1418,2077
433,433,5,1,33,1,1,1,383,1608,1035,469,95,    ,0.13619177253478523,0.7914518900343642,,,1418,2077
434,434,2,1,34,0,0,0,806,1987,180,184,-1,,0.1355111917725348,0.8930412371134021,,,986,2171
435,435,3,1,34,1,0,0,806,1957,180,214,-1,,0.1355111917725348,0.8865979381443299,,,986,2171
436,436,4,1,34,1,1,0,916,1987,70,23,-1,,0.14382940108892922,0.8584621993127147,,,986,2010
437,437,5,1,34,1,1,1,876,1957,110,53,27,11048,0.14080459770114942,0.8520189003436426,,,986,2010
438,438,4,1,34,1,2,0,846,1997,54,76,-1,,0.13203266787658802,0.8741408934707904,,,900,2073
439,439,5,1,34,1,2,1,846,1997,54,76,35,1h,0.13203266787658802,0.8741408934707904,,,900,2073
440,440,4,1,34,1,3,0,806,2137,130,34,-1,,0.13173018753781005,0.9252577319587629,,,936,2171
441,441,5,1,34,1,3,1,806,2137,78,34,95,FIG.,0.1277979431336963,0.9252577319587629,,,884,2171
442,442,5,1,34,1,3,2,902,2137,34,33,93,11,0.13898971566848156,0.9250429553264605,,,936,2170
443,443,2,1,35,0,0,0,716,2270,259,16,-1,,0.1278735632183908,0.9785223367697594,,,975,2286
444,444,3,1,35,1,0,0,716,2270,259,16,-1,,0.1278735632183908,0.9785223367697594,,,975,2286
445,445,4,1,35,1,1,0,716,2270,259,16,-1,,0.1278735632183908,0.9785223367697594,,,975,2286
446,446,5,1,35,1,1,1,716,2270,49,12,96,Printed,0.11199334543254688,0.9776632302405498,,,765,2282
447,447,5,1,35,1,1,2,771,2270,15,16,96,by,0.1177404718693285,0.9785223367697594,,,786,2286
448,448,5,1,35,1,1,3,792,2270,45,14,96,"Jouve,",0.12318511796733213,0.9780927835051546,,,837,2284
449,449,5,1,35,1,1,4,843,2270,41,12,96,75001,0.13059588626739263,0.9776632302405498,,,884,2282
450,450,5,1,35,1,1,5,893,2270,46,12,96,PARIS,0.1385359951603146,0.9776632302405498,,,939,2282
451,451,5,1,35,1,1,6,945,2270,30,16,95,(FR),0.14519056261343014,0.9785223367697594,,,975,2286
