,Unnamed: 0,level,page_num,block_num,par_num,line_num,word_num,left,top,width,height,conf,text,x,y,label,target,right,bottom
0,0,1,1,0,0,0,0,0,0,1653,2328,-1,,0.125,0.5,,,1653,2328
1,1,2,1,1,0,0,0,144,1905,31,328,-1,,0.02412280701754386,0.8887457044673539,,,175,2233
2,2,3,1,1,1,0,0,144,1905,31,328,-1,,0.02412280701754386,0.8887457044673539,,,175,2233
3,3,4,1,1,1,1,0,144,1905,31,328,-1,,0.02412280701754386,0.8887457044673539,,,175,2233
4,4,5,1,1,1,1,1,144,2179,30,54,96,EP,0.024047186932849365,0.947594501718213,,,174,2233
5,5,5,1,1,1,1,2,144,2142,31,21,96,3,0.02412280701754386,0.9246134020618557,,,175,2163
6,6,5,1,1,1,1,3,144,2055,31,71,95,382,0.02412280701754386,0.8979810996563574,,,175,2126
7,7,5,1,1,1,1,4,144,1969,31,70,89,352,0.02412280701754386,0.8608247422680413,,,175,2039
8,8,5,1,1,1,1,5,144,1905,30,50,89,A1,0.024047186932849365,0.8290378006872853,,,174,1955
9,9,2,1,2,0,0,0,429,153,88,28,-1,,0.07153660012099214,0.07173539518900343,,,517,181
10,10,3,1,2,1,0,0,429,153,88,28,-1,,0.07153660012099214,0.07173539518900343,,,517,181
11,11,4,1,2,1,1,0,429,153,88,16,-1,,0.07153660012099214,0.06915807560137457,,,517,169
12,12,5,1,2,1,1,1,429,153,88,16,84,Europaisches,0.07153660012099214,0.06915807560137457,,,517,169
13,13,4,1,2,1,2,0,429,170,71,11,-1,,0.07025105868118572,0.07538659793814433,,,500,181
14,14,5,1,2,1,2,1,429,170,71,11,96,Patentamt,0.07025105868118572,0.07538659793814433,,,500,181
15,15,2,1,3,0,0,0,429,196,89,28,-1,,0.07161222020568662,0.09020618556701031,,,518,224
16,16,3,1,3,1,0,0,429,196,89,28,-1,,0.07161222020568662,0.09020618556701031,,,518,224
17,17,4,1,3,1,1,0,429,196,63,15,-1,,0.06964609800362977,0.08741408934707903,,,492,211
18,18,5,1,3,1,1,1,429,196,63,15,95,European,0.06964609800362977,0.08741408934707903,,,492,211
19,19,4,1,3,1,2,0,429,212,89,12,-1,,0.07161222020568662,0.0936426116838488,,,518,224
20,20,5,1,3,1,2,1,429,213,43,11,96,Patent,0.06813369630973987,0.0938573883161512,,,472,224
21,21,5,1,3,1,2,2,478,212,40,12,90,Office,0.07531760435571688,0.0936426116838488,,,518,224
22,22,2,1,4,0,0,0,429,239,109,28,-1,,0.07312462189957653,0.10867697594501718,,,538,267
23,23,3,1,4,1,0,0,429,239,109,28,-1,,0.07312462189957653,0.10867697594501718,,,538,267
24,24,4,1,4,1,1,0,429,239,109,15,-1,,0.07312462189957653,0.10588487972508591,,,538,254
25,25,5,1,4,1,1,1,429,239,40,12,93,Office,0.06790683605565638,0.1052405498281787,,,469,251
26,26,5,1,4,1,1,2,474,239,64,15,93,europ√©en,0.0765275257108288,0.10588487972508591,,,538,254
27,27,4,1,4,1,2,0,429,255,77,12,-1,,0.0707047791893527,0.11211340206185567,,,506,267
28,28,5,1,4,1,2,1,429,255,22,12,95,des,0.06654567453115548,0.11211340206185567,,,451,267
29,29,5,1,4,1,2,2,457,255,49,12,82,brevets,0.07282214156079855,0.11211340206185567,,,506,267
30,30,2,1,5,0,0,0,281,136,274,150,-1,,0.06321839080459771,0.09063573883161512,,,555,286
31,31,3,1,5,1,0,0,281,136,274,150,-1,,0.06321839080459771,0.09063573883161512,,,555,286
32,32,4,1,5,1,1,0,281,136,274,150,-1,,0.06321839080459771,0.09063573883161512,,,555,286
33,33,5,1,5,1,1,1,281,136,274,150,95, ,0.06321839080459771,0.09063573883161512,,,555,286
34,34,2,1,6,0,0,0,225,324,45,26,-1,,0.037431941923774956,0.14475945017182132,,,270,350
35,35,3,1,6,1,0,0,225,324,45,26,-1,,0.037431941923774956,0.14475945017182132,,,270,350
36,36,4,1,6,1,1,0,225,324,45,26,-1,,0.037431941923774956,0.14475945017182132,,,270,350
37,37,5,1,6,1,1,1,225,324,45,26,96,(12),0.037431941923774956,0.14475945017182132,,,270,350
38,38,2,1,7,0,0,0,225,395,415,53,-1,,0.06541137326073805,0.18105670103092783,,,640,448
39,39,3,1,7,1,0,0,225,395,415,53,-1,,0.06541137326073805,0.18105670103092783,,,640,448
40,40,4,1,7,1,1,0,225,395,282,26,-1,,0.05535390199637023,0.17525773195876287,,,507,421
41,41,5,1,7,1,1,1,225,395,45,26,92,(43),0.037431941923774956,0.17525773195876287,,,270,421
42,42,5,1,7,1,1,2,285,397,222,23,90,Verdffentlichungstag:,0.05989110707803993,0.17547250859106528,,,507,420
43,43,4,1,7,1,2,0,286,430,354,18,-1,,0.07002419842710224,0.18857388316151202,,,640,448
44,44,5,1,7,1,2,1,286,430,117,18,92,03.10.2018,0.052102238354506954,0.18857388316151202,publication_date,03.10.2018,403,448
45,45,5,1,7,1,2,2,426,430,121,18,90,Patentblatt,0.0735783424077435,0.18857388316151202,,,547,448
46,46,5,1,7,1,2,3,555,430,85,18,96,2018/40,0.09036600120992136,0.18857388316151202,,,640,448
47,47,2,1,8,0,0,0,225,493,377,26,-1,,0.06253781004234725,0.21735395189003437,,,602,519
48,48,3,1,8,1,0,0,225,493,377,26,-1,,0.06253781004234725,0.21735395189003437,,,602,519
49,49,4,1,8,1,1,0,225,493,377,26,-1,,0.06253781004234725,0.21735395189003437,,,602,519
50,50,5,1,8,1,1,1,225,493,45,26,91,(21),0.037431941923774956,0.21735395189003437,,,270,519
51,51,5,1,8,1,1,2,285,495,186,18,91,Anmeldenummer:,0.05716878402903811,0.21649484536082475,,,471,513
52,52,5,1,8,1,1,3,481,495,121,18,92,18163403.1,0.08189655172413793,0.21649484536082475,application_number,18163403.1,602,513
53,53,2,1,9,0,0,0,225,559,319,26,-1,,0.05815184513006655,0.24570446735395188,,,544,585
54,54,3,1,9,1,0,0,225,559,319,26,-1,,0.05815184513006655,0.24570446735395188,,,544,585
55,55,4,1,9,1,1,0,225,559,319,26,-1,,0.05815184513006655,0.24570446735395188,,,544,585
56,56,5,1,9,1,1,1,225,559,45,26,93,(22),0.037431941923774956,0.24570446735395188,,,270,585
57,57,5,1,9,1,1,2,285,561,131,23,92,Anmeldetag:,0.0530096793708409,0.24591924398625428,,,416,584
58,58,5,1,9,1,1,3,426,561,118,18,96,22.03.2018,0.07335148215366001,0.24484536082474226,filing_date,22.03.2018,544,579
59,59,2,1,10,0,0,0,1002,245,458,38,-1,,0.18617664851784635,0.1134020618556701,,,1460,283
60,60,3,1,10,1,0,0,1002,245,458,38,-1,,0.18617664851784635,0.1134020618556701,,,1460,283
61,61,4,1,10,1,1,0,1002,245,458,38,-1,,0.18617664851784635,0.1134020618556701,,,1460,283
62,62,5,1,10,1,1,1,1002,256,44,27,74,(11),0.15486993345432548,0.11576460481099657,,,1046,283
63,63,5,1,10,1,1,2,1146,245,52,32,96,EP,0.17725347852389595,0.11211340206185567,number,EP,1198,277
64,64,5,1,10,1,1,3,1214,245,20,32,96,3,0.1851179673321234,0.11211340206185567,number,3,1234,277
65,65,5,1,10,1,1,4,1249,245,68,32,95,382,0.1940411373260738,0.11211340206185567,number,382,1317,277
66,66,5,1,10,1,1,5,1332,245,67,32,91,352,0.20651845130066546,0.11211340206185567,number,352,1399,277
67,67,5,1,10,1,1,6,1413,245,47,32,88,A1,0.21725650332728372,0.11211340206185567,number,A1,1460,277
68,68,2,1,11,0,0,0,559,314,573,31,-1,,0.1278735632183908,0.14153780068728522,,,1132,345
69,69,3,1,11,1,0,0,559,314,573,31,-1,,0.1278735632183908,0.14153780068728522,,,1132,345
70,70,4,1,11,1,1,0,559,314,573,31,-1,,0.1278735632183908,0.14153780068728522,,,1132,345
71,71,5,1,11,1,1,1,559,314,230,31,92,EUROPAISCHE,0.10193587416817906,0.14153780068728522,,,789,345
72,72,5,1,11,1,1,2,802,319,330,26,91,PATENTANMELDUNG,0.14624924379915305,0.14261168384879724,,,1132,345
73,73,2,1,12,0,0,0,862,395,244,51,-1,,0.14882032667876588,0.18062714776632302,,,1106,446
74,74,3,1,12,1,0,0,862,395,244,51,-1,,0.14882032667876588,0.18062714776632302,,,1106,446
75,75,4,1,12,1,1,0,862,395,126,26,-1,,0.13989715668481548,0.17525773195876287,,,988,421
76,76,5,1,12,1,1,1,862,395,44,26,67,(51),0.1336963097398669,0.17525773195876287,,,906,421
77,77,5,1,12,1,1,2,923,397,25,18,93,Int,0.1414851784633999,0.17439862542955326,,,948,415
78,78,5,1,12,1,1,3,955,397,33,18,65,Cl:,0.14692982456140352,0.17439862542955326,,,988,415
79,79,4,1,12,1,2,0,923,425,183,21,-1,,0.15343315184513007,0.1870704467353952,,,1106,446
80,80,5,1,12,1,2,1,923,428,60,18,51,GO1F,0.1441318814277072,0.1877147766323024,class_international,G01F,983,446
81,81,5,1,12,1,2,2,989,428,45,18,84,3/10,0.1529794313369631,0.1877147766323024,class_international,3/10,1034,446
82,82,5,1,12,1,2,3,1040,425,66,16,69,(2005.01),0.16228070175438597,0.18599656357388317,,,1106,441
83,83,2,1,13,0,0,0,224,613,1243,4,-1,,0.1278735632183908,0.26417525773195877,,,1467,617
84,84,3,1,13,1,0,0,224,613,1243,4,-1,,0.1278735632183908,0.26417525773195877,,,1467,617
85,85,4,1,13,1,1,0,224,613,1243,4,-1,,0.1278735632183908,0.26417525773195877,,,1467,617
86,86,5,1,13,1,1,1,224,613,1243,4,95, ,0.1278735632183908,0.26417525773195877,,,1467,617
87,87,2,1,14,0,0,0,225,631,599,250,-1,,0.07932546884452511,0.3247422680412371,,,824,881
88,88,3,1,14,1,0,0,225,631,599,250,-1,,0.07932546884452511,0.3247422680412371,,,824,881
89,89,4,1,14,1,1,0,225,631,342,27,-1,,0.05989110707803993,0.2768470790378007,,,567,658
90,90,5,1,14,1,1,1,225,631,45,27,93,(84),0.037431941923774956,0.2768470790378007,,,270,658
91,91,5,1,14,1,1,2,286,633,100,19,93,Benannte,0.050816696914700546,0.2759879725085911,,,386,652
92,92,5,1,14,1,1,3,393,633,174,23,92,Vertragsstaaten:,0.07259528130671507,0.2768470790378007,,,567,656
93,93,4,1,14,1,2,0,285,666,537,18,-1,,0.08371143375680581,0.28994845360824745,,,822,684
94,94,5,1,14,1,2,1,285,666,31,18,94,AL,0.04544767090139141,0.28994845360824745,,,316,684
95,95,5,1,14,1,2,2,323,666,31,18,94,AT,0.05119479733817302,0.28994845360824745,,,354,684
96,96,5,1,14,1,2,3,363,666,30,18,95,BE,0.05716878402903811,0.28994845360824745,,,393,684
97,97,5,1,14,1,2,4,403,666,32,18,95,BG,0.0633696309739867,0.28994845360824745,,,435,684
98,98,5,1,14,1,2,5,445,666,31,18,95,CH,0.06964609800362977,0.28994845360824745,,,476,684
99,99,5,1,14,1,2,6,486,666,32,18,96,CY,0.07592256503327284,0.28994845360824745,,,518,684
100,100,5,1,14,1,2,7,526,666,30,18,96,CZ,0.08182093163944344,0.28994845360824745,,,556,684
101,101,5,1,14,1,2,8,565,666,30,18,96,DE,0.08771929824561403,0.28994845360824745,,,595,684
102,102,5,1,14,1,2,9,605,666,32,18,93,DK,0.09392014519056262,0.28994845360824745,,,637,684
103,103,5,1,14,1,2,10,646,666,29,18,93,EE,0.0998941318814277,0.28994845360824745,,,675,684
104,104,5,1,14,1,2,11,684,666,29,18,93,ES,0.10564125831820932,0.28994845360824745,,,713,684
105,105,5,1,14,1,2,12,723,666,99,18,86,FIFRGB,0.11683303085299455,0.28994845360824745,,,822,684
106,106,4,1,14,1,3,0,285,699,539,18,-1,,0.0838626739261948,0.30412371134020616,,,824,717
107,107,5,1,14,1,3,1,285,699,35,18,94,GR,0.04575015124016939,0.30412371134020616,,,320,717
108,108,5,1,14,1,3,2,328,699,32,18,94,HR,0.05202661826981246,0.30412371134020616,,,360,717
109,109,5,1,14,1,3,3,368,699,14,18,41,HU,0.05671506352087114,0.30412371134020616,,,382,717
110,110,5,1,14,1,3,4,385,699,43,18,41,IE,0.06147912885662432,0.30412371134020616,,,428,717
111,111,5,1,14,1,3,5,436,699,20,18,47,IS,0.06745311554748941,0.30412371134020616,,,456,717
112,112,5,1,14,1,3,6,464,699,20,18,47,IT,0.07168784029038112,0.30412371134020616,,,484,717
113,113,5,1,14,1,3,7,492,699,54,18,83,LILT,0.07849364791288566,0.30412371134020616,,,546,717
114,114,5,1,14,1,3,8,554,699,28,18,75,LU,0.08590441621294616,0.30412371134020616,,,582,717
115,115,5,1,14,1,3,9,591,699,28,18,75,LV,0.09150030248033877,0.30412371134020616,,,619,717
116,116,5,1,14,1,3,10,627,699,35,18,95,MC,0.09747428917120388,0.30412371134020616,,,662,717
117,117,5,1,14,1,3,11,670,699,35,18,94,MK,0.10397761645493044,0.30412371134020616,,,705,717
118,118,5,1,14,1,3,12,713,699,32,18,93,MT,0.11025408348457351,0.30412371134020616,,,745,717
119,119,5,1,14,1,3,13,753,699,29,18,20,NL,0.11607683000604961,0.30412371134020616,,,782,717
120,120,5,1,14,1,3,14,791,699,33,18,20,NO,0.1221264367816092,0.30412371134020616,,,824,717
121,121,4,1,14,1,4,0,286,732,336,18,-1,,0.06866303690260134,0.31829896907216493,,,622,750
122,122,5,1,14,1,4,1,286,732,28,18,95,PL,0.045372050816696916,0.31829896907216493,,,314,750
123,123,5,1,14,1,4,2,323,732,29,18,92,PT,0.05104355716878403,0.31829896907216493,,,352,750
124,124,5,1,14,1,4,3,360,732,58,18,92,RORS,0.058832425892317,0.31829896907216493,,,418,750
125,125,5,1,14,1,4,4,420,732,52,18,96,SE,0.06745311554748941,0.31829896907216493,,,472,750
126,126,5,1,14,1,4,5,480,732,20,18,91,SI,0.07410768300060495,0.31829896907216493,,,500,750
127,127,5,1,14,1,4,6,510,732,31,18,91,SK,0.0794767090139141,0.31829896907216493,,,541,750
128,128,5,1,14,1,4,7,550,732,72,18,91,SMTR,0.08862673926194797,0.31829896907216493,,,622,750
129,129,4,1,14,1,5,0,286,765,330,23,-1,,0.06820931639443437,0.3335481099656357,,,616,788
130,130,5,1,14,1,5,1,286,765,100,18,92,Benannte,0.050816696914700546,0.3324742268041237,,,386,783
131,131,5,1,14,1,5,2,395,765,221,23,91,Erstreckungsstaaten:,0.0764519056261343,0.3335481099656357,,,616,788
132,132,4,1,14,1,6,0,286,797,74,19,-1,,0.04885057471264368,0.34643470790378006,,,360,816
133,133,5,1,14,1,6,1,286,797,33,19,96,BA,0.04575015124016939,0.34643470790378006,,,319,816
134,134,5,1,14,1,6,2,327,797,33,19,96,ME,0.05195099818511797,0.34643470790378006,,,360,816
135,135,4,1,14,1,7,0,286,830,322,23,-1,,0.06760435571687841,0.36146907216494845,,,608,853
136,136,5,1,14,1,7,1,286,830,100,18,92,Benannte,0.050816696914700546,0.3603951890034364,,,386,848
137,137,5,1,14,1,7,2,393,830,215,23,92,Validierungsstaaten:,0.07569570477918935,0.36146907216494845,,,608,853
138,138,4,1,14,1,8,0,286,863,157,18,-1,,0.055127041742286755,0.3745704467353952,,,443,881
139,139,5,1,14,1,8,1,286,863,31,18,95,KH,0.0455989110707804,0.3745704467353952,,,317,881
140,140,5,1,14,1,8,2,327,863,35,18,96,MA,0.052102238354506954,0.3745704467353952,,,362,881
141,141,5,1,14,1,8,3,371,863,34,18,95,MD,0.05868118572292801,0.3745704467353952,,,405,881
142,142,5,1,14,1,8,4,413,863,30,18,95,TN,0.0647307924984876,0.3745704467353952,,,443,881
143,143,2,1,15,0,0,0,225,927,491,26,-1,,0.07115849969751967,0.40378006872852235,,,716,953
144,144,3,1,15,1,0,0,225,927,491,26,-1,,0.07115849969751967,0.40378006872852235,,,716,953
145,145,4,1,15,1,1,0,225,927,491,26,-1,,0.07115849969751967,0.40378006872852235,,,716,953
146,146,5,1,15,1,1,1,225,927,45,26,91,(30),0.037431941923774956,0.40378006872852235,,,270,953
147,147,5,1,15,1,1,2,286,929,86,18,64,Prioritat:,0.04975801572897762,0.4029209621993127,,,372,947
148,148,5,1,15,1,1,3,383,929,118,18,94,30.03.2017,0.06684815486993345,0.4029209621993127,priority_date_eu,30.03.2017,501,947
149,149,5,1,15,1,1,4,520,929,30,18,94,DE,0.0809134906231095,0.4029209621993127,,,550,947
150,150,5,1,15,1,1,5,559,929,157,18,96,102017106838,0.09641560798548095,0.4029209621993127,,,716,947
151,151,2,1,16,0,0,0,845,614,2,369,-1,,0.1279491833030853,0.3429982817869416,,,847,983
152,152,3,1,16,1,0,0,845,614,2,369,-1,,0.1279491833030853,0.3429982817869416,,,847,983
153,153,4,1,16,1,1,0,845,614,2,369,-1,,0.1279491833030853,0.3429982817869416,,,847,983
154,154,5,1,16,1,1,1,845,614,2,369,95, ,0.1279491833030853,0.3429982817869416,,,847,983
155,155,2,1,17,0,0,0,862,631,349,58,-1,,0.15676043557168784,0.28350515463917525,,,1211,689
156,156,3,1,17,1,0,0,862,631,349,58,-1,,0.15676043557168784,0.28350515463917525,,,1211,689
157,157,4,1,17,1,1,0,862,631,349,27,-1,,0.15676043557168784,0.2768470790378007,,,1211,658
158,158,5,1,17,1,1,1,862,631,44,27,93,(71),0.1336963097398669,0.2768470790378007,,,906,658
159,159,5,1,17,1,1,2,921,633,107,19,92,Anmelder:,0.14738354506957047,0.2759879725085911,,,1028,652
160,160,5,1,17,1,1,3,1038,633,57,19,93,Miele,0.16129764065335753,0.2759879725085911,applicant_line_1,Miele,1095,652
161,161,5,1,17,1,1,4,1104,633,15,19,93,&,0.16810344827586207,0.2759879725085911,applicant_line_1,&,1119,652
162,162,5,1,17,1,1,5,1128,633,41,19,96,Cie.,0.1736993345432547,0.2759879725085911,applicant_line_1,Cie.,1169,652
163,163,5,1,17,1,1,6,1179,633,32,19,96,KG,0.18073200241984272,0.2759879725085911,applicant_line_1,KG,1211,652
164,164,4,1,17,1,2,0,922,666,239,23,-1,,0.15751663641863278,0.29102233676975947,,,1161,689
165,165,5,1,17,1,2,1,922,666,64,18,93,33332,0.1442831215970962,0.28994845360824745,,,986,684
166,166,5,1,17,1,2,2,995,666,110,18,88,Giitersloh,0.1588021778584392,0.28994845360824745,,,1105,684
167,167,5,1,17,1,2,3,1114,666,47,23,96,(DE),0.1720356926799758,0.29102233676975947,,,1161,689
168,168,2,1,18,0,0,0,862,730,286,156,-1,,0.15199637023593465,0.3470790378006873,,,1148,886
169,169,3,1,18,1,0,0,862,730,286,156,-1,,0.15199637023593465,0.3470790378006873,,,1148,886
170,170,4,1,18,1,1,0,862,730,147,26,-1,,0.1414851784633999,0.31915807560137455,,,1009,756
171,171,5,1,18,1,1,1,862,730,44,26,85,(72),0.1336963097398669,0.31915807560137455,,,906,756
172,172,5,1,18,1,1,2,923,732,86,18,85,Erfinder:,0.14609800362976408,0.31829896907216493,,,1009,750
173,173,4,1,18,1,2,0,898,765,203,21,-1,,0.1511645493042952,0.3331185567010309,,,1101,786
174,174,5,1,18,1,2,1,898,770,7,8,71,¬´,0.13634301270417423,0.3324742268041237,,,905,778
175,175,5,1,18,1,2,2,923,765,93,21,92,"Matzner,",0.14662734422262552,0.3331185567010309,inventor_line_1,"Matzner,",1016,786
176,176,5,1,18,1,2,3,1025,765,76,18,96,Tobias,0.16076830006049606,0.3324742268041237,inventor_line_1,Tobias,1101,783
177,177,4,1,18,1,3,0,922,797,226,23,-1,,0.15653357531760437,0.3472938144329897,,,1148,820
178,178,5,1,18,1,3,1,922,797,64,19,96,33729,0.1442831215970962,0.34643470790378006,,,986,816
179,179,5,1,18,1,3,2,996,797,96,19,97,Bielefeld,0.15789473684210525,0.34643470790378006,,,1092,816
180,180,5,1,18,1,3,3,1101,797,47,23,96,(DE),0.17006957047791893,0.3472938144329897,,,1148,820
181,181,4,1,18,1,4,0,898,830,245,22,-1,,0.154340592861464,0.36125429553264604,,,1143,852
182,182,5,1,18,1,4,1,898,835,7,8,71,¬¢,0.13634301270417423,0.3603951890034364,,,905,843
183,183,5,1,18,1,4,2,922,830,126,22,91,"Turkiewicz,",0.14897156684815488,0.36125429553264604,,,1048,852
184,184,5,1,18,1,4,3,1058,830,85,18,96,Michael,0.16643980641258319,0.3603951890034364,,,1143,848
185,185,4,1,18,1,5,0,922,863,226,23,-1,,0.15653357531760437,0.3756443298969072,,,1148,886
186,186,5,1,18,1,5,1,922,863,64,18,96,33613,0.1442831215970962,0.3745704467353952,,,986,881
187,187,5,1,18,1,5,2,996,863,96,18,96,Bielefeld,0.15789473684210525,0.3745704467353952,,,1092,881
188,188,5,1,18,1,5,3,1101,863,47,23,96,(DE),0.17006957047791893,0.3756443298969072,,,1148,886
189,189,2,1,19,0,0,0,224,980,1243,4,-1,,0.1278735632183908,0.4218213058419244,,,1467,984
190,190,3,1,19,1,0,0,224,980,1243,4,-1,,0.1278735632183908,0.4218213058419244,,,1467,984
191,191,4,1,19,1,1,0,224,980,1243,4,-1,,0.1278735632183908,0.4218213058419244,,,1467,984
192,192,5,1,19,1,1,1,224,980,1243,4,95, ,0.1278735632183908,0.4218213058419244,,,1467,984
193,193,2,1,20,0,0,0,225,1001,363,53,-1,,0.06147912885662432,0.4413659793814433,,,588,1054
194,194,3,1,20,1,0,0,225,1001,363,53,-1,,0.06147912885662432,0.4413659793814433,,,588,1054
195,195,4,1,20,1,1,0,225,1001,45,26,-1,,0.037431941923774956,0.43556701030927836,,,270,1027
196,196,5,1,20,1,1,1,225,1001,45,26,96,(54),0.037431941923774956,0.43556701030927836,,,270,1027
197,197,4,1,20,1,2,0,316,1033,272,21,-1,,0.06836055656382335,0.4482388316151203,,,588,1054
198,198,5,1,20,1,2,1,316,1034,55,20,89,UND,0.05195099818511797,0.4484536082474227,,,371,1054
199,199,5,1,20,1,2,2,382,1033,206,21,89,DOSIERSYSTEM,0.07335148215366001,0.4482388316151203,,,588,1054
200,200,2,1,21,0,0,0,224,1107,584,747,-1,,0.0780399274047187,0.6359536082474226,,,808,1854
201,201,3,1,21,1,0,0,224,1107,584,747,-1,,0.0780399274047187,0.6359536082474226,,,808,1854
202,202,4,1,21,1,1,0,225,1107,582,27,-1,,0.0780399274047187,0.48131443298969073,,,807,1134
203,203,5,1,21,1,1,1,225,1107,45,27,90,(57),0.037431941923774956,0.48131443298969073,,,270,1134
204,204,5,1,21,1,1,2,316,1109,33,19,51,Die,0.05028735632183908,0.4804553264604811,,,349,1128
205,205,5,1,21,1,1,3,357,1109,85,19,92,Erfindung,0.06042044767090139,0.4804553264604811,,,442,1128
206,206,5,1,21,1,1,4,445,1109,83,23,71,betrifft,0.0735783424077435,0.48131443298969073,,,528,1132
207,207,5,1,21,1,1,5,533,1109,57,19,93,einen,0.08492135511191773,0.4804553264604811,,,590,1128
208,208,5,1,21,1,1,6,597,1109,210,19,92,Ovalrad-Durchfluss-,0.10617059891107078,0.4804553264604811,,,807,1128
209,209,4,1,21,1,2,0,226,1142,581,23,-1,,0.07811554748941318,0.4954896907216495,,,807,1165
210,210,5,1,21,1,2,1,226,1147,76,13,92,messer,0.039927404718693285,0.4954896907216495,,,302,1160
211,211,5,1,21,1,2,2,313,1142,53,23,96,(100),0.05134603750756201,0.4954896907216495,,,366,1165
212,212,5,1,21,1,2,3,377,1147,42,13,96,zum,0.060193587416817906,0.4954896907216495,,,419,1160
213,213,5,1,21,1,2,4,432,1142,68,18,96,Messen,0.07047791893526921,0.4944158075601375,,,500,1160
214,214,5,1,21,1,2,5,503,1142,77,18,93,eines,0.08189655172413793,0.4944158075601375,,,580,1160
215,215,5,1,21,1,2,6,591,1142,135,18,91,Durchflusses,0.09959165154264973,0.4944158075601375,,,726,1160
216,216,5,1,21,1,2,7,737,1142,70,18,92,zumin-,0.11675741076830005,0.4944158075601375,,,807,1160
217,217,4,1,21,1,3,0,225,1175,583,24,-1,,0.07811554748941318,0.5098797250859106,,,808,1199
218,218,5,1,21,1,3,1,225,1175,44,19,95,dest,0.03735632183908046,0.5088058419243986,,,269,1194
219,219,5,1,21,1,3,2,274,1175,56,19,92,eines,0.045674531155474894,0.5088058419243986,,,330,1194
220,220,5,1,21,1,3,3,336,1175,168,19,91,Prozessmediums,0.06352087114337568,0.5088058419243986,,,504,1194
221,221,5,1,21,1,3,4,507,1175,32,19,96,in,0.07909860859044163,0.5088058419243986,,,539,1194
222,222,5,1,21,1,3,5,546,1175,62,19,93,einem,0.08726557773744707,0.5088058419243986,,,608,1194
223,223,5,1,21,1,3,6,616,1175,147,24,91,Dosiersystem.,0.10428009679370841,0.5098797250859106,,,763,1199
224,224,5,1,21,1,3,7,771,1175,37,19,97,Der,0.11940411373260738,0.5088058419243986,,,808,1194
225,225,4,1,21,1,4,0,225,1208,582,23,-1,,0.0780399274047187,0.523840206185567,,,807,1231
226,226,5,1,21,1,4,1,225,1208,282,19,91,Ovalrad-Durchflussmesser,0.05535390199637023,0.5229810996563574,,,507,1227
227,227,5,1,21,1,4,2,524,1208,53,23,93,(100),0.08325771324863884,0.523840206185567,,,577,1231
228,228,5,1,21,1,4,3,593,1208,55,19,91,weist,0.09384452510586812,0.5229810996563574,,,648,1227
229,229,5,1,21,1,4,4,664,1208,30,19,91,ein,0.10269207501512402,0.5229810996563574,,,694,1227
230,230,5,1,21,1,4,5,712,1208,95,19,70,Gehause,0.11486690865093768,0.5229810996563574,,,807,1227
231,231,4,1,21,1,5,0,225,1241,582,23,-1,,0.0780399274047187,0.5380154639175257,,,807,1264
232,232,5,1,21,1,5,1,225,1241,52,23,96,"(110,",0.03796128251663642,0.5380154639175257,,,277,1264
233,233,5,1,21,1,5,2,288,1241,50,23,96,"115),",0.04733817301875378,0.5380154639175257,,,338,1264
234,234,5,1,21,1,5,3,348,1241,15,18,96,in,0.05376588021778585,0.5369415807560137,,,363,1259
235,235,5,1,21,1,5,4,373,1241,43,18,95,dem,0.05966424682395644,0.5369415807560137,,,416,1259
236,236,5,1,21,1,5,5,426,1241,43,18,93,eine,0.0676799758015729,0.5369415807560137,,,469,1259
237,237,5,1,21,1,5,6,479,1241,132,18,91,Messkammer,0.0824258923169994,0.5369415807560137,,,611,1259
238,238,5,1,21,1,5,7,614,1241,73,23,96,"(120),",0.0983817301875378,0.5380154639175257,,,687,1264
239,239,5,1,21,1,5,8,697,1241,30,18,93,ein,0.10768300060496068,0.5369415807560137,,,727,1259
240,240,5,1,21,1,5,9,737,1241,70,18,91,Einlas-,0.11675741076830005,0.5369415807560137,,,807,1259
241,241,4,1,21,1,6,0,225,1274,582,23,-1,,0.0780399274047187,0.5521907216494846,,,807,1297
242,242,5,1,21,1,6,1,225,1274,106,18,92,sabschnitt,0.04204476709013914,0.5511168384879725,,,331,1292
243,243,5,1,21,1,6,2,339,1274,54,23,96,(130),0.05535390199637023,0.5521907216494846,,,393,1297
244,244,5,1,21,1,6,3,403,1274,36,18,96,und,0.06367211131276466,0.5511168384879725,,,439,1292
245,245,5,1,21,1,6,4,448,1274,30,18,93,ein,0.07002419842710224,0.5511168384879725,,,478,1292
246,246,5,1,21,1,6,5,486,1274,180,18,92,Auslassabschnitt,0.08711433756805807,0.5511168384879725,,,666,1292
247,247,5,1,21,1,6,6,674,1274,53,23,93,(140),0.1059437386569873,0.5521907216494846,,,727,1297
248,248,5,1,21,1,6,7,736,1278,71,19,92,ausge-,0.11668179068360557,0.5530498281786942,,,807,1297
249,249,4,1,21,1,7,0,224,1306,582,23,-1,,0.0778886872353297,0.5659364261168385,,,806,1329
250,250,5,1,21,1,7,1,224,1306,55,19,93,formt,0.03803690260133091,0.5650773195876289,,,279,1325
251,251,5,1,21,1,7,2,284,1306,47,22,96,"sind,",0.04650635208711434,0.5657216494845361,,,331,1328
252,252,5,1,21,1,7,3,338,1306,46,19,93,zwei,0.05459770114942529,0.5650773195876289,,,384,1325
253,253,5,1,21,1,7,4,392,1306,15,19,45,in,0.06042044767090139,0.5650773195876289,,,407,1325
254,254,5,1,21,1,7,5,413,1306,34,19,45,der,0.06503327283726558,0.5650773195876289,,,447,1325
255,255,5,1,21,1,7,6,453,1306,133,19,91,Messkammer,0.07856926799758016,0.5650773195876289,,,586,1325
256,256,5,1,21,1,7,7,588,1306,66,23,96,(120),0.09392014519056262,0.5659364261168385,,,654,1329
257,257,5,1,21,1,7,8,660,1306,96,19,96,zwischen,0.10707803992740472,0.5650773195876289,,,756,1325
258,258,5,1,21,1,7,9,762,1306,44,19,96,dem,0.11857229280096794,0.5650773195876289,,,806,1325
259,259,4,1,21,1,8,0,226,1339,581,23,-1,,0.07811554748941318,0.5801116838487973,,,807,1362
260,260,5,1,21,1,8,1,226,1339,171,18,91,Einlassabschnitt,0.047111312764670295,0.5790378006872853,,,397,1357
261,261,5,1,21,1,8,2,404,1339,54,23,96,(130),0.06518451300665457,0.5801116838487973,,,458,1362
262,262,5,1,21,1,8,3,468,1339,36,18,96,und,0.073502722323049,0.5790378006872853,,,504,1357
263,263,5,1,21,1,8,4,514,1339,43,18,93,dem,0.080989110707804,0.5790378006872853,,,557,1357
264,264,5,1,21,1,8,5,566,1339,179,18,92,Auslassabschnitt,0.09913793103448276,0.5790378006872853,,,745,1357
265,265,5,1,21,1,8,6,753,1339,54,23,96,(140),0.11796733212341198,0.5801116838487973,,,807,1362
266,266,4,1,21,1,9,0,225,1372,582,23,-1,,0.0780399274047187,0.594286941580756,,,807,1395
267,267,5,1,21,1,9,1,225,1372,72,19,93,drehbar,0.039473684210526314,0.5934278350515464,,,297,1391
268,268,5,1,21,1,9,2,300,1372,112,23,91,gelagerte,0.05384150030248034,0.594286941580756,,,412,1395
269,269,5,1,21,1,9,3,420,1372,104,19,72,Ovalrader,0.07138535995160314,0.5934278350515464,,,524,1391
270,270,5,1,21,1,9,4,532,1372,51,23,96,"(150,",0.08431639443436177,0.594286941580756,,,583,1395
271,271,5,1,21,1,9,5,594,1372,44,23,96,160),0.09316394434361766,0.594286941580756,,,638,1395
272,272,5,1,21,1,9,6,648,1372,36,19,96,und,0.10072595281306715,0.5934278350515464,,,684,1391
273,273,5,1,21,1,9,7,693,1372,43,19,93,eine,0.10806110102843315,0.5934278350515464,,,736,1391
274,274,5,1,21,1,9,8,746,1372,61,19,91,Erfas-,0.11743799153055051,0.5934278350515464,,,807,1391
275,275,4,1,21,1,10,0,225,1405,582,23,-1,,0.0780399274047187,0.6084621993127147,,,807,1428
276,276,5,1,21,1,10,1,225,1405,178,23,91,sungseinrichtung,0.04748941318814277,0.6084621993127147,,,403,1428
277,277,5,1,21,1,10,2,411,1410,42,13,93,zum,0.06533575317604355,0.6084621993127147,,,453,1423
278,278,5,1,21,1,10,3,462,1405,79,18,93,Erfassen,0.07584694494857834,0.6073883161512027,,,541,1423
279,279,5,1,21,1,10,4,543,1405,70,18,93,einer,0.08741681790683606,0.6073883161512027,,,613,1423
280,280,5,1,21,1,10,5,620,1405,84,23,92,Stellung,0.10012099213551119,0.6084621993127147,,,704,1428
281,281,5,1,21,1,10,6,711,1405,34,18,92,der,0.11010284331518451,0.6073883161512027,,,745,1423
282,282,5,1,21,1,10,7,752,1405,55,18,91,Oval-,0.11789171203871748,0.6073883161512027,,,807,1423
283,283,4,1,21,1,11,0,225,1438,582,23,-1,,0.0780399274047187,0.6226374570446735,,,807,1461
284,284,5,1,21,1,11,1,225,1438,55,18,92,rader,0.038188142770719906,0.6215635738831615,,,280,1456
285,285,5,1,21,1,11,2,290,1438,52,23,96,"(150,",0.04779189352692075,0.6226374570446735,,,342,1461
286,286,5,1,21,1,11,3,355,1438,44,23,96,160),0.05701754385964912,0.6226374570446735,,,399,1461
287,287,5,1,21,1,11,4,411,1438,37,18,95,auf.,0.06495765275257108,0.6215635738831615,,,448,1456
288,288,5,1,21,1,11,5,461,1438,17,18,93,In,0.07100725952813067,0.6215635738831615,,,478,1456
289,289,5,1,21,1,11,6,489,1438,108,18,91,zumindest,0.08212341197822141,0.6215635738831615,,,597,1456
290,290,5,1,21,1,11,7,607,1438,62,18,93,einem,0.09649122807017543,0.6215635738831615,,,669,1456
291,291,5,1,21,1,11,8,682,1438,125,18,71,Gehauseteil,0.11259830611010284,0.6215635738831615,,,807,1456
292,292,4,1,21,1,12,0,225,1470,582,23,-1,,0.0780399274047187,0.6363831615120275,,,807,1493
293,293,5,1,21,1,12,1,225,1470,54,23,95,(115),0.038112522686025406,0.6363831615120275,,,279,1493
294,294,5,1,21,1,12,2,284,1470,47,19,93,oder,0.04650635208711434,0.6355240549828178,,,331,1489
295,295,5,1,21,1,12,3,335,1470,134,19,90,Teilabschnitt,0.060798548094373864,0.6355240549828178,,,469,1489
296,296,5,1,21,1,12,4,473,1470,36,19,93,des,0.07425892316999395,0.6355240549828178,,,509,1489
297,297,5,1,21,1,12,5,515,1470,107,19,43,Gehauses,0.08598003629764066,0.6355240549828178,,,622,1489
298,298,5,1,21,1,12,6,628,1470,51,23,96,"(110,",0.09883545069570478,0.6363831615120275,,,679,1493
299,299,5,1,21,1,12,7,686,1470,45,23,43,115),0.10715366001209921,0.6363831615120275,,,731,1493
300,300,5,1,21,1,12,8,737,1470,70,19,43,isteine,0.11675741076830005,0.6355240549828178,,,807,1489
301,301,4,1,21,1,13,0,225,1503,582,23,-1,,0.0780399274047187,0.6505584192439863,,,807,1526
302,302,5,1,21,1,13,1,225,1503,34,18,93,der,0.03660012099213551,0.6494845360824743,,,259,1521
303,303,5,1,21,1,13,2,268,1503,133,18,92,Messkammer,0.05058983666061706,0.6494845360824743,,,401,1521
304,304,5,1,21,1,13,3,403,1503,69,23,93,(120),0.066167574107683,0.6505584192439863,,,472,1526
305,305,5,1,21,1,13,4,482,1503,127,23,80,zugewandte,0.08250151240169389,0.6505584192439863,,,609,1526
306,306,5,1,21,1,13,5,619,1503,44,18,92,Rille,0.0969449485783424,0.6494845360824743,,,663,1521
307,307,5,1,21,1,13,6,672,1503,54,23,93,(170),0.10571687840290381,0.6505584192439863,,,726,1526
308,308,5,1,21,1,13,7,735,1508,72,18,92,ausge-,0.11660617059891107,0.6516323024054983,,,807,1526
309,309,4,1,21,1,14,0,224,1536,583,23,-1,,0.0779643073200242,0.664733676975945,,,807,1559
310,310,5,1,21,1,14,1,224,1536,59,18,91,formt.,0.03833938294010889,0.663659793814433,,,283,1554
311,311,5,1,21,1,14,2,292,1536,33,18,93,Die,0.04665759225650333,0.663659793814433,,,325,1554
312,312,5,1,21,1,14,3,334,1536,43,18,89,Rille,0.05376588021778585,0.663659793814433,,,377,1554
313,313,5,1,21,1,14,4,385,1536,53,23,96,(170),0.06223532970356927,0.664733676975945,,,438,1559
314,314,5,1,21,1,14,5,446,1536,22,18,96,ist,0.0691167574107683,0.663659793814433,,,468,1554
315,315,5,1,21,1,14,6,474,1536,96,18,93,zwischen,0.07894736842105263,0.663659793814433,,,570,1554
316,316,5,1,21,1,14,7,579,1536,113,18,92,Drehachsen,0.09611312764670296,0.663659793814433,,,692,1554
317,317,5,1,21,1,14,8,694,1536,51,18,93,der,0.1088173018753781,0.663659793814433,,,745,1554
318,318,5,1,21,1,14,9,752,1536,55,18,93,Oval-,0.11789171203871748,0.663659793814433,,,807,1554
319,319,4,1,21,1,15,0,225,1569,582,23,-1,,0.0780399274047187,0.6789089347079038,,,807,1592
320,320,5,1,21,1,15,1,225,1569,55,18,92,rader,0.038188142770719906,0.6778350515463918,,,280,1587
321,321,5,1,21,1,15,2,287,1569,51,23,96,"(150,",0.04726255293405929,0.6789089347079038,,,338,1592
322,322,5,1,21,1,15,3,349,1569,44,23,93,160),0.056110102843315184,0.6789089347079038,,,393,1592
323,323,5,1,21,1,15,4,401,1569,123,23,92,ausgeformt.,0.06994857834240774,0.6789089347079038,,,524,1592
324,324,5,1,21,1,15,5,534,1569,45,18,93,Eine,0.08416515426497277,0.6778350515463918,,,579,1587
325,325,5,1,21,1,15,6,588,1569,113,23,90,Langsachse,0.09747428917120388,0.6789089347079038,,,701,1592
326,326,5,1,21,1,15,7,702,1569,45,18,93,der,0.10957350272232305,0.6778350515463918,,,747,1587
327,327,5,1,21,1,15,8,749,1569,58,18,92,Rille,0.117664851784634,0.6778350515463918,,,807,1587
328,328,4,1,21,1,16,0,225,1602,583,23,-1,,0.07811554748941318,0.6930841924398625,,,808,1625
329,329,5,1,21,1,16,1,225,1602,54,23,93,(170),0.038112522686025406,0.6930841924398625,,,279,1625
330,330,5,1,21,1,16,2,290,1602,90,18,91,erstreckt,0.05066545674531155,0.6920103092783505,,,380,1620
331,331,5,1,21,1,16,3,389,1602,40,18,93,sich,0.06185722928009679,0.6920103092783505,,,429,1620
332,332,5,1,21,1,16,4,440,1602,76,23,92,entlang,0.07229280096793708,0.6930841924398625,,,516,1625
333,333,5,1,21,1,16,5,526,1602,53,18,96,einer,0.08356019358741681,0.6920103092783505,,,579,1620
334,334,5,1,21,1,16,6,587,1602,38,18,92,den,0.09165154264972777,0.6920103092783505,,,625,1620
335,335,5,1,21,1,16,7,637,1602,171,18,92,Einlassabschnitt,0.10927102238354507,0.6920103092783505,,,808,1620
336,336,4,1,21,1,17,0,225,1634,582,23,-1,,0.0780399274047187,0.7068298969072165,,,807,1657
337,337,5,1,21,1,17,1,225,1634,54,23,96,(130),0.038112522686025406,0.7068298969072165,,,279,1657
338,338,5,1,21,1,17,2,288,1634,29,19,96,mit,0.04575015124016939,0.7059707903780069,,,317,1653
339,339,5,1,21,1,17,3,324,1634,44,19,93,dem,0.05232909860859044,0.7059707903780069,,,368,1653
340,340,5,1,21,1,17,4,376,1634,179,19,91,Auslassabschnitt,0.07040229885057471,0.7059707903780069,,,555,1653
341,341,5,1,21,1,17,5,563,1634,53,23,93,(140),0.08915607985480943,0.7068298969072165,,,616,1657
342,342,5,1,21,1,17,6,624,1634,183,19,91,verbindendenden,0.10821234119782214,0.7059707903780069,,,807,1653
343,343,4,1,21,1,18,0,226,1667,581,23,-1,,0.07811554748941318,0.7210051546391752,,,807,1690
344,344,5,1,21,1,18,1,226,1667,309,23,91,Durchflussmesserlangsachse,0.057546884452510584,0.7210051546391752,,,535,1690
345,345,5,1,21,1,18,2,542,1667,96,18,96,zwischen,0.08923169993950393,0.7199312714776632,,,638,1685
346,346,5,1,21,1,18,3,646,1667,43,18,93,dem,0.10095281306715063,0.7199312714776632,,,689,1685
347,347,5,1,21,1,18,4,698,1667,109,18,88,Einlassab-,0.11380822746521477,0.7199312714776632,,,807,1685
348,348,4,1,21,1,19,0,225,1700,582,23,-1,,0.0780399274047187,0.7351804123711341,,,807,1723
349,349,5,1,21,1,19,1,225,1700,68,18,87,schnitt,0.039171203871748335,0.7341065292096219,,,293,1718
350,350,5,1,21,1,19,2,298,1700,53,23,93,(130),0.04907743496672716,0.7351804123711341,,,351,1723
351,351,5,1,21,1,19,3,357,1700,87,18,92,unddem,0.06057168784029038,0.7341065292096219,,,444,1718
352,352,5,1,21,1,19,4,448,1700,244,23,90,"Auslassabschnitt(140),",0.08620689655172414,0.7351804123711341,,,692,1723
353,353,5,1,21,1,19,5,697,1700,61,18,92,wobei,0.11002722323049002,0.7341065292096219,,,758,1718
354,354,5,1,21,1,19,6,764,1700,43,18,96,eine,0.11879915305505143,0.7341065292096219,,,807,1718
355,355,4,1,21,1,20,0,226,1732,581,23,-1,,0.07811554748941318,0.748926116838488,,,807,1755
356,356,5,1,21,1,20,1,226,1732,186,23,89,Langenabmessung,0.04824561403508772,0.748926116838488,,,412,1755
357,357,5,1,21,1,20,2,415,1732,46,23,93,der,0.0662431941923775,0.748926116838488,,,461,1755
358,358,5,1,21,1,20,3,463,1732,60,19,92,Rille,0.07456140350877193,0.7480670103092784,,,523,1751
359,359,5,1,21,1,20,4,533,1732,54,23,96,(170),0.08469449485783424,0.748926116838488,,,587,1755
360,360,5,1,21,1,20,5,597,1737,23,14,93,so,0.09202964307320025,0.7491408934707904,,,620,1751
361,361,5,1,21,1,20,6,630,1732,81,23,30,gewahlt,0.1014065335753176,0.748926116838488,,,711,1755
362,362,5,1,21,1,20,7,721,1732,26,22,96,"ist,",0.11101028433151845,0.7487113402061856,,,747,1754
363,363,5,1,21,1,20,8,758,1732,49,19,92,dass,0.11834543254688445,0.7480670103092784,,,807,1751
364,364,4,1,21,1,21,0,225,1766,582,23,-1,,0.0780399274047187,0.7635309278350515,,,807,1789
365,365,5,1,21,1,21,1,225,1766,57,18,96,durch,0.03833938294010889,0.7624570446735395,,,282,1784
366,366,5,1,21,1,21,2,293,1766,30,18,93,die,0.04658197217180883,0.7624570446735395,,,323,1784
367,367,5,1,21,1,21,3,334,1766,44,18,92,Rille,0.05384150030248034,0.7624570446735395,,,378,1784
368,368,5,1,21,1,21,4,389,1766,53,23,96,(170),0.06284029038112522,0.7635309278350515,,,442,1789
369,369,5,1,21,1,21,5,452,1766,43,18,93,eine,0.07161222020568662,0.7624570446735395,,,495,1784
370,370,5,1,21,1,21,6,505,1766,171,23,91,gasdurchlassige,0.08930732002419843,0.7635309278350515,,,676,1789
371,371,5,1,21,1,21,7,686,1766,121,23,91,Verbindung,0.11290078644888082,0.7635309278350515,,,807,1789
372,372,4,1,21,1,22,0,225,1799,582,23,-1,,0.0780399274047187,0.7777061855670103,,,807,1822
373,373,5,1,21,1,22,1,225,1799,96,18,96,zwischen,0.04128856624319419,0.7766323024054983,,,321,1817
374,374,5,1,21,1,22,2,330,1799,44,18,92,dem,0.05323653962492438,0.7766323024054983,,,374,1817
375,375,5,1,21,1,22,3,385,1799,172,18,91,Einlassabschnitt,0.07123411978221415,0.7766323024054983,,,557,1817
376,376,5,1,21,1,22,4,565,1799,53,23,96,(130),0.08945856019358742,0.7777061855670103,,,618,1822
377,377,5,1,21,1,22,5,629,1799,36,18,96,und,0.09785238959467635,0.7766323024054983,,,665,1817
378,378,5,1,21,1,22,6,675,1799,44,18,93,dem,0.10541439806412584,0.7766323024054983,,,719,1817
379,379,5,1,21,1,22,7,728,1799,79,18,91,Auslas-,0.11607683000604961,0.7766323024054983,,,807,1817
380,380,4,1,21,1,23,0,225,1831,346,23,-1,,0.060193587416817906,0.7914518900343642,,,571,1854
381,381,5,1,21,1,23,1,225,1831,106,19,91,sabschnitt,0.04204476709013914,0.7905927835051546,,,331,1850
382,382,5,1,21,1,23,2,339,1831,54,23,92,(140),0.05535390199637023,0.7914518900343642,,,393,1854
383,383,5,1,21,1,23,3,403,1831,125,23,91,bereitgestellt,0.07040229885057471,0.7914518900343642,,,528,1854
384,384,5,1,21,1,23,4,530,1831,41,19,95,ist.,0.08325771324863884,0.7905927835051546,,,571,1850
385,385,2,1,22,0,0,0,316,1001,1110,24,-1,,0.13173018753781005,0.43513745704467355,,,1426,1025
386,386,3,1,22,1,0,0,316,1001,1110,24,-1,,0.13173018753781005,0.43513745704467355,,,1426,1025
387,387,4,1,22,1,1,0,316,1001,1110,24,-1,,0.13173018753781005,0.43513745704467355,,,1426,1025
388,388,5,1,22,1,1,1,316,1001,440,24,90,"OVALRAD-DURCHFLUSSMESSER,",0.08106473079249849,0.43513745704467355,title_line_1,"OVALRAD-DURCHFLUSSMESSER,",756,1025
389,389,5,1,22,1,1,2,764,1001,163,20,91,VERFAHREN,0.1278735632183908,0.43427835051546393,title_line_1,VERFAHREN,927,1021
390,390,5,1,22,1,1,3,938,1001,55,21,93,ZUM,0.14602238354506958,0.43449312714776633,title_line_1,ZUM,993,1022
391,391,5,1,22,1,1,4,1004,1001,108,21,92,MESSEN,0.1600120992135511,0.43449312714776633,title_line_1,MESSEN,1112,1022
392,392,5,1,22,1,1,5,1123,1001,78,21,93,EINES,0.17574107683000606,0.43449312714776633,title_line_1,EINES,1201,1022
393,393,5,1,22,1,1,6,1211,1001,215,21,90,DURCHFLUSSES,0.19941016333938294,0.43449312714776633,title_line_1,DURCHFLUSSES,1426,1022
394,394,2,1,23,0,0,0,913,1141,52,62,-1,,0.14201451905626133,0.5034364261168385,,,965,1203
395,395,3,1,23,1,0,0,913,1141,52,62,-1,,0.14201451905626133,0.5034364261168385,,,965,1203
396,396,4,1,23,1,1,0,913,1141,36,21,-1,,0.14080459770114942,0.4946305841924399,,,949,1162
397,397,5,1,23,1,1,1,913,1141,36,21,92,100,0.14080459770114942,0.4946305841924399,,,949,1162
398,398,4,1,23,1,2,0,935,1167,30,36,-1,,0.14367816091954022,0.509020618556701,,,965,1203
399,399,5,1,23,1,2,1,935,1167,30,36,68,\,0.14367816091954022,0.509020618556701,,,965,1203
400,400,2,1,24,0,0,0,1176,1201,32,17,-1,,0.18027828191167575,0.5195446735395189,,,1208,1218
401,401,3,1,24,1,0,0,1176,1201,32,17,-1,,0.18027828191167575,0.5195446735395189,,,1208,1218
402,402,4,1,24,1,1,0,1176,1201,32,17,-1,,0.18027828191167575,0.5195446735395189,,,1208,1218
403,403,5,1,24,1,1,1,1176,1201,32,17,92,115,0.18027828191167575,0.5195446735395189,,,1208,1218
404,404,2,1,25,0,0,0,888,1220,578,587,-1,,0.1780096793708409,0.6501288659793815,,,1466,1807
405,405,3,1,25,1,0,0,888,1220,578,587,-1,,0.1780096793708409,0.6501288659793815,,,1466,1807
406,406,4,1,25,1,1,0,888,1220,578,587,-1,,0.1780096793708409,0.6501288659793815,,,1466,1807
407,407,5,1,25,1,1,1,888,1220,578,587,95, ,0.1780096793708409,0.6501288659793815,,,1466,1807
408,408,2,1,26,0,0,0,1285,1811,32,17,-1,,0.1967634603750756,0.7815721649484536,,,1317,1828
409,409,3,1,26,1,0,0,1285,1811,32,17,-1,,0.1967634603750756,0.7815721649484536,,,1317,1828
410,410,4,1,26,1,1,0,1285,1811,32,17,-1,,0.1967634603750756,0.7815721649484536,,,1317,1828
411,411,5,1,26,1,1,1,1285,1811,32,17,96,110,0.1967634603750756,0.7815721649484536,,,1317,1828
412,412,2,1,27,0,0,0,1121,1881,59,22,-1,,0.17400181488203267,0.8127147766323024,,,1180,1903
413,413,3,1,27,1,0,0,1121,1881,59,22,-1,,0.17400181488203267,0.8127147766323024,,,1180,1903
414,414,4,1,27,1,1,0,1121,1881,59,22,-1,,0.17400181488203267,0.8127147766323024,,,1180,1903
415,415,5,1,27,1,1,1,1121,1881,40,22,82,FIG,0.17256503327283726,0.8127147766323024,,,1161,1903
416,416,5,1,27,1,1,2,1173,1882,7,20,82,1,0.1779340592861464,0.8127147766323024,,,1180,1902
417,417,2,1,28,0,0,0,716,2270,259,16,-1,,0.1278735632183908,0.9785223367697594,,,975,2286
418,418,3,1,28,1,0,0,716,2270,259,16,-1,,0.1278735632183908,0.9785223367697594,,,975,2286
419,419,4,1,28,1,1,0,716,2270,259,16,-1,,0.1278735632183908,0.9785223367697594,,,975,2286
420,420,5,1,28,1,1,1,716,2270,49,12,96,Printed,0.11199334543254688,0.9776632302405498,,,765,2282
421,421,5,1,28,1,1,2,771,2270,15,16,96,by,0.1177404718693285,0.9785223367697594,,,786,2286
422,422,5,1,28,1,1,3,792,2270,45,14,96,"Jouve,",0.12318511796733213,0.9780927835051546,,,837,2284
423,423,5,1,28,1,1,4,843,2270,41,12,96,75001,0.13059588626739263,0.9776632302405498,,,884,2282
424,424,5,1,28,1,1,5,893,2270,46,12,96,PARIS,0.1385359951603146,0.9776632302405498,,,939,2282
425,425,5,1,28,1,1,6,945,2270,30,16,95,(FR),0.14519056261343014,0.9785223367697594,,,975,2286
