,Unnamed: 0,level,page_num,block_num,par_num,line_num,word_num,left,top,width,height,conf,text,x,y,label,target,right,bottom
0,0,1,1,0,0,0,0,0,0,1653,2328,-1,,0.125,0.5,,,1653,2328
1,1,2,1,1,0,0,0,144,1905,31,328,-1,,0.02412280701754386,0.8887457044673539,,,175,2233
2,2,3,1,1,1,0,0,144,1905,31,328,-1,,0.02412280701754386,0.8887457044673539,,,175,2233
3,3,4,1,1,1,1,0,144,1905,31,328,-1,,0.02412280701754386,0.8887457044673539,,,175,2233
4,4,5,1,1,1,1,1,144,2179,30,54,96,EP,0.024047186932849365,0.947594501718213,,,174,2233
5,5,5,1,1,1,1,2,144,2142,31,21,94,3,0.02412280701754386,0.9246134020618557,,,175,2163
6,6,5,1,1,1,1,3,144,2055,31,71,94,395,0.02412280701754386,0.8979810996563574,,,175,2126
7,7,5,1,1,1,1,4,144,1974,30,66,85,411,0.024047186932849365,0.8621134020618557,,,174,2040
8,8,5,1,1,1,1,5,144,1905,30,50,85,A1,0.024047186932849365,0.8290378006872853,,,174,1955
9,9,2,1,2,0,0,0,429,153,88,28,-1,,0.07153660012099214,0.07173539518900343,,,517,181
10,10,3,1,2,1,0,0,429,153,88,28,-1,,0.07153660012099214,0.07173539518900343,,,517,181
11,11,4,1,2,1,1,0,429,153,88,16,-1,,0.07153660012099214,0.06915807560137457,,,517,169
12,12,5,1,2,1,1,1,429,153,88,16,84,Europaisches,0.07153660012099214,0.06915807560137457,,,517,169
13,13,4,1,2,1,2,0,429,170,71,11,-1,,0.07025105868118572,0.07538659793814433,,,500,181
14,14,5,1,2,1,2,1,429,170,71,11,96,Patentamt,0.07025105868118572,0.07538659793814433,,,500,181
15,15,2,1,3,0,0,0,429,196,63,15,-1,,0.06964609800362977,0.08741408934707903,,,492,211
16,16,3,1,3,1,0,0,429,196,63,15,-1,,0.06964609800362977,0.08741408934707903,,,492,211
17,17,4,1,3,1,1,0,429,196,63,15,-1,,0.06964609800362977,0.08741408934707903,,,492,211
18,18,5,1,3,1,1,1,429,196,63,15,95,European,0.06964609800362977,0.08741408934707903,,,492,211
19,19,2,1,4,0,0,0,429,212,89,12,-1,,0.07161222020568662,0.0936426116838488,,,518,224
20,20,3,1,4,1,0,0,429,212,89,12,-1,,0.07161222020568662,0.0936426116838488,,,518,224
21,21,4,1,4,1,1,0,429,212,89,12,-1,,0.07161222020568662,0.0936426116838488,,,518,224
22,22,5,1,4,1,1,1,429,213,43,11,97,Patent,0.06813369630973987,0.0938573883161512,,,472,224
23,23,5,1,4,1,1,2,478,212,40,12,96,Office,0.07531760435571688,0.0936426116838488,,,518,224
24,24,2,1,5,0,0,0,429,239,109,28,-1,,0.07312462189957653,0.10867697594501718,,,538,267
25,25,3,1,5,1,0,0,429,239,109,28,-1,,0.07312462189957653,0.10867697594501718,,,538,267
26,26,4,1,5,1,1,0,429,239,109,15,-1,,0.07312462189957653,0.10588487972508591,,,538,254
27,27,5,1,5,1,1,1,429,239,40,12,93,Office,0.06790683605565638,0.1052405498281787,,,469,251
28,28,5,1,5,1,1,2,474,239,64,15,93,europ√©en,0.0765275257108288,0.10588487972508591,,,538,254
29,29,4,1,5,1,2,0,429,255,77,12,-1,,0.0707047791893527,0.11211340206185567,,,506,267
30,30,5,1,5,1,2,1,429,255,22,12,95,des,0.06654567453115548,0.11211340206185567,,,451,267
31,31,5,1,5,1,2,2,457,255,49,12,82,brevets,0.07282214156079855,0.11211340206185567,,,506,267
32,32,2,1,6,0,0,0,281,136,274,150,-1,,0.06321839080459771,0.09063573883161512,,,555,286
33,33,3,1,6,1,0,0,281,136,274,150,-1,,0.06321839080459771,0.09063573883161512,,,555,286
34,34,4,1,6,1,1,0,281,136,274,150,-1,,0.06321839080459771,0.09063573883161512,,,555,286
35,35,5,1,6,1,1,1,281,136,274,150,95, ,0.06321839080459771,0.09063573883161512,,,555,286
36,36,2,1,7,0,0,0,225,324,45,26,-1,,0.037431941923774956,0.14475945017182132,,,270,350
37,37,3,1,7,1,0,0,225,324,45,26,-1,,0.037431941923774956,0.14475945017182132,,,270,350
38,38,4,1,7,1,1,0,225,324,45,26,-1,,0.037431941923774956,0.14475945017182132,,,270,350
39,39,5,1,7,1,1,1,225,324,45,26,96,(12),0.037431941923774956,0.14475945017182132,,,270,350
40,40,2,1,8,0,0,0,225,395,415,53,-1,,0.06541137326073805,0.18105670103092783,,,640,448
41,41,3,1,8,1,0,0,225,395,415,53,-1,,0.06541137326073805,0.18105670103092783,,,640,448
42,42,4,1,8,1,1,0,225,395,282,26,-1,,0.05535390199637023,0.17525773195876287,,,507,421
43,43,5,1,8,1,1,1,225,395,45,26,92,(43),0.037431941923774956,0.17525773195876287,,,270,421
44,44,5,1,8,1,1,2,285,397,222,23,90,Verdffentlichungstag:,0.05989110707803993,0.17547250859106528,,,507,420
45,45,4,1,8,1,2,0,286,430,354,18,-1,,0.07002419842710224,0.18857388316151202,,,640,448
46,46,5,1,8,1,2,1,286,430,117,18,90,31.10.2018,0.052102238354506954,0.18857388316151202,publication_date,31.10.2018,403,448
47,47,5,1,8,1,2,2,426,430,121,18,91,Patentblatt,0.0735783424077435,0.18857388316151202,,,547,448
48,48,5,1,8,1,2,3,555,430,85,18,96,2018/44,0.09036600120992136,0.18857388316151202,,,640,448
49,49,2,1,9,0,0,0,225,493,379,26,-1,,0.06268905021173624,0.21735395189003437,,,604,519
50,50,3,1,9,1,0,0,225,493,379,26,-1,,0.06268905021173624,0.21735395189003437,,,604,519
51,51,4,1,9,1,1,0,225,493,379,26,-1,,0.06268905021173624,0.21735395189003437,,,604,519
52,52,5,1,9,1,1,1,225,493,45,26,93,(21),0.037431941923774956,0.21735395189003437,,,270,519
53,53,5,1,9,1,1,2,285,495,186,18,91,Anmeldenummer:,0.05716878402903811,0.21649484536082475,,,471,513
54,54,5,1,9,1,1,3,481,495,123,18,92,18166664.5,0.08204779189352691,0.21649484536082475,application_number,18166664.5,604,513
55,55,2,1,10,0,0,0,225,559,319,26,-1,,0.05815184513006655,0.24570446735395188,,,544,585
56,56,3,1,10,1,0,0,225,559,319,26,-1,,0.05815184513006655,0.24570446735395188,,,544,585
57,57,4,1,10,1,1,0,225,559,319,26,-1,,0.05815184513006655,0.24570446735395188,,,544,585
58,58,5,1,10,1,1,1,225,559,45,26,93,(22),0.037431941923774956,0.24570446735395188,,,270,585
59,59,5,1,10,1,1,2,285,561,131,23,92,Anmeldetag:,0.0530096793708409,0.24591924398625428,,,416,584
60,60,5,1,10,1,1,3,427,561,117,18,96,10.04.2018,0.07342710223835451,0.24484536082474226,filing_date,10.04.2018,544,579
61,61,2,1,11,0,0,0,1002,245,458,38,-1,,0.18617664851784635,0.1134020618556701,,,1460,283
62,62,3,1,11,1,0,0,1002,245,458,38,-1,,0.18617664851784635,0.1134020618556701,,,1460,283
63,63,4,1,11,1,1,0,1002,245,458,38,-1,,0.18617664851784635,0.1134020618556701,,,1460,283
64,64,5,1,11,1,1,1,1002,256,44,27,74,(11),0.15486993345432548,0.11576460481099657,,,1046,283
65,65,5,1,11,1,1,2,1146,245,52,32,96,EP,0.17725347852389595,0.11211340206185567,number,EP,1198,277
66,66,5,1,11,1,1,3,1214,245,20,32,91,3,0.1851179673321234,0.11211340206185567,number,3,1234,277
67,67,5,1,11,1,1,4,1249,245,68,32,91,395,0.1940411373260738,0.11211340206185567,number,395,1317,277
68,68,5,1,11,1,1,5,1331,245,63,32,88,411,0.20606473079249849,0.11211340206185567,number,411,1394,277
69,69,5,1,11,1,1,6,1413,245,47,32,88,A1,0.21725650332728372,0.11211340206185567,number,A1,1460,277
70,70,2,1,12,0,0,0,559,314,573,31,-1,,0.1278735632183908,0.14153780068728522,,,1132,345
71,71,3,1,12,1,0,0,559,314,573,31,-1,,0.1278735632183908,0.14153780068728522,,,1132,345
72,72,4,1,12,1,1,0,559,314,573,31,-1,,0.1278735632183908,0.14153780068728522,,,1132,345
73,73,5,1,12,1,1,1,559,314,230,31,92,EUROPAISCHE,0.10193587416817906,0.14153780068728522,,,789,345
74,74,5,1,12,1,1,2,802,319,330,26,91,PATENTANMELDUNG,0.14624924379915305,0.14261168384879724,,,1132,345
75,75,2,1,13,0,0,0,862,395,126,26,-1,,0.13989715668481548,0.17525773195876287,,,988,421
76,76,3,1,13,1,0,0,862,395,126,26,-1,,0.13989715668481548,0.17525773195876287,,,988,421
77,77,4,1,13,1,1,0,862,395,126,26,-1,,0.13989715668481548,0.17525773195876287,,,988,421
78,78,5,1,13,1,1,1,862,395,44,26,67,(51),0.1336963097398669,0.17525773195876287,,,906,421
79,79,5,1,13,1,1,2,923,397,25,18,93,Int,0.1414851784633999,0.17439862542955326,,,948,415
80,80,5,1,13,1,1,3,955,397,33,18,65,Cl:,0.14692982456140352,0.17439862542955326,,,988,415
81,81,2,1,14,0,0,0,921,425,455,21,-1,,0.1736993345432547,0.1870704467353952,,,1376,446
82,82,3,1,14,1,0,0,921,425,455,21,-1,,0.1736993345432547,0.1870704467353952,,,1376,446
83,83,4,1,14,1,1,0,921,425,455,21,-1,,0.1736993345432547,0.1870704467353952,,,1376,446
84,84,5,1,14,1,1,1,921,428,61,18,78,A62B,0.14390502117362372,0.1877147766323024,class_international,A62B,982,446
85,85,5,1,14,1,1,2,992,428,57,18,89,17100,0.154340592861464,0.1877147766323024,class_international,17/00,1049,446
86,86,5,1,14,1,1,3,1054,425,67,16,75,(2006.94),0.16447368421052633,0.18599656357388317,,,1121,441
87,87,5,1,14,1,1,4,1192,428,60,18,83,A45F,0.18481548699334543,0.1877147766323024,,,1252,446
88,88,5,1,14,1,1,5,1258,428,46,18,92,5100,0.19373865698729584,0.1877147766323024,,,1304,446
89,89,5,1,14,1,1,6,1309,425,67,16,68,(2096.01),0.20303992740471868,0.18599656357388317,,,1376,441
90,90,2,1,15,0,0,0,224,611,1243,8,-1,,0.1278735632183908,0.26417525773195877,,,1467,619
91,91,3,1,15,1,0,0,224,611,1243,8,-1,,0.1278735632183908,0.26417525773195877,,,1467,619
92,92,4,1,15,1,1,0,224,611,1243,8,-1,,0.1278735632183908,0.26417525773195877,,,1467,619
93,93,5,1,15,1,1,1,224,611,1243,8,95, ,0.1278735632183908,0.26417525773195877,,,1467,619
94,94,2,1,16,0,0,0,225,631,599,250,-1,,0.07932546884452511,0.3247422680412371,,,824,881
95,95,3,1,16,1,0,0,225,631,599,250,-1,,0.07932546884452511,0.3247422680412371,,,824,881
96,96,4,1,16,1,1,0,225,631,342,27,-1,,0.05989110707803993,0.2768470790378007,,,567,658
97,97,5,1,16,1,1,1,225,631,45,27,93,(84),0.037431941923774956,0.2768470790378007,,,270,658
98,98,5,1,16,1,1,2,286,633,100,19,93,Benannte,0.050816696914700546,0.2759879725085911,,,386,652
99,99,5,1,16,1,1,3,393,633,174,23,92,Vertragsstaaten:,0.07259528130671507,0.2768470790378007,,,567,656
100,100,4,1,16,1,2,0,285,666,537,18,-1,,0.08371143375680581,0.28994845360824745,,,822,684
101,101,5,1,16,1,2,1,285,666,31,18,94,AL,0.04544767090139141,0.28994845360824745,,,316,684
102,102,5,1,16,1,2,2,323,666,31,18,94,AT,0.05119479733817302,0.28994845360824745,,,354,684
103,103,5,1,16,1,2,3,363,666,30,18,95,BE,0.05716878402903811,0.28994845360824745,,,393,684
104,104,5,1,16,1,2,4,403,666,32,18,95,BG,0.0633696309739867,0.28994845360824745,,,435,684
105,105,5,1,16,1,2,5,445,666,31,18,95,CH,0.06964609800362977,0.28994845360824745,,,476,684
106,106,5,1,16,1,2,6,486,666,32,18,96,CY,0.07592256503327284,0.28994845360824745,,,518,684
107,107,5,1,16,1,2,7,526,666,30,18,96,CZ,0.08182093163944344,0.28994845360824745,,,556,684
108,108,5,1,16,1,2,8,565,666,30,18,96,DE,0.08771929824561403,0.28994845360824745,,,595,684
109,109,5,1,16,1,2,9,605,666,32,18,93,DK,0.09392014519056262,0.28994845360824745,,,637,684
110,110,5,1,16,1,2,10,646,666,29,18,93,EE,0.0998941318814277,0.28994845360824745,,,675,684
111,111,5,1,16,1,2,11,684,666,29,18,93,ES,0.10564125831820932,0.28994845360824745,,,713,684
112,112,5,1,16,1,2,12,723,666,99,18,86,FIFRGB,0.11683303085299455,0.28994845360824745,,,822,684
113,113,4,1,16,1,3,0,285,699,539,18,-1,,0.0838626739261948,0.30412371134020616,,,824,717
114,114,5,1,16,1,3,1,285,699,35,18,94,GR,0.04575015124016939,0.30412371134020616,,,320,717
115,115,5,1,16,1,3,2,328,699,32,18,94,HR,0.05202661826981246,0.30412371134020616,,,360,717
116,116,5,1,16,1,3,3,368,699,14,18,41,HU,0.05671506352087114,0.30412371134020616,,,382,717
117,117,5,1,16,1,3,4,385,699,43,18,41,IE,0.06147912885662432,0.30412371134020616,,,428,717
118,118,5,1,16,1,3,5,436,699,20,18,47,IS,0.06745311554748941,0.30412371134020616,,,456,717
119,119,5,1,16,1,3,6,464,699,20,18,47,IT,0.07168784029038112,0.30412371134020616,,,484,717
120,120,5,1,16,1,3,7,492,699,54,18,83,LILT,0.07849364791288566,0.30412371134020616,,,546,717
121,121,5,1,16,1,3,8,554,699,28,18,75,LU,0.08590441621294616,0.30412371134020616,,,582,717
122,122,5,1,16,1,3,9,591,699,28,18,75,LV,0.09150030248033877,0.30412371134020616,,,619,717
123,123,5,1,16,1,3,10,627,699,35,18,95,MC,0.09747428917120388,0.30412371134020616,,,662,717
124,124,5,1,16,1,3,11,670,699,35,18,94,MK,0.10397761645493044,0.30412371134020616,,,705,717
125,125,5,1,16,1,3,12,713,699,32,18,93,MT,0.11025408348457351,0.30412371134020616,,,745,717
126,126,5,1,16,1,3,13,753,699,29,18,20,NL,0.11607683000604961,0.30412371134020616,,,782,717
127,127,5,1,16,1,3,14,791,699,33,18,20,NO,0.1221264367816092,0.30412371134020616,,,824,717
128,128,4,1,16,1,4,0,286,732,336,18,-1,,0.06866303690260134,0.31829896907216493,,,622,750
129,129,5,1,16,1,4,1,286,732,28,18,95,PL,0.045372050816696916,0.31829896907216493,,,314,750
130,130,5,1,16,1,4,2,323,732,29,18,92,PT,0.05104355716878403,0.31829896907216493,,,352,750
131,131,5,1,16,1,4,3,360,732,58,18,92,RORS,0.058832425892317,0.31829896907216493,,,418,750
132,132,5,1,16,1,4,4,420,732,52,18,96,SE,0.06745311554748941,0.31829896907216493,,,472,750
133,133,5,1,16,1,4,5,480,732,20,18,91,SI,0.07410768300060495,0.31829896907216493,,,500,750
134,134,5,1,16,1,4,6,510,732,31,18,91,SK,0.0794767090139141,0.31829896907216493,,,541,750
135,135,5,1,16,1,4,7,550,732,72,18,91,SMTR,0.08862673926194797,0.31829896907216493,,,622,750
136,136,4,1,16,1,5,0,286,765,330,23,-1,,0.06820931639443437,0.3335481099656357,,,616,788
137,137,5,1,16,1,5,1,286,765,100,18,92,Benannte,0.050816696914700546,0.3324742268041237,,,386,783
138,138,5,1,16,1,5,2,395,765,221,23,91,Erstreckungsstaaten:,0.0764519056261343,0.3335481099656357,,,616,788
139,139,4,1,16,1,6,0,286,797,74,19,-1,,0.04885057471264368,0.34643470790378006,,,360,816
140,140,5,1,16,1,6,1,286,797,33,19,96,BA,0.04575015124016939,0.34643470790378006,,,319,816
141,141,5,1,16,1,6,2,327,797,33,19,96,ME,0.05195099818511797,0.34643470790378006,,,360,816
142,142,4,1,16,1,7,0,286,830,322,23,-1,,0.06760435571687841,0.36146907216494845,,,608,853
143,143,5,1,16,1,7,1,286,830,100,18,92,Benannte,0.050816696914700546,0.3603951890034364,,,386,848
144,144,5,1,16,1,7,2,393,830,215,23,92,Validierungsstaaten:,0.07569570477918935,0.36146907216494845,,,608,853
145,145,4,1,16,1,8,0,286,863,157,18,-1,,0.055127041742286755,0.3745704467353952,,,443,881
146,146,5,1,16,1,8,1,286,863,31,18,95,KH,0.0455989110707804,0.3745704467353952,,,317,881
147,147,5,1,16,1,8,2,327,863,35,18,96,MA,0.052102238354506954,0.3745704467353952,,,362,881
148,148,5,1,16,1,8,3,371,863,34,18,95,MD,0.05868118572292801,0.3745704467353952,,,405,881
149,149,5,1,16,1,8,4,413,863,30,18,95,TN,0.0647307924984876,0.3745704467353952,,,443,881
150,150,2,1,17,0,0,0,225,927,514,26,-1,,0.07289776164549304,0.40378006872852235,,,739,953
151,151,3,1,17,1,0,0,225,927,514,26,-1,,0.07289776164549304,0.40378006872852235,,,739,953
152,152,4,1,17,1,1,0,225,927,514,26,-1,,0.07289776164549304,0.40378006872852235,,,739,953
153,153,5,1,17,1,1,1,225,927,45,26,92,(30),0.037431941923774956,0.40378006872852235,,,270,953
154,154,5,1,17,1,1,2,286,929,86,18,48,Prioritat:,0.04975801572897762,0.4029209621993127,,,372,947
155,155,5,1,17,1,1,3,383,929,118,18,96,27.04.2017,0.06684815486993345,0.4029209621993127,priority_date_eu,27.04.2017,501,947
156,156,5,1,17,1,1,4,520,929,30,18,96,DE,0.0809134906231095,0.4029209621993127,,,550,947
157,157,5,1,17,1,1,5,559,929,157,18,92,202017102485,0.09641560798548095,0.4029209621993127,,,716,947
158,158,5,1,17,1,1,6,725,929,14,18,92,U,0.11070780399274047,0.4029209621993127,,,739,947
159,159,2,1,18,0,0,0,844,614,4,369,-1,,0.1279491833030853,0.3429982817869416,,,848,983
160,160,3,1,18,1,0,0,844,614,4,369,-1,,0.1279491833030853,0.3429982817869416,,,848,983
161,161,4,1,18,1,1,0,844,614,4,369,-1,,0.1279491833030853,0.3429982817869416,,,848,983
162,162,5,1,18,1,1,1,844,614,4,369,95, ,0.1279491833030853,0.3429982817869416,,,848,983
163,163,2,1,19,0,0,0,862,631,458,58,-1,,0.16500302480338777,0.28350515463917525,,,1320,689
164,164,3,1,19,1,0,0,862,631,458,58,-1,,0.16500302480338777,0.28350515463917525,,,1320,689
165,165,4,1,19,1,1,0,862,631,458,27,-1,,0.16500302480338777,0.2768470790378007,,,1320,658
166,166,5,1,19,1,1,1,862,631,44,27,93,(71),0.1336963097398669,0.2768470790378007,,,906,658
167,167,5,1,19,1,1,2,921,633,107,19,92,Anmelder:,0.14738354506957047,0.2759879725085911,,,1028,652
168,168,5,1,19,1,1,3,1037,633,94,19,93,Tesimax,0.16394434361766486,0.2759879725085911,applicant_line_1,Tesimax,1131,652
169,169,5,1,19,1,1,4,1139,643,7,4,92,-,0.17279189352692076,0.2770618556701031,applicant_line_1,-,1146,647
170,170,5,1,19,1,1,5,1154,633,90,23,92,Altinger,0.18133696309739866,0.2768470790378007,applicant_line_1,Altinger,1244,656
171,171,5,1,19,1,1,6,1251,633,69,19,96,GmbH,0.19441923774954628,0.2759879725085911,applicant_line_1,GmbH,1320,652
172,172,4,1,19,1,2,0,922,666,364,23,-1,,0.16696914700544466,0.29102233676975947,,,1286,689
173,173,5,1,19,1,2,1,922,666,64,18,93,75242,0.1442831215970962,0.28994845360824745,,,986,684
174,174,5,1,19,1,2,2,996,666,234,23,91,Neuhausen-Steinegg,0.16833030852994554,0.29102233676975947,,,1230,689
175,175,5,1,19,1,2,3,1239,666,47,23,96,(DE),0.1909407138535995,0.29102233676975947,,,1286,689
176,176,2,1,20,0,0,0,862,730,424,58,-1,,0.16243194192377494,0.32603092783505155,,,1286,788
177,177,3,1,20,1,0,0,862,730,424,58,-1,,0.16243194192377494,0.32603092783505155,,,1286,788
178,178,4,1,20,1,1,0,862,730,314,26,-1,,0.1541137326073805,0.31915807560137455,,,1176,756
179,179,5,1,20,1,1,1,862,730,44,26,93,(72),0.1336963097398669,0.31915807560137455,,,906,756
180,180,5,1,20,1,1,2,923,732,86,18,92,Erfinder:,0.14609800362976408,0.31829896907216493,,,1009,750
181,181,5,1,20,1,1,3,1018,732,95,23,92,"Altinger,",0.16114640048396855,0.31937285223367695,inventor_line_1,"Altinger,",1113,755
182,182,5,1,20,1,1,4,1123,732,53,18,96,Sven,0.17385057471264367,0.31829896907216493,inventor_line_1,Sven,1176,750
183,183,4,1,20,1,2,0,922,765,364,23,-1,,0.16696914700544466,0.3335481099656357,,,1286,788
184,184,5,1,20,1,2,1,922,765,64,18,93,75242,0.1442831215970962,0.3324742268041237,,,986,783
185,185,5,1,20,1,2,2,996,765,234,23,91,Neuhausen-Steinegg,0.16833030852994554,0.3335481099656357,,,1230,788
186,186,5,1,20,1,2,3,1239,765,47,23,96,(DE),0.1909407138535995,0.3335481099656357,,,1286,788
187,187,2,1,21,0,0,0,862,828,571,124,-1,,0.1735480943738657,0.38230240549828176,,,1433,952
188,188,3,1,21,1,0,0,862,828,571,124,-1,,0.1735480943738657,0.38230240549828176,,,1433,952
189,189,4,1,21,1,1,0,862,828,387,26,-1,,0.15963399879007864,0.36125429553264604,,,1249,854
190,190,5,1,21,1,1,1,862,828,44,26,92,(74),0.1336963097398669,0.36125429553264604,,,906,854
191,191,5,1,21,1,1,2,921,830,97,18,91,Vertreter:,0.14662734422262552,0.3603951890034364,,,1018,848
192,192,5,1,21,1,1,3,1027,830,90,22,96,"Wacker,",0.16212946158499697,0.36125429553264604,representative_line_1_eu,"Wacker,",1117,852
193,193,5,1,21,1,1,4,1126,830,49,18,96,Jost,0.17400181488203267,0.3603951890034364,representative_line_1_eu,Jost,1175,848
194,194,5,1,21,1,1,5,1182,830,67,18,96,Oliver,0.183832425892317,0.3603951890034364,representative_line_1_eu,Oliver,1249,848
195,195,4,1,21,1,2,0,922,863,511,18,-1,,0.1780852994555354,0.3745704467353952,,,1433,881
196,196,5,1,21,1,2,1,922,863,48,18,96,Jost,0.14307320024198428,0.3745704467353952,,,970,881
197,197,5,1,21,1,2,2,977,863,74,18,93,Wacker,0.15335753176043557,0.3745704467353952,,,1051,881
198,198,5,1,21,1,2,3,1054,863,137,18,91,Patent-und,0.16976709013914096,0.3745704467353952,,,1191,881
199,199,5,1,21,1,2,4,1202,863,231,18,90,Markenrechtskanzlei,0.19925892316999394,0.3745704467353952,,,1433,881
200,200,4,1,21,1,3,0,922,895,264,19,-1,,0.15940713853599517,0.38853092783505155,,,1186,914
201,201,5,1,21,1,3,1,922,895,219,19,36,SchwarzwaldstraBe,0.1560042347247429,0.38853092783505155,,,1141,914
202,202,5,1,21,1,3,2,1150,896,12,18,86,7,0.17483363581367212,0.38874570446735396,,,1162,914
203,203,5,1,21,1,3,3,1169,895,17,19,86,A,0.1780852994555354,0.38853092783505155,,,1186,914
204,204,4,1,21,1,4,0,922,929,242,23,-1,,0.15774349667271628,0.40399484536082475,,,1164,952
205,205,5,1,21,1,4,1,922,929,64,18,96,75173,0.1442831215970962,0.4029209621993127,,,986,947
206,206,5,1,21,1,4,2,996,929,112,18,95,Pforzheim,0.15910465819721717,0.4029209621993127,,,1108,947
207,207,5,1,21,1,4,3,1117,929,47,23,96,(DE),0.17248941318814276,0.40399484536082475,,,1164,952
208,208,2,1,22,0,0,0,224,978,1243,8,-1,,0.1278735632183908,0.4218213058419244,,,1467,986
209,209,3,1,22,1,0,0,224,978,1243,8,-1,,0.1278735632183908,0.4218213058419244,,,1467,986
210,210,4,1,22,1,1,0,224,978,1243,8,-1,,0.1278735632183908,0.4218213058419244,,,1467,986
211,211,5,1,22,1,1,1,224,978,1243,8,95, ,0.1278735632183908,0.4218213058419244,,,1467,986
212,212,2,1,23,0,0,0,225,1001,45,26,-1,,0.037431941923774956,0.43556701030927836,,,270,1027
213,213,3,1,23,1,0,0,225,1001,45,26,-1,,0.037431941923774956,0.43556701030927836,,,270,1027
214,214,4,1,23,1,1,0,225,1001,45,26,-1,,0.037431941923774956,0.43556701030927836,,,270,1027
215,215,5,1,23,1,1,1,225,1001,45,26,96,(54),0.037431941923774956,0.43556701030927836,,,270,1027
216,216,2,1,24,0,0,0,224,1075,583,222,-1,,0.0779643073200242,0.5094501718213058,,,807,1297
217,217,3,1,24,1,0,0,224,1075,583,222,-1,,0.0779643073200242,0.5094501718213058,,,807,1297
218,218,4,1,24,1,1,0,225,1075,582,26,-1,,0.0780399274047187,0.46735395189003437,,,807,1101
219,219,5,1,24,1,1,1,225,1075,45,26,88,(57),0.037431941923774956,0.46735395189003437,,,270,1101
220,220,5,1,24,1,1,2,0,0,1653,2328,40,‚Äî,0.125,0.5,,,1653,2328
221,221,5,1,24,1,1,3,316,1077,45,18,93,Eine,0.05119479733817302,0.46649484536082475,,,361,1095
222,222,5,1,24,1,1,4,369,1077,232,18,87,Aufnahmemanschette,0.07335148215366001,0.46649484536082475,,,601,1095
223,223,5,1,24,1,1,5,609,1077,33,23,96,(18),0.09460072595281306,0.4675687285223368,,,642,1100
224,224,5,1,24,1,1,6,643,1077,42,23,54,fur,0.10042347247428918,0.4675687285223368,,,685,1100
225,225,5,1,24,1,1,7,693,1077,30,18,93,die,0.10707803992740472,0.46649484536082475,,,723,1095
226,226,5,1,24,1,1,8,731,1077,76,18,92,Anbrin-,0.1163036902601331,0.46649484536082475,,,807,1095
227,227,4,1,24,1,2,0,225,1109,582,23,-1,,0.0780399274047187,0.48131443298969073,,,807,1132
228,228,5,1,24,1,2,1,225,1114,51,18,92,gung,0.03788566243194193,0.48238831615120276,,,276,1132
229,229,5,1,24,1,2,2,286,1114,24,14,96,an,0.04506957047791894,0.48152920962199314,,,310,1128
230,230,5,1,24,1,2,3,322,1109,62,19,93,einem,0.05338777979431337,0.4804553264604811,,,384,1128
231,231,5,1,24,1,2,4,396,1109,135,23,92,Schutzanzug,0.07009981851179674,0.48131443298969073,,,531,1132
232,232,5,1,24,1,2,5,542,1109,32,23,96,"(2),",0.08439201451905626,0.48131443298969073,,,574,1132
233,233,5,1,24,1,2,6,585,1109,35,19,93,wie,0.0911222020568663,0.4804553264604811,,,620,1128
234,234,5,1,24,1,2,7,631,1109,141,19,91,insbesondere,0.10609497882637628,0.4804553264604811,,,772,1128
235,235,5,1,24,1,2,8,782,1109,25,19,92,ei-,0.12016031457955233,0.4804553264604811,,,807,1128
236,236,4,1,24,1,3,0,226,1142,581,23,-1,,0.07811554748941318,0.4954896907216495,,,807,1165
237,237,5,1,24,1,3,1,226,1147,43,13,93,nem,0.037431941923774956,0.4954896907216495,,,269,1160
238,238,5,1,24,1,3,2,280,1142,74,22,91,"Brand-,",0.04794313369630974,0.4952749140893471,,,354,1164
239,239,5,1,24,1,3,3,366,1142,60,18,92,Hitze-,0.05989110707803993,0.4944158075601375,,,426,1160
240,240,5,1,24,1,3,4,435,1142,47,18,91,oder,0.06934361766485178,0.4944158075601375,,,482,1160
241,241,5,1,24,1,3,5,491,1142,214,23,90,Chemieschutzanzug,0.09044162129461585,0.4954896907216495,,,705,1165
242,242,5,1,24,1,3,6,714,1142,54,18,92,weist,0.11206896551724138,0.4944158075601375,,,768,1160
243,243,5,1,24,1,3,7,776,1142,31,18,96,ein,0.11970659407138536,0.4944158075601375,,,807,1160
244,244,4,1,24,1,4,0,224,1175,582,24,-1,,0.0778886872353297,0.5098797250859106,,,806,1199
245,245,5,1,24,1,4,1,224,1175,222,24,91,Armschlingenelement,0.05066545674531155,0.5098797250859106,,,446,1199
246,246,5,1,24,1,4,2,448,1175,54,24,96,(20),0.07183908045977011,0.5098797250859106,,,502,1199
247,247,5,1,24,1,4,3,510,1175,28,19,68,fiir,0.07924984875983061,0.5088058419243986,,,538,1194
248,248,5,1,24,1,4,4,545,1175,31,19,93,die,0.08477011494252873,0.5088058419243986,,,576,1194
249,249,5,1,24,1,4,5,586,1175,115,24,92,Festlegung,0.09732304900181488,0.5098797250859106,,,701,1199
250,250,5,1,24,1,4,6,710,1180,25,14,96,an,0.10927102238354507,0.5098797250859106,,,735,1194
251,251,5,1,24,1,4,7,743,1175,63,19,96,einem,0.11713551119177254,0.5088058419243986,,,806,1194
252,252,4,1,24,1,5,0,224,1204,583,27,-1,,0.0779643073200242,0.5229810996563574,,,807,1231
253,253,5,1,24,1,5,1,224,1204,56,23,93,Armel,0.038112522686025406,0.5221219931271478,,,280,1227
254,254,5,1,24,1,5,2,283,1208,37,23,96,(6),0.0455989110707804,0.523840206185567,,,320,1231
255,255,5,1,24,1,5,3,327,1208,38,19,93,des,0.05232909860859044,0.5229810996563574,,,365,1227
256,256,5,1,24,1,5,4,373,1208,161,23,92,Schutzanzuges,0.06858741681790684,0.523840206185567,,,534,1231
257,257,5,1,24,1,5,5,541,1208,27,23,96,(2),0.0838626739261948,0.523840206185567,,,568,1231
258,258,5,1,24,1,5,6,577,1208,36,19,96,und,0.08998790078644887,0.5229810996563574,,,613,1227
259,259,5,1,24,1,5,7,621,1208,43,19,93,eine,0.09717180883242589,0.5229810996563574,,,664,1227
260,260,5,1,24,1,5,8,671,1208,136,19,91,Aufnahmeta-,0.1117664851784634,0.5229810996563574,,,807,1227
261,261,4,1,24,1,6,0,225,1241,582,23,-1,,0.0780399274047187,0.5380154639175257,,,807,1264
262,262,5,1,24,1,6,1,225,1241,34,18,96,sche,0.03660012099213551,0.5369415807560137,,,259,1259
263,263,5,1,24,1,6,2,262,1241,49,23,95,(22),0.04333030852994555,0.5380154639175257,,,311,1264
264,264,5,1,24,1,6,3,313,1241,40,23,32,fur,0.050362976406533574,0.5380154639175257,,,353,1264
265,265,5,1,24,1,6,4,357,1241,30,18,90,die,0.056261343012704176,0.5369415807560137,,,387,1259
266,266,5,1,24,1,6,5,392,1241,94,18,91,Aufnahme,0.06639443436176648,0.5369415807560137,,,486,1259
267,267,5,1,24,1,6,6,488,1241,60,18,93,eines,0.07834240774349667,0.5369415807560137,,,548,1259
268,268,5,1,24,1,6,7,550,1241,168,18,92,elektronischen,0.09588626739261948,0.5369415807560137,,,718,1259
269,269,5,1,24,1,6,8,724,1241,83,18,88,Gerates,0.11577434966727163,0.5369415807560137,,,807,1259
270,270,4,1,24,1,7,0,225,1274,582,23,-1,,0.0780399274047187,0.5521907216494846,,,807,1297
271,271,5,1,24,1,7,1,225,1274,40,23,96,(24),0.03705384150030248,0.5521907216494846,,,265,1297
272,272,5,1,24,1,7,2,276,1274,37,21,93,"auf,",0.04454022988505747,0.5517611683848798,,,313,1295
273,273,5,1,24,1,7,3,323,1274,61,18,92,wobei,0.05346339987900786,0.5511168384879725,,,384,1292
274,274,5,1,24,1,7,4,394,1274,31,18,93,die,0.061932849364791286,0.5511168384879725,,,425,1292
275,275,5,1,24,1,7,5,434,1274,232,18,80,Aufnahmemanschette,0.08318209316394434,0.5511168384879725,,,666,1292
276,276,5,1,24,1,7,6,676,1274,40,23,93,(18),0.10526315789473684,0.5521907216494846,,,716,1297
277,277,5,1,24,1,7,7,725,1274,82,23,92,wenigs-,0.11584996975196613,0.5521907216494846,,,807,1297
278,278,2,1,25,0,0,0,238,1374,86,39,-1,,0.04249848759830611,0.5985824742268041,,,324,1413
279,279,3,1,25,1,0,0,238,1374,86,39,-1,,0.04249848759830611,0.5985824742268041,,,324,1413
280,280,4,1,25,1,1,0,238,1374,86,39,-1,,0.04249848759830611,0.5985824742268041,,,324,1413
281,281,5,1,25,1,1,1,238,1374,57,39,85,Fig.,0.04030550514216576,0.5985824742268041,,,295,1413
282,282,5,1,25,1,1,2,306,1374,18,31,96,2,0.04764065335753176,0.5968642611683849,,,324,1405
283,283,2,1,26,0,0,0,315,996,694,26,-1,,0.10012099213551119,0.4334192439862543,,,1009,1022
284,284,3,1,26,1,0,0,315,996,694,26,-1,,0.10012099213551119,0.4334192439862543,,,1009,1022
285,285,4,1,26,1,1,0,315,996,694,26,-1,,0.10012099213551119,0.4334192439862543,,,1009,1022
286,286,5,1,26,1,1,1,315,1001,318,21,91,AUFNAHMEMANSCHETTE,0.07168784029038112,0.43449312714776633,title_line_1,AUFNAHMEMANSCHETTE,633,1022
287,287,5,1,26,1,1,2,635,996,77,26,92,FUR,0.10186025408348458,0.4334192439862543,title_line_1,F‚àö√∫R,712,1022
288,288,5,1,26,1,1,3,722,1001,78,20,90,EINEN,0.11509376890502117,0.43427835051546393,title_line_1,EINEN,800,1021
289,289,5,1,26,1,1,4,810,1001,199,21,91,SCHUTZANZUG,0.13755293405928615,0.43449312714776633,title_line_1,SCHUTZANZUG,1009,1022
290,290,2,1,27,0,0,0,884,1077,582,187,-1,,0.17770719903206292,0.5027920962199313,,,1466,1264
291,291,3,1,27,1,0,0,884,1077,582,187,-1,,0.17770719903206292,0.5027920962199313,,,1466,1264
292,292,4,1,27,1,1,0,884,1077,582,23,-1,,0.17770719903206292,0.4675687285223368,,,1466,1100
293,293,5,1,27,1,1,1,884,1077,44,18,96,tens,0.13702359346642468,0.46649484536082475,,,928,1095
294,294,5,1,27,1,1,2,938,1077,30,18,93,ein,0.1441318814277072,0.46649484536082475,,,968,1095
295,295,5,1,27,1,1,3,980,1077,155,18,91,Schutzmaterial,0.1599364791288566,0.46649484536082475,,,1135,1095
296,296,5,1,27,1,1,4,1146,1077,41,23,93,(28),0.1764216575922565,0.4675687285223368,,,1187,1100
297,297,5,1,27,1,1,5,1198,1077,91,21,92,"aufweist,",0.1880671506352087,0.46713917525773196,,,1289,1098
298,298,5,1,27,1,1,6,1300,1077,38,18,93,das,0.19948578342407744,0.46649484536082475,,,1338,1095
299,299,5,1,27,1,1,7,1348,1077,118,23,91,wenigstens,0.21279491833030853,0.4675687285223368,,,1466,1100
300,300,4,1,27,1,2,0,884,1109,581,23,-1,,0.17763157894736842,0.48131443298969073,,,1465,1132
301,301,5,1,27,1,2,1,884,1114,23,14,95,zu,0.1354355716878403,0.48152920962199314,,,907,1128
302,302,5,1,27,1,2,2,916,1109,53,19,93,einer,0.1425438596491228,0.4804553264604811,,,969,1128
303,303,5,1,27,1,2,3,976,1109,120,19,86,AuRenseite,0.15668481548699334,0.4804553264604811,,,1096,1128
304,304,5,1,27,1,2,4,1105,1109,34,19,92,der,0.16969147005444646,0.4804553264604811,,,1139,1128
305,305,5,1,27,1,2,5,1146,1109,231,19,92,Aufnahmemanschette,0.19078947368421054,0.4804553264604811,,,1377,1128
306,306,5,1,27,1,2,6,1387,1109,39,23,96,(18),0.21271929824561403,0.48131443298969073,,,1426,1132
307,307,5,1,27,1,2,7,1437,1109,28,19,96,hin,0.21944948578342408,0.4804553264604811,,,1465,1128
308,308,4,1,27,1,3,0,884,1142,581,23,-1,,0.17763157894736842,0.4954896907216495,,,1465,1165
309,309,5,1,27,1,3,1,884,1142,43,18,93,eine,0.13694797338173018,0.4944158075601375,,,927,1160
310,310,5,1,27,1,3,2,933,1142,131,23,92,geschlossene,0.15101330913490624,0.4954896907216495,,,1064,1165
311,311,5,1,27,1,3,3,1066,1142,89,18,92,Barriere,0.16795220810647307,0.4944158075601375,,,1155,1160
312,312,5,1,27,1,3,4,1156,1142,79,18,92,bildet.,0.18080762250453722,0.4944158075601375,,,1235,1160
313,313,5,1,27,1,3,5,1242,1142,59,18,92,Dabei,0.19230187537810042,0.4944158075601375,,,1301,1160
314,314,5,1,27,1,3,6,1309,1142,22,18,93,ist,0.1996370235934664,0.4944158075601375,,,1331,1160
315,315,5,1,27,1,3,7,1336,1142,129,23,91,"vorgesehen,",0.2118118572292801,0.4954896907216495,,,1465,1165
316,316,4,1,27,1,4,0,884,1175,582,24,-1,,0.17770719903206292,0.5098797250859106,,,1466,1199
317,317,5,1,27,1,4,1,884,1175,49,19,93,dass,0.13740169388989715,0.5088058419243986,,,933,1194
318,318,5,1,27,1,4,2,938,1175,119,24,92,wenigstens,0.15086206896551724,0.5098797250859106,,,1057,1199
319,319,5,1,27,1,4,3,1063,1175,43,19,93,eine,0.16401996370235936,0.5088058419243986,,,1106,1194
320,320,5,1,27,1,4,4,1112,1175,166,19,91,Sensoraufnahme,0.18073200241984272,0.5088058419243986,,,1278,1194
321,321,5,1,27,1,4,5,1280,1175,51,24,96,(40),0.19744404113732608,0.5098797250859106,,,1331,1199
322,322,5,1,27,1,4,6,1333,1175,39,24,92,fiir,0.2045523290986086,0.5098797250859106,,,1372,1199
323,323,5,1,27,1,4,7,1377,1175,30,19,93,die,0.21052631578947367,0.5088058419243986,,,1407,1194
324,324,5,1,27,1,4,8,1415,1175,51,19,91,Fest-,0.2178614640048397,0.5088058419243986,,,1466,1194
325,325,4,1,27,1,5,0,885,1208,581,23,-1,,0.17778281911675742,0.523840206185567,,,1466,1231
326,326,5,1,27,1,5,1,885,1208,68,23,93,legung,0.13898971566848156,0.523840206185567,,,953,1231
327,327,5,1,27,1,5,2,962,1208,51,19,96,einer,0.14934966727162735,0.5229810996563574,,,1013,1227
328,328,5,1,27,1,5,3,1021,1208,30,19,96,mit,0.15668481548699334,0.5229810996563574,,,1051,1227
329,329,5,1,27,1,5,4,1057,1208,44,19,93,dem,0.1631881427707199,0.5229810996563574,,,1101,1227
330,330,5,1,27,1,5,5,1109,1208,152,19,91,elektronischen,0.1792196007259528,0.5229810996563574,,,1261,1227
331,331,5,1,27,1,5,6,1269,1208,59,19,85,Gerat,0.19638535995160314,0.5229810996563574,,,1328,1227
332,332,5,1,27,1,5,7,1334,1208,40,23,93,(24),0.20477918935269207,0.523840206185567,,,1374,1231
333,333,5,1,27,1,5,8,1381,1208,85,19,93,verbind-,0.21529038112522686,0.5229810996563574,,,1466,1227
334,334,4,1,27,1,6,0,885,1241,474,23,-1,,0.16969147005444646,0.5380154639175257,,,1359,1264
335,335,5,1,27,1,6,1,885,1241,57,18,92,baren,0.13815789473684212,0.5369415807560137,,,942,1259
336,336,5,1,27,1,6,2,952,1241,190,23,92,Sensoreinrichtung,0.15834845735027223,0.5380154639175257,,,1142,1264
337,337,5,1,27,1,6,3,1151,1241,40,23,93,(42),0.17710223835450695,0.5380154639175257,,,1191,1264
338,338,5,1,27,1,6,4,1200,1241,110,23,92,vorgesehen,0.1898064125831821,0.5380154639175257,,,1310,1264
339,339,5,1,27,1,6,5,1313,1241,46,18,96,ist.,0.20205686630369027,0.5369415807560137,,,1359,1259
340,340,2,1,28,0,0,0,483,1394,965,776,-1,,0.14602238354506958,0.7654639175257731,,,1448,2170
341,341,3,1,28,1,0,0,483,1394,965,776,-1,,0.14602238354506958,0.7654639175257731,,,1448,2170
342,342,4,1,28,1,1,0,483,1394,965,776,-1,,0.14602238354506958,0.7654639175257731,,,1448,2170
343,343,5,1,28,1,1,1,483,1394,965,776,95, ,0.14602238354506958,0.7654639175257731,,,1448,2170
344,344,2,1,29,0,0,0,716,2270,259,16,-1,,0.1278735632183908,0.9785223367697594,,,975,2286
345,345,3,1,29,1,0,0,716,2270,259,16,-1,,0.1278735632183908,0.9785223367697594,,,975,2286
346,346,4,1,29,1,1,0,716,2270,259,16,-1,,0.1278735632183908,0.9785223367697594,,,975,2286
347,347,5,1,29,1,1,1,716,2270,49,12,96,Printed,0.11199334543254688,0.9776632302405498,,,765,2282
348,348,5,1,29,1,1,2,771,2270,15,16,96,by,0.1177404718693285,0.9785223367697594,,,786,2286
349,349,5,1,29,1,1,3,792,2270,45,14,96,"Jouve,",0.12318511796733213,0.9780927835051546,,,837,2284
350,350,5,1,29,1,1,4,843,2270,41,12,96,75001,0.13059588626739263,0.9776632302405498,,,884,2282
351,351,5,1,29,1,1,5,893,2270,46,12,96,PARIS,0.1385359951603146,0.9776632302405498,,,939,2282
352,352,5,1,29,1,1,6,945,2270,30,16,95,(FR),0.14519056261343014,0.9785223367697594,,,975,2286
