,Unnamed: 0,level,page_num,block_num,par_num,line_num,word_num,left,top,width,height,conf,text,x,y,label,target,right,bottom
0,0,1,1,0,0,0,0,0,0,1653,2328,-1,,0.125,0.5,,,1653,2328
1,1,2,1,1,0,0,0,144,1905,31,328,-1,,0.02412280701754386,0.8887457044673539,,,175,2233
2,2,3,1,1,1,0,0,144,1905,31,328,-1,,0.02412280701754386,0.8887457044673539,,,175,2233
3,3,4,1,1,1,1,0,144,1905,31,328,-1,,0.02412280701754386,0.8887457044673539,,,175,2233
4,4,5,1,1,1,1,1,144,2179,30,54,96,EP,0.024047186932849365,0.947594501718213,,,174,2233
5,5,5,1,1,1,1,2,144,2142,31,21,96,3,0.02412280701754386,0.9246134020618557,,,175,2163
6,6,5,1,1,1,1,3,144,2055,31,71,95,402,0.02412280701754386,0.8979810996563574,,,175,2126
7,7,5,1,1,1,1,4,144,1969,31,70,88,302,0.02412280701754386,0.8608247422680413,,,175,2039
8,8,5,1,1,1,1,5,144,1905,30,50,88,A1,0.024047186932849365,0.8290378006872853,,,174,1955
9,9,2,1,2,0,0,0,429,153,88,28,-1,,0.07153660012099214,0.07173539518900343,,,517,181
10,10,3,1,2,1,0,0,429,153,88,28,-1,,0.07153660012099214,0.07173539518900343,,,517,181
11,11,4,1,2,1,1,0,429,153,88,16,-1,,0.07153660012099214,0.06915807560137457,,,517,169
12,12,5,1,2,1,1,1,429,153,88,16,84,Europaisches,0.07153660012099214,0.06915807560137457,,,517,169
13,13,4,1,2,1,2,0,429,170,71,11,-1,,0.07025105868118572,0.07538659793814433,,,500,181
14,14,5,1,2,1,2,1,429,170,71,11,96,Patentamt,0.07025105868118572,0.07538659793814433,,,500,181
15,15,2,1,3,0,0,0,429,196,89,28,-1,,0.07161222020568662,0.09020618556701031,,,518,224
16,16,3,1,3,1,0,0,429,196,89,28,-1,,0.07161222020568662,0.09020618556701031,,,518,224
17,17,4,1,3,1,1,0,429,196,63,15,-1,,0.06964609800362977,0.08741408934707903,,,492,211
18,18,5,1,3,1,1,1,429,196,63,15,95,European,0.06964609800362977,0.08741408934707903,,,492,211
19,19,4,1,3,1,2,0,429,212,89,12,-1,,0.07161222020568662,0.0936426116838488,,,518,224
20,20,5,1,3,1,2,1,429,213,43,11,96,Patent,0.06813369630973987,0.0938573883161512,,,472,224
21,21,5,1,3,1,2,2,478,212,40,12,90,Office,0.07531760435571688,0.0936426116838488,,,518,224
22,22,2,1,4,0,0,0,429,239,109,28,-1,,0.07312462189957653,0.10867697594501718,,,538,267
23,23,3,1,4,1,0,0,429,239,109,28,-1,,0.07312462189957653,0.10867697594501718,,,538,267
24,24,4,1,4,1,1,0,429,239,109,15,-1,,0.07312462189957653,0.10588487972508591,,,538,254
25,25,5,1,4,1,1,1,429,239,40,12,93,Office,0.06790683605565638,0.1052405498281787,,,469,251
26,26,5,1,4,1,1,2,474,239,64,15,93,europ√©en,0.0765275257108288,0.10588487972508591,,,538,254
27,27,4,1,4,1,2,0,429,255,77,12,-1,,0.0707047791893527,0.11211340206185567,,,506,267
28,28,5,1,4,1,2,1,429,255,22,12,95,des,0.06654567453115548,0.11211340206185567,,,451,267
29,29,5,1,4,1,2,2,457,255,49,12,82,brevets,0.07282214156079855,0.11211340206185567,,,506,267
30,30,2,1,5,0,0,0,281,136,274,150,-1,,0.06321839080459771,0.09063573883161512,,,555,286
31,31,3,1,5,1,0,0,281,136,274,150,-1,,0.06321839080459771,0.09063573883161512,,,555,286
32,32,4,1,5,1,1,0,281,136,274,150,-1,,0.06321839080459771,0.09063573883161512,,,555,286
33,33,5,1,5,1,1,1,281,136,274,150,95, ,0.06321839080459771,0.09063573883161512,,,555,286
34,34,2,1,6,0,0,0,1002,245,458,38,-1,,0.18617664851784635,0.1134020618556701,,,1460,283
35,35,3,1,6,1,0,0,1002,245,458,38,-1,,0.18617664851784635,0.1134020618556701,,,1460,283
36,36,4,1,6,1,1,0,1002,245,458,38,-1,,0.18617664851784635,0.1134020618556701,,,1460,283
37,37,5,1,6,1,1,1,1002,256,44,27,74,(11),0.15486993345432548,0.11576460481099657,,,1046,283
38,38,5,1,6,1,1,2,1146,245,52,32,95,EP,0.17725347852389595,0.11211340206185567,number,EP,1198,277
39,39,5,1,6,1,1,3,1214,245,20,32,95,3,0.1851179673321234,0.11211340206185567,number,3,1234,277
40,40,5,1,6,1,1,4,1248,245,69,32,95,402,0.1939655172413793,0.11211340206185567,number,402,1317,277
41,41,5,1,6,1,1,5,1332,245,67,32,91,302,0.20651845130066546,0.11211340206185567,number,302,1399,277
42,42,5,1,6,1,1,6,1413,245,47,32,88,A1,0.21725650332728372,0.11211340206185567,number,A1,1460,277
43,43,2,1,7,0,0,0,224,612,1243,6,-1,,0.1278735632183908,0.26417525773195877,,,1467,618
44,44,3,1,7,1,0,0,224,612,1243,6,-1,,0.1278735632183908,0.26417525773195877,,,1467,618
45,45,4,1,7,1,1,0,224,612,1243,6,-1,,0.1278735632183908,0.26417525773195877,,,1467,618
46,46,5,1,7,1,1,1,224,612,1243,6,95, ,0.1278735632183908,0.26417525773195877,,,1467,618
47,47,2,1,8,0,0,0,225,319,1172,339,-1,,0.12265577737447066,0.20983676975945018,,,1397,658
48,48,3,1,8,1,0,0,225,319,1172,339,-1,,0.12265577737447066,0.20983676975945018,,,1397,658
49,49,4,1,8,1,1,0,225,319,889,31,-1,,0.10125529340592862,0.14368556701030927,,,1114,350
50,50,5,1,8,1,1,1,225,324,45,26,96,(12),0.037431941923774956,0.14475945017182132,,,270,350
51,51,5,1,8,1,1,2,577,319,156,26,96,EUROPEAN,0.09906231094978826,0.14261168384879724,,,733,345
52,52,5,1,8,1,1,3,735,320,156,24,95,PATENT,0.12295825771324864,0.14261168384879724,,,891,344
53,53,5,1,8,1,1,4,901,319,213,26,96,APPLICATION,0.15237447065940715,0.14261168384879724,,,1114,345
54,54,4,1,8,1,2,0,225,395,763,26,-1,,0.09172716273442226,0.17525773195876287,,,988,421
55,55,5,1,8,1,2,1,225,395,45,26,96,(43),0.037431941923774956,0.17525773195876287,,,270,421
56,56,5,1,8,1,2,2,286,397,48,18,96,Date,0.04688445251058681,0.17439862542955326,,,334,415
57,57,5,1,8,1,2,3,342,397,20,18,97,of,0.05323653962492438,0.17439862542955326,,,362,415
58,58,5,1,8,1,2,4,370,397,117,23,96,publication:,0.0648064125831821,0.17547250859106528,,,487,420
59,59,5,1,8,1,2,5,862,395,44,26,67,(51),0.1336963097398669,0.17525773195876287,,,906,421
60,60,5,1,8,1,2,6,923,397,25,18,93,Int,0.1414851784633999,0.17439862542955326,,,948,415
61,61,5,1,8,1,2,7,955,397,33,18,65,Cl:,0.14692982456140352,0.17439862542955326,,,988,415
62,62,4,1,8,1,3,0,287,425,1110,23,-1,,0.12734422262552933,0.1875,,,1397,448
63,63,5,1,8,1,3,1,287,430,116,18,94,14.11.2018,0.052177858439201454,0.18857388316151202,publication_date,14.11.2018,403,448
64,64,5,1,8,1,3,2,426,430,84,18,96,Bulletin,0.07078039927404718,0.18857388316151202,,,510,448
65,65,5,1,8,1,3,3,519,430,84,18,96,2018/46,0.08484573502722323,0.18857388316151202,,,603,448
66,66,5,1,8,1,3,4,922,428,68,18,78,HO4W,0.14458560193587416,0.1877147766323024,class_international,H04W,990,446
67,67,5,1,8,1,3,5,996,428,58,18,91,76/15,0.15502117362371445,0.1877147766323024,class_international,76/15,1054,446
68,68,5,1,8,1,3,6,1059,425,67,16,84,(2078.01),0.16522988505747127,0.18599656357388317,,,1126,441
69,69,5,1,8,1,3,7,1193,428,68,18,89,HO4W,0.18557168784029038,0.1877147766323024,,,1261,446
70,70,5,1,8,1,3,8,1267,428,58,18,95,76/28,0.19600725952813067,0.1877147766323024,,,1325,446
71,71,5,1,8,1,3,9,1330,425,67,16,86,(2078.01),0.20621597096188748,0.18599656357388317,,,1397,441
72,72,4,1,8,1,4,0,922,455,204,21,-1,,0.15486993345432548,0.19995704467353953,,,1126,476
73,73,5,1,8,1,4,1,922,458,68,18,84,HOAW,0.14458560193587416,0.20060137457044674,,,990,476
74,74,5,1,8,1,4,2,996,458,57,18,74,84/04,0.15494555353901995,0.20060137457044674,,,1053,476
75,75,5,1,8,1,4,3,1059,455,67,16,71,(200801),0.16522988505747127,0.19888316151202748,,,1126,471
76,76,4,1,8,1,5,0,225,493,402,26,-1,,0.06442831215970962,0.21735395189003437,,,627,519
77,77,5,1,8,1,5,1,225,493,45,26,95,(21),0.037431941923774956,0.21735395189003437,,,270,519
78,78,5,1,8,1,5,2,285,495,115,23,96,Application,0.051799758015728975,0.21756872852233677,,,400,518
79,79,5,1,8,1,5,3,410,495,83,18,93,number:,0.06828493647912885,0.21649484536082475,,,493,513
80,80,5,1,8,1,5,4,505,495,122,18,90,18181324.7,0.08560193587416817,0.21649484536082475,application_number,18181324.7,627,513
81,81,4,1,8,1,6,0,225,559,325,26,-1,,0.05860556563823351,0.24570446735395188,,,550,585
82,82,5,1,8,1,6,1,225,559,45,26,96,(22),0.037431941923774956,0.24570446735395188,,,270,585
83,83,5,1,8,1,6,2,286,561,48,18,96,Date,0.04688445251058681,0.24484536082474226,,,334,579
84,84,5,1,8,1,6,3,342,566,12,13,96,of,0.05263157894736842,0.24591924398625428,,,354,579
85,85,5,1,8,1,6,4,355,561,67,23,94,filing:,0.058756805807622506,0.24591924398625428,,,422,584
86,86,5,1,8,1,6,5,432,561,118,18,94,06.01.2015,0.07425892316999395,0.24484536082474226,filing_date,06.01.2015,550,579
87,87,4,1,8,1,7,0,225,631,826,27,-1,,0.09649122807017543,0.2768470790378007,,,1051,658
88,88,5,1,8,1,7,1,225,631,45,27,96,(84),0.037431941923774956,0.2768470790378007,,,270,658
89,89,5,1,8,1,7,2,286,633,118,23,96,Designated,0.052177858439201454,0.2768470790378007,,,404,656
90,90,5,1,8,1,7,3,413,633,119,23,96,Contracting,0.07146098003629764,0.2768470790378007,,,532,656
91,91,5,1,8,1,7,4,542,633,71,19,96,States:,0.08734119782214156,0.2759879725085911,,,613,652
92,92,5,1,8,1,7,5,898,639,7,7,46,*,0.13634301270417423,0.2759879725085911,,,905,646
93,93,5,1,8,1,7,6,923,633,50,19,96,"KOC,",0.14337568058076225,0.2759879725085911,,,973,652
94,94,5,1,8,1,7,7,976,633,47,23,93,"Ali,",0.1511645493042952,0.2768470790378007,,,1023,656
95,95,5,1,8,1,7,8,1031,633,20,19,92,T.,0.15744101633393828,0.2759879725085911,,,1051,652
96,96,2,1,9,0,0,0,285,666,539,84,-1,,0.0838626739261948,0.30412371134020616,,,824,750
97,97,3,1,9,1,0,0,285,666,539,84,-1,,0.0838626739261948,0.30412371134020616,,,824,750
98,98,4,1,9,1,1,0,285,666,537,18,-1,,0.08371143375680581,0.28994845360824745,,,822,684
99,99,5,1,9,1,1,1,285,666,31,18,95,AL,0.04544767090139141,0.28994845360824745,,,316,684
100,100,5,1,9,1,1,2,323,666,31,18,96,AT,0.05119479733817302,0.28994845360824745,,,354,684
101,101,5,1,9,1,1,3,363,666,30,18,96,BE,0.05716878402903811,0.28994845360824745,,,393,684
102,102,5,1,9,1,1,4,403,666,32,18,95,BG,0.0633696309739867,0.28994845360824745,,,435,684
103,103,5,1,9,1,1,5,445,666,31,18,95,CH,0.06964609800362977,0.28994845360824745,,,476,684
104,104,5,1,9,1,1,6,486,666,32,18,96,CY,0.07592256503327284,0.28994845360824745,,,518,684
105,105,5,1,9,1,1,7,526,666,30,18,95,CZ,0.08182093163944344,0.28994845360824745,,,556,684
106,106,5,1,9,1,1,8,565,666,30,18,95,DE,0.08771929824561403,0.28994845360824745,,,595,684
107,107,5,1,9,1,1,9,605,666,32,18,77,DK,0.09392014519056262,0.28994845360824745,,,637,684
108,108,5,1,9,1,1,10,646,666,29,18,77,EE,0.0998941318814277,0.28994845360824745,,,675,684
109,109,5,1,9,1,1,11,684,666,29,18,93,ES,0.10564125831820932,0.28994845360824745,,,713,684
110,110,5,1,9,1,1,12,723,666,57,18,89,FIFR,0.11365698729582577,0.28994845360824745,,,780,684
111,111,5,1,9,1,1,13,788,666,34,18,96,GB,0.12174833635813673,0.28994845360824745,,,822,684
112,112,4,1,9,1,2,0,285,699,539,18,-1,,0.0838626739261948,0.30412371134020616,,,824,717
113,113,5,1,9,1,2,1,285,699,35,18,93,GR,0.04575015124016939,0.30412371134020616,,,320,717
114,114,5,1,9,1,2,2,328,699,32,18,92,HR,0.05202661826981246,0.30412371134020616,,,360,717
115,115,5,1,9,1,2,3,368,699,31,18,11,HU,0.058000604960677556,0.30412371134020616,,,399,717
116,116,5,1,9,1,2,4,408,699,20,18,11,IE,0.06321839080459771,0.30412371134020616,,,428,717
117,117,5,1,9,1,2,5,436,699,20,18,30,IS,0.06745311554748941,0.30412371134020616,,,456,717
118,118,5,1,9,1,2,6,464,699,20,18,30,IT,0.07168784029038112,0.30412371134020616,,,484,717
119,119,5,1,9,1,2,7,492,699,54,18,61,LILT,0.07849364791288566,0.30412371134020616,,,546,717
120,120,5,1,9,1,2,8,554,699,28,18,25,LU,0.08590441621294616,0.30412371134020616,,,582,717
121,121,5,1,9,1,2,9,591,699,28,18,25,LV,0.09150030248033877,0.30412371134020616,,,619,717
122,122,5,1,9,1,2,10,627,699,35,18,96,MC,0.09747428917120388,0.30412371134020616,,,662,717
123,123,5,1,9,1,2,11,670,699,35,18,95,MK,0.10397761645493044,0.30412371134020616,,,705,717
124,124,5,1,9,1,2,12,713,699,32,18,92,MT,0.11025408348457351,0.30412371134020616,,,745,717
125,125,5,1,9,1,2,13,753,699,29,18,0,NL,0.11607683000604961,0.30412371134020616,,,782,717
126,126,5,1,9,1,2,14,791,699,33,18,0,NO,0.1221264367816092,0.30412371134020616,,,824,717
127,127,4,1,9,1,3,0,286,732,336,18,-1,,0.06866303690260134,0.31829896907216493,,,622,750
128,128,5,1,9,1,3,1,286,732,28,18,95,PL,0.045372050816696916,0.31829896907216493,,,314,750
129,129,5,1,9,1,3,2,323,732,29,18,89,PT,0.05104355716878403,0.31829896907216493,,,352,750
130,130,5,1,9,1,3,3,360,732,58,18,89,RORS,0.058832425892317,0.31829896907216493,,,418,750
131,131,5,1,9,1,3,4,420,732,36,18,96,SE,0.0662431941923775,0.31829896907216493,,,456,750
132,132,5,1,9,1,3,5,459,732,41,18,96,SI,0.07251966122202057,0.31829896907216493,,,500,750
133,133,5,1,9,1,3,6,510,732,31,18,92,SK,0.0794767090139141,0.31829896907216493,,,541,750
134,134,5,1,9,1,3,7,550,732,72,18,91,SMTR,0.08862673926194797,0.31829896907216493,,,622,750
135,135,2,1,10,0,0,0,225,795,513,53,-1,,0.07282214156079855,0.35287800687285226,,,738,848
136,136,3,1,10,1,0,0,225,795,513,53,-1,,0.07282214156079855,0.35287800687285226,,,738,848
137,137,4,1,10,1,1,0,225,795,513,27,-1,,0.07282214156079855,0.3472938144329897,,,738,822
138,138,5,1,10,1,1,1,225,795,45,27,96,(30),0.037431941923774956,0.3472938144329897,,,270,822
139,139,5,1,10,1,1,2,286,797,77,23,96,Priority:,0.04907743496672716,0.3472938144329897,,,363,820
140,140,5,1,10,1,1,3,383,797,119,19,96,06.01.2014,0.06692377495462795,0.34643470790378006,priority_date_eu,06.01.2014,502,816
141,141,5,1,10,1,1,4,520,797,30,19,95,US,0.0809134906231095,0.34643470790378006,,,550,816
142,142,5,1,10,1,1,5,559,797,158,19,92,201461924194,0.09649122807017543,0.34643470790378006,,,717,816
143,143,5,1,10,1,1,6,725,797,13,19,92,P,0.11063218390804598,0.34643470790378006,,,738,816
144,144,4,1,10,1,2,0,383,830,333,18,-1,,0.08310647307924984,0.3603951890034364,,,716,848
145,145,5,1,10,1,2,1,383,830,119,18,93,27.12.2014,0.06692377495462795,0.3603951890034364,,,502,848
146,146,5,1,10,1,2,2,520,830,30,18,96,US,0.0809134906231095,0.3603951890034364,,,550,848
147,147,5,1,10,1,2,3,559,830,157,18,96,201414583653,0.09641560798548095,0.3603951890034364,,,716,848
148,148,2,1,11,0,0,0,225,893,596,87,-1,,0.07909860859044163,0.4022766323024055,,,821,980
149,149,3,1,11,1,0,0,225,893,596,87,-1,,0.07909860859044163,0.4022766323024055,,,821,980
150,150,4,1,11,1,1,0,225,893,596,27,-1,,0.07909860859044163,0.3893900343642612,,,821,920
151,151,5,1,11,1,1,1,225,893,45,27,96,(62),0.037431941923774956,0.3893900343642612,,,270,920
152,152,5,1,11,1,1,2,286,895,107,19,96,Document,0.05134603750756201,0.38853092783505155,,,393,914
153,153,5,1,11,1,1,3,402,895,105,23,95,number(s),0.06873865698729582,0.3893900343642612,,,507,918
154,154,5,1,11,1,1,4,516,895,20,19,96,of,0.07955232909860858,0.38853092783505155,,,536,914
155,155,5,1,11,1,1,5,542,895,32,19,96,the,0.08439201451905626,0.38853092783505155,,,574,914
156,156,5,1,11,1,1,6,582,895,66,19,96,earlier,0.09301270417422867,0.38853092783505155,,,648,914
157,157,5,1,11,1,1,7,655,895,140,23,95,application(s),0.10964912280701754,0.3893900343642612,,,795,918
158,158,5,1,11,1,1,8,805,895,16,19,96,in,0.12295825771324864,0.38853092783505155,,,821,914
159,159,4,1,11,1,2,0,286,929,308,18,-1,,0.06654567453115548,0.4029209621993127,,,594,947
160,160,5,1,11,1,2,1,286,929,121,18,96,accordance,0.05240471869328494,0.4029209621993127,,,407,947
161,161,5,1,11,1,2,2,415,929,40,18,96,with,0.06578947368421052,0.4029209621993127,,,455,947
162,162,5,1,11,1,2,3,464,929,35,18,95,Art.,0.07282214156079855,0.4029209621993127,,,499,947
163,163,5,1,11,1,2,4,508,929,25,18,95,76,0.07872050816696914,0.4029209621993127,,,533,947
164,164,5,1,11,1,2,5,542,929,52,18,96,EPC:,0.08590441621294616,0.4029209621993127,,,594,947
165,165,4,1,11,1,3,0,286,961,250,19,-1,,0.06215970961887477,0.4168814432989691,,,536,980
166,166,5,1,11,1,3,1,286,961,124,19,81,15733313.9,0.05263157894736842,0.4168814432989691,,,410,980
167,167,5,1,11,1,3,2,417,961,7,19,81,/,0.06359649122807018,0.4168814432989691,,,424,980
168,168,5,1,11,1,3,3,432,961,11,19,87,3,0.066167574107683,0.4168814432989691,,,443,980
169,169,5,1,11,1,3,4,452,961,37,19,87,092,0.07115849969751967,0.4168814432989691,,,489,980
170,170,5,1,11,1,3,5,498,961,38,19,95,854,0.07819116757410768,0.4168814432989691,,,536,980
171,171,2,1,12,0,0,0,225,1025,391,57,-1,,0.06359649122807018,0.4525343642611684,,,616,1082
172,172,3,1,12,1,0,0,225,1025,391,57,-1,,0.06359649122807018,0.4525343642611684,,,616,1082
173,173,4,1,12,1,1,0,225,1025,391,26,-1,,0.06359649122807018,0.44587628865979384,,,616,1051
174,174,5,1,12,1,1,1,225,1025,45,26,96,(71),0.037431941923774956,0.44587628865979384,,,270,1051
175,175,5,1,12,1,1,2,285,1027,103,23,96,Applicant:,0.05089231699939504,0.44609106529209624,,,388,1050
176,176,5,1,12,1,1,3,397,1027,47,18,95,Intel,0.06359649122807018,0.44501718213058417,applicant_line_1,Intel,444,1045
177,177,5,1,12,1,1,4,454,1027,19,18,96,IP,0.07009981851179674,0.44501718213058417,applicant_line_1,IP,473,1045
178,178,5,1,12,1,1,5,482,1027,134,23,96,Corporation,0.08303085299455536,0.44609106529209624,applicant_line_1,Corporation,616,1050
179,179,4,1,12,1,2,0,286,1059,305,23,-1,,0.066318814277072,0.45983676975945015,,,591,1082
180,180,5,1,12,1,2,1,286,1059,63,19,96,Santa,0.04801875378100424,0.45897766323024053,,,349,1078
181,181,5,1,12,1,2,2,357,1059,64,22,96,"Clara,",0.058832425892317,0.45962199312714774,,,421,1081
182,182,5,1,12,1,2,3,430,1059,33,19,95,CA,0.06752873563218391,0.45897766323024053,,,463,1078
183,183,5,1,12,1,2,4,471,1059,65,19,95,95054,0.07614942528735633,0.45897766323024053,,,536,1078
184,184,5,1,12,1,2,5,544,1059,47,23,96,(US),0.08582879612825166,0.45983676975945015,,,591,1082
185,185,2,1,13,0,0,0,225,1123,442,91,-1,,0.06745311554748941,0.5019329896907216,,,667,1214
186,186,3,1,13,1,0,0,225,1123,442,91,-1,,0.06745311554748941,0.5019329896907216,,,667,1214
187,187,4,1,13,1,1,0,225,1123,163,27,-1,,0.046355111917725345,0.4881872852233677,,,388,1150
188,188,5,1,13,1,1,1,225,1123,45,27,93,(72),0.037431941923774956,0.4881872852233677,,,270,1150
189,189,5,1,13,1,1,2,287,1125,101,19,93,Inventors:,0.05104355716878403,0.48732817869415807,,,388,1144
190,190,4,1,13,1,2,0,262,1158,263,22,-1,,0.059513006654567456,0.502147766323024,,,525,1180
191,191,5,1,13,1,2,1,262,1163,7,8,41,+,0.04015426497277677,0.5012886597938144,,,269,1171
192,192,5,1,13,1,2,2,285,1158,175,18,91,"VANNITHAMBY,",0.05633696309739867,0.5012886597938144,inventor_line_1,"VANNITHAMBY,",460,1176
193,193,5,1,13,1,2,3,462,1158,63,22,96,Rath,0.07463702359346643,0.502147766323024,inventor_line_1,Rath,525,1180
194,194,4,1,13,1,3,0,286,1191,381,23,-1,,0.0720659407138536,0.5165378006872853,,,667,1214
195,195,5,1,13,1,3,1,286,1191,63,18,95,Santa,0.04801875378100424,0.5154639175257731,,,349,1209
196,196,5,1,13,1,3,2,357,1191,64,22,95,"Clara,",0.058832425892317,0.5163230240549829,,,421,1213
197,197,5,1,13,1,3,3,430,1191,108,18,94,California,0.07320024198427103,0.5154639175257731,,,538,1209
198,198,5,1,13,1,3,4,547,1191,65,18,94,95054,0.08764367816091954,0.5154639175257731,,,612,1209
199,199,5,1,13,1,3,5,620,1191,47,23,95,(US),0.09732304900181488,0.5165378006872853,,,667,1214
200,200,2,1,14,0,0,0,844,614,4,665,-1,,0.1279491833030853,0.4065721649484536,,,848,1279
201,201,3,1,14,1,0,0,844,614,4,665,-1,,0.1279491833030853,0.4065721649484536,,,848,1279
202,202,4,1,14,1,1,0,844,614,4,665,-1,,0.1279491833030853,0.4065721649484536,,,848,1279
203,203,5,1,14,1,1,1,844,614,4,665,95, ,0.1279491833030853,0.4065721649484536,,,848,1279
204,204,2,1,15,0,0,0,898,666,405,220,-1,,0.16643980641258319,0.3333333333333333,,,1303,886
205,205,3,1,15,1,0,0,898,666,405,54,-1,,0.16643980641258319,0.297680412371134,,,1303,720
206,206,4,1,15,1,1,0,922,666,381,23,-1,,0.16825468844525107,0.29102233676975947,,,1303,689
207,207,5,1,15,1,1,1,922,666,63,18,96,Santa,0.1442075015124017,0.28994845360824745,,,985,684
208,208,5,1,15,1,1,2,994,666,64,22,96,"Clara,",0.15517241379310345,0.29080756013745707,,,1058,688
209,209,5,1,15,1,1,3,1066,666,109,18,96,California,0.169464609800363,0.28994845360824745,,,1175,684
210,210,5,1,15,1,1,4,1183,666,66,18,96,95054,0.1839080459770115,0.28994845360824745,,,1249,684
211,211,5,1,15,1,1,5,1256,666,47,23,96,(US),0.19351179673321234,0.29102233676975947,,,1303,689
212,212,4,1,15,1,2,0,898,699,192,21,-1,,0.15033272837265577,0.30476804123711343,,,1090,720
213,213,5,1,15,1,2,1,898,704,7,8,39,¬´,0.13634301270417423,0.30412371134020616,,,905,712
214,214,5,1,15,1,2,2,922,699,46,18,96,"JHA,",0.14292196007259528,0.30412371134020616,,,968,717
215,215,5,1,15,1,2,3,970,699,89,21,93,"Satish,",0.15343315184513007,0.30476804123711343,,,1059,720
216,216,5,1,15,1,2,4,1068,699,22,18,89,C.,0.1631881427707199,0.30412371134020616,,,1090,717
217,217,3,1,15,2,0,0,898,732,405,56,-1,,0.16643980641258319,0.32646048109965636,,,1303,788
218,218,4,1,15,2,1,0,922,732,381,23,-1,,0.16825468844525107,0.31937285223367695,,,1303,755
219,219,5,1,15,2,1,1,922,732,63,18,96,Santa,0.1442075015124017,0.31829896907216493,,,985,750
220,220,5,1,15,2,1,2,994,732,64,22,96,"Clara,",0.15517241379310345,0.31915807560137455,,,1058,754
221,221,5,1,15,2,1,3,1066,732,108,18,95,California,0.1693889897156685,0.31829896907216493,,,1174,750
222,222,5,1,15,2,1,4,1183,732,66,18,95,95054,0.1839080459770115,0.31829896907216493,,,1249,750
223,223,5,1,15,2,1,5,1256,732,47,23,96,(US),0.19351179673321234,0.31937285223367695,,,1303,755
224,224,4,1,15,2,2,0,898,765,345,23,-1,,0.1619026013309135,0.3335481099656357,,,1243,788
225,225,5,1,15,2,2,1,898,770,7,8,11,¬´,0.13634301270417423,0.3324742268041237,,,905,778
226,226,5,1,15,2,2,2,922,765,136,18,91,"SIVANESAN,",0.14972776769509982,0.3324742268041237,,,1058,783
227,227,5,1,15,2,2,3,1062,765,181,23,92,Kathiravetpillai,0.17430429522081065,0.3335481099656357,,,1243,788
228,228,3,1,15,3,0,0,898,797,405,56,-1,,0.16643980641258319,0.3543814432989691,,,1303,853
229,229,4,1,15,3,1,0,922,797,381,23,-1,,0.16825468844525107,0.3472938144329897,,,1303,820
230,230,5,1,15,3,1,1,922,797,63,19,96,Santa,0.1442075015124017,0.34643470790378006,,,985,816
231,231,5,1,15,3,1,2,994,797,64,22,96,"Clara,",0.15517241379310345,0.3470790378006873,,,1058,819
232,232,5,1,15,3,1,3,1066,797,108,19,96,California,0.1693889897156685,0.34643470790378006,,,1174,816
233,233,5,1,15,3,1,4,1183,797,66,19,96,95054,0.1839080459770115,0.34643470790378006,,,1249,816
234,234,5,1,15,3,1,5,1256,797,47,23,96,(US),0.19351179673321234,0.3472938144329897,,,1303,820
235,235,4,1,15,3,2,0,898,830,191,23,-1,,0.1502571082879613,0.36146907216494845,,,1089,853
236,236,5,1,15,3,2,1,898,835,7,8,24,¬´,0.13634301270417423,0.3603951890034364,,,905,843
237,237,5,1,15,3,2,2,921,830,83,18,93,"ZHANG,",0.1455686630369026,0.3603951890034364,,,1004,848
238,238,5,1,15,3,2,3,1008,830,81,23,92,Yujian,0.15857531760435573,0.36146907216494845,,,1089,853
239,239,3,1,15,4,0,0,922,863,381,23,-1,,0.16825468844525107,0.3756443298969072,,,1303,886
240,240,4,1,15,4,1,0,922,863,381,23,-1,,0.16825468844525107,0.3756443298969072,,,1303,886
241,241,5,1,15,4,1,1,922,863,63,18,95,Santa,0.1442075015124017,0.3745704467353952,,,985,881
242,242,5,1,15,4,1,2,994,863,64,22,95,"Clara,",0.15517241379310345,0.3754295532646048,,,1058,885
243,243,5,1,15,4,1,3,1066,863,109,18,96,California,0.169464609800363,0.3745704467353952,,,1175,881
244,244,5,1,15,4,1,4,1183,863,66,18,96,95054,0.1839080459770115,0.3745704467353952,,,1249,881
245,245,5,1,15,4,1,5,1256,863,47,23,96,(US),0.19351179673321234,0.3756443298969072,,,1303,886
246,246,2,1,16,0,0,0,862,927,420,155,-1,,0.16212946158499697,0.43148625429553267,,,1282,1082
247,247,3,1,16,1,0,0,862,927,420,155,-1,,0.16212946158499697,0.43148625429553267,,,1282,1082
248,248,4,1,16,1,1,0,862,927,420,26,-1,,0.16212946158499697,0.40378006872852235,,,1282,953
249,249,5,1,16,1,1,1,862,927,44,26,96,(74),0.1336963097398669,0.40378006872852235,,,906,953
250,250,5,1,16,1,1,2,923,929,163,23,93,Representative:,0.15192075015124018,0.40399484536082475,,,1086,952
251,251,5,1,16,1,1,3,1095,929,90,22,93,"Goddar,",0.1724137931034483,0.40378006872852235,representative_line_1_eu,"Goddar,",1185,951
252,252,5,1,16,1,1,4,1195,929,61,18,96,Heinz,0.1853448275862069,0.4029209621993127,representative_line_1_eu,Heinz,1256,947
253,253,5,1,16,1,1,5,1264,929,18,18,95,J.,0.1925287356321839,0.4029209621993127,representative_line_1_eu,J.,1282,947
254,254,4,1,16,1,2,0,923,961,252,19,-1,,0.15865093768905023,0.4168814432989691,,,1175,980
255,255,5,1,16,1,2,1,923,961,109,19,92,Boehmert,0.14783726557773744,0.4168814432989691,,,1032,980
256,256,5,1,16,1,2,2,1040,961,16,19,92,&,0.15849969751966123,0.4168814432989691,,,1056,980
257,257,5,1,16,1,2,3,1065,961,110,19,92,Boehmert,0.1693889897156685,0.4168814432989691,,,1175,980
258,258,4,1,16,1,3,0,921,994,303,23,-1,,0.16220508166969147,0.4319158075601375,,,1224,1017
259,259,5,1,16,1,3,1,921,994,244,23,91,Anwaltspartnerschaft,0.15774349667271628,0.4319158075601375,,,1165,1017
260,260,5,1,16,1,3,2,1173,994,51,18,91,mbB,0.18126134301270416,0.43084192439862545,,,1224,1012
261,261,4,1,16,1,4,0,923,1027,245,18,-1,,0.15812159709618875,0.44501718213058417,,,1168,1045
262,262,5,1,16,1,4,1,923,1027,212,18,92,Pettenkoferstrasse,0.15562613430127042,0.44501718213058417,,,1135,1045
263,263,5,1,16,1,4,2,1143,1027,25,18,97,22,0.17475801572897762,0.44501718213058417,,,1168,1045
264,264,4,1,16,1,5,0,922,1059,231,23,-1,,0.15691167574107684,0.45983676975945015,,,1153,1082
265,265,5,1,16,1,5,1,922,1059,64,19,93,80336,0.1442831215970962,0.45897766323024053,,,986,1078
266,266,5,1,16,1,5,2,996,1059,101,19,77,Miinchen,0.15827283726557773,0.45897766323024053,,,1097,1078
267,267,5,1,16,1,5,3,1107,1059,46,23,96,(DE),0.17090139140955837,0.45983676975945015,,,1153,1082
268,268,2,1,17,0,0,0,862,1125,99,19,-1,,0.13785541439806412,0.48732817869415807,,,961,1144
269,269,3,1,17,1,0,0,862,1125,99,19,-1,,0.13785541439806412,0.48732817869415807,,,961,1144
270,270,4,1,17,1,1,0,862,1125,99,19,-1,,0.13785541439806412,0.48732817869415807,,,961,1144
271,271,5,1,17,1,1,1,862,1125,99,19,96,Remarks:,0.13785541439806412,0.48732817869415807,,,961,1144
272,272,2,1,18,0,0,0,922,1158,522,84,-1,,0.17891712038717483,0.5154639175257731,,,1444,1242
273,273,3,1,18,1,0,0,922,1158,522,84,-1,,0.17891712038717483,0.5154639175257731,,,1444,1242
274,274,4,1,18,1,1,0,922,1158,477,23,-1,,0.17551421657592256,0.5023625429553265,,,1399,1181
275,275,5,1,18,1,1,1,922,1158,43,18,97,This,0.1426950998185118,0.5012886597938144,,,965,1176
276,276,5,1,18,1,1,2,974,1158,111,23,96,application,0.15570175438596492,0.5023625429553265,,,1085,1181
277,277,5,1,18,1,1,3,1093,1163,42,13,96,was,0.16848154869933454,0.5023625429553265,,,1135,1176
278,278,5,1,18,1,1,4,1142,1158,43,18,96,filed,0.17596793708408953,0.5012886597938144,,,1185,1176
279,279,5,1,18,1,1,5,1193,1163,25,13,95,on,0.1823200241984271,0.5023625429553265,,,1218,1176
280,280,5,1,18,1,1,6,1227,1158,120,18,96,03-07-2018,0.19464609800362975,0.5012886597938144,,,1347,1176
281,281,5,1,18,1,1,7,1355,1163,24,13,96,as,0.20674531155474893,0.5023625429553265,,,1379,1176
282,282,5,1,18,1,1,8,1387,1163,12,13,96,a,0.21067755595886267,0.5023625429553265,,,1399,1176
283,283,4,1,18,1,2,0,922,1191,522,23,-1,,0.17891712038717483,0.5165378006872853,,,1444,1214
284,284,5,1,18,1,2,1,922,1191,96,18,96,divisional,0.14670296430732002,0.5154639175257731,,,1018,1209
285,285,5,1,18,1,2,2,1027,1191,111,23,96,application,0.16371748336358136,0.5165378006872853,,,1138,1214
286,286,5,1,18,1,2,3,1147,1191,19,18,96,to,0.17490925589836662,0.5154639175257731,,,1166,1209
287,287,5,1,18,1,2,4,1174,1191,31,18,96,the,0.17990018148820328,0.5154639175257731,,,1205,1209
288,288,5,1,18,1,2,5,1214,1191,112,23,96,application,0.19207501512401695,0.5165378006872853,,,1326,1214
289,289,5,1,18,1,2,6,1336,1191,108,18,96,mentioned,0.2102238354506957,0.5154639175257731,,,1444,1209
290,290,4,1,18,1,3,0,923,1224,209,18,-1,,0.15539927404718692,0.529639175257732,,,1132,1242
291,291,5,1,18,1,3,1,923,1224,59,18,92,under,0.1440562613430127,0.529639175257732,,,982,1242
292,292,5,1,18,1,3,2,991,1224,45,18,88,INID,0.15328191167574107,0.529639175257732,,,1036,1242
293,293,5,1,18,1,3,3,1044,1224,50,18,96,code,0.16167574107683,0.529639175257732,,,1094,1242
294,294,5,1,18,1,3,4,1103,1224,29,18,96,62.,0.16901088929219601,0.529639175257732,,,1132,1242
295,295,2,1,19,0,0,0,224,1275,1243,6,-1,,0.1278735632183908,0.5489690721649485,,,1467,1281
296,296,3,1,19,1,0,0,224,1275,1243,6,-1,,0.1278735632183908,0.5489690721649485,,,1467,1281
297,297,4,1,19,1,1,0,224,1275,1243,6,-1,,0.1278735632183908,0.5489690721649485,,,1467,1281
298,298,5,1,19,1,1,1,224,1275,1243,6,95, ,0.1278735632183908,0.5489690721649485,,,1467,1281
299,299,2,1,20,0,0,0,225,1296,316,53,-1,,0.05792498487598306,0.5680841924398625,,,541,1349
300,300,3,1,20,1,0,0,225,1296,316,53,-1,,0.05792498487598306,0.5680841924398625,,,541,1349
301,301,4,1,20,1,1,0,225,1296,45,26,-1,,0.037431941923774956,0.5622852233676976,,,270,1322
302,302,5,1,20,1,1,1,225,1296,45,26,96,(54),0.037431941923774956,0.5622852233676976,,,270,1322
303,303,4,1,20,1,2,0,315,1328,226,21,-1,,0.0647307924984876,0.5749570446735395,,,541,1349
304,304,5,1,20,1,2,1,315,1328,226,21,95,ARCHITECTURES,0.0647307924984876,0.5749570446735395,,,541,1349
305,305,2,1,21,0,0,0,224,1403,583,287,-1,,0.0779643073200242,0.6643041237113402,,,807,1690
306,306,3,1,21,1,0,0,224,1403,583,287,-1,,0.0779643073200242,0.6643041237113402,,,807,1690
307,307,4,1,21,1,1,0,225,1403,582,26,-1,,0.0780399274047187,0.6082474226804123,,,807,1429
308,308,5,1,21,1,1,1,225,1403,45,26,95,(57),0.037431941923774956,0.6082474226804123,,,270,1429
309,309,5,1,21,1,1,2,316,1405,147,18,45,Discontinuous,0.05890804597701149,0.6073883161512027,,,463,1423
310,310,5,1,21,1,1,3,471,1405,96,23,96,reception,0.07849364791288566,0.6084621993127147,,,567,1428
311,311,5,1,21,1,1,4,575,1405,64,23,96,(DRX),0.09180278281911676,0.6084621993127147,,,639,1428
312,312,5,1,21,1,1,5,646,1405,103,23,92,alignment,0.10549001814882032,0.6084621993127147,,,749,1428
313,313,5,1,21,1,1,6,755,1405,52,18,92,tech-,0.11811857229280097,0.6073883161512027,,,807,1423
314,314,4,1,21,1,2,0,226,1438,580,23,-1,,0.0780399274047187,0.6226374570446735,,,806,1461
315,315,5,1,21,1,2,1,226,1438,56,23,96,niques,0.038415003024803385,0.6226374570446735,,,282,1461
316,316,5,1,21,1,2,2,284,1438,44,18,92,for,0.04627949183303085,0.6215635738831615,,,328,1456
317,317,5,1,21,1,2,3,334,1438,176,23,92,dual-connectivity,0.06382335148215366,0.6226374570446735,,,510,1461
318,318,5,1,21,1,2,4,517,1438,135,18,96,architectures,0.08839987900786449,0.6215635738831615,,,652,1456
319,319,5,1,21,1,2,5,659,1442,33,14,96,are,0.10216273442226255,0.6224226804123711,,,692,1456
320,320,5,1,21,1,2,6,698,1438,108,18,96,described.,0.11373260738052027,0.6215635738831615,,,806,1456
321,321,4,1,21,1,3,0,226,1470,581,23,-1,,0.07811554748941318,0.6363831615120275,,,807,1493
322,322,5,1,21,1,3,1,226,1470,16,19,83,In,0.03539019963702359,0.6355240549828178,,,242,1489
323,323,5,1,21,1,3,2,252,1475,39,14,96,one,0.04106170598911071,0.6365979381443299,,,291,1489
324,324,5,1,21,1,3,3,300,1470,135,22,95,"embodiment,",0.05558076225045372,0.636168384879725,,,435,1492
325,325,5,1,21,1,3,4,445,1470,28,19,96,for,0.06941923774954628,0.6355240549828178,,,473,1489
326,326,5,1,21,1,3,5,481,1470,95,23,96,"example,",0.07993042952208107,0.6363831615120275,,,576,1493
327,327,5,1,21,1,3,6,587,1475,45,14,96,user,0.09218088324258923,0.6365979381443299,,,632,1489
328,328,5,1,21,1,3,7,640,1470,111,23,96,equipment,0.10518753781004235,0.6363831615120275,,,751,1493
329,329,5,1,21,1,3,8,760,1470,47,23,96,(UE),0.11849667271627344,0.6363831615120275,,,807,1493
330,330,4,1,21,1,4,0,226,1503,581,23,-1,,0.07811554748941318,0.6505584192439863,,,807,1526
331,331,5,1,21,1,4,1,226,1508,43,18,96,may,0.037431941923774956,0.6516323024054983,,,269,1526
332,332,5,1,21,1,4,2,278,1503,95,23,96,comprise,0.04922867513611615,0.6505584192439863,,,373,1526
333,333,5,1,21,1,4,3,382,1508,38,13,96,one,0.06064730792498488,0.6505584192439863,,,420,1521
334,334,5,1,21,1,4,4,429,1508,20,13,96,or,0.06639443436176648,0.6505584192439863,,,449,1521
335,335,5,1,21,1,4,5,459,1508,52,13,96,more,0.07335148215366001,0.6505584192439863,,,511,1521
336,336,5,1,21,1,4,6,520,1503,51,18,95,radio,0.08250151240169389,0.6494845360824743,,,571,1521
337,337,5,1,21,1,4,7,579,1503,105,23,96,frequency,0.095508166969147,0.6505584192439863,,,684,1526
338,338,5,1,21,1,4,8,693,1503,45,23,93,(RF),0.10821234119782214,0.6505584192439863,,,738,1526
339,339,5,1,21,1,4,9,748,1504,59,17,92,trans-,0.1175892316999395,0.6496993127147767,,,807,1521
340,340,4,1,21,1,5,0,225,1536,582,23,-1,,0.0780399274047187,0.664733676975945,,,807,1559
341,341,5,1,21,1,5,1,225,1536,80,21,91,"ceivers,",0.04007864488808228,0.6643041237113402,,,305,1557
342,342,5,1,21,1,5,2,314,1540,39,14,96,one,0.05043859649122807,0.6645189003436426,,,353,1554
343,343,5,1,21,1,5,3,360,1540,21,14,96,or,0.05603448275862069,0.6645189003436426,,,381,1554
344,344,5,1,21,1,5,4,390,1540,52,14,96,more,0.06291591046581972,0.6645189003436426,,,442,1554
345,345,5,1,21,1,5,5,452,1536,29,18,95,RF,0.0705535390199637,0.663659793814433,,,481,1554
346,346,5,1,21,1,5,6,490,1536,96,18,96,"antennas,",0.08136721113127647,0.663659793814433,,,586,1554
347,347,5,1,21,1,5,7,589,1540,36,17,96,and,0.09180278281911676,0.6651632302405498,,,625,1557
348,348,5,1,21,1,5,8,628,1536,73,23,95,"logic,",0.10049909255898366,0.664733676975945,,,701,1559
349,349,5,1,21,1,5,9,711,1536,19,18,94,at,0.1089685420447671,0.663659793814433,,,730,1554
350,350,5,1,21,1,5,10,739,1536,48,18,94,least,0.11539624924379915,0.663659793814433,,,787,1554
351,351,5,1,21,1,5,11,796,1540,11,14,94,a,0.12121899576527526,0.6645189003436426,,,807,1554
352,352,4,1,21,1,6,0,226,1569,581,23,-1,,0.07811554748941318,0.6789089347079038,,,807,1592
353,353,5,1,21,1,6,1,226,1569,70,23,96,portion,0.039473684210526314,0.6789089347079038,,,296,1592
354,354,5,1,21,1,6,2,307,1569,20,18,97,of,0.04794313369630974,0.6778350515463918,,,327,1587
355,355,5,1,21,1,6,3,336,1569,60,18,96,which,0.05535390199637023,0.6778350515463918,,,396,1587
356,356,5,1,21,1,6,4,408,1569,15,18,96,is,0.06284029038112522,0.6778350515463918,,,423,1587
357,357,5,1,21,1,6,5,435,1569,16,18,96,in,0.06699939503932244,0.6778350515463918,,,451,1587
358,358,5,1,21,1,6,6,463,1569,103,21,96,"hardware,",0.07781306715063521,0.678479381443299,,,566,1590
359,359,5,1,21,1,6,7,578,1569,32,18,96,the,0.08983666061705989,0.6778350515463918,,,610,1587
360,360,5,1,21,1,6,8,622,1569,47,23,96,logic,0.09762552934059286,0.6789089347079038,,,669,1592
361,361,5,1,21,1,6,9,679,1570,19,17,96,to,0.10412885662431942,0.6780498281786942,,,698,1587
362,362,5,1,21,1,6,10,709,1569,75,18,96,receive,0.11290078644888082,0.6778350515463918,,,784,1587
363,363,5,1,21,1,6,11,795,1574,12,13,96,a,0.12114337568058076,0.6789089347079038,,,807,1587
364,364,4,1,21,1,7,0,225,1602,582,23,-1,,0.0780399274047187,0.6930841924398625,,,807,1625
365,365,5,1,21,1,7,1,225,1602,51,18,96,radio,0.03788566243194193,0.6920103092783505,,,276,1620
366,366,5,1,21,1,7,2,287,1606,91,14,96,resource,0.05028735632183908,0.6928694158075601,,,378,1620
367,367,5,1,21,1,7,3,389,1602,69,18,96,control,0.06405021173623715,0.6920103092783505,,,458,1620
368,368,5,1,21,1,7,4,469,1602,65,23,96,(RRC),0.07584694494857834,0.6930841924398625,,,534,1625
369,369,5,1,21,1,7,5,545,1602,135,23,96,configuration,0.0926346037507562,0.6930841924398625,,,680,1625
370,370,5,1,21,1,7,6,691,1602,116,18,96,information,0.1132788868723533,0.6920103092783505,,,807,1620
371,371,4,1,21,1,8,0,226,1634,581,23,-1,,0.07811554748941318,0.7068298969072165,,,807,1657
372,372,5,1,21,1,8,1,226,1639,94,18,96,message,0.04128856624319419,0.7079037800687286,,,320,1657
373,373,5,1,21,1,8,2,330,1634,107,23,96,containing,0.058000604960677556,0.7068298969072165,,,437,1657
374,374,5,1,21,1,8,3,447,1639,12,14,96,a,0.06851179673321234,0.7070446735395189,,,459,1653
375,375,5,1,21,1,8,4,470,1634,53,19,96,small,0.0750907441016334,0.7059707903780069,,,523,1653
376,376,5,1,21,1,8,5,533,1634,34,19,96,cell,0.08318209316394434,0.7059707903780069,,,567,1653
377,377,5,1,21,1,8,6,578,1634,49,19,96,RRC,0.0911222020568663,0.7059707903780069,,,627,1653
378,378,5,1,21,1,8,7,637,1634,135,23,92,configuration,0.10654869933454325,0.7068298969072165,,,772,1657
379,379,5,1,21,1,8,8,783,1634,24,19,92,in-,0.12023593466424683,0.7059707903780069,,,807,1653
380,380,4,1,21,1,9,0,224,1667,583,23,-1,,0.0779643073200242,0.7210051546391752,,,807,1690
381,381,5,1,21,1,9,1,224,1667,98,18,96,formation,0.04128856624319419,0.7199312714776632,,,322,1685
382,382,5,1,21,1,9,2,330,1667,76,18,96,element,0.05565638233514821,0.7199312714776632,,,406,1685
383,383,5,1,21,1,9,3,408,1667,55,23,89,"(IE),",0.06586509376890502,0.7210051546391752,,,463,1690
384,384,5,1,21,1,9,4,472,1667,32,18,96,the,0.07380520266182698,0.7199312714776632,,,504,1685
385,385,5,1,21,1,9,5,511,1667,54,18,96,small,0.08136721113127647,0.7199312714776632,,,565,1685
386,386,5,1,21,1,9,6,573,1667,33,18,96,cell,0.08915607985480943,0.7199312714776632,,,606,1685
387,387,5,1,21,1,9,7,616,1667,48,18,96,RRC,0.09679370840895342,0.7199312714776632,,,664,1685
388,388,5,1,21,1,9,8,672,1667,135,23,96,configuration,0.1118421052631579,0.7210051546391752,,,807,1690
389,389,2,1,22,0,0,0,316,1296,1146,26,-1,,0.13445251058681185,0.5622852233676976,,,1462,1322
390,390,3,1,22,1,0,0,316,1296,1146,26,-1,,0.13445251058681185,0.5622852233676976,,,1462,1322
391,391,4,1,22,1,1,0,316,1296,1146,26,-1,,0.13445251058681185,0.5622852233676976,,,1462,1322
392,392,5,1,22,1,1,1,316,1296,220,21,96,DISCONTINUOUS,0.06442831215970962,0.5612113402061856,title_line_1,DISCONTINUOUS,536,1317
393,393,5,1,22,1,1,2,543,1296,152,21,96,RECEPTION,0.09361766485178463,0.5612113402061856,title_line_1,RECEPTION,695,1317
394,394,5,1,22,1,1,3,703,1296,71,26,96,(DRX),0.11169086509376891,0.5622852233676976,title_line_1,(DRX),774,1322
395,395,5,1,22,1,1,4,780,1296,158,21,96,ALIGNMENT,0.12991530550514216,0.5612113402061856,title_line_1,ALIGNMENT,938,1317
396,396,5,1,22,1,1,5,943,1296,173,22,96,TECHNIQUES,0.15570175438596492,0.561426116838488,title_line_1,TECHNIQUES,1116,1318
397,397,5,1,22,1,1,6,1123,1296,54,21,93,FOR,0.17392619479733817,0.5612113402061856,title_line_1,FOR,1177,1317
398,398,5,1,22,1,1,7,1184,1296,278,21,90,DUAL-CONNECTIVITY,0.20009074410163338,0.5612113402061856,title_line_1,DUAL-CONNECTIVITY,1462,1317
399,399,2,1,23,0,0,0,884,1405,583,248,-1,,0.17778281911675742,0.656786941580756,,,1467,1653
400,400,3,1,23,1,0,0,884,1405,583,248,-1,,0.17778281911675742,0.656786941580756,,,1467,1653
401,401,4,1,23,1,1,0,886,1405,579,23,-1,,0.17778281911675742,0.6084621993127147,,,1465,1428
402,402,5,1,23,1,1,1,886,1405,19,18,95,IE,0.1354355716878403,0.6073883161512027,,,905,1423
403,403,5,1,23,1,1,2,913,1406,18,17,96,to,0.1394434361766485,0.6076030927835051,,,931,1423
404,404,5,1,23,1,1,3,939,1405,74,18,96,contain,0.14761040532365396,0.6073883161512027,,,1013,1423
405,405,5,1,23,1,1,4,1022,1410,11,13,96,a,0.15539927404718692,0.6084621993127147,,,1033,1423
406,406,5,1,23,1,1,5,1041,1405,54,18,95,small,0.16152450090744103,0.6073883161512027,,,1095,1423
407,407,5,1,23,1,1,6,1103,1405,34,18,96,cell,0.1693889897156685,0.6073883161512027,,,1137,1423
408,408,5,1,23,1,1,7,1145,1405,144,18,96,discontinuous,0.1840592861464005,0.6073883161512027,,,1289,1423
409,409,5,1,23,1,1,8,1297,1405,96,23,96,reception,0.20341802782819116,0.6084621993127147,,,1393,1428
410,410,5,1,23,1,1,9,1402,1405,63,23,96,(DRX),0.21680278281911675,0.6084621993127147,,,1465,1428
411,411,4,1,23,1,2,0,885,1438,581,23,-1,,0.17778281911675742,0.6226374570446735,,,1466,1461
412,412,5,1,23,1,2,1,885,1438,133,23,96,configuration,0.14390502117362372,0.6226374570446735,,,1018,1461
413,413,5,1,23,1,2,2,1029,1438,19,18,96,IE,0.1570629159104658,0.6215635738831615,,,1048,1456
414,414,5,1,23,1,2,3,1057,1438,113,23,94,comprising,0.16840592861464004,0.6226374570446735,,,1170,1461
415,415,5,1,23,1,2,4,1179,1442,38,14,96,one,0.1811857229280097,0.6224226804123711,,,1217,1456
416,416,5,1,23,1,2,5,1226,1442,20,14,96,or,0.1869328493647913,0.6224226804123711,,,1246,1456
417,417,5,1,23,1,2,6,1255,1442,39,14,93,more,0.1927555958862674,0.6224226804123711,,,1294,1456
418,418,5,1,23,1,2,7,1295,1438,171,18,92,inter-cell-coor-,0.20878705384150031,0.6215635738831615,,,1466,1456
419,419,4,1,23,1,3,0,884,1470,582,23,-1,,0.17770719903206292,0.6363831615120275,,,1466,1493
420,420,5,1,23,1,3,1,884,1470,76,19,93,dinated,0.1394434361766485,0.6355240549828178,,,960,1489
421,421,5,1,23,1,3,2,966,1470,54,19,95,small,0.1501814882032668,0.6355240549828178,,,1020,1489
422,422,5,1,23,1,3,3,1026,1470,32,19,95,cell,0.15759225650332728,0.6355240549828178,,,1058,1489
423,423,5,1,23,1,3,4,1065,1470,48,19,95,DRX,0.1647005444646098,0.6355240549828178,,,1113,1489
424,424,5,1,23,1,3,5,1119,1471,118,22,96,"parameters,",0.1781609195402299,0.6365979381443299,,,1237,1493
425,425,5,1,23,1,3,6,1240,1470,40,22,96,the,0.19056261343012704,0.636168384879725,,,1280,1492
426,426,5,1,23,1,3,7,1286,1470,48,23,96,logic,0.19812462189957653,0.6363831615120275,,,1334,1493
427,427,5,1,23,1,3,8,1338,1471,18,18,0,to,0.20372050816696916,0.6357388316151202,,,1356,1489
428,428,5,1,23,1,3,9,1361,1470,105,19,0,determine,0.21377797943133697,0.6355240549828178,,,1466,1489
429,429,4,1,23,1,4,0,884,1503,583,23,-1,,0.17778281911675742,0.6505584192439863,,,1467,1526
430,430,5,1,23,1,4,1,884,1508,12,13,96,a,0.13460375075620085,0.6505584192439863,,,896,1521
431,431,5,1,23,1,4,2,904,1504,45,17,96,start,0.14012401693889898,0.6496993127147767,,,949,1521
432,432,5,1,23,1,4,3,957,1503,43,18,96,time,0.14798850574712644,0.6494845360824743,,,1000,1521
433,433,5,1,23,1,4,4,1008,1503,28,18,96,for,0.15456745311554748,0.6494845360824743,,,1036,1521
434,434,5,1,23,1,4,5,1043,1508,11,13,96,a,0.15857531760435573,0.6505584192439863,,,1054,1521
435,435,5,1,23,1,4,6,1063,1503,54,18,96,small,0.1648517846339988,0.6494845360824743,,,1117,1521
436,436,5,1,23,1,4,7,1126,1503,33,18,96,cell,0.17279189352692076,0.6494845360824743,,,1159,1521
437,437,5,1,23,1,4,8,1169,1503,48,18,96,DRX,0.18042952208106472,0.6494845360824743,,,1217,1521
438,438,5,1,23,1,4,9,1225,1503,53,23,96,cycle,0.18927707199032062,0.6505584192439863,,,1278,1526
439,439,5,1,23,1,4,10,1287,1503,62,18,96,based,0.19933454325468844,0.6494845360824743,,,1349,1521
440,440,5,1,23,1,4,11,1357,1508,12,13,96,on,0.20614035087719298,0.6505584192439863,,,1369,1521
441,441,5,1,23,1,4,12,1372,1508,30,13,96,at,0.20977011494252873,0.6505584192439863,,,1402,1521
442,442,5,1,23,1,4,13,1404,1503,63,18,96,least,0.21710526315789475,0.6494845360824743,,,1467,1521
443,443,4,1,23,1,5,0,884,1536,582,18,-1,,0.17770719903206292,0.663659793814433,,,1466,1554
444,444,5,1,23,1,5,1,884,1540,38,14,95,one,0.1365698729582577,0.6645189003436426,,,922,1554
445,445,5,1,23,1,5,2,931,1536,20,18,96,of,0.14231699939503933,0.663659793814433,,,951,1554
446,446,5,1,23,1,5,3,959,1536,31,18,96,the,0.14738354506957047,0.663659793814433,,,990,1554
447,447,5,1,23,1,5,4,999,1540,39,14,95,one,0.15403811252268604,0.6645189003436426,,,1038,1554
448,448,5,1,23,1,5,5,1047,1540,20,14,96,or,0.15986085904416214,0.6645189003436426,,,1067,1554
449,449,5,1,23,1,5,6,1077,1540,52,14,93,more,0.16681790683605566,0.6645189003436426,,,1129,1554
450,450,5,1,23,1,5,7,1139,1536,220,18,90,inter-cell-coordinated,0.18889897156684815,0.663659793814433,,,1359,1554
451,451,5,1,23,1,5,8,1368,1536,55,18,95,small,0.21105565638233514,0.663659793814433,,,1423,1554
452,452,5,1,23,1,5,9,1432,1536,34,18,95,cell,0.2191470054446461,0.663659793814433,,,1466,1554
453,453,4,1,23,1,6,0,885,1569,582,23,-1,,0.17785843920145192,0.6789089347079038,,,1467,1592
454,454,5,1,23,1,6,1,885,1569,48,18,96,DRX,0.13747731397459165,0.6778350515463918,,,933,1587
455,455,5,1,23,1,6,2,941,1570,119,22,96,parameters,0.1513157894736842,0.6791237113402062,,,1060,1592
456,456,5,1,23,1,6,3,1067,1574,25,13,96,and,0.16326376285541438,0.6789089347079038,,,1092,1587
457,457,5,1,23,1,6,4,1094,1569,86,18,96,initiate,0.17196007259528132,0.6778350515463918,,,1180,1587
458,458,5,1,23,1,6,5,1188,1569,32,18,96,the,0.1820931639443436,0.6778350515463918,,,1220,1587
459,459,5,1,23,1,6,6,1227,1569,54,18,96,small,0.1896551724137931,0.6778350515463918,,,1281,1587
460,460,5,1,23,1,6,7,1290,1569,33,18,96,cell,0.19759528130671505,0.6778350515463918,,,1323,1587
461,461,5,1,23,1,6,8,1332,1569,48,18,96,DRX,0.20508166969147004,0.6778350515463918,,,1380,1587
462,462,5,1,23,1,6,9,1388,1569,52,23,96,cycle,0.21385359951603145,0.6789089347079038,,,1440,1592
463,463,5,1,23,1,6,10,1448,1570,19,17,96,at,0.22043254688445252,0.6780498281786942,,,1467,1587
464,464,4,1,23,1,7,0,884,1602,582,18,-1,,0.17770719903206292,0.6920103092783505,,,1466,1620
465,465,5,1,23,1,7,1,884,1602,32,18,96,the,0.13611615245009073,0.6920103092783505,,,916,1620
466,466,5,1,23,1,7,2,925,1602,118,18,96,determined,0.14882032667876588,0.6920103092783505,,,1043,1620
467,467,5,1,23,1,7,3,1054,1602,46,18,96,start,0.1628856624319419,0.6920103092783505,,,1100,1620
468,468,5,1,23,1,7,4,1109,1602,49,18,96,time.,0.17143073200241984,0.6920103092783505,,,1158,1620
469,469,5,1,23,1,7,5,1170,1602,59,18,96,Other,0.18141258318209316,0.6920103092783505,,,1229,1620
470,470,5,1,23,1,7,6,1239,1602,141,18,96,embodiments,0.19804900181488203,0.6920103092783505,,,1380,1620
471,471,5,1,23,1,7,7,1390,1606,33,14,93,are,0.21271929824561403,0.6928694158075601,,,1423,1620
472,472,5,1,23,1,7,8,1433,1602,33,18,92,de-,0.2192226255293406,0.6920103092783505,,,1466,1620
473,473,4,1,23,1,8,0,884,1634,217,19,-1,,0.1501058681185723,0.7059707903780069,,,1101,1653
474,474,5,1,23,1,8,1,884,1634,74,19,96,scribed,0.13929219600725953,0.7059707903780069,,,958,1653
475,475,5,1,23,1,8,2,968,1634,37,19,96,and,0.14919842710223835,0.7059707903780069,,,1005,1653
476,476,5,1,23,1,8,3,1015,1634,86,19,96,claimed.,0.1600120992135511,0.7059707903780069,,,1101,1653
477,477,2,1,24,0,0,0,820,1739,48,13,-1,,0.12764670296430733,0.7497852233676976,,,868,1752
478,478,3,1,24,1,0,0,820,1739,48,13,-1,,0.12764670296430733,0.7497852233676976,,,868,1752
479,479,4,1,24,1,1,0,820,1739,48,13,-1,,0.12764670296430733,0.7497852233676976,,,868,1752
480,480,5,1,24,1,1,1,820,1739,34,13,68,FIG.,0.1265880217785844,0.7497852233676976,,,854,1752
481,481,5,1,24,1,1,2,860,1740,8,12,68,2,0.1306715063520871,0.75,,,868,1752
482,482,2,1,25,0,0,0,462,1913,766,73,-1,,0.1277979431336963,0.8374140893470791,,,1228,1986
483,483,3,1,25,1,0,0,462,1913,766,73,-1,,0.1277979431336963,0.8374140893470791,,,1228,1986
484,484,4,1,25,1,1,0,596,1913,632,32,-1,,0.13793103448275862,0.8286082474226805,,,1228,1945
485,485,5,1,25,1,1,1,596,1913,632,32,95,   ,0.13793103448275862,0.8286082474226805,,,1228,1945
486,486,4,1,25,1,2,0,596,1945,462,24,-1,,0.1250756200846945,0.8406357388316151,,,1058,1969
487,487,5,1,25,1,2,1,596,1945,462,24,95, ,0.1250756200846945,0.8406357388316151,,,1058,1969
488,488,4,1,25,1,3,0,462,1969,526,17,-1,,0.10964912280701754,0.8494415807560137,,,988,1986
489,489,5,1,25,1,3,1,462,1969,526,17,95, ,0.10964912280701754,0.8494415807560137,,,988,1986
490,490,2,1,26,0,0,0,626,1891,139,33,-1,,0.10518753781004235,0.819372852233677,,,765,1924
491,491,3,1,26,1,0,0,626,1891,139,33,-1,,0.10518753781004235,0.819372852233677,,,765,1924
492,492,4,1,26,1,1,0,626,1891,139,11,-1,,0.10518753781004235,0.814647766323024,,,765,1902
493,493,5,1,26,1,1,1,626,1891,21,9,47,‚ÄòARC,0.09626436781609195,0.8142182130584192,,,647,1900
494,494,5,1,26,1,1,2,650,1891,61,11,31,Configurations,0.1029189352692075,0.814647766323024,,,711,1902
495,495,5,1,26,1,1,3,713,1891,52,11,0,Informesion,0.1117664851784634,0.814647766323024,,,765,1902
496,496,4,1,26,1,2,0,677,1903,38,11,-1,,0.10526315789473684,0.8198024054982818,,,715,1914
497,497,5,1,26,1,2,1,677,1903,38,11,67,‚ÄúMessage,0.10526315789473684,0.8198024054982818,,,715,1914
498,498,4,1,26,1,3,0,687,1915,17,9,-1,,0.10518753781004235,0.8245274914089347,,,704,1924
499,499,5,1,26,1,3,1,687,1915,17,9,76,22,0.10518753781004235,0.8245274914089347,,,704,1924
500,500,2,1,27,0,0,0,626,1937,139,19,-1,,0.10518753781004235,0.8361254295532646,,,765,1956
501,501,3,1,27,1,0,0,626,1937,139,19,-1,,0.10518753781004235,0.8361254295532646,,,765,1956
502,502,4,1,27,1,1,0,626,1937,139,11,-1,,0.10518753781004235,0.8344072164948454,,,765,1948
503,503,5,1,27,1,1,1,626,1937,30,9,10,(Afacre,0.0969449485783424,0.8339776632302406,,,656,1946
504,504,5,1,27,1,1,2,660,1937,17,9,43,Cell,0.10110405323653962,0.8339776632302406,,,677,1946
505,505,5,1,27,1,1,3,679,1937,22,9,83,RRC,0.10435571687840291,0.8339776632302406,,,701,1946
506,506,5,1,27,1,1,4,704,1937,61,11,6,Comtguratton,0.11108590441621295,0.8344072164948454,,,765,1948
507,507,4,1,27,1,2,0,691,1949,10,7,-1,,0.10526315789473684,0.8387027491408935,,,701,1956
508,508,5,1,27,1,2,1,691,1949,10,7,3,9,0.10526315789473684,0.8387027491408935,,,701,1956
509,509,2,1,28,0,0,0,806,1891,143,21,-1,,0.1327132486388385,0.8167955326460481,,,949,1912
510,510,3,1,28,1,0,0,806,1891,143,21,-1,,0.1327132486388385,0.8167955326460481,,,949,1912
511,511,4,1,28,1,1,0,806,1891,143,10,-1,,0.1327132486388385,0.8144329896907216,,,949,1901
512,512,5,1,28,1,1,1,806,1891,13,8,33,2B,0.12288263762855414,0.8140034364261168,,,819,1899
513,513,5,1,28,1,1,2,823,1891,30,10,83,Dining,0.1267392619479734,0.8144329896907216,,,853,1901
514,514,5,1,28,1,1,3,855,1891,53,10,0,bformation,0.13331820931639443,0.8144329896907216,,,908,1901
515,515,5,1,28,1,1,4,910,1891,39,10,78,Message,0.14057773744706595,0.8144329896907216,,,949,1901
516,516,4,1,28,1,2,0,870,1903,16,9,-1,,0.13278886872353296,0.819372852233677,,,886,1912
517,517,5,1,28,1,2,1,870,1903,16,9,40,2S,0.13278886872353296,0.819372852233677,,,886,1912
518,518,2,1,29,0,0,0,1100,1919,59,12,-1,,0.17082577132486387,0.8268900343642611,,,1159,1931
519,519,3,1,29,1,0,0,1100,1919,59,12,-1,,0.17082577132486387,0.8268900343642611,,,1159,1931
520,520,4,1,29,1,1,0,1100,1919,59,12,-1,,0.17082577132486387,0.8268900343642611,,,1159,1931
521,521,5,1,29,1,1,1,1100,1919,34,10,77,SeNB,0.16893526920750151,0.8264604810996563,,,1134,1929
522,522,5,1,29,1,1,2,1137,1919,22,12,69,104,0.1736237144585602,0.8268900343642611,,,1159,1931
523,523,2,1,30,0,0,0,1200,1945,28,41,-1,,0.18360556563823352,0.844286941580756,,,1228,1986
524,524,3,1,30,1,0,0,1200,1945,28,41,-1,,0.18360556563823352,0.844286941580756,,,1228,1986
525,525,4,1,30,1,1,0,1200,1945,28,41,-1,,0.18360556563823352,0.844286941580756,,,1228,1986
526,526,5,1,30,1,1,1,1200,1945,28,41,95,  ,0.18360556563823352,0.844286941580756,,,1228,1986
527,527,2,1,31,0,0,0,1058,1955,142,21,-1,,0.1707501512401694,0.844286941580756,,,1200,1976
528,528,3,1,31,1,0,0,1058,1955,142,21,-1,,0.1707501512401694,0.844286941580756,,,1200,1976
529,529,4,1,31,1,1,0,1058,1955,142,11,-1,,0.1707501512401694,0.842139175257732,,,1200,1966
530,530,5,1,31,1,1,1,1058,1955,13,8,21,42,0.16099516031457956,0.8414948453608248,,,1071,1963
531,531,5,1,31,1,1,2,1074,1955,31,10,58,Tining,0.1647761645493043,0.8419243986254296,,,1105,1965
532,532,5,1,31,1,1,3,1107,1955,52,10,61,Information,0.17135511191772534,0.8419243986254296,,,1159,1965
533,533,5,1,31,1,1,4,1163,1955,37,11,0,Mesvage,0.17869026013309136,0.842139175257732,,,1200,1966
534,534,4,1,31,1,2,0,1121,1966,17,10,-1,,0.17082577132486387,0.8466494845360825,,,1138,1976
535,535,5,1,31,1,2,1,1121,1966,17,10,59,22,0.17082577132486387,0.8466494845360825,,,1138,1976
536,536,2,1,32,0,0,0,796,1982,406,8,-1,,0.15108892921960074,0.8530927835051546,,,1202,1990
537,537,3,1,32,1,0,0,796,1982,406,8,-1,,0.15108892921960074,0.8530927835051546,,,1202,1990
538,538,4,1,32,1,1,0,796,1982,406,8,-1,,0.15108892921960074,0.8530927835051546,,,1202,1990
539,539,5,1,32,1,1,1,796,1982,406,8,95, ,0.15108892921960074,0.8530927835051546,,,1202,1990
540,540,2,1,33,0,0,0,800,1994,156,23,-1,,0.13278886872353296,0.8614690721649485,,,956,2017
541,541,3,1,33,1,0,0,800,1994,156,23,-1,,0.13278886872353296,0.8614690721649485,,,956,2017
542,542,4,1,33,1,1,0,800,1994,156,11,-1,,0.13278886872353296,0.8588917525773195,,,956,2005
543,543,5,1,33,1,1,1,800,1995,13,8,35,‚ÄúKP,0.1219751966122202,0.8586769759450171,,,813,2003
544,544,5,1,33,1,1,2,816,1995,20,8,85,RRC,0.1249243799153055,0.8586769759450171,,,836,2003
545,545,5,1,33,1,1,3,840,1994,61,11,53,Configuration,0.13165456745311555,0.8588917525773195,,,901,2005
546,546,5,1,33,1,1,4,904,1994,52,11,41,Information,0.14065335753176045,0.8588917525773195,,,956,2005
547,547,4,1,33,1,2,0,860,2006,37,11,-1,,0.13286448880822746,0.8640463917525774,,,897,2017
548,548,5,1,33,1,2,1,860,2006,37,11,31,Mecaage,0.13286448880822746,0.8640463917525774,,,897,2017
549,549,2,1,34,0,0,0,462,1986,766,96,-1,,0.1277979431336963,0.8737113402061856,,,1228,2082
550,550,3,1,34,1,0,0,462,1986,766,96,-1,,0.1277979431336963,0.8737113402061856,,,1228,2082
551,551,4,1,34,1,1,0,462,1986,766,56,-1,,0.1277979431336963,0.8651202749140894,,,1228,2042
552,552,5,1,34,1,1,1,462,1986,766,56,95,   ,0.1277979431336963,0.8651202749140894,,,1228,2042
553,553,4,1,34,1,2,0,462,2042,766,40,-1,,0.1277979431336963,0.8857388316151202,,,1228,2082
554,554,5,1,34,1,2,1,462,2042,590,40,95, ,0.11448880822746521,0.8857388316151202,,,1052,2082
555,555,5,1,34,1,2,2,1206,2042,22,40,95, ,0.1840592861464005,0.8857388316151202,,,1228,2082
556,556,2,1,35,0,0,0,811,2038,137,11,-1,,0.13301572897761646,0.8777920962199313,,,948,2049
557,557,3,1,35,1,0,0,811,2038,137,11,-1,,0.13301572897761646,0.8777920962199313,,,948,2049
558,558,4,1,35,1,1,0,811,2038,137,11,-1,,0.13301572897761646,0.8777920962199313,,,948,2049
559,559,5,1,35,1,1,1,811,2039,27,8,17,Macra,0.12469751966122201,0.8775773195876289,,,838,2047
560,560,5,1,35,1,1,2,841,2038,18,9,65,Ce,0.12855414398064124,0.8773625429553265,,,859,2047
561,561,5,1,35,1,1,3,862,2039,22,8,63,DRX,0.13203266787658802,0.8775773195876289,,,884,2047
562,562,5,1,35,1,1,4,887,2039,61,10,42,Configuration,0.13876285541439806,0.8780068728522337,,,948,2049
563,563,2,1,36,0,0,0,1062,1987,134,21,-1,,0.1707501512401694,0.8580326460481099,,,1196,2008
564,564,3,1,36,1,0,0,1062,1987,134,21,-1,,0.1707501512401694,0.8580326460481099,,,1196,2008
565,565,4,1,36,1,1,0,1062,1987,134,11,-1,,0.1707501512401694,0.8558848797250859,,,1196,1998
566,566,5,1,36,1,1,1,1062,1987,26,9,45,‚ÄòSinai,0.16258318209316394,0.8554553264604811,,,1088,1996
567,567,5,1,36,1,1,2,1091,1987,18,9,70,Col,0.16636418632788869,0.8554553264604811,,,1109,1996
568,568,5,1,36,1,1,3,1112,1987,30,11,20,Toning,0.1704476709013914,0.8558848797250859,,,1142,1998
569,569,5,1,36,1,1,4,1145,1987,51,11,1,Informaaion,0.17702661826981247,0.8558848797250859,,,1196,1998
570,570,4,1,36,1,2,0,1121,1999,17,9,-1,,0.17082577132486387,0.8606099656357389,,,1138,2008
571,571,5,1,36,1,2,1,1121,1999,17,9,30,a,0.17082577132486387,0.8606099656357389,,,1138,2008
572,572,2,1,37,0,0,0,1052,2052,154,20,-1,,0.1707501512401694,0.8857388316151202,,,1206,2072
573,573,3,1,37,1,0,0,1052,2052,154,20,-1,,0.1707501512401694,0.8857388316151202,,,1206,2072
574,574,4,1,37,1,1,0,1052,2052,154,20,-1,,0.1707501512401694,0.8857388316151202,,,1206,2072
575,575,5,1,37,1,1,1,1052,2052,36,8,45,{TRANG,0.161826981246219,0.8831615120274914,,,1088,2060
576,576,5,1,37,1,1,2,1091,2052,61,20,13,Coniation,0.16961584996975196,0.8857388316151202,,,1152,2072
577,577,5,1,37,1,1,3,1155,2052,51,10,23,eration,0.17853901996370236,0.8835910652920962,,,1206,2062
578,578,2,1,38,0,0,0,869,2018,18,9,-1,,0.13278886872353296,0.8687714776632303,,,887,2027
579,579,3,1,38,1,0,0,869,2018,18,9,-1,,0.13278886872353296,0.8687714776632303,,,887,2027
580,580,4,1,38,1,1,0,869,2018,18,9,-1,,0.13278886872353296,0.8687714776632303,,,887,2027
581,581,5,1,38,1,1,1,869,2018,18,9,50,220,0.13278886872353296,0.8687714776632303,,,887,2027
582,582,2,1,39,0,0,0,796,2089,406,6,-1,,0.15108892921960074,0.8986254295532646,,,1202,2095
583,583,3,1,39,1,0,0,796,2089,406,6,-1,,0.15108892921960074,0.8986254295532646,,,1202,2095
584,584,4,1,39,1,1,0,796,2089,406,6,-1,,0.15108892921960074,0.8986254295532646,,,1202,2095
585,585,5,1,39,1,1,1,796,2089,406,6,95, ,0.15108892921960074,0.8986254295532646,,,1202,2095
586,586,2,1,40,0,0,0,462,2082,766,126,-1,,0.1277979431336963,0.9213917525773195,,,1228,2208
587,587,3,1,40,1,0,0,462,2082,766,126,-1,,0.1277979431336963,0.9213917525773195,,,1228,2208
588,588,4,1,40,1,1,0,462,2082,766,126,-1,,0.1277979431336963,0.9213917525773195,,,1228,2208
589,589,5,1,40,1,1,1,462,2082,766,126,95,   ,0.1277979431336963,0.9213917525773195,,,1228,2208
590,590,2,1,41,0,0,0,830,2101,96,21,-1,,0.13278886872353296,0.9070017182130584,,,926,2122
591,591,3,1,41,1,0,0,830,2101,96,21,-1,,0.13278886872353296,0.9070017182130584,,,926,2122
592,592,4,1,41,1,1,0,830,2101,96,11,-1,,0.13278886872353296,0.9048539518900344,,,926,2112
593,593,5,1,41,1,1,1,830,2101,13,8,64,2,0.1265124016938899,0.9042096219931272,,,843,2109
594,594,5,1,41,1,1,2,846,2101,23,9,90,MAG,0.1296884452510587,0.9044243986254296,,,869,2110
595,595,5,1,41,1,1,3,872,2101,14,9,76,CB,0.13294010889292196,0.9044243986254296,,,886,2110
596,596,5,1,41,1,1,4,888,2101,38,11,82,Message,0.13717483363581368,0.9048539518900344,,,926,2112
597,597,4,1,41,1,2,0,870,2113,17,9,-1,,0.13286448880822746,0.9095790378006873,,,887,2122
598,598,5,1,41,1,2,1,870,2113,17,9,17,28,0.13286448880822746,0.9095790378006873,,,887,2122
599,599,2,1,42,0,0,0,824,2142,111,21,-1,,0.13301572897761646,0.9246134020618557,,,935,2163
600,600,3,1,42,1,0,0,824,2142,111,21,-1,,0.13301572897761646,0.9246134020618557,,,935,2163
601,601,4,1,42,1,1,0,824,2142,111,9,-1,,0.13301572897761646,0.9220360824742269,,,935,2151
602,602,5,1,42,1,1,1,824,2143,22,7,77,DRX,0.12628554143980641,0.9220360824742269,,,846,2150
603,603,5,1,42,1,1,2,847,2142,46,9,54,Commend,0.13157894736842105,0.9220360824742269,,,893,2151
604,604,5,1,42,1,1,3,895,2142,23,9,52,MAC,0.13709921355111918,0.9220360824742269,,,918,2151
605,605,5,1,42,1,1,4,921,2142,14,9,52,CE,0.14035087719298245,0.9220360824742269,,,935,2151
606,606,4,1,42,1,2,0,870,2154,18,9,-1,,0.13294010889292196,0.9271907216494846,,,888,2163
607,607,5,1,42,1,2,1,870,2154,18,9,50,2,0.13294010889292196,0.9271907216494846,,,888,2163
608,608,2,1,43,0,0,0,1044,1950,4,191,-1,,0.15819721718088325,0.8786512027491409,,,1048,2141
609,609,3,1,43,1,0,0,1044,1950,4,191,-1,,0.15819721718088325,0.8786512027491409,,,1048,2141
610,610,4,1,43,1,1,0,1044,1950,4,191,-1,,0.15819721718088325,0.8786512027491409,,,1048,2141
611,611,5,1,43,1,1,1,1044,1950,4,191,95, ,0.15819721718088325,0.8786512027491409,,,1048,2141
612,612,2,1,44,0,0,0,1063,2095,134,33,-1,,0.17090139140955837,0.9070017182130584,,,1197,2128
613,613,3,1,44,1,0,0,1063,2095,134,33,-1,,0.17090139140955837,0.9070017182130584,,,1197,2128
614,614,4,1,44,1,1,0,1063,2095,134,11,-1,,0.17090139140955837,0.9022766323024055,,,1197,2106
615,615,5,1,44,1,1,1,1063,2095,25,9,60,‚ÄòSmall,0.16265880217785844,0.9018470790378007,,,1088,2104
616,616,5,1,44,1,1,2,1091,2095,18,9,84,Cell,0.16636418632788869,0.9018470790378007,,,1109,2104
617,617,5,1,44,1,1,3,1111,2096,23,8,80,DRX,0.16976709013914096,0.9020618556701031,,,1134,2104
618,618,5,1,44,1,1,4,1137,2096,60,10,0,Configarcion,0.176497277676951,0.9024914089347079,,,1197,2106
619,619,4,1,44,1,2,0,1104,2107,52,11,-1,,0.17090139140955837,0.9074312714776632,,,1156,2118
620,620,5,1,44,1,2,1,1104,2107,52,11,51,Information,0.17090139140955837,0.9074312714776632,,,1156,2118
621,621,4,1,44,1,3,0,1121,2119,17,9,-1,,0.17082577132486387,0.9121563573883161,,,1138,2128
622,622,5,1,44,1,3,1,1121,2119,17,9,68,26,0.17082577132486387,0.9121563573883161,,,1138,2128
623,623,2,1,45,0,0,0,1034,1955,4,191,-1,,0.15668481548699334,0.8807989690721649,,,1038,2146
624,624,3,1,45,1,0,0,1034,1955,4,191,-1,,0.15668481548699334,0.8807989690721649,,,1038,2146
625,625,4,1,45,1,1,0,1034,1955,4,191,-1,,0.15668481548699334,0.8807989690721649,,,1038,2146
626,626,5,1,45,1,1,1,1034,1955,4,191,95, ,0.15668481548699334,0.8807989690721649,,,1038,2146
627,627,2,1,46,0,0,0,716,2270,259,16,-1,,0.1278735632183908,0.9785223367697594,,,975,2286
628,628,3,1,46,1,0,0,716,2270,259,16,-1,,0.1278735632183908,0.9785223367697594,,,975,2286
629,629,4,1,46,1,1,0,716,2270,259,16,-1,,0.1278735632183908,0.9785223367697594,,,975,2286
630,630,5,1,46,1,1,1,716,2270,49,12,96,Printed,0.11199334543254688,0.9776632302405498,,,765,2282
631,631,5,1,46,1,1,2,771,2270,15,16,96,by,0.1177404718693285,0.9785223367697594,,,786,2286
632,632,5,1,46,1,1,3,792,2270,45,14,96,"Jouve,",0.12318511796733213,0.9780927835051546,,,837,2284
633,633,5,1,46,1,1,4,843,2270,41,12,96,75001,0.13059588626739263,0.9776632302405498,,,884,2282
634,634,5,1,46,1,1,5,893,2270,46,12,96,PARIS,0.1385359951603146,0.9776632302405498,,,939,2282
635,635,5,1,46,1,1,6,945,2270,30,16,95,(FR),0.14519056261343014,0.9785223367697594,,,975,2286
