,Unnamed: 0,level,page_num,block_num,par_num,line_num,word_num,left,top,width,height,conf,text,x,y,label,target,right,bottom
0,0,1,1,0,0,0,0,0,0,1653,2328,-1,,0.125,0.5,,,1653,2328
1,1,2,1,1,0,0,0,144,1905,31,328,-1,,0.02412280701754386,0.8887457044673539,,,175,2233
2,2,3,1,1,1,0,0,144,1905,31,328,-1,,0.02412280701754386,0.8887457044673539,,,175,2233
3,3,4,1,1,1,1,0,144,1905,31,328,-1,,0.02412280701754386,0.8887457044673539,,,175,2233
4,4,5,1,1,1,1,1,144,2179,30,54,95,EP,0.024047186932849365,0.947594501718213,,,174,2233
5,5,5,1,1,1,1,2,144,2142,31,21,95,3,0.02412280701754386,0.9246134020618557,,,175,2163
6,6,5,1,1,1,1,3,144,2055,31,71,95,379,0.02412280701754386,0.8979810996563574,,,175,2126
7,7,5,1,1,1,1,4,144,1968,31,72,89,405,0.02412280701754386,0.8608247422680413,,,175,2040
8,8,5,1,1,1,1,5,144,1905,30,50,89,A1,0.024047186932849365,0.8290378006872853,,,174,1955
9,9,2,1,2,0,0,0,429,153,88,28,-1,,0.07153660012099214,0.07173539518900343,,,517,181
10,10,3,1,2,1,0,0,429,153,88,28,-1,,0.07153660012099214,0.07173539518900343,,,517,181
11,11,4,1,2,1,1,0,429,153,88,16,-1,,0.07153660012099214,0.06915807560137457,,,517,169
12,12,5,1,2,1,1,1,429,153,88,16,84,Europaisches,0.07153660012099214,0.06915807560137457,,,517,169
13,13,4,1,2,1,2,0,429,170,71,11,-1,,0.07025105868118572,0.07538659793814433,,,500,181
14,14,5,1,2,1,2,1,429,170,71,11,96,Patentamt,0.07025105868118572,0.07538659793814433,,,500,181
15,15,2,1,3,0,0,0,429,196,89,28,-1,,0.07161222020568662,0.09020618556701031,,,518,224
16,16,3,1,3,1,0,0,429,196,89,28,-1,,0.07161222020568662,0.09020618556701031,,,518,224
17,17,4,1,3,1,1,0,429,196,63,15,-1,,0.06964609800362977,0.08741408934707903,,,492,211
18,18,5,1,3,1,1,1,429,196,63,15,95,European,0.06964609800362977,0.08741408934707903,,,492,211
19,19,4,1,3,1,2,0,429,212,89,12,-1,,0.07161222020568662,0.0936426116838488,,,518,224
20,20,5,1,3,1,2,1,429,213,43,11,96,Patent,0.06813369630973987,0.0938573883161512,,,472,224
21,21,5,1,3,1,2,2,478,212,40,12,90,Office,0.07531760435571688,0.0936426116838488,,,518,224
22,22,2,1,4,0,0,0,429,239,109,28,-1,,0.07312462189957653,0.10867697594501718,,,538,267
23,23,3,1,4,1,0,0,429,239,109,28,-1,,0.07312462189957653,0.10867697594501718,,,538,267
24,24,4,1,4,1,1,0,429,239,109,15,-1,,0.07312462189957653,0.10588487972508591,,,538,254
25,25,5,1,4,1,1,1,429,239,40,12,93,Office,0.06790683605565638,0.1052405498281787,,,469,251
26,26,5,1,4,1,1,2,474,239,64,15,93,europ√©en,0.0765275257108288,0.10588487972508591,,,538,254
27,27,4,1,4,1,2,0,429,255,77,12,-1,,0.0707047791893527,0.11211340206185567,,,506,267
28,28,5,1,4,1,2,1,429,255,22,12,95,des,0.06654567453115548,0.11211340206185567,,,451,267
29,29,5,1,4,1,2,2,457,255,49,12,82,brevets,0.07282214156079855,0.11211340206185567,,,506,267
30,30,2,1,5,0,0,0,281,136,274,150,-1,,0.06321839080459771,0.09063573883161512,,,555,286
31,31,3,1,5,1,0,0,281,136,274,150,-1,,0.06321839080459771,0.09063573883161512,,,555,286
32,32,4,1,5,1,1,0,281,136,274,150,-1,,0.06321839080459771,0.09063573883161512,,,555,286
33,33,5,1,5,1,1,1,281,136,274,150,95, ,0.06321839080459771,0.09063573883161512,,,555,286
34,34,2,1,6,0,0,0,225,324,45,26,-1,,0.037431941923774956,0.14475945017182132,,,270,350
35,35,3,1,6,1,0,0,225,324,45,26,-1,,0.037431941923774956,0.14475945017182132,,,270,350
36,36,4,1,6,1,1,0,225,324,45,26,-1,,0.037431941923774956,0.14475945017182132,,,270,350
37,37,5,1,6,1,1,1,225,324,45,26,96,(12),0.037431941923774956,0.14475945017182132,,,270,350
38,38,2,1,7,0,0,0,225,395,378,53,-1,,0.06261343012704174,0.18105670103092783,,,603,448
39,39,3,1,7,1,0,0,225,395,378,53,-1,,0.06261343012704174,0.18105670103092783,,,603,448
40,40,4,1,7,1,1,0,225,395,262,26,-1,,0.05384150030248034,0.17525773195876287,,,487,421
41,41,5,1,7,1,1,1,225,395,45,26,95,(43),0.037431941923774956,0.17525773195876287,,,270,421
42,42,5,1,7,1,1,2,286,397,48,18,95,Date,0.04688445251058681,0.17439862542955326,,,334,415
43,43,5,1,7,1,1,3,342,397,20,18,96,of,0.05323653962492438,0.17439862542955326,,,362,415
44,44,5,1,7,1,1,4,370,397,117,23,96,publication:,0.0648064125831821,0.17547250859106528,,,487,420
45,45,4,1,7,1,2,0,286,430,317,18,-1,,0.06722625529340592,0.18857388316151202,,,603,448
46,46,5,1,7,1,2,1,286,430,117,18,95,26.09.2018,0.052102238354506954,0.18857388316151202,publication_date,26.09.2018,403,448
47,47,5,1,7,1,2,2,426,430,84,18,95,Bulletin,0.07078039927404718,0.18857388316151202,,,510,448
48,48,5,1,7,1,2,3,519,430,84,18,96,2018/39,0.08484573502722323,0.18857388316151202,,,603,448
49,49,2,1,8,0,0,0,225,493,402,26,-1,,0.06442831215970962,0.21735395189003437,,,627,519
50,50,3,1,8,1,0,0,225,493,402,26,-1,,0.06442831215970962,0.21735395189003437,,,627,519
51,51,4,1,8,1,1,0,225,493,402,26,-1,,0.06442831215970962,0.21735395189003437,,,627,519
52,52,5,1,8,1,1,1,225,493,45,26,95,(21),0.037431941923774956,0.21735395189003437,,,270,519
53,53,5,1,8,1,1,2,285,495,115,23,96,Application,0.051799758015728975,0.21756872852233677,,,400,518
54,54,5,1,8,1,1,3,410,495,83,18,93,number:,0.06828493647912885,0.21649484536082475,,,493,513
55,55,5,1,8,1,1,4,505,495,122,18,92,18162159.0,0.08560193587416817,0.21649484536082475,application_number,18162159,627,513
56,56,2,1,9,0,0,0,225,559,325,26,-1,,0.05860556563823351,0.24570446735395188,,,550,585
57,57,3,1,9,1,0,0,225,559,325,26,-1,,0.05860556563823351,0.24570446735395188,,,550,585
58,58,4,1,9,1,1,0,225,559,325,26,-1,,0.05860556563823351,0.24570446735395188,,,550,585
59,59,5,1,9,1,1,1,225,559,45,26,96,(22),0.037431941923774956,0.24570446735395188,,,270,585
60,60,5,1,9,1,1,2,286,561,48,18,96,Date,0.04688445251058681,0.24484536082474226,,,334,579
61,61,5,1,9,1,1,3,342,566,12,13,96,of,0.05263157894736842,0.24591924398625428,,,354,579
62,62,5,1,9,1,1,4,355,561,67,23,96,filing:,0.058756805807622506,0.24591924398625428,,,422,584
63,63,5,1,9,1,1,5,433,561,117,18,96,16.03.2018,0.07433454325468844,0.24484536082474226,filing_date,16.03.2018,550,579
64,64,2,1,10,0,0,0,1002,245,458,38,-1,,0.18617664851784635,0.1134020618556701,,,1460,283
65,65,3,1,10,1,0,0,1002,245,458,38,-1,,0.18617664851784635,0.1134020618556701,,,1460,283
66,66,4,1,10,1,1,0,1002,245,458,38,-1,,0.18617664851784635,0.1134020618556701,,,1460,283
67,67,5,1,10,1,1,1,1002,256,44,27,74,(11),0.15486993345432548,0.11576460481099657,,,1046,283
68,68,5,1,10,1,1,2,1146,245,52,32,95,EP,0.17725347852389595,0.11211340206185567,number,EP,1198,277
69,69,5,1,10,1,1,3,1214,245,20,32,93,3,0.1851179673321234,0.11211340206185567,number,3,1234,277
70,70,5,1,10,1,1,4,1249,245,68,32,93,379,0.1940411373260738,0.11211340206185567,number,379,1317,277
71,71,5,1,10,1,1,5,1331,245,69,32,88,405,0.20651845130066546,0.11211340206185567,number,405,1400,277
72,72,5,1,10,1,1,6,1413,245,47,32,87,A1,0.21725650332728372,0.11211340206185567,number,A1,1460,277
73,73,2,1,11,0,0,0,577,319,537,26,-1,,0.1278735632183908,0.14261168384879724,,,1114,345
74,74,3,1,11,1,0,0,577,319,537,26,-1,,0.1278735632183908,0.14261168384879724,,,1114,345
75,75,4,1,11,1,1,0,577,319,537,26,-1,,0.1278735632183908,0.14261168384879724,,,1114,345
76,76,5,1,11,1,1,1,577,319,156,26,95,EUROPEAN,0.09906231094978826,0.14261168384879724,,,733,345
77,77,5,1,11,1,1,2,735,320,135,24,95,PATENT,0.12137023593466424,0.14261168384879724,,,870,344
78,78,5,1,11,1,1,3,873,319,241,26,96,APPLICATION,0.1502571082879613,0.14261168384879724,,,1114,345
79,79,2,1,12,0,0,0,862,395,556,112,-1,,0.1724137931034483,0.19372852233676977,,,1418,507
80,80,3,1,12,1,0,0,862,395,556,112,-1,,0.1724137931034483,0.19372852233676977,,,1418,507
81,81,4,1,12,1,1,0,862,395,126,26,-1,,0.13989715668481548,0.17525773195876287,,,988,421
82,82,5,1,12,1,1,1,862,395,44,26,93,(51),0.1336963097398669,0.17525773195876287,,,906,421
83,83,5,1,12,1,1,2,923,397,25,18,93,Int,0.1414851784633999,0.17439862542955326,,,948,415
84,84,5,1,12,1,1,3,955,397,33,18,78,Cl:,0.14692982456140352,0.17439862542955326,,,988,415
85,85,4,1,12,1,2,0,923,425,454,21,-1,,0.17392619479733817,0.1870704467353952,,,1377,446
86,86,5,1,12,1,2,1,923,428,60,18,43,GO6GF,0.1441318814277072,0.1877147766323024,class_international,G06F,983,446
87,87,5,1,12,1,2,2,990,428,44,18,81,7/04,0.1530550514216576,0.1877147766323024,class_international,7/04,1034,446
88,88,5,1,12,1,2,3,1040,425,66,16,74,(2006.07),0.16228070175438597,0.18599656357388317,,,1106,441
89,89,5,1,12,1,2,4,1194,428,60,18,71,GOGF,0.1851179673321234,0.1877147766323024,,,1254,446
90,90,5,1,12,1,2,5,1262,428,43,18,85,1116,0.1941167574107683,0.1877147766323024,,,1305,446
91,91,5,1,12,1,2,6,1311,425,66,16,56,(2096.01),0.20326678765880218,0.18599656357388317,,,1377,441
92,92,4,1,12,1,3,0,923,455,495,21,-1,,0.17702661826981247,0.19995704467353953,,,1418,476
93,93,5,1,12,1,3,1,923,458,60,18,85,GOGF,0.1441318814277072,0.20060137457044674,,,983,476
94,94,5,1,12,1,3,2,991,458,43,18,93,1/18,0.1531306715063521,0.20060137457044674,,,1034,476
95,95,5,1,12,1,3,3,1040,455,66,16,69,(2006.01),0.16228070175438597,0.19888316151202748,,,1106,471
96,96,5,1,12,1,3,4,1193,458,61,18,84,HOAN,0.1850423472474289,0.20060137457044674,,,1254,476
97,97,5,1,12,1,3,5,1261,458,85,18,95,2114143,0.19714156079854808,0.20060137457044674,,,1346,476
98,98,5,1,12,1,3,6,1351,455,67,16,69,(2011.01),0.20939201451905626,0.19888316151202748,,,1418,471
99,99,4,1,12,1,4,0,923,486,196,21,-1,,0.1544162129461585,0.21327319587628865,,,1119,507
100,100,5,1,12,1,4,1,923,488,60,19,54,GOGF,0.1441318814277072,0.21370274914089346,,,983,507
101,101,5,1,12,1,4,2,991,488,57,19,38,15102,0.154189352692075,0.21370274914089346,,,1048,507
102,102,5,1,12,1,4,3,1052,486,67,15,38,(2096.00,0.16417120387174833,0.21198453608247422,,,1119,501
103,103,2,1,13,0,0,0,224,611,1243,8,-1,,0.1278735632183908,0.26417525773195877,,,1467,619
104,104,3,1,13,1,0,0,224,611,1243,8,-1,,0.1278735632183908,0.26417525773195877,,,1467,619
105,105,4,1,13,1,1,0,224,611,1243,8,-1,,0.1278735632183908,0.26417525773195877,,,1467,619
106,106,5,1,13,1,1,1,224,611,1243,8,95, ,0.1278735632183908,0.26417525773195877,,,1467,619
107,107,2,1,14,0,0,0,225,631,599,250,-1,,0.07932546884452511,0.3247422680412371,,,824,881
108,108,3,1,14,1,0,0,225,631,599,250,-1,,0.07932546884452511,0.3247422680412371,,,824,881
109,109,4,1,14,1,1,0,225,631,388,27,-1,,0.0633696309739867,0.2768470790378007,,,613,658
110,110,5,1,14,1,1,1,225,631,45,27,96,(84),0.037431941923774956,0.2768470790378007,,,270,658
111,111,5,1,14,1,1,2,286,633,118,23,96,Designated,0.052177858439201454,0.2768470790378007,,,404,656
112,112,5,1,14,1,1,3,413,633,119,23,96,Contracting,0.07146098003629764,0.2768470790378007,,,532,656
113,113,5,1,14,1,1,4,542,633,71,19,96,States:,0.08734119782214156,0.2759879725085911,,,613,652
114,114,4,1,14,1,2,0,285,666,537,18,-1,,0.08371143375680581,0.28994845360824745,,,822,684
115,115,5,1,14,1,2,1,285,666,31,18,94,AL,0.04544767090139141,0.28994845360824745,,,316,684
116,116,5,1,14,1,2,2,323,666,31,18,94,AT,0.05119479733817302,0.28994845360824745,,,354,684
117,117,5,1,14,1,2,3,363,666,30,18,96,BE,0.05716878402903811,0.28994845360824745,,,393,684
118,118,5,1,14,1,2,4,403,666,32,18,96,BG,0.0633696309739867,0.28994845360824745,,,435,684
119,119,5,1,14,1,2,5,445,666,31,18,96,CH,0.06964609800362977,0.28994845360824745,,,476,684
120,120,5,1,14,1,2,6,486,666,32,18,95,CY,0.07592256503327284,0.28994845360824745,,,518,684
121,121,5,1,14,1,2,7,526,666,30,18,93,CZ,0.08182093163944344,0.28994845360824745,,,556,684
122,122,5,1,14,1,2,8,565,666,30,18,93,DE,0.08771929824561403,0.28994845360824745,,,595,684
123,123,5,1,14,1,2,9,605,666,32,18,95,DK,0.09392014519056262,0.28994845360824745,,,637,684
124,124,5,1,14,1,2,10,646,666,29,18,95,EE,0.0998941318814277,0.28994845360824745,,,675,684
125,125,5,1,14,1,2,11,684,666,29,18,93,ES,0.10564125831820932,0.28994845360824745,,,713,684
126,126,5,1,14,1,2,12,723,666,57,18,90,FIFR,0.11365698729582577,0.28994845360824745,,,780,684
127,127,5,1,14,1,2,13,788,666,34,18,95,GB,0.12174833635813673,0.28994845360824745,,,822,684
128,128,4,1,14,1,3,0,285,699,539,18,-1,,0.0838626739261948,0.30412371134020616,,,824,717
129,129,5,1,14,1,3,1,285,699,297,18,83,GRHRHUIEISITLILTLU,0.06556261343012704,0.30412371134020616,,,582,717
130,130,5,1,14,1,3,2,591,699,28,18,85,LV,0.09150030248033877,0.30412371134020616,,,619,717
131,131,5,1,14,1,3,3,627,699,35,18,85,MC,0.09747428917120388,0.30412371134020616,,,662,717
132,132,5,1,14,1,3,4,670,699,35,18,94,MK,0.10397761645493044,0.30412371134020616,,,705,717
133,133,5,1,14,1,3,5,713,699,32,18,91,MT,0.11025408348457351,0.30412371134020616,,,745,717
134,134,5,1,14,1,3,6,753,699,29,18,49,NL,0.11607683000604961,0.30412371134020616,,,782,717
135,135,5,1,14,1,3,7,791,699,33,18,49,NO,0.1221264367816092,0.30412371134020616,,,824,717
136,136,4,1,14,1,4,0,286,732,336,18,-1,,0.06866303690260134,0.31829896907216493,,,622,750
137,137,5,1,14,1,4,1,286,732,28,18,93,PL,0.045372050816696916,0.31829896907216493,,,314,750
138,138,5,1,14,1,4,2,323,732,29,18,92,PT,0.05104355716878403,0.31829896907216493,,,352,750
139,139,5,1,14,1,4,3,360,732,58,18,92,RORS,0.058832425892317,0.31829896907216493,,,418,750
140,140,5,1,14,1,4,4,420,732,52,18,92,SE,0.06745311554748941,0.31829896907216493,,,472,750
141,141,5,1,14,1,4,5,480,732,20,18,95,SI,0.07410768300060495,0.31829896907216493,,,500,750
142,142,5,1,14,1,4,6,510,732,31,18,93,SK,0.0794767090139141,0.31829896907216493,,,541,750
143,143,5,1,14,1,4,7,550,732,72,18,90,SMTR,0.08862673926194797,0.31829896907216493,,,622,750
144,144,4,1,14,1,5,0,286,765,310,23,-1,,0.06669691470054447,0.3335481099656357,,,596,788
145,145,5,1,14,1,5,1,286,765,118,23,96,Designated,0.052177858439201454,0.3335481099656357,,,404,788
146,146,5,1,14,1,5,2,413,765,102,18,96,Extension,0.07017543859649122,0.3324742268041237,,,515,783
147,147,5,1,14,1,5,3,524,765,72,18,96,States:,0.08469449485783424,0.3324742268041237,,,596,783
148,148,4,1,14,1,6,0,286,797,74,19,-1,,0.04885057471264368,0.34643470790378006,,,360,816
149,149,5,1,14,1,6,1,286,797,33,19,96,BA,0.04575015124016939,0.34643470790378006,,,319,816
150,150,5,1,14,1,6,2,327,797,33,19,96,ME,0.05195099818511797,0.34643470790378006,,,360,816
151,151,4,1,14,1,7,0,286,830,310,23,-1,,0.06669691470054447,0.36146907216494845,,,596,853
152,152,5,1,14,1,7,1,286,830,118,23,96,Designated,0.052177858439201454,0.36146907216494845,,,404,853
153,153,5,1,14,1,7,2,411,830,104,18,96,Validation,0.07002419842710224,0.3603951890034364,,,515,848
154,154,5,1,14,1,7,3,524,830,72,18,96,States:,0.08469449485783424,0.3603951890034364,,,596,848
155,155,4,1,14,1,8,0,286,863,157,18,-1,,0.055127041742286755,0.3745704467353952,,,443,881
156,156,5,1,14,1,8,1,286,863,31,18,96,KH,0.0455989110707804,0.3745704467353952,,,317,881
157,157,5,1,14,1,8,2,327,863,35,18,96,MA,0.052102238354506954,0.3745704467353952,,,362,881
158,158,5,1,14,1,8,3,371,863,34,18,95,MD,0.05868118572292801,0.3745704467353952,,,405,881
159,159,5,1,14,1,8,4,413,863,30,18,95,TN,0.0647307924984876,0.3745704467353952,,,443,881
160,160,2,1,15,0,0,0,225,927,491,26,-1,,0.07115849969751967,0.40378006872852235,,,716,953
161,161,3,1,15,1,0,0,225,927,491,26,-1,,0.07115849969751967,0.40378006872852235,,,716,953
162,162,4,1,15,1,1,0,225,927,491,26,-1,,0.07115849969751967,0.40378006872852235,,,716,953
163,163,5,1,15,1,1,1,225,927,45,26,96,(30),0.037431941923774956,0.40378006872852235,,,270,953
164,164,5,1,15,1,1,2,286,929,77,23,94,Priority:,0.04907743496672716,0.40399484536082475,,,363,952
165,165,5,1,15,1,1,3,383,929,118,18,94,22.03.2017,0.06684815486993345,0.4029209621993127,priority_date_eu,22.03.2017,501,947
166,166,5,1,15,1,1,4,520,929,30,18,96,US,0.0809134906231095,0.4029209621993127,,,550,947
167,167,5,1,15,1,1,5,559,929,157,18,96,201715466236,0.09641560798548095,0.4029209621993127,,,716,947
168,168,2,1,16,0,0,0,862,631,395,58,-1,,0.1602389594676346,0.28350515463917525,,,1257,689
169,169,3,1,16,1,0,0,862,631,395,58,-1,,0.1602389594676346,0.28350515463917525,,,1257,689
170,170,4,1,16,1,1,0,862,631,367,27,-1,,0.15812159709618875,0.2768470790378007,,,1229,658
171,171,5,1,16,1,1,1,862,631,44,27,96,(71),0.1336963097398669,0.2768470790378007,,,906,658
172,172,5,1,16,1,1,2,921,633,103,23,93,Applicant:,0.1470810647307925,0.2768470790378007,,,1024,656
173,173,5,1,16,1,1,3,1032,633,102,22,92,"Arnouse,",0.16379310344827586,0.2766323024054983,inventor_line_1,"Arnouse,",1134,655
174,174,5,1,16,1,1,4,1144,633,85,19,95,Michael,0.1794464609800363,0.2759879725085911,inventor_line_1,Michael,1229,652
175,175,4,1,16,1,2,0,922,666,335,23,-1,,0.1647761645493043,0.29102233676975947,,,1257,689
176,176,5,1,16,1,2,1,922,666,37,18,96,Old,0.14224137931034483,0.28994845360824745,,,959,684
177,177,5,1,16,1,2,2,969,666,119,22,96,"Brookville,",0.15555051421657592,0.29080756013745707,,,1088,688
178,178,5,1,16,1,2,3,1098,666,31,18,96,NY,0.16840592861464004,0.28994845360824745,,,1129,684
179,179,5,1,16,1,2,4,1138,666,63,18,95,11545,0.17687537810042347,0.28994845360824745,,,1201,684
180,180,5,1,16,1,2,5,1210,666,47,23,95,(US),0.18655474894131882,0.29102233676975947,,,1257,689
181,181,2,1,17,0,0,0,862,730,395,58,-1,,0.1602389594676346,0.32603092783505155,,,1257,788
182,182,3,1,17,1,0,0,862,730,395,58,-1,,0.1602389594676346,0.32603092783505155,,,1257,788
183,183,4,1,17,1,1,0,862,730,355,26,-1,,0.1572141560798548,0.31915807560137455,,,1217,756
184,184,5,1,17,1,1,1,862,730,44,26,96,(72),0.1336963097398669,0.31915807560137455,,,906,756
185,185,5,1,17,1,1,2,923,732,89,18,93,Inventor:,0.14632486388384755,0.31829896907216493,,,1012,750
186,186,5,1,17,1,1,3,1021,732,102,22,92,"Arnouse,",0.16212946158499697,0.31915807560137455,applicant_line_1,"Arnouse,",1123,754
187,187,5,1,17,1,1,4,1132,732,85,18,96,Michael,0.17763157894736842,0.31829896907216493,applicant_line_1,Michael,1217,750
188,188,4,1,17,1,2,0,922,765,335,23,-1,,0.1647761645493043,0.3335481099656357,,,1257,788
189,189,5,1,17,1,2,1,922,765,37,18,96,Old,0.14224137931034483,0.3324742268041237,,,959,783
190,190,5,1,17,1,2,2,969,765,119,21,96,"Brookville,",0.15555051421657592,0.3331185567010309,,,1088,786
191,191,5,1,17,1,2,3,1098,765,31,18,96,NY,0.16840592861464004,0.3324742268041237,,,1129,783
192,192,5,1,17,1,2,4,1138,765,63,18,96,11545,0.17687537810042347,0.3324742268041237,,,1201,783
193,193,5,1,17,1,2,5,1210,765,47,23,95,(US),0.18655474894131882,0.3335481099656357,,,1257,788
194,194,2,1,18,0,0,0,862,828,601,124,-1,,0.17581669691470053,0.38230240549828176,,,1463,952
195,195,3,1,18,1,0,0,862,828,601,124,-1,,0.17581669691470053,0.38230240549828176,,,1463,952
196,196,4,1,18,1,1,0,862,828,601,26,-1,,0.17581669691470053,0.36125429553264604,,,1463,854
197,197,5,1,18,1,1,1,862,828,44,26,93,(74),0.1336963097398669,0.36125429553264604,,,906,854
198,198,5,1,18,1,1,2,923,830,163,23,92,Representative:,0.15192075015124018,0.36146907216494845,,,1086,853
199,199,5,1,18,1,1,3,1091,835,19,13,78,v.,0.16643980641258319,0.36146907216494845,representative_line_1_eu,v.,1110,848
200,200,5,1,18,1,1,4,1116,830,75,18,78,Bezold,0.17445553539019965,0.3603951890034364,representative_line_1_eu,Bezold,1191,848
201,201,5,1,18,1,1,5,1197,830,15,18,91,&,0.1821687840290381,0.3603951890034364,representative_line_1_eu,&,1212,848
202,202,5,1,18,1,1,6,1218,830,83,18,91,Partner,0.19048699334543254,0.3603951890034364,representative_line_1_eu,Partner,1301,848
203,203,5,1,18,1,1,7,1305,830,158,18,91,Patentanwalte,0.20931639443436176,0.3603951890034364,representative_line_1_eu,Patentanw‚àö¬ßlte,1463,848
204,204,4,1,18,1,2,0,922,863,137,18,-1,,0.14980338777979432,0.3745704467353952,,,1059,881
205,205,5,1,18,1,2,1,922,873,6,3,92,-,0.13989715668481548,0.3756443298969072,,,928,876
206,206,5,1,18,1,2,2,937,863,62,18,91,PartG,0.14640048396854205,0.3745704467353952,,,999,881
207,207,5,1,18,1,2,3,1008,863,51,18,90,mbB,0.15630671506352087,0.3745704467353952,,,1059,881
208,208,4,1,18,1,3,0,921,895,203,19,-1,,0.15464307320024198,0.38853092783505155,,,1124,914
209,209,5,1,18,1,3,1,921,895,183,19,17,AkademiestraBe,0.1531306715063521,0.38853092783505155,,,1104,914
210,210,5,1,18,1,3,2,1112,896,12,18,96,7,0.16908650937689051,0.38874570446735396,,,1124,914
211,211,4,1,18,1,4,0,922,929,231,23,-1,,0.15691167574107684,0.40399484536082475,,,1153,952
212,212,5,1,18,1,4,1,922,929,64,18,93,80799,0.1442831215970962,0.4029209621993127,,,986,947
213,213,5,1,18,1,4,2,996,929,101,18,91,Miinchen,0.15827283726557773,0.4029209621993127,,,1097,947
214,214,5,1,18,1,4,3,1107,929,46,23,96,(DE),0.17090139140955837,0.40399484536082475,,,1153,952
215,215,2,1,19,0,0,0,844,614,4,369,-1,,0.1279491833030853,0.3429982817869416,,,848,983
216,216,3,1,19,1,0,0,844,614,4,369,-1,,0.1279491833030853,0.3429982817869416,,,848,983
217,217,4,1,19,1,1,0,844,614,4,369,-1,,0.1279491833030853,0.3429982817869416,,,848,983
218,218,5,1,19,1,1,1,844,614,4,369,95, ,0.1279491833030853,0.3429982817869416,,,848,983
219,219,2,1,20,0,0,0,224,978,1243,8,-1,,0.1278735632183908,0.4218213058419244,,,1467,986
220,220,3,1,20,1,0,0,224,978,1243,8,-1,,0.1278735632183908,0.4218213058419244,,,1467,986
221,221,4,1,20,1,1,0,224,978,1243,8,-1,,0.1278735632183908,0.4218213058419244,,,1467,986
222,222,5,1,20,1,1,1,224,978,1243,8,95, ,0.1278735632183908,0.4218213058419244,,,1467,986
223,223,2,1,21,0,0,0,225,1001,45,26,-1,,0.037431941923774956,0.43556701030927836,,,270,1027
224,224,3,1,21,1,0,0,225,1001,45,26,-1,,0.037431941923774956,0.43556701030927836,,,270,1027
225,225,4,1,21,1,1,0,225,1001,45,26,-1,,0.037431941923774956,0.43556701030927836,,,270,1027
226,226,5,1,21,1,1,1,225,1001,45,26,96,(54),0.037431941923774956,0.43556701030927836,,,270,1027
227,227,2,1,22,0,0,0,224,1075,584,287,-1,,0.0780399274047187,0.5234106529209622,,,808,1362
228,228,3,1,22,1,0,0,224,1075,584,287,-1,,0.0780399274047187,0.5234106529209622,,,808,1362
229,229,4,1,22,1,1,0,225,1075,582,26,-1,,0.0780399274047187,0.46735395189003437,,,807,1101
230,230,5,1,22,1,1,1,225,1075,45,26,81,(57),0.037431941923774956,0.46735395189003437,,,270,1101
231,231,5,1,22,1,1,2,0,0,1653,2328,25,‚Äî,0.125,0.5,,,1653,2328
232,232,5,1,22,1,1,3,315,1077,128,23,88,Acomputing,0.057320024198427105,0.4675687285223368,,,443,1100
233,233,5,1,22,1,1,4,449,1077,73,23,96,system,0.07342710223835451,0.4675687285223368,,,522,1100
234,234,5,1,22,1,1,5,529,1077,113,23,96,comprising,0.08855111917725347,0.4675687285223368,,,642,1100
235,235,5,1,22,1,1,6,648,1081,12,14,96,a,0.09891107078039928,0.46735395189003437,,,660,1095
236,236,5,1,22,1,1,7,667,1077,83,23,93,portable,0.10715366001209921,0.4675687285223368,,,750,1100
237,237,5,1,22,1,1,8,756,1081,51,14,68,cam-,0.11819419237749547,0.46735395189003437,,,807,1095
238,238,4,1,22,1,2,0,226,1109,582,23,-1,,0.07819116757410768,0.48131443298969073,,,808,1132
239,239,5,1,22,1,2,1,226,1110,53,22,96,puter,0.038188142770719906,0.48152920962199314,,,279,1132
240,240,5,1,22,1,2,2,284,1109,38,19,96,and,0.04582577132486389,0.4804553264604811,,,322,1128
241,241,5,1,22,1,2,3,329,1114,11,14,93,a,0.05058983666061706,0.48152920962199314,,,340,1128
242,242,5,1,22,1,2,4,348,1109,59,19,93,reader,0.05709316394434362,0.4804553264604811,,,407,1128
243,243,5,1,22,1,2,5,409,1114,45,14,96,are,0.06526013309134907,0.48152920962199314,,,454,1128
244,244,5,1,22,1,2,6,461,1109,103,19,96,disclosed.,0.07751058681185723,0.4804553264604811,,,564,1128
245,245,5,1,22,1,2,7,572,1109,39,19,96,The,0.08945856019358742,0.4804553264604811,,,611,1128
246,246,5,1,22,1,2,8,619,1109,84,23,96,portable,0.0999697519661222,0.48131443298969073,,,703,1132
247,247,5,1,22,1,2,9,709,1110,99,22,96,computer,0.1147156684815487,0.48152920962199314,,,808,1132
248,248,4,1,22,1,3,0,226,1142,581,23,-1,,0.07811554748941318,0.4954896907216495,,,807,1165
249,249,5,1,22,1,3,1,226,1142,14,18,97,is,0.035238959467634605,0.4944158075601375,,,240,1160
250,250,5,1,22,1,3,2,247,1142,131,23,96,pocket-sized,0.04726255293405929,0.4954896907216495,,,378,1165
251,251,5,1,22,1,3,3,384,1142,37,18,96,and,0.060874168179068364,0.4944158075601375,,,421,1160
252,252,5,1,22,1,3,4,428,1142,95,23,96,comprises,0.07191470054446461,0.4954896907216495,,,523,1165
253,253,5,1,22,1,3,5,524,1142,64,18,96,flash,0.08408953418027829,0.4944158075601375,,,588,1160
254,254,5,1,22,1,3,6,596,1147,84,18,96,"memory,",0.09649122807017543,0.4965635738831615,,,680,1165
255,255,5,1,22,1,3,7,683,1142,46,22,88,and,0.10677555958862674,0.4952749140893471,,,729,1164
256,256,5,1,22,1,3,8,735,1142,72,23,88,option-,0.11660617059891107,0.4954896907216495,,,807,1165
257,257,4,1,22,1,4,0,225,1175,582,24,-1,,0.0780399274047187,0.5098797250859106,,,807,1199
258,258,5,1,22,1,4,1,225,1175,34,24,96,ally,0.03660012099213551,0.5098797250859106,,,259,1199
259,259,5,1,22,1,4,2,267,1180,12,14,96,a,0.04128856624319419,0.5098797250859106,,,279,1194
260,260,5,1,22,1,4,3,288,1180,103,19,96,processor,0.05134603750756201,0.5109536082474226,,,391,1199
261,261,5,1,22,1,4,4,398,1175,38,19,95,and,0.06306715063520871,0.5088058419243986,,,436,1194
262,262,5,1,22,1,4,5,445,1180,11,14,96,a,0.06813369630973987,0.5098797250859106,,,456,1194
263,263,5,1,22,1,4,6,465,1175,32,19,95,GPS,0.07274652147610405,0.5088058419243986,,,497,1194
264,264,5,1,22,1,4,7,499,1175,70,24,96,chip.,0.08076225045372051,0.5098797250859106,,,569,1199
265,265,5,1,22,1,4,8,578,1175,40,19,97,The,0.09044162129461585,0.5088058419243986,,,618,1194
266,266,5,1,22,1,4,9,626,1175,68,19,96,reader,0.0998185117967332,0.5088058419243986,,,694,1194
267,267,5,1,22,1,4,10,702,1175,85,19,95,includes,0.11259830611010284,0.5088058419243986,,,787,1194
268,268,5,1,22,1,4,11,795,1180,12,14,96,a,0.12114337568058076,0.5098797250859106,,,807,1194
269,269,4,1,22,1,5,0,226,1208,581,23,-1,,0.07811554748941318,0.523840206185567,,,807,1231
270,270,5,1,22,1,5,1,226,1208,83,22,95,"monitor,",0.04045674531155475,0.5236254295532646,,,309,1230
271,271,5,1,22,1,5,2,320,1213,11,14,96,a,0.04922867513611615,0.5240549828178694,,,331,1227
272,272,5,1,22,1,5,3,343,1208,95,23,96,keyboard,0.059059286146400485,0.523840206185567,,,438,1231
273,273,5,1,22,1,5,4,448,1208,41,19,96,with,0.07085601935874168,0.5229810996563574,,,489,1227
274,274,5,1,22,1,5,5,500,1208,80,23,96,docking,0.08166969147005444,0.523840206185567,,,580,1231
275,275,5,1,22,1,5,6,592,1209,40,22,96,port,0.0925589836660617,0.5240549828178694,,,632,1231
276,276,5,1,22,1,5,7,641,1208,37,19,96,and,0.09974289171203872,0.5229810996563574,,,678,1227
277,277,5,1,22,1,5,8,690,1213,24,14,96,an,0.10617059891107078,0.5240549828178694,,,714,1227
278,278,5,1,22,1,5,9,725,1208,82,23,96,optional,0.11584996975196613,0.523840206185567,,,807,1231
279,279,4,1,22,1,6,0,226,1241,580,23,-1,,0.0780399274047187,0.5380154639175257,,,806,1264
280,280,5,1,22,1,6,1,226,1246,94,18,96,processor,0.04128856624319419,0.5390893470790378,,,320,1264
281,281,5,1,22,1,6,2,322,1246,38,13,96,and,0.051572897761645496,0.5380154639175257,,,360,1259
282,282,5,1,22,1,6,3,362,1241,31,18,96,at,0.05709316394434362,0.5369415807560137,,,393,1259
283,283,5,1,22,1,6,4,395,1241,63,18,96,least,0.06450393224440411,0.5369415807560137,,,458,1259
284,284,5,1,22,1,6,5,464,1246,39,13,96,one,0.07312462189957653,0.5380154639175257,,,503,1259
285,285,5,1,22,1,6,6,512,1241,123,23,96,input/output,0.0867362371445856,0.5380154639175257,,,635,1264
286,286,5,1,22,1,6,7,643,1241,46,18,96,USB,0.10072595281306715,0.5369415807560137,,,689,1259
287,287,5,1,22,1,6,8,698,1242,108,17,96,connector.,0.11373260738052027,0.5371563573883161,,,806,1259
288,288,4,1,22,1,7,0,224,1274,584,23,-1,,0.0780399274047187,0.5521907216494846,,,808,1297
289,289,5,1,22,1,7,1,224,1274,58,18,74,Auser,0.0382637628554144,0.5511168384879725,,,282,1292
290,290,5,1,22,1,7,2,284,1278,75,14,96,cannot,0.048623714458560195,0.5519759450171822,,,359,1292
291,291,5,1,22,1,7,3,360,1274,89,18,96,interact,0.06117664851784634,0.5511168384879725,,,449,1292
292,292,5,1,22,1,7,4,454,1274,41,18,96,with,0.07176346037507562,0.5511168384879725,,,495,1292
293,293,5,1,22,1,7,5,501,1274,31,18,96,the,0.07811554748941318,0.5511168384879725,,,532,1292
294,294,5,1,22,1,7,6,540,1274,83,23,96,portable,0.08794615849969752,0.5521907216494846,,,623,1297
295,295,5,1,22,1,7,7,630,1274,98,23,96,computer,0.10269207501512402,0.5521907216494846,,,728,1297
296,296,5,1,22,1,7,8,732,1274,76,18,96,without,0.11645493042952208,0.5511168384879725,,,808,1292
297,297,4,1,22,1,8,0,225,1306,583,23,-1,,0.07811554748941318,0.5659364261168385,,,808,1329
298,298,5,1,22,1,8,1,225,1306,31,19,96,the,0.03637326073805203,0.5650773195876289,,,256,1325
299,299,5,1,22,1,8,2,262,1306,73,19,96,reader.,0.04514519056261343,0.5650773195876289,,,335,1325
300,300,5,1,22,1,8,3,341,1306,40,19,9,The,0.05459770114942529,0.5650773195876289,,,381,1325
301,301,5,1,22,1,8,4,386,1306,59,19,9,reader,0.06284029038112522,0.5650773195876289,,,445,1325
302,302,5,1,22,1,8,5,447,1306,27,19,93,is,0.06964609800362977,0.5650773195876289,,,474,1325
303,303,5,1,22,1,8,6,479,1311,12,14,92,a,0.07335148215366001,0.5661512027491409,,,491,1325
304,304,5,1,22,1,8,7,498,1306,159,23,92,non-functioning,0.08734119782214156,0.5659364261168385,,,657,1329
305,305,5,1,22,1,8,8,663,1306,65,19,94,"""shell""",0.10518753781004235,0.5650773195876289,,,728,1325
306,306,5,1,22,1,8,9,732,1306,76,19,96,without,0.11645493042952208,0.5650773195876289,,,808,1325
307,307,4,1,22,1,9,0,225,1339,582,23,-1,,0.0780399274047187,0.5801116838487973,,,807,1362
308,308,5,1,22,1,9,1,225,1339,31,18,96,the,0.03637326073805203,0.5790378006872853,,,256,1357
309,309,5,1,22,1,9,2,264,1339,83,23,96,portable,0.04620387174833636,0.5801116838487973,,,347,1362
310,310,5,1,22,1,9,3,354,1340,103,22,96,"computer,",0.06132788868723533,0.5803264604810997,,,457,1362
311,311,5,1,22,1,9,4,466,1339,93,22,96,"however,",0.07751058681185723,0.5798969072164949,,,559,1361
312,312,5,1,22,1,9,5,565,1339,43,18,96,when,0.08870235934664247,0.5790378006872853,,,608,1357
313,313,5,1,22,1,9,6,611,1339,61,23,96,they,0.0970205686630369,0.5801116838487973,,,672,1362
314,314,5,1,22,1,9,7,677,1344,34,13,93,are,0.10496067755595886,0.5801116838487973,,,711,1357
315,315,5,1,22,1,9,8,718,1340,89,17,92,connect-,0.11532062915910465,0.5792525773195877,,,807,1357
316,316,2,1,23,0,0,0,316,1001,1092,21,-1,,0.13036902601330913,0.43449312714776633,,,1408,1022
317,317,3,1,23,1,0,0,316,1001,1092,21,-1,,0.13036902601330913,0.43449312714776633,,,1408,1022
318,318,4,1,23,1,1,0,316,1001,1092,21,-1,,0.13036902601330913,0.43449312714776633,,,1408,1022
319,319,5,1,23,1,1,1,316,1001,143,21,96,PORTABLE,0.05860556563823351,0.43449312714776633,title_line_1,PORTABLE,459,1022
320,320,5,1,23,1,1,2,469,1001,159,21,96,COMPUTING,0.08295523290986086,0.43449312714776633,title_line_1,COMPUTING,628,1022
321,321,5,1,23,1,1,3,639,1001,106,21,96,SYSTEM,0.10465819721718088,0.43449312714776633,title_line_1,SYSTEM,745,1022
322,322,5,1,23,1,1,4,754,1001,56,20,96,AND,0.11826981246218995,0.43427835051546393,title_line_1,AND,810,1021
323,323,5,1,23,1,1,5,821,1001,142,21,95,PORTABLE,0.13490623109497882,0.43449312714776633,title_line_1,PORTABLE,963,1022
324,324,5,1,23,1,1,6,974,1001,130,21,96,COMPUTER,0.1571385359951603,0.43449312714776633,title_line_1,COMPUTER,1104,1022
325,325,5,1,23,1,1,7,1107,1001,80,21,96,FOR,0.1734724742891712,0.43449312714776633,title_line_1,FOR,1187,1022
326,326,5,1,23,1,1,8,1197,1001,52,21,96,USE,0.18496672716273443,0.43449312714776633,title_line_1,USE,1249,1022
327,327,5,1,23,1,1,9,1257,1001,67,20,96,WITH,0.19517543859649122,0.43427835051546393,title_line_1,WITH,1324,1021
328,328,5,1,23,1,1,10,1334,1001,74,21,96,SAME,0.2073502722323049,0.43449312714776633,title_line_1,SAME,1408,1022
329,329,2,1,24,0,0,0,884,1077,583,252,-1,,0.17778281911675742,0.5167525773195877,,,1467,1329
330,330,3,1,24,1,0,0,884,1077,583,252,-1,,0.17778281911675742,0.5167525773195877,,,1467,1329
331,331,4,1,24,1,1,0,884,1077,582,23,-1,,0.17770719903206292,0.4675687285223368,,,1466,1100
332,332,5,1,24,1,1,1,884,1077,24,18,95,ed,0.1355111917725348,0.46649484536082475,,,908,1095
333,333,5,1,24,1,1,2,917,1077,31,18,95,the,0.14103145795523292,0.46649484536082475,,,948,1095
334,334,5,1,24,1,1,3,956,1077,73,23,96,system,0.1501058681185723,0.4675687285223368,,,1029,1100
335,335,5,1,24,1,1,4,1039,1077,82,18,96,becomes,0.16333938294010888,0.46649484536082475,,,1121,1095
336,336,5,1,24,1,1,5,1123,1081,29,14,96,a,0.1720356926799758,0.46735395189003437,,,1152,1095
337,337,5,1,24,1,1,6,1159,1077,42,23,96,fully,0.17846339987900786,0.4675687285223368,,,1201,1100
338,338,5,1,24,1,1,7,1208,1077,101,18,96,functional,0.19033575317604357,0.46649484536082475,,,1309,1095
339,339,5,1,24,1,1,8,1318,1077,89,23,93,personal,0.20606473079249849,0.4675687285223368,,,1407,1100
340,340,5,1,24,1,1,9,1415,1081,51,14,91,com-,0.2178614640048397,0.46735395189003437,,,1466,1095
341,341,4,1,24,1,2,0,885,1109,582,23,-1,,0.17785843920145192,0.48131443298969073,,,1467,1132
342,342,5,1,24,1,2,1,885,1110,57,22,96,puter.,0.13815789473684212,0.48152920962199314,,,942,1132
343,343,5,1,24,1,2,2,950,1109,26,19,96,To,0.1456442831215971,0.4804553264604811,,,976,1128
344,344,5,1,24,1,2,3,984,1109,29,23,96,log,0.15101330913490624,0.48131443298969073,,,1013,1132
345,345,5,1,24,1,2,4,1019,1114,31,17,96,"on,",0.15645795523290987,0.48217353951890035,,,1050,1131
346,346,5,1,24,1,2,5,1057,1114,12,14,96,a,0.16076830006049606,0.48152920962199314,,,1069,1128
347,347,5,1,24,1,2,6,1077,1114,36,14,96,user,0.16560798548094374,0.48152920962199314,,,1113,1128
348,348,5,1,24,1,2,7,1115,1109,101,23,96,provides,0.1762704174228675,0.48131443298969073,,,1216,1132
349,349,5,1,24,1,2,8,1223,1109,81,23,95,security,0.1910919540229885,0.48131443298969073,,,1304,1132
350,350,5,1,24,1,2,9,1311,1109,121,22,95,"information,",0.2074258923169994,0.48109965635738833,,,1432,1131
351,351,5,1,24,1,2,10,1439,1109,28,19,96,for,0.21975196612220205,0.4804553264604811,,,1467,1128
352,352,4,1,24,1,3,0,884,1142,581,23,-1,,0.17763157894736842,0.4954896907216495,,,1465,1165
353,353,5,1,24,1,3,1,884,1142,94,23,96,"example,",0.14080459770114942,0.4954896907216495,,,978,1165
354,354,5,1,24,1,3,2,986,1147,11,13,96,a,0.1499546279491833,0.4954896907216495,,,997,1160
355,355,5,1,24,1,3,3,1005,1142,99,23,96,password,0.15948275862068967,0.4954896907216495,,,1104,1165
356,356,5,1,24,1,3,4,1111,1147,20,13,96,or,0.16954022988505746,0.4954896907216495,,,1131,1160
357,357,5,1,24,1,3,5,1138,1142,112,21,96,"biometrics,",0.18058076225045372,0.4950601374570447,,,1250,1163
358,358,5,1,24,1,3,6,1257,1142,49,18,96,such,0.1938142770719903,0.4944158075601375,,,1306,1160
359,359,5,1,24,1,3,7,1313,1147,24,13,96,as,0.20039322444041138,0.4954896907216495,,,1337,1160
360,360,5,1,24,1,3,8,1342,1142,123,23,96,fingerprints.,0.21226557773744706,0.4954896907216495,,,1465,1165
361,361,4,1,24,1,4,0,884,1175,582,24,-1,,0.17770719903206292,0.5098797250859106,,,1466,1199
362,362,5,1,24,1,4,1,884,1175,25,19,96,The,0.1355868118572293,0.5088058419243986,,,909,1194
363,363,5,1,24,1,4,2,912,1175,76,19,96,credit,0.14367816091954022,0.5088058419243986,,,988,1194
364,364,5,1,24,1,4,3,994,1175,43,19,96,card,0.15358439201451907,0.5088058419243986,,,1037,1194
365,365,5,1,24,1,4,4,1045,1175,41,19,96,size,0.16114640048396855,0.5088058419243986,,,1086,1194
366,366,5,1,24,1,4,5,1092,1175,38,19,96,and,0.16802782819116757,0.5088058419243986,,,1130,1194
367,367,5,1,24,1,4,6,1138,1175,116,24,96,capabilities,0.1808832425892317,0.5098797250859106,,,1254,1199
368,368,5,1,24,1,4,7,1260,1175,20,19,96,of,0.19207501512401695,0.5088058419243986,,,1280,1194
369,369,5,1,24,1,4,8,1285,1175,32,19,96,the,0.1967634603750756,0.5088058419243986,,,1317,1194
370,370,5,1,24,1,4,9,1325,1175,83,24,93,portable,0.20666969147005446,0.5098797250859106,,,1408,1199
371,371,5,1,24,1,4,10,1415,1180,51,14,92,com-,0.2178614640048397,0.5098797250859106,,,1466,1194
372,372,4,1,24,1,5,0,885,1208,581,23,-1,,0.17778281911675742,0.523840206185567,,,1466,1231
373,373,5,1,24,1,5,1,885,1209,52,22,96,puter,0.13777979431336962,0.5240549828178694,,,937,1231
374,374,5,1,24,1,5,2,947,1208,66,19,96,allows,0.1482153660012099,0.5229810996563574,,,1013,1227
375,375,5,1,24,1,5,3,1023,1213,12,14,96,a,0.15562613430127042,0.5240549828178694,,,1035,1227
376,376,5,1,24,1,5,4,1047,1213,35,14,96,user,0.16099516031457956,0.5240549828178694,,,1082,1227
377,377,5,1,24,1,5,5,1084,1209,35,18,96,to,0.16659104658197219,0.5231958762886598,,,1119,1227
378,378,5,1,24,1,5,6,1130,1208,60,23,96,easily,0.17543859649122806,0.523840206185567,,,1190,1231
379,379,5,1,24,1,5,7,1200,1213,52,18,96,carry,0.18542044767090138,0.5249140893470791,,,1252,1231
380,380,5,1,24,1,5,8,1262,1208,80,23,96,virtually,0.1969147005444646,0.523840206185567,,,1342,1231
381,381,5,1,24,1,5,9,1352,1208,46,19,96,their,0.20795523290986087,0.5229810996563574,,,1398,1227
382,382,5,1,24,1,5,10,1408,1208,58,19,96,entire,0.21733212341197822,0.5229810996563574,,,1466,1227
383,383,4,1,24,1,6,0,885,1241,580,23,-1,,0.17770719903206292,0.5380154639175257,,,1465,1264
384,384,5,1,24,1,6,1,885,1242,89,22,94,computer,0.14057773744706595,0.5382302405498282,,,974,1264
385,385,5,1,24,1,6,2,976,1241,29,18,95,in,0.14980338777979432,0.5369415807560137,,,1005,1259
386,386,5,1,24,1,6,3,1012,1246,12,13,95,a,0.15396249243799154,0.5380154639175257,,,1024,1259
387,387,5,1,24,1,6,4,1032,1241,69,23,96,pocket,0.16129764065335753,0.5380154639175257,,,1101,1264
388,388,5,1,24,1,6,5,1105,1241,28,18,96,for,0.1692377495462795,0.5369415807560137,,,1133,1259
389,389,5,1,24,1,6,6,1140,1246,36,13,96,use,0.1751361161524501,0.5380154639175257,,,1176,1259
390,390,5,1,24,1,6,7,1182,1241,90,23,96,anywhere,0.18557168784029038,0.5380154639175257,,,1272,1264
391,391,5,1,24,1,6,8,1273,1241,59,18,96,there,0.1969903206291591,0.5369415807560137,,,1332,1259
392,392,5,1,24,1,6,9,1333,1241,34,18,94,is,0.20417422867513613,0.5369415807560137,,,1367,1259
393,393,5,1,24,1,6,10,1373,1246,12,13,94,a,0.20856019358741681,0.5380154639175257,,,1385,1259
394,394,5,1,24,1,6,11,1392,1241,73,18,96,reader.,0.2160465819721718,0.5369415807560137,,,1465,1259
395,395,4,1,24,1,7,0,886,1274,581,23,-1,,0.1779340592861464,0.5521907216494846,,,1467,1297
396,396,5,1,24,1,7,1,886,1274,16,18,95,In,0.13520871143375682,0.5511168384879725,,,902,1292
397,397,5,1,24,1,7,2,918,1274,87,21,95,"addition,",0.1454174228675136,0.5517611683848798,,,1005,1295
398,398,5,1,24,1,7,3,1021,1274,32,18,96,the,0.15683605565638234,0.5511168384879725,,,1053,1292
399,399,5,1,24,1,7,4,1070,1274,83,23,96,portable,0.16810344827586207,0.5521907216494846,,,1153,1297
400,400,5,1,24,1,7,5,1168,1274,99,23,96,computer,0.184134906231095,0.5521907216494846,,,1267,1297
401,401,5,1,24,1,7,6,1283,1274,87,23,95,provides,0.20062008469449485,0.5521907216494846,,,1370,1297
402,402,5,1,24,1,7,7,1386,1274,81,23,95,security,0.21574410163339383,0.5521907216494846,,,1467,1297
403,403,4,1,24,1,8,0,884,1306,497,23,-1,,0.17127949183303084,0.5659364261168385,,,1381,1329
404,404,5,1,24,1,8,1,884,1306,76,23,96,against,0.1394434361766485,0.5659364261168385,,,960,1329
405,405,5,1,24,1,8,2,969,1306,134,19,96,unauthorized,0.15668481548699334,0.5650773195876289,,,1103,1325
406,406,5,1,24,1,8,3,1114,1311,35,14,96,"use,",0.17112825166364187,0.5661512027491409,,,1149,1325
407,407,5,1,24,1,8,4,1152,1311,49,17,96,even,0.1779340592861464,0.5667955326460481,,,1201,1328
408,408,5,1,24,1,8,5,1204,1306,31,19,96,if,0.18443738656987296,0.5650773195876289,,,1235,1325
409,409,5,1,24,1,8,6,1242,1306,35,19,96,lost,0.19048699334543254,0.5650773195876289,,,1277,1325
410,410,5,1,24,1,8,7,1285,1311,20,14,96,or,0.1958560193587417,0.5661512027491409,,,1305,1325
411,411,5,1,24,1,8,8,1313,1306,68,19,96,stolen.,0.20372050816696916,0.5650773195876289,,,1381,1325
412,412,2,1,25,0,0,0,602,1431,615,142,-1,,0.13755293405928615,0.6451890034364262,,,1217,1573
413,413,3,1,25,1,0,0,602,1431,615,142,-1,,0.13755293405928615,0.6451890034364262,,,1217,1573
414,414,4,1,25,1,1,0,602,1431,615,39,-1,,0.13755293405928615,0.6230670103092784,,,1217,1470
415,415,5,1,25,1,1,1,602,1431,615,39,95, ,0.13755293405928615,0.6230670103092784,,,1217,1470
416,416,4,1,25,1,2,0,609,1470,608,41,-1,,0.13808227465214762,0.6402491408934707,,,1217,1511
417,417,5,1,25,1,2,1,609,1470,608,41,95, ,0.13808227465214762,0.6402491408934707,,,1217,1511
418,418,4,1,25,1,3,0,602,1511,615,62,-1,,0.13755293405928615,0.6623711340206185,,,1217,1573
419,419,5,1,25,1,3,1,602,1511,615,62,95, ,0.13755293405928615,0.6623711340206185,,,1217,1573
420,420,2,1,26,0,0,0,432,1468,287,146,-1,,0.08703871748336359,0.6619415807560137,,,719,1614
421,421,3,1,26,1,0,0,433,1468,286,61,-1,,0.08711433756805807,0.6436855670103093,,,719,1529
422,422,4,1,26,1,1,0,596,1468,123,45,-1,,0.09944041137326073,0.6402491408934707,,,719,1513
423,423,5,1,26,1,1,1,596,1468,123,45,53,Ves,0.09944041137326073,0.6402491408934707,,,719,1513
424,424,4,1,26,1,2,0,433,1498,111,31,-1,,0.07388082274652148,0.6501288659793815,,,544,1529
425,425,5,1,26,1,2,1,433,1498,41,31,80,iSO,0.06858741681790684,0.6501288659793815,,,474,1529
426,426,5,1,26,1,2,2,484,1498,60,30,93,7816,0.07773744706594071,0.6499140893470791,,,544,1528
427,427,3,1,26,2,0,0,432,1480,281,134,-1,,0.08658499697519662,0.6645189003436426,,,713,1614
428,428,4,1,26,2,1,0,432,1480,281,99,-1,,0.08658499697519662,0.6570017182130584,,,713,1579
429,429,5,1,26,2,1,1,432,1537,100,30,50,READER,0.07289776164549304,0.6666666666666666,,,532,1567
430,430,5,1,26,2,1,2,566,1503,33,63,29,~{,0.08809739866908652,0.6591494845360825,,,599,1566
431,431,5,1,26,2,1,3,622,1480,37,99,28,E,0.09686932849364792,0.6570017182130584,,,659,1579
432,432,5,1,26,2,1,4,686,1514,27,64,0,g,0.10579249848759831,0.6640893470790378,,,713,1578
433,433,4,1,26,2,2,0,432,1568,274,46,-1,,0.08605565638233514,0.6834192439862543,,,706,1614
434,434,5,1,26,2,2,1,432,1575,123,32,77,CONTACT,0.07463702359346643,0.6834192439862543,,,555,1607
435,435,5,1,26,2,2,2,579,1568,64,46,40,(7B,0.09240774349667272,0.6834192439862543,,,643,1614
436,436,5,1,26,2,2,3,683,1579,23,34,57,8,0.10503629764065336,0.6855670103092784,,,706,1613
437,437,2,1,27,0,0,0,1079,1612,116,30,-1,,0.17196007259528132,0.6988831615120275,,,1195,1642
438,438,3,1,27,1,0,0,1079,1612,116,30,-1,,0.17196007259528132,0.6988831615120275,,,1195,1642
439,439,4,1,27,1,1,0,1079,1612,116,30,-1,,0.17196007259528132,0.6988831615120275,,,1195,1642
440,440,5,1,27,1,1,1,1079,1612,116,30,95,MEMORY,0.17196007259528132,0.6988831615120275,,,1195,1642
441,441,2,1,28,0,0,0,946,1766,68,34,-1,,0.1482153660012099,0.7658934707903781,,,1014,1800
442,442,3,1,28,1,0,0,946,1766,68,34,-1,,0.1482153660012099,0.7658934707903781,,,1014,1800
443,443,4,1,28,1,1,0,946,1766,68,34,-1,,0.1482153660012099,0.7658934707903781,,,1014,1800
444,444,5,1,28,1,1,1,946,1766,68,34,39,a,0.1482153660012099,0.7658934707903781,,,1014,1800
445,445,2,1,29,0,0,0,618,1776,390,46,-1,,0.12295825771324864,0.772766323024055,,,1008,1822
446,446,3,1,29,1,0,0,618,1776,390,46,-1,,0.12295825771324864,0.772766323024055,,,1008,1822
447,447,4,1,29,1,1,0,618,1776,390,46,-1,,0.12295825771324864,0.772766323024055,,,1008,1822
448,448,5,1,29,1,1,1,618,1792,132,30,96,PORTABLE,0.10344827586206896,0.7762027491408935,,,750,1822
449,449,5,1,29,1,1,2,759,1791,147,31,96,COMPUTER,0.12590744101633394,0.7759879725085911,,,906,1822
450,450,5,1,29,1,1,3,914,1776,94,44,0,A‚Äú,0.1453418027828191,0.7723367697594502,,,1008,1820
451,451,2,1,30,0,0,0,848,1852,119,62,-1,,0.13725045372050818,0.8088487972508591,,,967,1914
452,452,3,1,30,1,0,0,848,1852,119,62,-1,,0.13725045372050818,0.8088487972508591,,,967,1914
453,453,4,1,30,1,1,0,848,1852,119,62,-1,,0.13725045372050818,0.8088487972508591,,,967,1914
454,454,5,1,30,1,1,1,848,1852,82,62,76,FG.,0.13445251058681185,0.8088487972508591,,,930,1914
455,455,5,1,30,1,1,2,950,1853,17,60,78,1,0.14496370235934664,0.8088487972508591,,,967,1913
456,456,2,1,31,0,0,0,716,2270,259,16,-1,,0.1278735632183908,0.9785223367697594,,,975,2286
457,457,3,1,31,1,0,0,716,2270,259,16,-1,,0.1278735632183908,0.9785223367697594,,,975,2286
458,458,4,1,31,1,1,0,716,2270,259,16,-1,,0.1278735632183908,0.9785223367697594,,,975,2286
459,459,5,1,31,1,1,1,716,2270,49,12,96,Printed,0.11199334543254688,0.9776632302405498,,,765,2282
460,460,5,1,31,1,1,2,771,2270,15,16,96,by,0.1177404718693285,0.9785223367697594,,,786,2286
461,461,5,1,31,1,1,3,792,2270,45,14,96,"Jouve,",0.12318511796733213,0.9780927835051546,,,837,2284
462,462,5,1,31,1,1,4,843,2270,41,12,96,75001,0.13059588626739263,0.9776632302405498,,,884,2282
463,463,5,1,31,1,1,5,893,2270,46,12,96,PARIS,0.1385359951603146,0.9776632302405498,,,939,2282
464,464,5,1,31,1,1,6,945,2270,30,16,95,(FR),0.14519056261343014,0.9785223367697594,,,975,2286
