,Unnamed: 0,level,page_num,block_num,par_num,line_num,word_num,left,top,width,height,conf,text,x,y,label,target,right,bottom
0,0,1,1,0,0,0,0,0,0,1653,2328,-1,,0.125,0.5,,,1653,2328
1,1,2,1,1,0,0,0,144,1905,31,328,-1,,0.02412280701754386,0.8887457044673539,,,175,2233
2,2,3,1,1,1,0,0,144,1905,31,328,-1,,0.02412280701754386,0.8887457044673539,,,175,2233
3,3,4,1,1,1,1,0,144,1905,31,328,-1,,0.02412280701754386,0.8887457044673539,,,175,2233
4,4,5,1,1,1,1,1,144,2179,30,54,95,EP,0.024047186932849365,0.947594501718213,,,174,2233
5,5,5,1,1,1,1,2,144,2142,31,21,95,3,0.02412280701754386,0.9246134020618557,,,175,2163
6,6,5,1,1,1,1,3,144,2061,31,65,95,401,0.02412280701754386,0.8992697594501718,,,175,2126
7,7,5,1,1,1,1,4,144,1969,31,70,93,680,0.02412280701754386,0.8608247422680413,,,175,2039
8,8,5,1,1,1,1,5,144,1905,30,50,90,A1,0.024047186932849365,0.8290378006872853,,,174,1955
9,9,2,1,2,0,0,0,429,153,88,28,-1,,0.07153660012099214,0.07173539518900343,,,517,181
10,10,3,1,2,1,0,0,429,153,88,28,-1,,0.07153660012099214,0.07173539518900343,,,517,181
11,11,4,1,2,1,1,0,429,153,88,16,-1,,0.07153660012099214,0.06915807560137457,,,517,169
12,12,5,1,2,1,1,1,429,153,88,16,84,Europaisches,0.07153660012099214,0.06915807560137457,,,517,169
13,13,4,1,2,1,2,0,429,170,71,11,-1,,0.07025105868118572,0.07538659793814433,,,500,181
14,14,5,1,2,1,2,1,429,170,71,11,96,Patentamt,0.07025105868118572,0.07538659793814433,,,500,181
15,15,2,1,3,0,0,0,429,196,89,28,-1,,0.07161222020568662,0.09020618556701031,,,518,224
16,16,3,1,3,1,0,0,429,196,89,28,-1,,0.07161222020568662,0.09020618556701031,,,518,224
17,17,4,1,3,1,1,0,429,196,63,15,-1,,0.06964609800362977,0.08741408934707903,,,492,211
18,18,5,1,3,1,1,1,429,196,63,15,95,European,0.06964609800362977,0.08741408934707903,,,492,211
19,19,4,1,3,1,2,0,429,212,89,12,-1,,0.07161222020568662,0.0936426116838488,,,518,224
20,20,5,1,3,1,2,1,429,213,43,11,96,Patent,0.06813369630973987,0.0938573883161512,,,472,224
21,21,5,1,3,1,2,2,478,212,40,12,90,Office,0.07531760435571688,0.0936426116838488,,,518,224
22,22,2,1,4,0,0,0,429,239,109,28,-1,,0.07312462189957653,0.10867697594501718,,,538,267
23,23,3,1,4,1,0,0,429,239,109,28,-1,,0.07312462189957653,0.10867697594501718,,,538,267
24,24,4,1,4,1,1,0,429,239,109,15,-1,,0.07312462189957653,0.10588487972508591,,,538,254
25,25,5,1,4,1,1,1,429,239,40,12,93,Office,0.06790683605565638,0.1052405498281787,,,469,251
26,26,5,1,4,1,1,2,474,239,64,15,93,europ√©en,0.0765275257108288,0.10588487972508591,,,538,254
27,27,4,1,4,1,2,0,429,255,77,12,-1,,0.0707047791893527,0.11211340206185567,,,506,267
28,28,5,1,4,1,2,1,429,255,22,12,95,des,0.06654567453115548,0.11211340206185567,,,451,267
29,29,5,1,4,1,2,2,457,255,49,12,82,brevets,0.07282214156079855,0.11211340206185567,,,506,267
30,30,2,1,5,0,0,0,281,136,274,150,-1,,0.06321839080459771,0.09063573883161512,,,555,286
31,31,3,1,5,1,0,0,281,136,274,150,-1,,0.06321839080459771,0.09063573883161512,,,555,286
32,32,4,1,5,1,1,0,281,136,274,150,-1,,0.06321839080459771,0.09063573883161512,,,555,286
33,33,5,1,5,1,1,1,281,136,274,150,95, ,0.06321839080459771,0.09063573883161512,,,555,286
34,34,2,1,6,0,0,0,225,324,45,26,-1,,0.037431941923774956,0.14475945017182132,,,270,350
35,35,3,1,6,1,0,0,225,324,45,26,-1,,0.037431941923774956,0.14475945017182132,,,270,350
36,36,4,1,6,1,1,0,225,324,45,26,-1,,0.037431941923774956,0.14475945017182132,,,270,350
37,37,5,1,6,1,1,1,225,324,45,26,96,(12),0.037431941923774956,0.14475945017182132,,,270,350
38,38,2,1,7,0,0,0,225,395,378,53,-1,,0.06261343012704174,0.18105670103092783,,,603,448
39,39,3,1,7,1,0,0,225,395,378,53,-1,,0.06261343012704174,0.18105670103092783,,,603,448
40,40,4,1,7,1,1,0,225,395,262,26,-1,,0.05384150030248034,0.17525773195876287,,,487,421
41,41,5,1,7,1,1,1,225,395,45,26,95,(43),0.037431941923774956,0.17525773195876287,,,270,421
42,42,5,1,7,1,1,2,286,397,48,18,95,Date,0.04688445251058681,0.17439862542955326,,,334,415
43,43,5,1,7,1,1,3,342,397,20,18,96,of,0.05323653962492438,0.17439862542955326,,,362,415
44,44,5,1,7,1,1,4,370,397,117,23,96,publication:,0.0648064125831821,0.17547250859106528,,,487,420
45,45,4,1,7,1,2,0,287,430,316,18,-1,,0.06730187537810042,0.18857388316151202,,,603,448
46,46,5,1,7,1,2,1,287,430,116,18,95,14.11.2018,0.052177858439201454,0.18857388316151202,publication_date,14.11.2018,403,448
47,47,5,1,7,1,2,2,426,430,84,18,95,Bulletin,0.07078039927404718,0.18857388316151202,,,510,448
48,48,5,1,7,1,2,3,519,430,84,18,96,2018/46,0.08484573502722323,0.18857388316151202,,,603,448
49,49,2,1,8,0,0,0,225,493,403,26,-1,,0.06450393224440411,0.21735395189003437,,,628,519
50,50,3,1,8,1,0,0,225,493,403,26,-1,,0.06450393224440411,0.21735395189003437,,,628,519
51,51,4,1,8,1,1,0,225,493,403,26,-1,,0.06450393224440411,0.21735395189003437,,,628,519
52,52,5,1,8,1,1,1,225,493,45,26,96,(21),0.037431941923774956,0.21735395189003437,,,270,519
53,53,5,1,8,1,1,2,285,495,115,23,96,Application,0.051799758015728975,0.21756872852233677,,,400,518
54,54,5,1,8,1,1,3,410,495,83,18,93,number:,0.06828493647912885,0.21649484536082475,,,493,513
55,55,5,1,8,1,1,4,505,495,123,18,83,18179228.4,0.08567755595886267,0.21649484536082475,application_number,18179228.4,628,513
56,56,2,1,9,0,0,0,225,559,325,26,-1,,0.05860556563823351,0.24570446735395188,,,550,585
57,57,3,1,9,1,0,0,225,559,325,26,-1,,0.05860556563823351,0.24570446735395188,,,550,585
58,58,4,1,9,1,1,0,225,559,325,26,-1,,0.05860556563823351,0.24570446735395188,,,550,585
59,59,5,1,9,1,1,1,225,559,45,26,96,(22),0.037431941923774956,0.24570446735395188,,,270,585
60,60,5,1,9,1,1,2,286,561,48,18,96,Date,0.04688445251058681,0.24484536082474226,,,334,579
61,61,5,1,9,1,1,3,342,566,12,13,96,of,0.05263157894736842,0.24591924398625428,,,354,579
62,62,5,1,9,1,1,4,355,561,67,23,96,filing:,0.058756805807622506,0.24591924398625428,,,422,584
63,63,5,1,9,1,1,5,433,561,117,18,96,11.03.2014,0.07433454325468844,0.24484536082474226,filing_date,11.03.2014,550,579
64,64,2,1,10,0,0,0,1002,245,458,38,-1,,0.18617664851784635,0.1134020618556701,,,1460,283
65,65,3,1,10,1,0,0,1002,245,458,38,-1,,0.18617664851784635,0.1134020618556701,,,1460,283
66,66,4,1,10,1,1,0,1002,245,458,38,-1,,0.18617664851784635,0.1134020618556701,,,1460,283
67,67,5,1,10,1,1,1,1002,256,44,27,74,(11),0.15486993345432548,0.11576460481099657,,,1046,283
68,68,5,1,10,1,1,2,1146,245,52,32,95,EP,0.17725347852389595,0.11211340206185567,number,EP,1198,277
69,69,5,1,10,1,1,3,1214,245,20,32,95,3,0.1851179673321234,0.11211340206185567,number,3,1234,277
70,70,5,1,10,1,1,4,1248,245,64,32,96,401,0.19358741681790684,0.11211340206185567,number,401,1312,277
71,71,5,1,10,1,1,5,1332,245,66,32,93,680,0.20644283121597096,0.11211340206185567,number,680,1398,277
72,72,5,1,10,1,1,6,1413,245,47,32,89,A1,0.21725650332728372,0.11211340206185567,number,A1,1460,277
73,73,2,1,11,0,0,0,577,319,537,26,-1,,0.1278735632183908,0.14261168384879724,,,1114,345
74,74,3,1,11,1,0,0,577,319,537,26,-1,,0.1278735632183908,0.14261168384879724,,,1114,345
75,75,4,1,11,1,1,0,577,319,537,26,-1,,0.1278735632183908,0.14261168384879724,,,1114,345
76,76,5,1,11,1,1,1,577,319,156,26,95,EUROPEAN,0.09906231094978826,0.14261168384879724,,,733,345
77,77,5,1,11,1,1,2,735,320,135,24,95,PATENT,0.12137023593466424,0.14261168384879724,,,870,344
78,78,5,1,11,1,1,3,873,319,241,26,96,APPLICATION,0.1502571082879613,0.14261168384879724,,,1114,345
79,79,2,1,12,0,0,0,862,395,260,81,-1,,0.1500302480338778,0.1870704467353952,,,1122,476
80,80,3,1,12,1,0,0,862,395,260,81,-1,,0.1500302480338778,0.1870704467353952,,,1122,476
81,81,4,1,12,1,1,0,862,395,126,26,-1,,0.13989715668481548,0.17525773195876287,,,988,421
82,82,5,1,12,1,1,1,862,395,44,26,67,(51),0.1336963097398669,0.17525773195876287,,,906,421
83,83,5,1,12,1,1,2,923,397,25,18,93,Int,0.1414851784633999,0.17439862542955326,,,948,415
84,84,5,1,12,1,1,3,955,397,33,18,65,Cl:,0.14692982456140352,0.17439862542955326,,,988,415
85,85,4,1,12,1,2,0,923,425,199,21,-1,,0.15464307320024198,0.1870704467353952,,,1122,446
86,86,5,1,12,1,2,1,923,428,61,18,71,GO1N,0.1442075015124017,0.1877147766323024,class_international,G01N,984,446
87,87,5,1,12,1,2,2,991,428,46,18,94,33/53,0.15335753176043557,0.1877147766323024,class_international,33/53,1037,446
88,88,5,1,12,1,2,3,1038,425,84,21,83,(2006.01),0.16333938294010888,0.1870704467353952,,,1122,446
89,89,4,1,12,1,3,0,923,455,196,21,-1,,0.1544162129461585,0.19995704467353953,,,1119,476
90,90,5,1,12,1,3,1,923,458,58,18,0,C12P,0.14398064125831822,0.20060137457044674,,,981,476
91,91,5,1,12,1,3,2,991,458,56,18,74,19/34,0.1541137326073805,0.20060137457044674,,,1047,476
92,92,5,1,12,1,3,3,1052,455,67,16,60,(2006.09,0.16417120387174833,0.19888316151202748,,,1119,471
93,93,2,1,13,0,0,0,1194,425,213,21,-1,,0.19668784029038114,0.1870704467353952,,,1407,446
94,94,3,1,13,1,0,0,1194,425,213,21,-1,,0.19668784029038114,0.1870704467353952,,,1407,446
95,95,4,1,13,1,1,0,1194,425,213,21,-1,,0.19668784029038114,0.1870704467353952,,,1407,446
96,96,5,1,13,1,1,1,1194,428,62,18,81,GOIN,0.1852692075015124,0.1877147766323024,,,1256,446
97,97,5,1,13,1,1,2,1262,428,73,18,62,331542,0.19638535995160314,0.1877147766323024,,,1335,446
98,98,5,1,13,1,1,3,1340,425,67,16,81,(2006.01),0.20772837265577737,0.18599656357388317,,,1407,441
99,99,2,1,14,0,0,0,224,614,1243,2,-1,,0.1278735632183908,0.26417525773195877,,,1467,616
100,100,3,1,14,1,0,0,224,614,1243,2,-1,,0.1278735632183908,0.26417525773195877,,,1467,616
101,101,4,1,14,1,1,0,224,614,1243,2,-1,,0.1278735632183908,0.26417525773195877,,,1467,616
102,102,5,1,14,1,1,1,224,614,1243,2,95, ,0.1278735632183908,0.26417525773195877,,,1467,616
103,103,2,1,15,0,0,0,225,631,599,119,-1,,0.07932546884452511,0.296606529209622,,,824,750
104,104,3,1,15,1,0,0,225,631,599,119,-1,,0.07932546884452511,0.296606529209622,,,824,750
105,105,4,1,15,1,1,0,225,631,388,27,-1,,0.0633696309739867,0.2768470790378007,,,613,658
106,106,5,1,15,1,1,1,225,631,45,27,96,(84),0.037431941923774956,0.2768470790378007,,,270,658
107,107,5,1,15,1,1,2,286,633,118,23,96,Designated,0.052177858439201454,0.2768470790378007,,,404,656
108,108,5,1,15,1,1,3,413,633,119,23,96,Contracting,0.07146098003629764,0.2768470790378007,,,532,656
109,109,5,1,15,1,1,4,542,633,71,19,96,States:,0.08734119782214156,0.2759879725085911,,,613,652
110,110,4,1,15,1,2,0,285,666,537,18,-1,,0.08371143375680581,0.28994845360824745,,,822,684
111,111,5,1,15,1,2,1,285,666,31,18,94,AL,0.04544767090139141,0.28994845360824745,,,316,684
112,112,5,1,15,1,2,2,323,666,31,18,94,AT,0.05119479733817302,0.28994845360824745,,,354,684
113,113,5,1,15,1,2,3,363,666,30,18,96,BE,0.05716878402903811,0.28994845360824745,,,393,684
114,114,5,1,15,1,2,4,403,666,32,18,96,BG,0.0633696309739867,0.28994845360824745,,,435,684
115,115,5,1,15,1,2,5,445,666,31,18,96,CH,0.06964609800362977,0.28994845360824745,,,476,684
116,116,5,1,15,1,2,6,486,666,32,18,95,CY,0.07592256503327284,0.28994845360824745,,,518,684
117,117,5,1,15,1,2,7,526,666,30,18,93,CZ,0.08182093163944344,0.28994845360824745,,,556,684
118,118,5,1,15,1,2,8,565,666,30,18,93,DE,0.08771929824561403,0.28994845360824745,,,595,684
119,119,5,1,15,1,2,9,605,666,32,18,95,DK,0.09392014519056262,0.28994845360824745,,,637,684
120,120,5,1,15,1,2,10,646,666,29,18,95,EE,0.0998941318814277,0.28994845360824745,,,675,684
121,121,5,1,15,1,2,11,684,666,29,18,93,ES,0.10564125831820932,0.28994845360824745,,,713,684
122,122,5,1,15,1,2,12,723,666,57,18,90,FIFR,0.11365698729582577,0.28994845360824745,,,780,684
123,123,5,1,15,1,2,13,788,666,34,18,95,GB,0.12174833635813673,0.28994845360824745,,,822,684
124,124,4,1,15,1,3,0,285,699,539,18,-1,,0.0838626739261948,0.30412371134020616,,,824,717
125,125,5,1,15,1,3,1,285,699,297,18,83,GRHRHUIEISITLILTLU,0.06556261343012704,0.30412371134020616,,,582,717
126,126,5,1,15,1,3,2,591,699,28,18,85,LV,0.09150030248033877,0.30412371134020616,,,619,717
127,127,5,1,15,1,3,3,627,699,35,18,85,MC,0.09747428917120388,0.30412371134020616,,,662,717
128,128,5,1,15,1,3,4,670,699,35,18,94,MK,0.10397761645493044,0.30412371134020616,,,705,717
129,129,5,1,15,1,3,5,713,699,32,18,91,MT,0.11025408348457351,0.30412371134020616,,,745,717
130,130,5,1,15,1,3,6,753,699,29,18,49,NL,0.11607683000604961,0.30412371134020616,,,782,717
131,131,5,1,15,1,3,7,791,699,33,18,49,NO,0.1221264367816092,0.30412371134020616,,,824,717
132,132,4,1,15,1,4,0,286,732,336,18,-1,,0.06866303690260134,0.31829896907216493,,,622,750
133,133,5,1,15,1,4,1,286,732,28,18,93,PL,0.045372050816696916,0.31829896907216493,,,314,750
134,134,5,1,15,1,4,2,323,732,29,18,92,PT,0.05104355716878403,0.31829896907216493,,,352,750
135,135,5,1,15,1,4,3,360,732,58,18,92,RORS,0.058832425892317,0.31829896907216493,,,418,750
136,136,5,1,15,1,4,4,420,732,52,18,92,SE,0.06745311554748941,0.31829896907216493,,,472,750
137,137,5,1,15,1,4,5,480,732,20,18,95,SI,0.07410768300060495,0.31829896907216493,,,500,750
138,138,5,1,15,1,4,6,510,732,31,18,93,SK,0.0794767090139141,0.31829896907216493,,,541,750
139,139,5,1,15,1,4,7,550,732,72,18,90,SMTR,0.08862673926194797,0.31829896907216493,,,622,750
140,140,2,1,16,0,0,0,225,795,513,53,-1,,0.07282214156079855,0.35287800687285226,,,738,848
141,141,3,1,16,1,0,0,225,795,513,53,-1,,0.07282214156079855,0.35287800687285226,,,738,848
142,142,4,1,16,1,1,0,225,795,513,27,-1,,0.07282214156079855,0.3472938144329897,,,738,822
143,143,5,1,16,1,1,1,225,795,45,27,96,(30),0.037431941923774956,0.3472938144329897,,,270,822
144,144,5,1,16,1,1,2,286,797,77,23,95,Priority:,0.04907743496672716,0.3472938144329897,,,363,820
145,145,5,1,16,1,1,3,384,797,117,19,94,13.03.2013,0.06692377495462795,0.34643470790378006,priority_date_eu,13.03.2013,501,816
146,146,5,1,16,1,1,4,520,797,30,19,96,US,0.0809134906231095,0.34643470790378006,,,550,816
147,147,5,1,16,1,1,5,559,797,157,19,91,201361779177,0.09641560798548095,0.34643470790378006,,,716,816
148,148,5,1,16,1,1,6,725,797,13,19,91,P,0.11063218390804598,0.34643470790378006,,,738,816
149,149,4,1,16,1,2,0,385,830,328,18,-1,,0.08303085299455536,0.3603951890034364,,,713,848
150,150,5,1,16,1,2,1,385,830,116,18,90,13.03.2013,0.06699939503932244,0.3603951890034364,,,501,848
151,151,5,1,16,1,2,2,520,830,30,18,90,US,0.0809134906231095,0.3603951890034364,,,550,848
152,152,5,1,16,1,2,3,559,830,154,18,96,201313802461,0.09618874773139746,0.3603951890034364,,,713,848
153,153,2,1,17,0,0,0,225,893,596,87,-1,,0.07909860859044163,0.4022766323024055,,,821,980
154,154,3,1,17,1,0,0,225,893,596,87,-1,,0.07909860859044163,0.4022766323024055,,,821,980
155,155,4,1,17,1,1,0,225,893,596,27,-1,,0.07909860859044163,0.3893900343642612,,,821,920
156,156,5,1,17,1,1,1,225,893,45,27,96,(62),0.037431941923774956,0.3893900343642612,,,270,920
157,157,5,1,17,1,1,2,286,895,107,19,96,Document,0.05134603750756201,0.38853092783505155,,,393,914
158,158,5,1,17,1,1,3,402,895,105,23,95,number(s),0.06873865698729582,0.3893900343642612,,,507,918
159,159,5,1,17,1,1,4,516,895,20,19,96,of,0.07955232909860858,0.38853092783505155,,,536,914
160,160,5,1,17,1,1,5,542,895,32,19,96,the,0.08439201451905626,0.38853092783505155,,,574,914
161,161,5,1,17,1,1,6,582,895,66,19,96,earlier,0.09301270417422867,0.38853092783505155,,,648,914
162,162,5,1,17,1,1,7,655,895,140,23,95,application(s),0.10964912280701754,0.3893900343642612,,,795,918
163,163,5,1,17,1,1,8,805,895,16,19,96,in,0.12295825771324864,0.38853092783505155,,,821,914
164,164,4,1,17,1,2,0,286,929,308,18,-1,,0.06654567453115548,0.4029209621993127,,,594,947
165,165,5,1,17,1,2,1,286,929,121,18,96,accordance,0.05240471869328494,0.4029209621993127,,,407,947
166,166,5,1,17,1,2,2,415,929,40,18,96,with,0.06578947368421052,0.4029209621993127,,,455,947
167,167,5,1,17,1,2,3,464,929,35,18,95,Art.,0.07282214156079855,0.4029209621993127,,,499,947
168,168,5,1,17,1,2,4,508,929,25,18,95,76,0.07872050816696914,0.4029209621993127,,,533,947
169,169,5,1,17,1,2,5,542,929,52,18,96,EPC:,0.08590441621294616,0.4029209621993127,,,594,947
170,170,4,1,17,1,3,0,286,961,250,19,-1,,0.06215970961887477,0.4168814432989691,,,536,980
171,171,5,1,17,1,3,1,286,961,124,19,92,14779477.0,0.05263157894736842,0.4168814432989691,,,410,980
172,172,5,1,17,1,3,2,417,961,7,19,48,|,0.06359649122807018,0.4168814432989691,,,424,980
173,173,5,1,17,1,3,3,432,961,11,19,68,2,0.066167574107683,0.4168814432989691,,,443,980
174,174,5,1,17,1,3,4,451,961,38,19,68,972,0.07108287961282517,0.4168814432989691,,,489,980
175,175,5,1,17,1,3,5,498,961,38,19,94,354,0.07819116757410768,0.4168814432989691,,,536,980
176,176,2,1,18,0,0,0,225,1025,495,57,-1,,0.07146098003629764,0.4525343642611684,,,720,1082
177,177,3,1,18,1,0,0,225,1025,495,57,-1,,0.07146098003629764,0.4525343642611684,,,720,1082
178,178,4,1,18,1,1,0,225,1025,495,26,-1,,0.07146098003629764,0.44587628865979384,,,720,1051
179,179,5,1,18,1,1,1,225,1025,45,26,96,(71),0.037431941923774956,0.44587628865979384,,,270,1051
180,180,5,1,18,1,1,2,285,1027,103,23,93,Applicant:,0.05089231699939504,0.44609106529209624,,,388,1050
181,181,5,1,18,1,1,3,397,1027,130,18,92,Geneweave,0.06987295825771325,0.44501718213058417,applicant_line_1,Geneweave,527,1045
182,182,5,1,18,1,1,4,536,1027,123,18,96,Biosciences,0.09036600120992136,0.44501718213058417,applicant_line_1,Biosciences,659,1045
183,183,5,1,18,1,1,5,661,1027,59,18,95,Inc.,0.1044313369630974,0.44501718213058417,applicant_line_1,Inc.,720,1045
184,184,4,1,18,1,2,0,286,1059,290,23,-1,,0.06518451300665457,0.45983676975945015,,,576,1082
185,185,5,1,18,1,2,1,286,1059,40,19,96,Los,0.04627949183303085,0.45897766323024053,,,326,1078
186,186,5,1,18,1,2,2,334,1059,73,22,96,"Gatos,",0.05603448275862069,0.45962199312714774,,,407,1081
187,187,5,1,18,1,2,3,415,1059,34,19,96,CA,0.06533575317604355,0.45897766323024053,,,449,1078
188,188,5,1,18,1,2,4,456,1059,65,19,96,95032,0.07388082274652148,0.45897766323024053,,,521,1078
189,189,5,1,18,1,2,5,529,1059,47,23,96,(US),0.08356019358741681,0.45983676975945015,,,576,1082
190,190,2,1,19,0,0,0,845,614,2,533,-1,,0.1279491833030853,0.37822164948453607,,,847,1147
191,191,3,1,19,1,0,0,845,614,2,533,-1,,0.1279491833030853,0.37822164948453607,,,847,1147
192,192,4,1,19,1,1,0,845,614,2,533,-1,,0.1279491833030853,0.37822164948453607,,,847,1147
193,193,5,1,19,1,1,1,845,614,2,533,95, ,0.1279491833030853,0.37822164948453607,,,847,1147
194,194,2,1,20,0,0,0,862,631,404,157,-1,,0.16091954022988506,0.30476804123711343,,,1266,788
195,195,3,1,20,1,0,0,862,631,404,157,-1,,0.16091954022988506,0.30476804123711343,,,1266,788
196,196,4,1,20,1,1,0,862,631,162,27,-1,,0.1426194797338173,0.2768470790378007,,,1024,658
197,197,5,1,20,1,1,1,862,631,44,27,94,(72),0.1336963097398669,0.2768470790378007,,,906,658
198,198,5,1,20,1,1,2,923,633,101,19,94,Inventors:,0.1472323049001815,0.2759879725085911,,,1024,652
199,199,4,1,20,1,2,0,898,666,210,23,-1,,0.15169388989715668,0.29102233676975947,,,1108,689
200,200,5,1,20,1,2,1,898,671,7,8,63,¬´,0.13634301270417423,0.28994845360824745,,,905,679
201,201,5,1,20,1,2,2,923,666,53,22,96,"REY,",0.14360254083484575,0.29080756013745707,inventor_line_1,"REY,",976,688
202,202,5,1,20,1,2,3,985,666,49,23,96,Diego,0.15267695099818512,0.29102233676975947,inventor_line_1,Diego,1034,689
203,203,5,1,20,1,2,4,1036,666,72,18,96,Ariel,0.16212946158499697,0.28994845360824745,inventor_line_1,Ariel,1108,684
204,204,4,1,20,1,3,0,922,699,344,23,-1,,0.16545674531155474,0.30519759450171824,,,1266,722
205,205,5,1,20,1,3,1,922,699,41,18,96,San,0.1425438596491228,0.30412371134020616,,,963,717
206,206,5,1,20,1,3,2,973,699,117,22,96,"Francisco,",0.1560042347247429,0.30498281786941583,,,1090,721
207,207,5,1,20,1,3,3,1098,699,33,18,96,CA,0.16855716878402904,0.30412371134020616,,,1131,717
208,208,5,1,20,1,3,4,1146,699,65,18,96,94107,0.1782365396249244,0.30412371134020616,,,1211,717
209,209,5,1,20,1,3,5,1219,699,47,23,96,(US),0.18791591046581974,0.30519759450171824,,,1266,722
210,210,4,1,20,1,4,0,898,732,187,22,-1,,0.1499546279491833,0.31915807560137455,,,1085,754
211,211,5,1,20,1,4,1,898,737,7,8,64,¬´,0.13634301270417423,0.31829896907216493,,,905,745
212,212,5,1,20,1,4,2,923,732,55,22,91,"ROY,",0.14375378100423472,0.31915807560137455,,,978,754
213,213,5,1,20,1,4,3,987,732,98,18,91,Shaunak,0.15668481548699334,0.31829896907216493,,,1085,750
214,214,4,1,20,1,5,0,922,765,300,23,-1,,0.16212946158499697,0.3335481099656357,,,1222,788
215,215,5,1,20,1,5,1,922,765,124,23,96,"Sunnyvale,",0.14882032667876588,0.3335481099656357,,,1046,788
216,216,5,1,20,1,5,2,1055,765,33,18,96,CA,0.16205384150030247,0.3324742268041237,,,1088,783
217,217,5,1,20,1,5,3,1102,765,65,18,96,94089,0.17158197217180884,0.3324742268041237,,,1167,783
218,218,5,1,20,1,5,4,1175,765,47,23,96,(US),0.18126134301270416,0.3335481099656357,,,1222,788
219,219,2,1,21,0,0,0,862,828,529,124,-1,,0.1703720508166969,0.38230240549828176,,,1391,952
220,220,3,1,21,1,0,0,862,828,529,124,-1,,0.1703720508166969,0.38230240549828176,,,1391,952
221,221,4,1,21,1,1,0,862,828,529,26,-1,,0.1703720508166969,0.36125429553264604,,,1391,854
222,222,5,1,21,1,1,1,862,828,44,26,95,(74),0.1336963097398669,0.36125429553264604,,,906,854
223,223,5,1,21,1,1,2,923,830,163,23,96,Representative:,0.15192075015124018,0.36146907216494845,,,1086,853
224,224,5,1,21,1,1,3,1096,830,36,18,96,Gill,0.16848154869933454,0.3603951890034364,representative_line_1_eu,Gill,1132,848
225,225,5,1,21,1,1,4,1140,830,104,23,93,Jennings,0.18027828191167575,0.36146907216494845,representative_line_1_eu,Jennings,1244,853
226,226,5,1,21,1,1,5,1253,830,15,18,93,&,0.19063823351482154,0.3603951890034364,representative_line_1_eu,&,1268,848
227,227,5,1,21,1,1,6,1277,830,62,23,96,Every,0.19782214156079855,0.36146907216494845,representative_line_1_eu,Every,1339,853
228,228,5,1,21,1,1,7,1349,830,42,18,96,LLP,0.2071990320629159,0.3603951890034364,representative_line_1_eu,LLP,1391,848
229,229,4,1,21,1,2,0,922,863,244,23,-1,,0.15789473684210525,0.3756443298969072,,,1166,886
230,230,5,1,21,1,2,1,922,863,40,18,96,The,0.1424682395644283,0.3745704467353952,,,962,881
231,231,5,1,21,1,2,2,972,863,115,23,96,Broadgate,0.15570175438596492,0.3756443298969072,,,1087,886
232,232,5,1,21,1,2,3,1095,863,71,18,96,Tower,0.17097701149425287,0.3745704467353952,,,1166,881
233,233,4,1,21,1,3,0,922,895,210,19,-1,,0.15532365396249243,0.38853092783505155,,,1132,914
234,234,5,1,21,1,3,1,922,895,24,19,97,20,0.1412583182093164,0.38853092783505155,,,946,914
235,235,5,1,21,1,3,2,956,895,101,19,95,Primrose,0.15222323049001815,0.38853092783505155,,,1057,914
236,236,5,1,21,1,3,3,1065,895,67,19,96,Street,0.1661373260738052,0.38853092783505155,,,1132,914
237,237,4,1,21,1,4,0,923,929,264,23,-1,,0.15955837870538414,0.40399484536082475,,,1187,952
238,238,5,1,21,1,4,1,923,929,84,18,93,London,0.14594676346037508,0.4029209621993127,,,1007,947
239,239,5,1,21,1,4,2,1017,929,61,18,90,EC2A,0.15842407743496673,0.4029209621993127,,,1078,947
240,240,5,1,21,1,4,3,1087,929,42,18,90,2ES,0.1675741076830006,0.4029209621993127,,,1129,947
241,241,5,1,21,1,4,4,1138,929,49,23,96,(GB),0.17581669691470053,0.40399484536082475,,,1187,952
242,242,2,1,22,0,0,0,862,994,99,18,-1,,0.13785541439806412,0.43084192439862545,,,961,1012
243,243,3,1,22,1,0,0,862,994,99,18,-1,,0.13785541439806412,0.43084192439862545,,,961,1012
244,244,4,1,22,1,1,0,862,994,99,18,-1,,0.13785541439806412,0.43084192439862545,,,961,1012
245,245,5,1,22,1,1,1,862,994,99,18,95,Remarks:,0.13785541439806412,0.43084192439862545,,,961,1012
246,246,2,1,23,0,0,0,922,1027,522,83,-1,,0.17891712038717483,0.45897766323024053,,,1444,1110
247,247,3,1,23,1,0,0,922,1027,522,83,-1,,0.17891712038717483,0.45897766323024053,,,1444,1110
248,248,4,1,23,1,1,0,922,1027,477,23,-1,,0.17551421657592256,0.44609106529209624,,,1399,1050
249,249,5,1,23,1,1,1,922,1027,43,18,96,This,0.1426950998185118,0.44501718213058417,,,965,1045
250,250,5,1,23,1,1,2,974,1027,111,23,96,application,0.15570175438596492,0.44609106529209624,,,1085,1050
251,251,5,1,23,1,1,3,1093,1031,42,14,96,was,0.16848154869933454,0.44587628865979384,,,1135,1045
252,252,5,1,23,1,1,4,1142,1027,43,18,96,filed,0.17596793708408953,0.44501718213058417,,,1185,1045
253,253,5,1,23,1,1,5,1193,1031,25,14,96,on,0.1823200241984271,0.44587628865979384,,,1218,1045
254,254,5,1,23,1,1,6,1226,1027,121,18,96,22-06-2018,0.19457047791893528,0.44501718213058417,,,1347,1045
255,255,5,1,23,1,1,7,1355,1031,24,14,94,as,0.20674531155474893,0.44587628865979384,,,1379,1045
256,256,5,1,23,1,1,8,1388,1031,11,14,94,a,0.21075317604355717,0.44587628865979384,,,1399,1045
257,257,4,1,23,1,2,0,922,1059,522,23,-1,,0.17891712038717483,0.45983676975945015,,,1444,1082
258,258,5,1,23,1,2,1,922,1059,96,19,96,divisional,0.14670296430732002,0.45897766323024053,,,1018,1078
259,259,5,1,23,1,2,2,1027,1059,111,23,96,application,0.16371748336358136,0.45983676975945015,,,1138,1082
260,260,5,1,23,1,2,3,1147,1060,19,18,96,to,0.17490925589836662,0.45919243986254293,,,1166,1078
261,261,5,1,23,1,2,4,1174,1059,31,19,96,the,0.17990018148820328,0.45897766323024053,,,1205,1078
262,262,5,1,23,1,2,5,1214,1059,112,23,96,application,0.19207501512401695,0.45983676975945015,,,1326,1082
263,263,5,1,23,1,2,6,1336,1059,108,19,96,mentioned,0.2102238354506957,0.45897766323024053,,,1444,1078
264,264,4,1,23,1,3,0,923,1092,209,18,-1,,0.15539927404718692,0.4729381443298969,,,1132,1110
265,265,5,1,23,1,3,1,923,1092,59,18,93,under,0.1440562613430127,0.4729381443298969,,,982,1110
266,266,5,1,23,1,3,2,991,1092,45,18,92,INID,0.15328191167574107,0.4729381443298969,,,1036,1110
267,267,5,1,23,1,3,3,1044,1092,50,18,96,code,0.16167574107683,0.4729381443298969,,,1094,1110
268,268,5,1,23,1,3,4,1103,1092,29,18,96,62.,0.16901088929219601,0.4729381443298969,,,1132,1110
269,269,2,1,24,0,0,0,224,1145,1243,2,-1,,0.1278735632183908,0.49226804123711343,,,1467,1147
270,270,3,1,24,1,0,0,224,1145,1243,2,-1,,0.1278735632183908,0.49226804123711343,,,1467,1147
271,271,4,1,24,1,1,0,224,1145,1243,2,-1,,0.1278735632183908,0.49226804123711343,,,1467,1147
272,272,5,1,24,1,1,1,224,1145,1243,2,95, ,0.1278735632183908,0.49226804123711343,,,1467,1147
273,273,2,1,25,0,0,0,225,1165,45,26,-1,,0.037431941923774956,0.5060137457044673,,,270,1191
274,274,3,1,25,1,0,0,225,1165,45,26,-1,,0.037431941923774956,0.5060137457044673,,,270,1191
275,275,4,1,25,1,1,0,225,1165,45,26,-1,,0.037431941923774956,0.5060137457044673,,,270,1191
276,276,5,1,25,1,1,1,225,1165,45,26,96,(54),0.037431941923774956,0.5060137457044673,,,270,1191
277,277,2,1,26,0,0,0,224,1239,584,516,-1,,0.0780399274047187,0.6430412371134021,,,808,1755
278,278,3,1,26,1,0,0,224,1239,584,516,-1,,0.0780399274047187,0.6430412371134021,,,808,1755
279,279,4,1,26,1,1,0,225,1239,582,26,-1,,0.0780399274047187,0.5378006872852233,,,807,1265
280,280,5,1,26,1,1,1,225,1239,45,26,95,(57),0.037431941923774956,0.5378006872852233,,,270,1265
281,281,5,1,26,1,1,2,316,1241,89,23,10,Systems,0.05452208106473079,0.5380154639175257,,,405,1264
282,282,5,1,26,1,1,3,411,1241,37,18,92,and,0.06495765275257108,0.5369415807560137,,,448,1259
283,283,5,1,26,1,1,4,456,1241,76,18,96,methods,0.07471264367816093,0.5369415807560137,,,532,1259
284,284,5,1,26,1,1,5,535,1241,43,18,96,for,0.08416515426497277,0.5369415807560137,,,578,1259
285,285,5,1,26,1,1,6,582,1241,95,23,96,detecting,0.09520568663036903,0.5380154639175257,,,677,1264
286,286,5,1,26,1,1,7,684,1241,58,18,93,and/or,0.10783424077434967,0.5369415807560137,,,742,1259
287,287,5,1,26,1,1,8,744,1241,63,18,92,iden-,0.11728675136116153,0.5369415807560137,,,807,1259
288,288,4,1,26,1,2,0,225,1274,582,23,-1,,0.0780399274047187,0.5521907216494846,,,807,1297
289,289,5,1,26,1,2,1,225,1274,60,23,93,tifying,0.03856624319419238,0.5521907216494846,,,285,1297
290,290,5,1,26,1,2,2,291,1274,60,23,95,target,0.048548094373865695,0.5521907216494846,,,351,1297
291,291,5,1,26,1,2,3,357,1274,45,18,93,cells,0.0573956442831216,0.5511168384879725,,,402,1292
292,292,5,1,26,1,2,4,408,1274,52,23,79,"(e.g.,",0.06563823351482154,0.5521907216494846,,,460,1297
293,293,5,1,26,1,2,5,468,1274,89,23,96,bacteria),0.07751058681185723,0.5521907216494846,,,557,1297
294,294,5,1,26,1,2,6,564,1274,54,23,96,using,0.08938294010889292,0.5521907216494846,,,618,1297
295,295,5,1,26,1,2,7,624,1274,118,23,93,engineered,0.10329703569267998,0.5521907216494846,,,742,1297
296,296,5,1,26,1,2,8,748,1274,59,18,90,trans-,0.1175892316999395,0.5511168384879725,,,807,1292
297,297,4,1,26,1,3,0,225,1306,582,23,-1,,0.0780399274047187,0.5659364261168385,,,807,1329
298,298,5,1,26,1,3,1,225,1306,75,19,96,duction,0.0397005444646098,0.5650773195876289,,,300,1325
299,299,5,1,26,1,3,2,309,1306,87,23,96,particles,0.053312159709618875,0.5659364261168385,,,396,1329
300,300,5,1,26,1,3,3,404,1311,33,14,96,are,0.06359649122807018,0.5661512027491409,,,437,1325
301,301,5,1,26,1,3,4,445,1306,102,19,96,described,0.0750151240169389,0.5650773195876289,,,547,1325
302,302,5,1,26,1,3,5,557,1306,69,19,96,herein.,0.08945856019358742,0.5650773195876289,,,626,1325
303,303,5,1,26,1,3,6,637,1306,17,19,96,In,0.09762552934059286,0.5650773195876289,,,654,1325
304,304,5,1,26,1,3,7,663,1311,56,14,93,some,0.10450695704779189,0.5661512027491409,,,719,1325
305,305,5,1,26,1,3,8,727,1306,80,19,90,embod-,0.11600120992135511,0.5650773195876289,,,807,1325
306,306,4,1,26,1,4,0,226,1339,581,23,-1,,0.07811554748941318,0.5801116838487973,,,807,1362
307,307,5,1,26,1,4,1,226,1339,73,22,96,"iments,",0.0397005444646098,0.5798969072164949,,,299,1361
308,308,5,1,26,1,4,2,307,1344,11,13,96,a,0.04726255293405929,0.5801116838487973,,,318,1357
309,309,5,1,26,1,4,3,327,1339,63,18,83,method,0.05421960072595281,0.5790378006872853,,,390,1357
310,310,5,1,26,1,4,4,392,1339,104,18,96,includes,0.06715063520871144,0.5790378006872853,,,496,1357
311,311,5,1,26,1,4,5,504,1339,65,23,96,mixing,0.08114035087719298,0.5801116838487973,,,569,1362
312,312,5,1,26,1,4,6,577,1344,11,13,96,a,0.08809739866908652,0.5801116838487973,,,588,1357
313,313,5,1,26,1,4,7,596,1339,82,23,96,quantity,0.09633998790078645,0.5801116838487973,,,678,1362
314,314,5,1,26,1,4,8,684,1339,20,18,93,of,0.10496067755595886,0.5790378006872853,,,704,1357
315,315,5,1,26,1,4,9,709,1339,98,18,92,transduc-,0.11464004839685421,0.5790378006872853,,,807,1357
316,316,4,1,26,1,5,0,225,1372,582,23,-1,,0.0780399274047187,0.594286941580756,,,807,1395
317,317,5,1,26,1,5,1,225,1372,36,19,96,tion,0.0367513611615245,0.5934278350515464,,,261,1391
318,318,5,1,26,1,5,2,270,1372,86,23,96,particles,0.04733817301875378,0.594286941580756,,,356,1395
319,319,5,1,26,1,5,3,362,1372,60,19,96,within,0.05928614640048397,0.5934278350515464,,,422,1391
320,320,5,1,26,1,5,4,430,1377,11,14,96,a,0.06586509376890502,0.5945017182130584,,,441,1391
321,321,5,1,26,1,5,5,449,1372,80,23,96,sample.,0.07395644283121597,0.594286941580756,,,529,1395
322,322,5,1,26,1,5,6,537,1372,40,19,96,The,0.08424077434966727,0.5934278350515464,,,577,1391
323,323,5,1,26,1,5,7,584,1372,128,19,96,transduction,0.09800362976406533,0.5934278350515464,,,712,1391
324,324,5,1,26,1,5,8,721,1372,86,23,96,particles,0.11554748941318814,0.594286941580756,,,807,1395
325,325,4,1,26,1,6,0,225,1405,582,23,-1,,0.0780399274047187,0.6084621993127147,,,807,1428
326,326,5,1,26,1,6,1,225,1410,33,13,96,are,0.03652450090744102,0.6084621993127147,,,258,1423
327,327,5,1,26,1,6,2,265,1405,112,18,96,associated,0.048548094373865695,0.6073883161512027,,,377,1423
328,328,5,1,26,1,6,3,385,1405,42,18,96,with,0.06140350877192982,0.6073883161512027,,,427,1423
329,329,5,1,26,1,6,4,434,1410,12,13,96,a,0.06654567453115548,0.6084621993127147,,,446,1423
330,330,5,1,26,1,6,5,454,1406,61,22,96,target,0.07327586206896551,0.6086769759450171,,,515,1428
331,331,5,1,26,1,6,6,522,1405,40,18,96,cell.,0.08197217180883243,0.6073883161512027,,,562,1423
332,332,5,1,26,1,6,7,570,1405,40,18,96,The,0.08923169993950393,0.6073883161512027,,,610,1423
333,333,5,1,26,1,6,8,617,1405,128,18,93,transduction,0.10299455535390199,0.6073883161512027,,,745,1423
334,334,5,1,26,1,6,9,755,1405,52,23,92,parti-,0.11811857229280097,0.6084621993127147,,,807,1428
335,335,4,1,26,1,7,0,225,1438,582,23,-1,,0.0780399274047187,0.6226374570446735,,,807,1461
336,336,5,1,26,1,7,1,225,1438,41,18,96,cles,0.03712946158499698,0.6215635738831615,,,266,1456
337,337,5,1,26,1,7,2,274,1442,33,14,96,are,0.043935269207501515,0.6224226804123711,,,307,1456
338,338,5,1,26,1,7,3,316,1442,37,14,92,non,0.05058983666061706,0.6224226804123711,,,353,1456
339,339,5,1,26,1,7,4,362,1438,120,23,91,"-replicative,",0.06382335148215366,0.6226374570446735,,,482,1461
340,340,5,1,26,1,7,5,492,1438,37,18,96,and,0.07720810647307925,0.6215635738831615,,,529,1456
341,341,5,1,26,1,7,6,538,1442,33,14,96,are,0.0838626739261948,0.6224226804123711,,,571,1456
342,342,5,1,26,1,7,7,579,1438,118,23,96,engineered,0.09649122807017543,0.6226374570446735,,,697,1461
343,343,5,1,26,1,7,8,706,1438,18,18,96,to,0.10813672111312765,0.6215635738831615,,,724,1456
344,344,5,1,26,1,7,9,734,1438,73,18,96,include,0.11653055051421658,0.6215635738831615,,,807,1456
345,345,4,1,26,1,8,0,225,1470,583,23,-1,,0.07811554748941318,0.6363831615120275,,,808,1493
346,346,5,1,26,1,8,1,225,1475,11,14,95,a,0.034860859044162126,0.6365979381443299,,,236,1489
347,347,5,1,26,1,8,2,248,1470,72,19,95,nucleic,0.04295220810647308,0.6355240549828178,,,320,1489
348,348,5,1,26,1,8,3,329,1470,41,19,96,acid,0.052858439201451904,0.6355240549828178,,,370,1489
349,349,5,1,26,1,8,4,382,1470,93,19,96,molecule,0.0648064125831821,0.6355240549828178,,,475,1489
350,350,5,1,26,1,8,5,484,1470,112,19,96,formulated,0.08166969147005444,0.6355240549828178,,,596,1489
351,351,5,1,26,1,8,6,606,1471,18,18,96,to,0.09301270417422867,0.6357388316151202,,,624,1489
352,352,5,1,26,1,8,7,635,1475,61,14,96,cause,0.10065033272837265,0.6365979381443299,,,696,1489
353,353,5,1,26,1,8,8,706,1470,32,19,97,the,0.10919540229885058,0.6355240549828178,,,738,1489
354,354,5,1,26,1,8,9,748,1471,60,22,96,target,0.117664851784634,0.6365979381443299,,,808,1493
355,355,4,1,26,1,9,0,225,1503,582,23,-1,,0.0780399274047187,0.6505584192439863,,,807,1526
356,356,5,1,26,1,9,1,225,1503,34,18,96,cell,0.03660012099213551,0.6494845360824743,,,259,1521
357,357,5,1,26,1,9,2,266,1504,19,17,96,to,0.041666666666666664,0.6496993127147767,,,285,1521
358,358,5,1,26,1,9,3,293,1503,72,23,96,produce,0.04975801572897762,0.6505584192439863,,,365,1526
359,359,5,1,26,1,9,4,365,1508,31,13,96,a,0.057546884452510584,0.6505584192439863,,,396,1521
360,360,5,1,26,1,9,5,403,1503,63,18,96,series,0.06571385359951604,0.6494845360824743,,,466,1521
361,361,5,1,26,1,9,6,473,1503,20,18,96,of,0.07304900181488204,0.6494845360824743,,,493,1521
362,362,5,1,26,1,9,7,499,1504,83,22,96,reporter,0.08174531155474894,0.6507731958762887,,,582,1526
363,363,5,1,26,1,9,8,589,1503,111,18,96,molecules.,0.09747428917120388,0.6494845360824743,,,700,1521
364,364,5,1,26,1,9,9,708,1503,40,18,93,The,0.11010284331518451,0.6494845360824743,,,748,1521
365,365,5,1,26,1,9,10,755,1508,52,13,92,sam-,0.11811857229280097,0.6505584192439863,,,807,1521
366,366,4,1,26,1,10,0,226,1536,581,23,-1,,0.07811554748941318,0.664733676975945,,,807,1559
367,367,5,1,26,1,10,1,226,1536,29,23,96,ple,0.03637326073805203,0.664733676975945,,,255,1559
368,368,5,1,26,1,10,2,264,1536,38,18,96,and,0.042800967937084086,0.663659793814433,,,302,1554
369,369,5,1,26,1,10,3,310,1536,32,18,96,the,0.049304295220810646,0.663659793814433,,,342,1554
370,370,5,1,26,1,10,4,350,1536,128,18,96,transduction,0.06261343012704174,0.663659793814433,,,478,1554
371,371,5,1,26,1,10,5,489,1536,86,23,96,particles,0.08045977011494253,0.664733676975945,,,575,1559
372,372,5,1,26,1,10,6,583,1540,34,14,96,are,0.09074410163339383,0.6645189003436426,,,617,1554
373,373,5,1,26,1,10,7,626,1536,114,18,96,maintained,0.10329703569267998,0.663659793814433,,,740,1554
374,374,5,1,26,1,10,8,748,1536,19,18,93,to,0.11456442831215971,0.663659793814433,,,767,1554
375,375,5,1,26,1,10,9,775,1540,32,14,92,ex-,0.11963097398669087,0.6645189003436426,,,807,1554
376,376,4,1,26,1,11,0,226,1569,582,23,-1,,0.07819116757410768,0.6789089347079038,,,808,1592
377,377,5,1,26,1,11,1,226,1574,56,18,96,press,0.038415003024803385,0.6799828178694158,,,282,1592
378,378,5,1,26,1,11,2,292,1569,31,18,96,the,0.04650635208711434,0.6778350515463918,,,323,1587
379,379,5,1,26,1,11,3,333,1569,62,18,96,series,0.055051421657592255,0.6778350515463918,,,395,1587
380,380,5,1,26,1,11,4,404,1569,21,18,96,of,0.06268905021173624,0.6778350515463918,,,425,1587
381,381,5,1,26,1,11,5,433,1569,32,18,96,the,0.06790683605565638,0.6778350515463918,,,465,1587
382,382,5,1,26,1,11,6,475,1570,82,22,96,reporter,0.0780399274047187,0.6791237113402062,,,557,1592
383,383,5,1,26,1,11,7,568,1569,105,18,96,molecules,0.09384452510586812,0.6778350515463918,,,673,1587
384,384,5,1,26,1,11,8,681,1569,43,18,96,when,0.10624621899576528,0.6778350515463918,,,724,1587
385,385,5,1,26,1,11,9,727,1570,81,22,96,target,0.11607683000604961,0.6791237113402062,,,808,1592
386,386,4,1,26,1,12,0,225,1602,582,23,-1,,0.0780399274047187,0.6930841924398625,,,807,1625
387,387,5,1,26,1,12,1,225,1602,34,18,95,cell,0.03660012099213551,0.6920103092783505,,,259,1620
388,388,5,1,26,1,12,2,269,1602,14,18,96,is,0.041742286751361164,0.6920103092783505,,,283,1620
389,389,5,1,26,1,12,3,292,1603,78,22,96,present,0.050060496067755596,0.6932989690721649,,,370,1625
390,390,5,1,26,1,12,4,379,1602,15,18,96,in,0.05845432546884453,0.6920103092783505,,,394,1620
391,391,5,1,26,1,12,5,403,1602,32,18,96,the,0.0633696309739867,0.6920103092783505,,,435,1620
392,392,5,1,26,1,12,6,443,1602,81,23,96,sample.,0.07312462189957653,0.6930841924398625,,,524,1625
393,393,5,1,26,1,12,7,533,1602,16,18,96,A,0.08182093163944344,0.6920103092783505,,,549,1620
394,394,5,1,26,1,12,8,556,1602,61,23,96,signal,0.08870235934664247,0.6930841924398625,,,617,1625
395,395,5,1,26,1,12,9,625,1602,112,18,96,associated,0.10299455535390199,0.6920103092783505,,,737,1620
396,396,5,1,26,1,12,10,745,1602,41,18,96,with,0.11577434966727163,0.6920103092783505,,,786,1620
397,397,5,1,26,1,12,11,796,1606,11,14,96,a,0.12121899576527526,0.6928694158075601,,,807,1620
398,398,4,1,26,1,13,0,225,1634,582,23,-1,,0.0780399274047187,0.7068298969072165,,,807,1657
399,399,5,1,26,1,13,1,225,1634,82,23,96,quantity,0.040229885057471264,0.7068298969072165,,,307,1657
400,400,5,1,26,1,13,2,316,1634,20,19,96,of,0.049304295220810646,0.7059707903780069,,,336,1653
401,401,5,1,26,1,13,3,344,1634,32,19,96,the,0.0544464609800363,0.7059707903780069,,,376,1653
402,402,5,1,26,1,13,4,386,1635,82,22,96,reporter,0.06457955232909861,0.7070446735395189,,,468,1657
403,403,5,1,26,1,13,5,478,1634,105,19,96,molecules,0.08023290986085904,0.7059707903780069,,,583,1653
404,404,5,1,26,1,13,6,593,1634,15,19,96,is,0.09081972171808833,0.7059707903780069,,,608,1653
405,405,5,1,26,1,13,7,618,1634,94,19,96,received.,0.10057471264367816,0.7059707903780069,,,712,1653
406,406,5,1,26,1,13,8,723,1634,17,19,95,In,0.11063218390804598,0.7059707903780069,,,740,1653
407,407,5,1,26,1,13,9,750,1639,57,14,96,some,0.1177404718693285,0.7070446735395189,,,807,1653
408,408,4,1,26,1,14,0,225,1667,583,23,-1,,0.07811554748941318,0.7210051546391752,,,808,1690
409,409,5,1,26,1,14,1,225,1667,147,22,95,"embodiments,",0.04514519056261343,0.7207903780068728,,,372,1689
410,410,5,1,26,1,14,2,381,1672,11,13,96,a,0.05845432546884453,0.7210051546391752,,,392,1685
411,411,5,1,26,1,14,3,402,1667,95,23,96,magnitude,0.06798245614035088,0.7210051546391752,,,497,1690
412,412,5,1,26,1,14,4,499,1667,40,18,96,of,0.07849364791288566,0.7199312714776632,,,539,1685
413,413,5,1,26,1,14,5,545,1667,32,18,96,the,0.08484573502722323,0.7199312714776632,,,577,1685
414,414,5,1,26,1,14,6,584,1667,61,23,96,signal,0.09293708408953417,0.7210051546391752,,,645,1690
415,415,5,1,26,1,14,7,654,1667,15,18,96,is,0.10004537205081669,0.7199312714776632,,,669,1685
416,416,5,1,26,1,14,8,678,1667,130,23,96,independent,0.11237144585601935,0.7210051546391752,,,808,1690
417,417,4,1,26,1,15,0,224,1700,583,23,-1,,0.0779643073200242,0.7351804123711341,,,807,1723
418,418,5,1,26,1,15,1,224,1700,46,18,95,from,0.03735632183908046,0.7341065292096219,,,270,1718
419,419,5,1,26,1,15,2,279,1704,12,14,95,a,0.04310344827586207,0.7349656357388317,,,291,1718
420,420,5,1,26,1,15,3,299,1700,82,23,95,quantity,0.0514216575922565,0.7351804123711341,,,381,1723
421,421,5,1,26,1,15,4,389,1700,20,18,97,of,0.0603448275862069,0.7341065292096219,,,409,1718
422,422,5,1,26,1,15,5,415,1700,32,18,96,the,0.06518451300665457,0.7341065292096219,,,447,1718
423,423,5,1,26,1,15,6,455,1700,128,18,96,transduction,0.07849364791288566,0.7341065292096219,,,583,1718
424,424,5,1,26,1,15,7,593,1700,74,23,96,particle,0.09528130671506352,0.7351804123711341,,,667,1723
425,425,5,1,26,1,15,8,675,1700,63,18,96,above,0.10685117967332124,0.7341065292096219,,,738,1718
426,426,5,1,26,1,15,9,747,1704,11,14,93,a,0.11380822746521477,0.7349656357388317,,,758,1718
427,427,5,1,26,1,15,10,767,1704,40,19,92,pre-,0.11902601330913491,0.7360395189003437,,,807,1723
428,428,4,1,26,1,16,0,225,1732,214,23,-1,,0.05021173623714459,0.748926116838488,,,439,1755
429,429,5,1,26,1,16,1,225,1732,117,19,96,determined,0.042876588021778586,0.7480670103092784,,,342,1751
430,430,5,1,26,1,16,2,352,1732,87,23,96,quantity.,0.059815486993345435,0.748926116838488,,,439,1755
431,431,2,1,27,0,0,0,316,1165,813,21,-1,,0.10927102238354507,0.5049398625429553,,,1129,1186
432,432,3,1,27,1,0,0,316,1165,813,21,-1,,0.10927102238354507,0.5049398625429553,,,1129,1186
433,433,4,1,27,1,1,0,316,1165,813,21,-1,,0.10927102238354507,0.5049398625429553,,,1129,1186
434,434,5,1,27,1,1,1,316,1165,156,21,96,CONTAINER,0.05958862673926195,0.5049398625429553,title_line_1,CONTAINER,472,1186
435,435,5,1,27,1,1,2,480,1165,129,21,95,ASSEMBLY,0.0823502722323049,0.5049398625429553,title_line_1,ASSEMBLY,609,1186
436,436,5,1,27,1,1,3,610,1165,91,20,96,WITH,0.09913793103448276,0.5047250859106529,title_line_1,WITH,701,1185
437,437,5,1,27,1,1,4,712,1165,75,21,96,FIRST,0.1133545069570478,0.5049398625429553,title_line_1,FIRST,787,1186
438,438,5,1,27,1,1,5,794,1165,57,20,96,AND,0.12439503932244404,0.5047250859106529,title_line_1,AND,851,1185
439,439,5,1,27,1,1,6,860,1165,112,21,96,SECOND,0.1385359951603146,0.5049398625429553,title_line_1,SECOND,972,1186
440,440,5,1,27,1,1,7,980,1165,149,21,96,ACTUATOR,0.15948275862068967,0.5049398625429553,title_line_1,ACTUATOR,1129,1186
441,441,2,1,28,0,0,0,1132,1496,67,1,-1,,0.1762704174228675,0.6428264604810997,,,1199,1497
442,442,3,1,28,1,0,0,1132,1496,67,1,-1,,0.1762704174228675,0.6428264604810997,,,1199,1497
443,443,4,1,28,1,1,0,1132,1496,67,1,-1,,0.1762704174228675,0.6428264604810997,,,1199,1497
444,444,5,1,28,1,1,1,1132,1496,67,1,95, ,0.1762704174228675,0.6428264604810997,,,1199,1497
445,445,2,1,29,0,0,0,1001,1556,281,1,-1,,0.17264065335753176,0.6685996563573883,,,1282,1557
446,446,3,1,29,1,0,0,1001,1556,281,1,-1,,0.17264065335753176,0.6685996563573883,,,1282,1557
447,447,4,1,29,1,1,0,1001,1556,281,1,-1,,0.17264065335753176,0.6685996563573883,,,1282,1557
448,448,5,1,29,1,1,1,1001,1556,281,1,95, ,0.17264065335753176,0.6685996563573883,,,1282,1557
449,449,2,1,30,0,0,0,1198,1496,1,81,-1,,0.18126134301270416,0.6600085910652921,,,1199,1577
450,450,3,1,30,1,0,0,1198,1496,1,81,-1,,0.18126134301270416,0.6600085910652921,,,1199,1577
451,451,4,1,30,1,1,0,1198,1496,1,81,-1,,0.18126134301270416,0.6600085910652921,,,1199,1577
452,452,5,1,30,1,1,1,1198,1496,1,81,95, ,0.18126134301270416,0.6600085910652921,,,1199,1577
453,453,2,1,31,0,0,0,1016,1576,300,1,-1,,0.176346037507562,0.6771907216494846,,,1316,1577
454,454,3,1,31,1,0,0,1016,1576,300,1,-1,,0.176346037507562,0.6771907216494846,,,1316,1577
455,455,4,1,31,1,1,0,1016,1576,300,1,-1,,0.176346037507562,0.6771907216494846,,,1316,1577
456,456,5,1,31,1,1,1,1016,1576,300,1,95, ,0.176346037507562,0.6771907216494846,,,1316,1577
457,457,2,1,32,0,0,0,1135,1583,62,1,-1,,0.176346037507562,0.6801975945017182,,,1197,1584
458,458,3,1,32,1,0,0,1135,1583,62,1,-1,,0.176346037507562,0.6801975945017182,,,1197,1584
459,459,4,1,32,1,1,0,1135,1583,62,1,-1,,0.176346037507562,0.6801975945017182,,,1197,1584
460,460,5,1,32,1,1,1,1135,1583,62,1,95, ,0.176346037507562,0.6801975945017182,,,1197,1584
461,461,2,1,33,0,0,0,1142,1583,1,32,-1,,0.17279189352692076,0.6868556701030928,,,1143,1615
462,462,3,1,33,1,0,0,1142,1583,1,32,-1,,0.17279189352692076,0.6868556701030928,,,1143,1615
463,463,4,1,33,1,1,0,1142,1583,1,32,-1,,0.17279189352692076,0.6868556701030928,,,1143,1615
464,464,5,1,33,1,1,1,1142,1583,1,32,95, ,0.17279189352692076,0.6868556701030928,,,1143,1615
465,465,2,1,34,0,0,0,1189,1582,1,33,-1,,0.17990018148820328,0.6866408934707904,,,1190,1615
466,466,3,1,34,1,0,0,1189,1582,1,33,-1,,0.17990018148820328,0.6866408934707904,,,1190,1615
467,467,4,1,34,1,1,0,1189,1582,1,33,-1,,0.17990018148820328,0.6866408934707904,,,1190,1615
468,468,5,1,34,1,1,1,1189,1582,1,33,95, ,0.17990018148820328,0.6866408934707904,,,1190,1615
469,469,2,1,35,0,0,0,1097,1607,46,1,-1,,0.1693889897156685,0.6905068728522337,,,1143,1608
470,470,3,1,35,1,0,0,1097,1607,46,1,-1,,0.1693889897156685,0.6905068728522337,,,1143,1608
471,471,4,1,35,1,1,0,1097,1607,46,1,-1,,0.1693889897156685,0.6905068728522337,,,1143,1608
472,472,5,1,35,1,1,1,1097,1607,46,1,95, ,0.1693889897156685,0.6905068728522337,,,1143,1608
473,473,2,1,36,0,0,0,1150,1614,40,1,-1,,0.17695099818511797,0.6935137457044673,,,1190,1615
474,474,3,1,36,1,0,0,1150,1614,40,1,-1,,0.17695099818511797,0.6935137457044673,,,1190,1615
475,475,4,1,36,1,1,0,1150,1614,40,1,-1,,0.17695099818511797,0.6935137457044673,,,1190,1615
476,476,5,1,36,1,1,1,1150,1614,40,1,95, ,0.17695099818511797,0.6935137457044673,,,1190,1615
477,477,2,1,37,0,0,0,1129,1526,3,119,-1,,0.17097701149425287,0.6810567010309279,,,1132,1645
478,478,3,1,37,1,0,0,1129,1526,3,119,-1,,0.17097701149425287,0.6810567010309279,,,1132,1645
479,479,4,1,37,1,1,0,1129,1526,3,119,-1,,0.17097701149425287,0.6810567010309279,,,1132,1645
480,480,5,1,37,1,1,1,1129,1526,3,119,95, ,0.17097701149425287,0.6810567010309279,,,1132,1645
481,481,2,1,38,0,0,0,1095,1576,4,74,-1,,0.16591046581972171,0.6928694158075601,,,1099,1650
482,482,3,1,38,1,0,0,1095,1576,4,74,-1,,0.16591046581972171,0.6928694158075601,,,1099,1650
483,483,4,1,38,1,1,0,1095,1576,4,74,-1,,0.16591046581972171,0.6928694158075601,,,1099,1650
484,484,5,1,38,1,1,1,1095,1576,4,74,95, ,0.16591046581972171,0.6928694158075601,,,1099,1650
485,485,2,1,39,0,0,0,1097,1644,52,1,-1,,0.16984271022383546,0.7064003436426117,,,1149,1645
486,486,3,1,39,1,0,0,1097,1644,52,1,-1,,0.16984271022383546,0.7064003436426117,,,1149,1645
487,487,4,1,39,1,1,0,1097,1644,52,1,-1,,0.16984271022383546,0.7064003436426117,,,1149,1645
488,488,5,1,39,1,1,1,1097,1644,52,1,95, ,0.16984271022383546,0.7064003436426117,,,1149,1645
489,489,2,1,40,0,0,0,1314,1686,38,1,-1,,0.2016031457955233,0.7244415807560137,,,1352,1687
490,490,3,1,40,1,0,0,1314,1686,38,1,-1,,0.2016031457955233,0.7244415807560137,,,1352,1687
491,491,4,1,40,1,1,0,1314,1686,38,1,-1,,0.2016031457955233,0.7244415807560137,,,1352,1687
492,492,5,1,40,1,1,1,1314,1686,38,1,95, ,0.2016031457955233,0.7244415807560137,,,1352,1687
493,493,2,1,41,0,0,0,1167,1403,1,367,-1,,0.1765728977616455,0.6814862542955327,,,1168,1770
494,494,3,1,41,1,0,0,1167,1403,1,367,-1,,0.1765728977616455,0.6814862542955327,,,1168,1770
495,495,4,1,41,1,1,0,1167,1403,1,367,-1,,0.1765728977616455,0.6814862542955327,,,1168,1770
496,496,5,1,41,1,1,1,1167,1403,1,367,95, ,0.1765728977616455,0.6814862542955327,,,1168,1770
497,497,2,1,42,0,0,0,1181,1613,1,195,-1,,0.17869026013309136,0.7347508591065293,,,1182,1808
498,498,3,1,42,1,0,0,1181,1613,1,195,-1,,0.17869026013309136,0.7347508591065293,,,1182,1808
499,499,4,1,42,1,1,0,1181,1613,1,195,-1,,0.17869026013309136,0.7347508591065293,,,1182,1808
500,500,5,1,42,1,1,1,1181,1613,1,195,95, ,0.17869026013309136,0.7347508591065293,,,1182,1808
501,501,2,1,43,0,0,0,1255,1848,1,26,-1,,0.1898820326678766,0.7993986254295533,,,1256,1874
502,502,3,1,43,1,0,0,1255,1848,1,26,-1,,0.1898820326678766,0.7993986254295533,,,1256,1874
503,503,4,1,43,1,1,0,1255,1848,1,26,-1,,0.1898820326678766,0.7993986254295533,,,1256,1874
504,504,5,1,43,1,1,1,1255,1848,1,26,95, ,0.1898820326678766,0.7993986254295533,,,1256,1874
505,505,2,1,44,0,0,0,901,1296,519,657,-1,,0.17551421657592256,0.6978092783505154,,,1420,1953
506,506,3,1,44,1,0,0,901,1296,519,657,-1,,0.17551421657592256,0.6978092783505154,,,1420,1953
507,507,4,1,44,1,1,0,1102,1296,78,26,-1,,0.17256503327283726,0.5622852233676976,,,1180,1322
508,508,5,1,44,1,1,1,1102,1296,40,26,96,Fig.,0.16969147005444646,0.5622852233676976,,,1142,1322
509,509,5,1,44,1,1,2,1153,1296,27,21,96,92,0.1764216575922565,0.5612113402061856,,,1180,1317
510,510,4,1,44,1,2,0,1164,1388,9,13,-1,,0.17672413793103448,0.5990120274914089,,,1173,1401
511,511,5,1,44,1,2,1,1164,1388,9,13,83,F,0.17672413793103448,0.5990120274914089,,,1173,1401
512,512,4,1,44,1,3,0,920,1433,45,13,-1,,0.1425438596491228,0.6183419243986255,,,965,1446
513,513,5,1,44,1,3,1,920,1433,45,13,84,11200,0.1425438596491228,0.6183419243986255,,,965,1446
514,514,4,1,44,1,4,0,1073,1444,37,13,-1,,0.16507864488808227,0.6230670103092784,,,1110,1457
515,515,5,1,44,1,4,1,1073,1444,37,13,95,3700,0.16507864488808227,0.6230670103092784,,,1110,1457
516,516,4,1,44,1,5,0,938,1452,235,56,-1,,0.15963399879007864,0.6357388316151202,,,1173,1508
517,517,5,1,44,1,5,1,938,1452,7,30,58,\,0.1423926194797338,0.6301546391752577,,,945,1482
518,518,5,1,44,1,5,2,1094,1461,28,47,81,\,0.1675741076830006,0.6376718213058419,,,1122,1508
519,519,5,1,44,1,5,3,1162,1456,11,19,9,Y,0.1765728977616455,0.6295103092783505,,,1173,1475
520,520,4,1,44,1,6,0,945,1483,300,42,-1,,0.16560798548094374,0.6460481099656358,,,1245,1525
521,521,5,1,44,1,6,1,945,1483,33,30,25,‚Äúse,0.1454174228675136,0.6434707903780069,,,978,1513
522,522,5,1,44,1,6,2,1033,1504,75,17,56,3740,0.1619026013309135,0.6496993127147767,,,1108,1521
523,523,5,1,44,1,6,3,1109,1508,18,17,0,L,0.16908650937689051,0.6514175257731959,,,1127,1525
524,524,5,1,44,1,6,4,1167,1519,1,6,36,|,0.1765728977616455,0.6537800687285223,,,1168,1525
525,525,5,1,44,1,6,5,1200,1512,45,13,0,fntz07,0.18489110707803993,0.6522766323024055,,,1245,1525
526,526,4,1,44,1,7,0,1015,1526,299,30,-1,,0.17611917725347853,0.6619415807560137,,,1314,1556
527,527,5,1,44,1,7,1,1015,1526,41,20,24,3738.,0.15660919540229884,0.6597938144329897,,,1056,1546
528,528,5,1,44,1,7,2,1214,1529,5,27,52,j,0.183983666061706,0.6625859106529209,,,1219,1556
529,529,5,1,44,1,7,3,1253,1530,61,21,47,11208,0.1941167574107683,0.6617268041237113,,,1314,1551
530,530,4,1,44,1,8,0,1064,1556,346,37,-1,,0.18708408953418026,0.676331615120275,,,1410,1593
531,531,5,1,44,1,8,1,1064,1578,15,15,51,7,0.16205384150030247,0.6810567010309279,,,1079,1593
532,532,5,1,44,1,8,2,1211,1556,87,21,46,[7,0.1897307924984876,0.6728951890034365,,,1298,1577
533,533,5,1,44,1,8,3,1299,1556,24,1,0,my,0.19827586206896552,0.6685996563573883,,,1323,1557
534,534,5,1,44,1,8,4,1324,1556,86,25,0,bN14202,0.20674531155474893,0.6737542955326461,,,1410,1581
535,535,4,1,44,1,9,0,1050,1594,175,17,-1,,0.1720356926799758,0.6883591065292096,,,1225,1611
536,536,5,1,44,1,9,1,1050,1594,14,14,79,‚Äú,0.15986085904416214,0.6877147766323024,,,1064,1608
537,537,5,1,44,1,9,2,1167,1605,1,6,38,!,0.1765728977616455,0.6907216494845361,,,1168,1611
538,538,5,1,44,1,9,3,1223,1602,2,3,36,!,0.1851179673321234,0.6887886597938144,,,1225,1605
539,539,4,1,44,1,10,0,939,1618,374,20,-1,,0.17029643073200243,0.6993127147766323,,,1313,1638
540,540,5,1,44,1,10,1,939,1623,47,13,72,3732-,0.1455686630369026,0.6999570446735395,,,986,1636
541,541,5,1,44,1,10,2,1293,1618,20,20,51,44,0.1970659407138536,0.6993127147766323,,,1313,1638
542,542,4,1,44,1,11,0,1100,1635,300,61,-1,,0.18905021173623715,0.7154209621993127,,,1400,1696
543,543,5,1,44,1,11,1,1100,1646,48,50,44,i,0.16999395039322443,0.7177835051546392,,,1148,1696
544,544,5,1,44,1,11,2,1167,1648,1,5,6,',0.1765728977616455,0.7089776632302406,,,1168,1653
545,545,5,1,44,1,11,3,1270,1635,72,27,30,ob,0.19751966122202058,0.708118556701031,,,1342,1662
546,546,5,1,44,1,11,4,1343,1644,57,13,39,1208,0.2074258923169994,0.7089776632302406,,,1400,1657
547,547,4,1,44,1,12,0,1167,1681,239,14,-1,,0.19457047791893528,0.7250859106529209,,,1406,1695
548,548,5,1,44,1,12,1,1167,1690,2,5,42,:,0.17664851784633998,0.7270189003436426,,,1169,1695
549,549,5,1,44,1,12,2,1353,1681,53,13,49,~11209,0.20863581367211131,0.7248711340206185,,,1406,1694
550,550,4,1,44,1,13,0,945,1663,358,52,-1,,0.16999395039322443,0.7255154639175257,,,1303,1715
551,551,5,1,44,1,13,1,945,1698,45,13,74,11236,0.14632486388384755,0.7321735395189003,,,990,1711
552,552,5,1,44,1,13,2,1005,1706,9,5,55,4.,0.15267695099818512,0.7338917525773195,,,1014,1711
553,553,5,1,44,1,13,3,1134,1710,81,5,31,iL,0.17763157894736842,0.7356099656357389,,,1215,1715
554,554,5,1,44,1,13,4,1224,1663,79,50,37,Lo,0.1910919540229885,0.7250859106529209,,,1303,1713
555,555,4,1,44,1,14,0,945,1718,322,15,-1,,0.16727162734422263,0.7411941580756014,,,1267,1733
556,556,5,1,44,1,14,1,945,1719,45,14,27,424d,0.14632486388384755,0.7414089347079038,,,990,1733
557,557,5,1,44,1,14,2,1250,1718,17,14,96,Fx,0.19033575317604357,0.740979381443299,,,1267,1732
558,558,4,1,44,1,15,0,1167,1711,233,60,-1,,0.1941167574107683,0.747852233676976,,,1400,1771
559,559,5,1,44,1,15,1,1167,1733,2,5,0,:,0.17664851784633998,0.7454896907216495,,,1169,1738
560,560,5,1,44,1,15,2,1191,1711,35,60,51,f,0.18277374470659408,0.747852233676976,,,1226,1771
561,561,5,1,44,1,15,3,1363,1733,37,13,69,3733,0.20893829401088929,0.7472079037800687,,,1400,1746
562,562,4,1,44,1,16,0,1251,1743,160,22,-1,,0.2013006654567453,0.7534364261168385,,,1411,1765
563,563,5,1,44,1,16,1,1251,1749,24,16,49,Fry,0.191016333938294,0.7547250859106529,,,1275,1765
564,564,5,1,44,1,16,2,1321,1743,90,20,30,17210,0.20659407138535996,0.7530068728522337,,,1411,1763
565,565,4,1,44,1,17,0,940,1759,468,40,-1,,0.17755595886267392,0.7641752577319587,,,1408,1799
566,566,5,1,44,1,17,1,940,1778,45,14,79,11230,0.1455686630369026,0.7667525773195877,,,985,1792
567,567,5,1,44,1,17,2,1142,1776,27,21,9,qi,0.17475801572897762,0.7673969072164949,,,1169,1797
568,568,5,1,44,1,17,3,1195,1774,17,17,39,bey,0.18201754385964913,0.7656786941580757,,,1212,1791
569,569,5,1,44,1,17,4,1230,1759,68,40,0,Co,0.191167574107683,0.7641752577319587,,,1298,1799
570,570,5,1,44,1,17,5,1343,1773,65,13,64,11240,0.20803085299455534,0.7643900343642611,,,1408,1786
571,571,4,1,44,1,18,0,933,1799,477,24,-1,,0.17717785843920145,0.7779209621993127,,,1410,1823
572,572,5,1,44,1,18,1,933,1803,45,13,85,41234,0.14450998185117966,0.7772766323024055,,,978,1816
573,573,5,1,44,1,18,2,1100,1797,45,10,27,SEL,0.16976709013914096,0.7740549828178694,,,1145,1807
574,574,5,1,44,1,18,3,1179,1805,22,18,27,Be,0.17997580157289775,0.7792096219931272,,,1201,1823
575,575,5,1,44,1,18,4,1225,1799,49,8,37,oe,0.18897459165154265,0.7744845360824743,,,1274,1807
576,576,5,1,44,1,18,5,1353,1805,6,3,25,-,0.20508166969147004,0.7759879725085911,,,1359,1808
577,577,5,1,44,1,18,6,1366,1799,44,13,62,11242,0.20992135511191773,0.7755584192439863,,,1410,1812
578,578,4,1,44,1,19,0,901,1833,519,27,-1,,0.17551421657592256,0.7931701030927835,,,1420,1860
579,579,5,1,44,1,19,1,901,1833,99,15,0,Farm,0.14375378100423472,0.7905927835051546,,,1000,1848
580,580,5,1,44,1,19,2,1316,1839,104,21,0,LiZis,0.20689655172413793,0.7944587628865979,,,1420,1860
581,581,4,1,44,1,20,0,1053,1862,358,17,-1,,0.18632788868723532,0.803479381443299,,,1411,1879
582,582,5,1,44,1,20,1,1053,1862,27,13,44,2c,0.16129764065335753,0.8026202749140894,,,1080,1875
583,583,5,1,44,1,20,2,1119,1870,7,2,21,SPs,0.16976709013914096,0.8036941580756014,,,1126,1872
584,584,5,1,44,1,20,3,1225,1864,106,15,0,spogy,0.19328493647912887,0.8039089347079038,,,1331,1879
585,585,5,1,44,1,20,4,1339,1863,72,14,0,rite,0.20795523290986087,0.8032646048109966,,,1411,1877
586,586,4,1,44,1,21,0,933,1898,474,18,-1,,0.17695099818511797,0.8191580756013745,,,1407,1916
587,587,5,1,44,1,21,1,933,1902,45,14,76,11220,0.14450998185117966,0.8200171821305842,,,978,1916
588,588,5,1,44,1,21,2,1301,1898,106,16,0,|At~11214,0.20477918935269207,0.8187285223367697,,,1407,1914
589,589,4,1,44,1,22,0,937,1929,467,24,-1,,0.17702661826981247,0.8337628865979382,,,1404,1953
590,590,5,1,44,1,22,1,937,1940,44,13,28,14212,0.14503932244404114,0.8361254295532646,,,981,1953
591,591,5,1,44,1,22,2,1316,1937,42,5,33,pp,0.20220810647307924,0.833118556701031,,,1358,1942
592,592,5,1,44,1,22,3,1360,1929,44,13,33,tate,0.20901391409558379,0.8314003436426117,,,1404,1942
593,593,2,1,45,0,0,0,1300,1870,1,78,-1,,0.19668784029038114,0.8200171821305842,,,1301,1948
594,594,3,1,45,1,0,0,1300,1870,1,78,-1,,0.19668784029038114,0.8200171821305842,,,1301,1948
595,595,4,1,45,1,1,0,1300,1870,1,78,-1,,0.19668784029038114,0.8200171821305842,,,1301,1948
596,596,5,1,45,1,1,1,1300,1870,1,78,95, ,0.19668784029038114,0.8200171821305842,,,1301,1948
597,597,2,1,46,0,0,0,1038,1871,1,81,-1,,0.1570629159104658,0.8210910652920962,,,1039,1952
598,598,3,1,46,1,0,0,1038,1871,1,81,-1,,0.1570629159104658,0.8210910652920962,,,1039,1952
599,599,4,1,46,1,1,0,1038,1871,1,81,-1,,0.1570629159104658,0.8210910652920962,,,1039,1952
600,600,5,1,46,1,1,1,1038,1871,1,81,95, ,0.1570629159104658,0.8210910652920962,,,1039,1952
601,601,2,1,47,0,0,0,1103,1940,201,3,-1,,0.18201754385964913,0.8339776632302406,,,1304,1943
602,602,3,1,47,1,0,0,1103,1940,201,3,-1,,0.18201754385964913,0.8339776632302406,,,1304,1943
603,603,4,1,47,1,1,0,1103,1940,201,3,-1,,0.18201754385964913,0.8339776632302406,,,1304,1943
604,604,5,1,47,1,1,1,1103,1940,201,3,95, ,0.18201754385964913,0.8339776632302406,,,1304,1943
605,605,2,1,48,0,0,0,1034,1945,263,2,-1,,0.1762704174228675,0.8359106529209622,,,1297,1947
606,606,3,1,48,1,0,0,1034,1945,263,2,-1,,0.1762704174228675,0.8359106529209622,,,1297,1947
607,607,4,1,48,1,1,0,1034,1945,263,2,-1,,0.1762704174228675,0.8359106529209622,,,1297,1947
608,608,5,1,48,1,1,1,1034,1945,263,2,95, ,0.1762704174228675,0.8359106529209622,,,1297,1947
609,609,2,1,49,0,0,0,1034,1942,270,7,-1,,0.17679975801572897,0.8356958762886598,,,1304,1949
610,610,3,1,49,1,0,0,1034,1942,270,7,-1,,0.17679975801572897,0.8356958762886598,,,1304,1949
611,611,4,1,49,1,1,0,1034,1942,270,7,-1,,0.17679975801572897,0.8356958762886598,,,1304,1949
612,612,5,1,49,1,1,1,1034,1942,270,7,95, ,0.17679975801572897,0.8356958762886598,,,1304,1949
613,613,2,1,50,0,0,0,1034,1948,263,2,-1,,0.1762704174228675,0.8371993127147767,,,1297,1950
614,614,3,1,50,1,0,0,1034,1948,263,2,-1,,0.1762704174228675,0.8371993127147767,,,1297,1950
615,615,4,1,50,1,1,0,1034,1948,263,2,-1,,0.1762704174228675,0.8371993127147767,,,1297,1950
616,616,5,1,50,1,1,1,1034,1948,263,2,95, ,0.1762704174228675,0.8371993127147767,,,1297,1950
617,617,2,1,51,0,0,0,1315,1576,1,404,-1,,0.19895644283121597,0.7637457044673539,,,1316,1980
618,618,3,1,51,1,0,0,1315,1576,1,404,-1,,0.19895644283121597,0.7637457044673539,,,1316,1980
619,619,4,1,51,1,1,0,1315,1576,1,404,-1,,0.19895644283121597,0.7637457044673539,,,1316,1980
620,620,5,1,51,1,1,1,1315,1576,1,404,95, ,0.19895644283121597,0.7637457044673539,,,1316,1980
621,621,2,1,52,0,0,0,1292,1870,3,95,-1,,0.1956291591046582,0.823668384879725,,,1295,1965
622,622,3,1,52,1,0,0,1292,1870,3,95,-1,,0.1956291591046582,0.823668384879725,,,1295,1965
623,623,4,1,52,1,1,0,1292,1870,3,95,-1,,0.1956291591046582,0.823668384879725,,,1295,1965
624,624,5,1,52,1,1,1,1292,1870,3,95,95, ,0.1956291591046582,0.823668384879725,,,1295,1965
625,625,2,1,53,0,0,0,1286,1948,1,17,-1,,0.19457047791893528,0.8404209621993127,,,1287,1965
626,626,3,1,53,1,0,0,1286,1948,1,17,-1,,0.19457047791893528,0.8404209621993127,,,1287,1965
627,627,4,1,53,1,1,0,1286,1948,1,17,-1,,0.19457047791893528,0.8404209621993127,,,1287,1965
628,628,5,1,53,1,1,1,1286,1948,1,17,95, ,0.19457047791893528,0.8404209621993127,,,1287,1965
629,629,2,1,54,0,0,0,1048,1978,268,2,-1,,0.17876588021778583,0.8500859106529209,,,1316,1980
630,630,3,1,54,1,0,0,1048,1978,268,2,-1,,0.17876588021778583,0.8500859106529209,,,1316,1980
631,631,4,1,54,1,1,0,1048,1978,268,2,-1,,0.17876588021778583,0.8500859106529209,,,1316,1980
632,632,5,1,54,1,1,1,1048,1978,268,2,95, ,0.17876588021778583,0.8500859106529209,,,1316,1980
633,633,2,1,55,0,0,0,1331,1556,1,444,-1,,0.2013762855414398,0.7637457044673539,,,1332,2000
634,634,3,1,55,1,0,0,1331,1556,1,444,-1,,0.2013762855414398,0.7637457044673539,,,1332,2000
635,635,4,1,55,1,1,0,1331,1556,1,444,-1,,0.2013762855414398,0.7637457044673539,,,1332,2000
636,636,5,1,55,1,1,1,1331,1556,1,444,95, ,0.2013762855414398,0.7637457044673539,,,1332,2000
637,637,2,1,56,0,0,0,1039,1899,251,88,-1,,0.17611917725347853,0.8346219931271478,,,1290,1987
638,638,3,1,56,1,0,0,1039,1899,251,88,-1,,0.17611917725347853,0.8346219931271478,,,1290,1987
639,639,4,1,56,1,1,0,1039,1899,251,88,-1,,0.17611917725347853,0.8346219931271478,,,1290,1987
640,640,5,1,56,1,1,1,1039,1899,251,88,95, ,0.17611917725347853,0.8346219931271478,,,1290,1987
641,641,2,1,57,0,0,0,1167,1905,1,156,-1,,0.1765728977616455,0.8518041237113402,,,1168,2061
642,642,3,1,57,1,0,0,1167,1905,1,156,-1,,0.1765728977616455,0.8518041237113402,,,1168,2061
643,643,4,1,57,1,1,0,1167,1905,1,156,-1,,0.1765728977616455,0.8518041237113402,,,1168,2061
644,644,5,1,57,1,1,1,1167,1905,1,156,95, ,0.1765728977616455,0.8518041237113402,,,1168,2061
645,645,2,1,58,0,0,0,1160,2067,17,16,-1,,0.17672413793103448,0.8913230240549829,,,1177,2083
646,646,3,1,58,1,0,0,1160,2067,17,16,-1,,0.17672413793103448,0.8913230240549829,,,1177,2083
647,647,4,1,58,1,1,0,1160,2067,17,16,-1,,0.17672413793103448,0.8913230240549829,,,1177,2083
648,648,5,1,58,1,1,1,1160,2067,17,16,94,Va,0.17672413793103448,0.8913230240549829,,,1177,2083
649,649,2,1,59,0,0,0,716,2270,259,16,-1,,0.1278735632183908,0.9785223367697594,,,975,2286
650,650,3,1,59,1,0,0,716,2270,259,16,-1,,0.1278735632183908,0.9785223367697594,,,975,2286
651,651,4,1,59,1,1,0,716,2270,259,16,-1,,0.1278735632183908,0.9785223367697594,,,975,2286
652,652,5,1,59,1,1,1,716,2270,49,12,96,Printed,0.11199334543254688,0.9776632302405498,,,765,2282
653,653,5,1,59,1,1,2,771,2270,15,16,96,by,0.1177404718693285,0.9785223367697594,,,786,2286
654,654,5,1,59,1,1,3,792,2270,45,14,96,"Jouve,",0.12318511796733213,0.9780927835051546,,,837,2284
655,655,5,1,59,1,1,4,843,2270,41,12,96,75001,0.13059588626739263,0.9776632302405498,,,884,2282
656,656,5,1,59,1,1,5,893,2270,46,12,96,PARIS,0.1385359951603146,0.9776632302405498,,,939,2282
657,657,5,1,59,1,1,6,945,2270,30,16,95,(FR),0.14519056261343014,0.9785223367697594,,,975,2286
