,Unnamed: 0,level,page_num,block_num,par_num,line_num,word_num,left,top,width,height,conf,text,x,y,label,target,right,bottom
0,0,1,1,0,0,0,0,0,0,1653,2328,-1,,0.125,0.5,,,1653,2328
1,1,2,1,1,0,0,0,144,1905,31,328,-1,,0.02412280701754386,0.8887457044673539,,,175,2233
2,2,3,1,1,1,0,0,144,1905,31,328,-1,,0.02412280701754386,0.8887457044673539,,,175,2233
3,3,4,1,1,1,1,0,144,1905,31,328,-1,,0.02412280701754386,0.8887457044673539,,,175,2233
4,4,5,1,1,1,1,1,144,2179,30,54,95,EP,0.024047186932849365,0.947594501718213,,,174,2233
5,5,5,1,1,1,1,2,144,2142,31,21,95,3,0.02412280701754386,0.9246134020618557,,,175,2163
6,6,5,1,1,1,1,3,144,2055,31,71,94,399,0.02412280701754386,0.8979810996563574,,,175,2126
7,7,5,1,1,1,1,4,144,1974,31,65,92,791,0.02412280701754386,0.8618986254295533,,,175,2039
8,8,5,1,1,1,1,5,144,1905,30,50,88,A1,0.024047186932849365,0.8290378006872853,,,174,1955
9,9,2,1,2,0,0,0,225,147,292,26,-1,,0.056110102843315184,0.06872852233676977,,,517,173
10,10,3,1,2,1,0,0,225,147,292,26,-1,,0.056110102843315184,0.06872852233676977,,,517,173
11,11,4,1,2,1,1,0,225,147,292,26,-1,,0.056110102843315184,0.06872852233676977,,,517,173
12,12,5,1,2,1,1,1,225,147,45,26,96,(19),0.037431941923774956,0.06872852233676977,,,270,173
13,13,5,1,2,1,1,2,429,153,88,16,82,Europaisches,0.07153660012099214,0.06915807560137457,,,517,169
14,14,2,1,3,0,0,0,429,170,71,11,-1,,0.07025105868118572,0.07538659793814433,,,500,181
15,15,3,1,3,1,0,0,429,170,71,11,-1,,0.07025105868118572,0.07538659793814433,,,500,181
16,16,4,1,3,1,1,0,429,170,71,11,-1,,0.07025105868118572,0.07538659793814433,,,500,181
17,17,5,1,3,1,1,1,429,170,71,11,94,Patentamt,0.07025105868118572,0.07538659793814433,,,500,181
18,18,2,1,4,0,0,0,429,196,89,28,-1,,0.07161222020568662,0.09020618556701031,,,518,224
19,19,3,1,4,1,0,0,429,196,89,28,-1,,0.07161222020568662,0.09020618556701031,,,518,224
20,20,4,1,4,1,1,0,429,196,63,15,-1,,0.06964609800362977,0.08741408934707903,,,492,211
21,21,5,1,4,1,1,1,429,196,63,15,95,European,0.06964609800362977,0.08741408934707903,,,492,211
22,22,4,1,4,1,2,0,429,212,89,12,-1,,0.07161222020568662,0.0936426116838488,,,518,224
23,23,5,1,4,1,2,1,429,213,43,11,96,Patent,0.06813369630973987,0.0938573883161512,,,472,224
24,24,5,1,4,1,2,2,478,212,40,12,90,Office,0.07531760435571688,0.0936426116838488,,,518,224
25,25,2,1,5,0,0,0,429,239,109,28,-1,,0.07312462189957653,0.10867697594501718,,,538,267
26,26,3,1,5,1,0,0,429,239,109,28,-1,,0.07312462189957653,0.10867697594501718,,,538,267
27,27,4,1,5,1,1,0,429,239,109,15,-1,,0.07312462189957653,0.10588487972508591,,,538,254
28,28,5,1,5,1,1,1,429,239,40,12,93,Office,0.06790683605565638,0.1052405498281787,,,469,251
29,29,5,1,5,1,1,2,474,239,64,15,93,europ√©en,0.0765275257108288,0.10588487972508591,,,538,254
30,30,4,1,5,1,2,0,429,255,77,12,-1,,0.0707047791893527,0.11211340206185567,,,506,267
31,31,5,1,5,1,2,1,429,255,22,12,95,des,0.06654567453115548,0.11211340206185567,,,451,267
32,32,5,1,5,1,2,2,457,255,49,12,82,brevets,0.07282214156079855,0.11211340206185567,,,506,267
33,33,2,1,6,0,0,0,281,136,274,150,-1,,0.06321839080459771,0.09063573883161512,,,555,286
34,34,3,1,6,1,0,0,281,136,274,150,-1,,0.06321839080459771,0.09063573883161512,,,555,286
35,35,4,1,6,1,1,0,281,136,274,150,-1,,0.06321839080459771,0.09063573883161512,,,555,286
36,36,5,1,6,1,1,1,281,136,274,150,95, ,0.06321839080459771,0.09063573883161512,,,555,286
37,37,2,1,7,0,0,0,1002,245,458,38,-1,,0.18617664851784635,0.1134020618556701,,,1460,283
38,38,3,1,7,1,0,0,1002,245,458,38,-1,,0.18617664851784635,0.1134020618556701,,,1460,283
39,39,4,1,7,1,1,0,1002,245,458,38,-1,,0.18617664851784635,0.1134020618556701,,,1460,283
40,40,5,1,7,1,1,1,1002,256,44,27,74,(11),0.15486993345432548,0.11576460481099657,,,1046,283
41,41,5,1,7,1,1,2,1146,245,52,32,96,EP,0.17725347852389595,0.11211340206185567,number,EP,1198,277
42,42,5,1,7,1,1,3,1214,245,20,32,94,3,0.1851179673321234,0.11211340206185567,number,3,1234,277
43,43,5,1,7,1,1,4,1249,245,68,32,94,399,0.1940411373260738,0.11211340206185567,number,399,1317,277
44,44,5,1,7,1,1,5,1332,245,62,32,92,791,0.20614035087719298,0.11211340206185567,number,791,1394,277
45,45,5,1,7,1,1,6,1413,245,47,32,86,A1,0.21725650332728372,0.11211340206185567,number,A1,1460,277
46,46,2,1,8,0,0,0,225,319,889,31,-1,,0.10125529340592862,0.14368556701030927,,,1114,350
47,47,3,1,8,1,0,0,225,319,889,31,-1,,0.10125529340592862,0.14368556701030927,,,1114,350
48,48,4,1,8,1,1,0,225,319,889,31,-1,,0.10125529340592862,0.14368556701030927,,,1114,350
49,49,5,1,8,1,1,1,225,324,45,26,95,(12),0.037431941923774956,0.14475945017182132,,,270,350
50,50,5,1,8,1,1,2,577,319,156,26,95,EUROPEAN,0.09906231094978826,0.14261168384879724,,,733,345
51,51,5,1,8,1,1,3,735,320,135,24,95,PATENT,0.12137023593466424,0.14261168384879724,,,870,344
52,52,5,1,8,1,1,4,873,319,241,26,96,APPLICATION,0.1502571082879613,0.14261168384879724,,,1114,345
53,53,2,1,9,0,0,0,225,395,378,53,-1,,0.06261343012704174,0.18105670103092783,,,603,448
54,54,3,1,9,1,0,0,225,395,378,53,-1,,0.06261343012704174,0.18105670103092783,,,603,448
55,55,4,1,9,1,1,0,225,395,262,26,-1,,0.05384150030248034,0.17525773195876287,,,487,421
56,56,5,1,9,1,1,1,225,395,45,26,95,(43),0.037431941923774956,0.17525773195876287,,,270,421
57,57,5,1,9,1,1,2,286,397,48,18,95,Date,0.04688445251058681,0.17439862542955326,,,334,415
58,58,5,1,9,1,1,3,342,397,20,18,96,of,0.05323653962492438,0.17439862542955326,,,362,415
59,59,5,1,9,1,1,4,370,397,117,23,96,publication:,0.0648064125831821,0.17547250859106528,,,487,420
60,60,4,1,9,1,2,0,286,430,317,18,-1,,0.06722625529340592,0.18857388316151202,,,603,448
61,61,5,1,9,1,2,1,286,430,117,18,96,07.11.2018,0.052102238354506954,0.18857388316151202,publication_date,07.11.2018,403,448
62,62,5,1,9,1,2,2,426,430,84,18,95,Bulletin,0.07078039927404718,0.18857388316151202,,,510,448
63,63,5,1,9,1,2,3,519,430,84,18,95,2018/45,0.08484573502722323,0.18857388316151202,,,603,448
64,64,2,1,10,0,0,0,225,493,402,26,-1,,0.06442831215970962,0.21735395189003437,,,627,519
65,65,3,1,10,1,0,0,225,493,402,26,-1,,0.06442831215970962,0.21735395189003437,,,627,519
66,66,4,1,10,1,1,0,225,493,402,26,-1,,0.06442831215970962,0.21735395189003437,,,627,519
67,67,5,1,10,1,1,1,225,493,45,26,95,(21),0.037431941923774956,0.21735395189003437,,,270,519
68,68,5,1,10,1,1,2,285,495,115,23,96,Application,0.051799758015728975,0.21756872852233677,,,400,518
69,69,5,1,10,1,1,3,410,495,83,18,93,number:,0.06828493647912885,0.21649484536082475,,,493,513
70,70,5,1,10,1,1,4,505,495,122,18,91,18179304.3,0.08560193587416817,0.21649484536082475,application_number,18179304.3,627,513
71,71,2,1,11,0,0,0,225,559,325,26,-1,,0.05860556563823351,0.24570446735395188,,,550,585
72,72,3,1,11,1,0,0,225,559,325,26,-1,,0.05860556563823351,0.24570446735395188,,,550,585
73,73,4,1,11,1,1,0,225,559,325,26,-1,,0.05860556563823351,0.24570446735395188,,,550,585
74,74,5,1,11,1,1,1,225,559,45,26,96,(22),0.037431941923774956,0.24570446735395188,,,270,585
75,75,5,1,11,1,1,2,286,561,48,18,96,Date,0.04688445251058681,0.24484536082474226,,,334,579
76,76,5,1,11,1,1,3,342,566,12,13,96,of,0.05263157894736842,0.24591924398625428,,,354,579
77,77,5,1,11,1,1,4,355,561,67,23,96,filing:,0.058756805807622506,0.24591924398625428,,,422,584
78,78,5,1,11,1,1,5,432,561,118,18,96,21.10.2004,0.07425892316999395,0.24484536082474226,filing_date,21.10.2004,550,579
79,79,2,1,12,0,0,0,862,395,268,204,-1,,0.15063520871143377,0.21348797250859106,,,1130,599
80,80,3,1,12,1,0,0,862,395,268,204,-1,,0.15063520871143377,0.21348797250859106,,,1130,599
81,81,4,1,12,1,1,0,862,395,126,26,-1,,0.13989715668481548,0.17525773195876287,,,988,421
82,82,5,1,12,1,1,1,862,395,44,26,67,(51),0.1336963097398669,0.17525773195876287,,,906,421
83,83,5,1,12,1,1,2,923,397,25,18,93,Int,0.1414851784633999,0.17439862542955326,,,948,415
84,84,5,1,12,1,1,3,955,397,33,18,65,Cl:,0.14692982456140352,0.17439862542955326,,,988,415
85,85,4,1,12,1,2,0,922,425,204,21,-1,,0.15486993345432548,0.1870704467353952,,,1126,446
86,86,5,1,12,1,2,1,922,428,68,18,37,HO4W,0.14458560193587416,0.1877147766323024,class_international,H04W,990,446
87,87,5,1,12,1,2,2,995,428,46,18,80,28/06,0.15396249243799154,0.1877147766323024,class_international,28/06,1041,446
88,88,5,1,12,1,2,3,1042,425,84,21,75,(2009.91),0.16394434361766486,0.1870704467353952,,,1126,446
89,89,4,1,12,1,3,0,922,455,195,21,-1,,0.154189352692075,0.19995704467353953,,,1117,476
90,90,5,1,12,1,3,1,922,458,56,18,89,HO4L,0.14367816091954022,0.20060137457044674,,,978,476
91,91,5,1,12,1,3,2,989,458,55,18,94,12/26,0.15373563218390804,0.20060137457044674,,,1044,476
92,92,5,1,12,1,3,3,1050,455,67,16,71,(2006.01),0.16386872353297036,0.19888316151202748,,,1117,471
93,93,4,1,12,1,4,0,922,486,182,21,-1,,0.1532062915910466,0.21327319587628865,,,1104,507
94,94,5,1,12,1,4,1,922,488,56,19,76,HO4L,0.14367816091954022,0.21370274914089346,,,978,507
95,95,5,1,12,1,4,2,989,488,43,19,59,1/16,0.1528281911675741,0.21370274914089346,,,1032,507
96,96,5,1,12,1,4,3,1036,486,68,15,68,(2006.01),0.161826981246219,0.21198453608247422,,,1104,501
97,97,4,1,12,1,5,0,922,516,208,21,-1,,0.15517241379310345,0.226159793814433,,,1130,537
98,98,5,1,12,1,5,1,922,519,56,18,90,HO4L,0.14367816091954022,0.2268041237113402,,,978,537
99,99,5,1,12,1,5,2,989,519,55,18,93,12/801,0.15373563218390804,0.2268041237113402,,,1044,537
100,100,5,1,12,1,5,3,1048,516,82,21,66,(2013.01),0.1647005444646098,0.226159793814433,,,1130,537
101,101,4,1,12,1,6,0,922,547,204,21,-1,,0.15486993345432548,0.23947594501718214,,,1126,568
102,102,5,1,12,1,6,1,922,550,67,18,80,HO4W,0.14450998185117966,0.24012027491408935,,,989,568
103,103,5,1,12,1,6,2,995,550,59,18,96,24/00,0.15494555353901995,0.24012027491408935,,,1054,568
104,104,5,1,12,1,6,3,1059,547,67,16,78,(2009.91),0.16522988505747127,0.23840206185567012,,,1126,563
105,105,4,1,12,1,7,0,922,578,204,21,-1,,0.15486993345432548,0.25279209621993126,,,1126,599
106,106,5,1,12,1,7,1,922,580,68,19,88,HO4W,0.14458560193587416,0.25322164948453607,,,990,599
107,107,5,1,12,1,7,2,997,580,57,19,90,74/08,0.15509679370840895,0.25322164948453607,,,1054,599
108,108,5,1,12,1,7,3,1059,578,67,15,79,(2009.01),0.16522988505747127,0.25150343642611683,,,1126,593
109,109,2,1,13,0,0,0,1193,425,208,174,-1,,0.19615849969751967,0.21993127147766323,,,1401,599
110,110,3,1,13,1,0,0,1193,425,204,51,-1,,0.1958560193587417,0.19351374570446736,,,1397,476
111,111,4,1,13,1,1,0,1193,425,204,21,-1,,0.1958560193587417,0.1870704467353952,,,1397,446
112,112,5,1,13,1,1,1,1193,428,67,18,84,HO4W,0.18549606775559588,0.1877147766323024,,,1260,446
113,113,5,1,13,1,1,2,1267,428,58,18,76,84/72,0.19600725952813067,0.1877147766323024,,,1325,446
114,114,5,1,13,1,1,3,1330,425,67,16,82,(2009.01),0.20621597096188748,0.18599656357388317,,,1397,441
115,115,4,1,13,1,2,0,1193,455,182,21,-1,,0.19419237749546278,0.19995704467353953,,,1375,476
116,116,5,1,13,1,2,1,1193,458,56,18,76,HO4L,0.18466424682395643,0.20060137457044674,,,1249,476
117,117,5,1,13,1,2,2,1260,458,43,18,90,1/00,0.1938142770719903,0.20060137457044674,,,1303,476
118,118,5,1,13,1,2,3,1308,455,67,16,82,(2006.01),0.2028886872353297,0.19888316151202748,,,1375,471
119,119,3,1,13,2,0,0,1193,486,208,113,-1,,0.19615849969751967,0.23303264604810997,,,1401,599
120,120,4,1,13,2,1,0,1193,486,208,21,-1,,0.19615849969751967,0.21327319587628865,,,1401,507
121,121,5,1,13,2,1,1,1193,488,56,19,19,HO4L,0.18466424682395643,0.21370274914089346,,,1249,507
122,122,5,1,13,2,1,2,1260,488,69,19,81,12/413,0.1957803992740472,0.21370274914089346,,,1329,507
123,123,5,1,13,2,1,3,1334,486,67,15,88,(2006.01),0.20682093163944343,0.21198453608247422,,,1401,501
124,124,4,1,13,2,2,0,1193,516,208,21,-1,,0.19615849969751967,0.226159793814433,,,1401,537
125,125,5,1,13,2,2,1,1193,519,56,18,71,HO4L,0.18466424682395643,0.2268041237113402,,,1249,537
126,126,5,1,13,2,2,2,1260,519,69,18,94,12/825,0.1957803992740472,0.2268041237113402,,,1329,537
127,127,5,1,13,2,2,3,1334,516,67,16,91,(2013.01),0.20682093163944343,0.22508591065292097,,,1401,532
128,128,4,1,13,2,3,0,1193,547,204,21,-1,,0.1958560193587417,0.23947594501718214,,,1397,568
129,129,5,1,13,2,3,1,1193,550,68,18,85,HO4W,0.18557168784029038,0.24012027491408935,,,1261,568
130,130,5,1,13,2,3,2,1267,550,58,18,96,28/22,0.19600725952813067,0.24012027491408935,,,1325,568
131,131,5,1,13,2,3,3,1330,547,67,16,92,(2008.01),0.20621597096188748,0.23840206185567012,,,1397,563
132,132,4,1,13,2,4,0,1193,578,204,21,-1,,0.1958560193587417,0.25279209621993126,,,1397,599
133,133,5,1,13,2,4,1,1193,580,67,19,86,HO4W,0.18549606775559588,0.25322164948453607,,,1260,599
134,134,5,1,13,2,4,2,1268,580,57,19,71,72/72,0.19608287961282517,0.25322164948453607,,,1325,599
135,135,5,1,13,2,4,3,1330,578,67,15,81,(2009.01),0.20621597096188748,0.25150343642611683,,,1397,593
136,136,2,1,14,0,0,0,224,632,1243,6,-1,,0.1278735632183908,0.27276632302405496,,,1467,638
137,137,3,1,14,1,0,0,224,632,1243,6,-1,,0.1278735632183908,0.27276632302405496,,,1467,638
138,138,4,1,14,1,1,0,224,632,1243,6,-1,,0.1278735632183908,0.27276632302405496,,,1467,638
139,139,5,1,14,1,1,1,224,632,1243,6,95, ,0.1278735632183908,0.27276632302405496,,,1467,638
140,140,2,1,15,0,0,0,225,651,388,53,-1,,0.0633696309739867,0.29102233676975947,,,613,704
141,141,3,1,15,1,0,0,225,651,388,53,-1,,0.0633696309739867,0.29102233676975947,,,613,704
142,142,4,1,15,1,1,0,225,651,388,26,-1,,0.0633696309739867,0.2852233676975945,,,613,677
143,143,5,1,15,1,1,1,225,651,45,26,96,(84),0.037431941923774956,0.2852233676975945,,,270,677
144,144,5,1,15,1,1,2,286,653,118,23,96,Designated,0.052177858439201454,0.2854381443298969,,,404,676
145,145,5,1,15,1,1,3,413,653,119,23,96,Contracting,0.07146098003629764,0.2854381443298969,,,532,676
146,146,5,1,15,1,1,4,542,653,71,18,96,States:,0.08734119782214156,0.28436426116838487,,,613,671
147,147,4,1,15,1,2,0,286,685,111,19,-1,,0.05164851784633999,0.29832474226804123,,,397,704
148,148,5,1,15,1,2,1,286,685,31,19,81,DE,0.0455989110707804,0.29832474226804123,,,317,704
149,149,5,1,15,1,2,2,326,685,71,19,81,FRGB,0.05467332123411978,0.29832474226804123,,,397,704
150,150,2,1,16,0,0,0,225,749,460,119,-1,,0.06881427707199032,0.3472938144329897,,,685,868
151,151,3,1,16,1,0,0,225,749,460,119,-1,,0.06881427707199032,0.3472938144329897,,,685,868
152,152,4,1,16,1,1,0,225,749,458,27,-1,,0.06866303690260134,0.3275343642611684,,,683,776
153,153,5,1,16,1,1,1,225,749,45,27,96,(30),0.037431941923774956,0.3275343642611684,,,270,776
154,154,5,1,16,1,1,2,286,751,77,23,95,Priority:,0.04907743496672716,0.3275343642611684,,,363,774
155,155,5,1,16,1,1,3,383,751,118,19,94,24.10.2003,0.06684815486993345,0.32667525773195877,priority_date_eu,24.10.2003,501,770
156,156,5,1,16,1,1,4,519,751,27,19,94,JP,0.08053539019963703,0.32667525773195877,,,546,770
157,157,5,1,16,1,1,5,555,751,128,19,91,2003364231,0.09361766485178463,0.32667525773195877,,,683,770
158,158,4,1,16,1,2,0,383,784,302,18,-1,,0.08076225045372051,0.34063573883161513,,,685,802
159,159,5,1,16,1,2,1,383,784,119,18,95,09.07.2004,0.06692377495462795,0.34063573883161513,,,502,802
160,160,5,1,16,1,2,2,519,784,27,18,95,JP,0.08053539019963703,0.34063573883161513,,,546,802
161,161,5,1,16,1,2,3,555,784,130,18,96,2004203627,0.09376890502117362,0.34063573883161513,,,685,802
162,162,4,1,16,1,3,0,384,817,252,18,-1,,0.07713248638838476,0.3548109965635739,,,636,835
163,163,5,1,16,1,3,1,384,817,118,18,92,12.08.2004,0.06699939503932244,0.3548109965635739,,,502,835
164,164,5,1,16,1,3,2,520,817,30,18,92,US,0.0809134906231095,0.3548109965635739,,,550,835
165,165,5,1,16,1,3,3,558,817,78,18,96,916596,0.09029038112522686,0.3548109965635739,,,636,835
166,166,4,1,16,1,4,0,385,849,300,19,-1,,0.0809134906231095,0.36877147766323026,,,685,868
167,167,5,1,16,1,4,1,385,849,117,19,94,14.10.2004,0.06707501512401694,0.36877147766323026,,,502,868
168,168,5,1,16,1,4,2,519,849,27,19,94,JP,0.08053539019963703,0.36877147766323026,,,546,868
169,169,5,1,16,1,4,3,555,849,130,19,96,2004300675,0.09376890502117362,0.36877147766323026,,,685,868
170,170,2,1,17,0,0,0,225,913,596,27,-1,,0.07909860859044163,0.39798109965635736,,,821,940
171,171,3,1,17,1,0,0,225,913,596,27,-1,,0.07909860859044163,0.39798109965635736,,,821,940
172,172,4,1,17,1,1,0,225,913,596,27,-1,,0.07909860859044163,0.39798109965635736,,,821,940
173,173,5,1,17,1,1,1,225,913,45,27,96,(62),0.037431941923774956,0.39798109965635736,,,270,940
174,174,5,1,17,1,1,2,286,915,107,19,96,Document,0.05134603750756201,0.39712199312714774,,,393,934
175,175,5,1,17,1,1,3,402,915,105,23,96,number(s),0.06873865698729582,0.39798109965635736,,,507,938
176,176,5,1,17,1,1,4,516,915,20,19,96,of,0.07955232909860858,0.39712199312714774,,,536,934
177,177,5,1,17,1,1,5,542,915,32,19,96,the,0.08439201451905626,0.39712199312714774,,,574,934
178,178,5,1,17,1,1,6,582,915,66,19,96,earlier,0.09301270417422867,0.39712199312714774,,,648,934
179,179,5,1,17,1,1,7,655,915,140,23,95,application(s),0.10964912280701754,0.39798109965635736,,,795,938
180,180,5,1,17,1,1,8,805,915,16,19,95,in,0.12295825771324864,0.39712199312714774,,,821,934
181,181,2,1,18,0,0,0,286,948,308,116,-1,,0.06654567453115548,0.4321305841924399,,,594,1064
182,182,3,1,18,1,0,0,286,948,308,116,-1,,0.06654567453115548,0.4321305841924399,,,594,1064
183,183,4,1,18,1,1,0,286,948,308,18,-1,,0.06654567453115548,0.4110824742268041,,,594,966
184,184,5,1,18,1,1,1,286,948,109,18,96,accordance,0.051497277676950996,0.4110824742268041,,,395,966
185,185,5,1,18,1,1,2,395,948,60,18,96,with,0.06427707199032062,0.4110824742268041,,,455,966
186,186,5,1,18,1,1,3,464,948,35,18,96,Art.,0.07282214156079855,0.4110824742268041,,,499,966
187,187,5,1,18,1,1,4,508,948,25,18,96,76,0.07872050816696914,0.4110824742268041,,,533,966
188,188,5,1,18,1,1,5,542,948,52,18,96,EPC:,0.08590441621294616,0.4110824742268041,,,594,966
189,189,4,1,18,1,2,0,287,981,249,18,-1,,0.06223532970356927,0.4252577319587629,,,536,999
190,190,5,1,18,1,2,1,287,981,123,18,86,15198298.0,0.05270719903206292,0.4252577319587629,,,410,999
191,191,5,1,18,1,2,2,417,981,7,18,85,/,0.06359649122807018,0.4252577319587629,,,424,999
192,192,5,1,18,1,2,3,432,981,11,18,85,3,0.066167574107683,0.4252577319587629,,,443,999
193,193,5,1,18,1,2,4,452,981,37,18,86,013,0.07115849969751967,0.4252577319587629,,,489,999
194,194,5,1,18,1,2,5,498,981,38,18,96,094,0.07819116757410768,0.4252577319587629,,,536,999
195,195,4,1,18,1,3,0,286,1013,250,19,-1,,0.06215970961887477,0.43921821305841924,,,536,1032
196,196,5,1,18,1,3,1,286,1013,124,19,85,08172154.0,0.05263157894736842,0.43921821305841924,,,410,1032
197,197,5,1,18,1,3,2,417,1013,7,19,85,/,0.06359649122807018,0.43921821305841924,,,424,1032
198,198,5,1,18,1,3,3,432,1013,11,19,94,2,0.066167574107683,0.43921821305841924,,,443,1032
199,199,5,1,18,1,3,4,452,1013,38,19,94,034,0.07123411978221415,0.43921821305841924,,,490,1032
200,200,5,1,18,1,3,5,498,1013,38,19,96,652,0.07819116757410768,0.43921821305841924,,,536,1032
201,201,4,1,18,1,4,0,286,1046,250,18,-1,,0.06215970961887477,0.4531786941580756,,,536,1064
202,202,5,1,18,1,4,1,286,1046,124,18,58,04793074.8,0.05263157894736842,0.4531786941580756,,,410,1064
203,203,5,1,18,1,4,2,417,1046,7,18,58,/,0.06359649122807018,0.4531786941580756,,,424,1064
204,204,5,1,18,1,4,3,433,1046,8,18,92,1,0.06609195402298851,0.4531786941580756,,,441,1064
205,205,5,1,18,1,4,4,452,1046,37,18,92,690,0.07115849969751967,0.4531786941580756,,,489,1064
206,206,5,1,18,1,4,5,498,1046,38,18,96,352,0.07819116757410768,0.4531786941580756,,,536,1064
207,207,2,1,19,0,0,0,225,1110,371,58,-1,,0.06208408953418028,0.4892611683848797,,,596,1168
208,208,3,1,19,1,0,0,225,1110,371,58,-1,,0.06208408953418028,0.4892611683848797,,,596,1168
209,209,4,1,19,1,1,0,225,1110,371,26,-1,,0.06208408953418028,0.48238831615120276,,,596,1136
210,210,5,1,19,1,1,1,225,1110,45,26,96,(71),0.037431941923774956,0.48238831615120276,,,270,1136
211,211,5,1,19,1,1,2,285,1112,103,23,96,Applicant:,0.05089231699939504,0.48260309278350516,,,388,1135
212,212,5,1,19,1,1,3,397,1112,57,23,96,Sony,0.06435269207501512,0.48260309278350516,applicant_line_1,Sony,454,1135
213,213,5,1,19,1,1,4,462,1112,134,23,96,Corporation,0.08000604960677556,0.48260309278350516,applicant_line_1,Corporation,596,1135
214,214,4,1,19,1,2,0,285,1145,228,23,-1,,0.0603448275862069,0.49677835051546393,,,513,1168
215,215,5,1,19,1,2,1,285,1145,69,23,96,Tokyo,0.048321234119782216,0.49677835051546393,,,354,1168
216,216,5,1,19,1,2,2,363,1145,99,18,96,108-0075,0.06238656987295826,0.4957044673539519,,,462,1163
217,217,5,1,19,1,2,3,470,1145,43,23,96,(JP),0.07433454325468844,0.49677835051546393,,,513,1168
218,218,2,1,20,0,0,0,845,634,2,566,-1,,0.1279491833030853,0.39390034364261167,,,847,1200
219,219,3,1,20,1,0,0,845,634,2,566,-1,,0.1279491833030853,0.39390034364261167,,,847,1200
220,220,4,1,20,1,1,0,845,634,2,566,-1,,0.1279491833030853,0.39390034364261167,,,847,1200
221,221,5,1,20,1,1,1,845,634,2,566,95, ,0.1279491833030853,0.39390034364261167,,,847,1200
222,222,2,1,21,0,0,0,862,651,385,221,-1,,0.15948275862068967,0.3271048109965636,,,1247,872
223,223,3,1,21,1,0,0,862,651,385,221,-1,,0.15948275862068967,0.3271048109965636,,,1247,872
224,224,4,1,21,1,1,0,862,651,162,26,-1,,0.1426194797338173,0.2852233676975945,,,1024,677
225,225,5,1,21,1,1,1,862,651,44,26,93,(72),0.1336963097398669,0.2852233676975945,,,906,677
226,226,5,1,21,1,1,2,923,653,101,18,93,Inventors:,0.1472323049001815,0.28436426116838487,,,1024,671
227,227,4,1,21,1,2,0,898,685,243,23,-1,,0.154189352692075,0.29918384879725085,,,1141,708
228,228,5,1,21,1,2,1,898,691,7,7,63,*,0.13634301270417423,0.29832474226804123,,,905,698
229,229,5,1,21,1,2,2,922,685,102,19,92,"SAKODA,",0.147156684815487,0.29832474226804123,inventor_line_1,"SAKODA,",1024,704
230,230,5,1,21,1,2,3,1026,685,115,23,92,Kazuyuki,0.16386872353297036,0.29918384879725085,inventor_line_1,Kazuyuki,1141,708
231,231,4,1,21,1,3,0,922,719,325,23,-1,,0.16401996370235936,0.31378865979381443,,,1247,742
232,232,5,1,21,1,3,1,922,719,83,18,96,"TOKYO,",0.14571990320629158,0.3127147766323024,,,1005,737
233,233,5,1,21,1,3,2,1008,719,80,23,96,Tokyo,0.15849969751966123,0.31378865979381443,,,1088,742
234,234,5,1,21,1,3,3,1098,719,98,18,96,108-0075,0.1734724742891712,0.3127147766323024,,,1196,737
235,235,5,1,21,1,3,4,1205,719,42,23,96,(JP),0.18542044767090138,0.31378865979381443,,,1247,742
236,236,4,1,21,1,4,0,898,751,182,23,-1,,0.14957652752571082,0.3275343642611684,,,1080,774
237,237,5,1,21,1,4,1,898,757,7,7,12,*,0.13634301270417423,0.32667525773195877,,,905,764
238,238,5,1,21,1,4,2,923,751,84,23,91,"HIDEKI,",0.14594676346037508,0.3275343642611684,,,1007,774
239,239,5,1,21,1,4,3,1017,751,63,19,89,lwami,0.15857531760435573,0.32667525773195877,,,1080,770
240,240,4,1,21,1,5,0,922,784,325,23,-1,,0.16401996370235936,0.34170962199312716,,,1247,807
241,241,5,1,21,1,5,1,922,784,83,18,96,"TOKYO,",0.14571990320629158,0.34063573883161513,,,1005,802
242,242,5,1,21,1,5,2,1008,784,80,23,96,Tokyo,0.15849969751966123,0.34170962199312716,,,1088,807
243,243,5,1,21,1,5,3,1098,784,98,18,96,108-0075,0.1734724742891712,0.34063573883161513,,,1196,802
244,244,5,1,21,1,5,4,1205,784,42,23,96,(JP),0.18542044767090138,0.34170962199312716,,,1247,807
245,245,4,1,21,1,6,0,898,817,245,22,-1,,0.154340592861464,0.3556701030927835,,,1143,839
246,246,5,1,21,1,6,1,898,822,7,8,20,¬´,0.13634301270417423,0.3548109965635739,,,905,830
247,247,5,1,21,1,6,2,923,817,141,22,96,"NISHIKAWA,",0.1502571082879613,0.3556701030927835,,,1064,839
248,248,5,1,21,1,6,3,1074,817,69,18,96,Kenzo,0.1676497277676951,0.3548109965635739,,,1143,835
249,249,4,1,21,1,7,0,922,849,325,23,-1,,0.16401996370235936,0.3696305841924399,,,1247,872
250,250,5,1,21,1,7,1,922,849,83,19,95,"TOKYO,",0.14571990320629158,0.36877147766323026,,,1005,868
251,251,5,1,21,1,7,2,1008,849,80,23,95,Tokyo,0.15849969751966123,0.3696305841924399,,,1088,872
252,252,5,1,21,1,7,3,1098,849,98,19,96,108-0075,0.1734724742891712,0.36877147766323026,,,1196,868
253,253,5,1,21,1,7,4,1205,849,42,23,96,(JP),0.18542044767090138,0.3696305841924399,,,1247,872
254,254,2,1,22,0,0,0,862,913,524,91,-1,,0.16999395039322443,0.4117268041237113,,,1386,1004
255,255,3,1,22,1,0,0,862,913,524,91,-1,,0.16999395039322443,0.4117268041237113,,,1386,1004
256,256,4,1,22,1,1,0,862,913,524,27,-1,,0.16999395039322443,0.39798109965635736,,,1386,940
257,257,5,1,22,1,1,1,862,913,44,27,96,(74),0.1336963097398669,0.39798109965635736,,,906,940
258,258,5,1,22,1,1,2,923,915,163,23,96,Representative:,0.15192075015124018,0.39798109965635736,,,1086,938
259,259,5,1,22,1,1,3,1096,915,86,19,96,Cabinet,0.1722625529340593,0.39712199312714774,representative_line_1_eu,Cabinet,1182,934
260,260,5,1,22,1,1,4,1191,915,55,19,96,Beau,0.18428614640048396,0.39712199312714774,representative_line_1_eu,Beau,1246,934
261,261,5,1,22,1,1,5,1255,915,26,19,93,de,0.19177253478523895,0.39712199312714774,representative_line_1_eu,de,1281,934
262,262,5,1,22,1,1,6,1290,915,96,19,91,Lom√©nie,0.20235934664246824,0.39712199312714774,representative_line_1_eu,Lom‚àö¬©nie,1386,934
263,263,4,1,22,1,2,0,923,948,257,22,-1,,0.1590290381125227,0.4119415807560137,,,1180,970
264,264,5,1,22,1,2,1,923,948,43,22,96,"158,",0.14284633998790078,0.4119415807560137,,,966,970
265,265,5,1,22,1,2,2,976,953,34,13,96,rue,0.1501814882032668,0.41215635738831613,,,1010,966
266,266,5,1,22,1,2,3,1019,948,25,18,93,de,0.1560042347247429,0.4110824742268041,,,1044,966
267,267,5,1,22,1,2,4,1054,948,126,18,22,l‚ÄôUniversit√©,0.16893526920750151,0.4110824742268041,,,1180,966
268,268,4,1,22,1,3,0,922,981,295,23,-1,,0.1617513611615245,0.4263316151202749,,,1217,1004
269,269,5,1,22,1,3,1,922,981,64,18,95,75340,0.1442831215970962,0.4252577319587629,,,986,999
270,270,5,1,22,1,3,2,996,981,55,18,95,Paris,0.15479431336963098,0.4252577319587629,,,1051,999
271,271,5,1,22,1,3,3,1060,981,71,18,96,Cedex,0.16568360556563824,0.4252577319587629,,,1131,999
272,272,5,1,22,1,3,4,1138,981,25,18,96,07,0.17400181488203267,0.4252577319587629,,,1163,999
273,273,5,1,22,1,3,5,1172,981,45,23,96,(FR),0.18065638233514822,0.4263316151202749,,,1217,1004
274,274,2,1,23,0,0,0,862,1046,99,18,-1,,0.13785541439806412,0.4531786941580756,,,961,1064
275,275,3,1,23,1,0,0,862,1046,99,18,-1,,0.13785541439806412,0.4531786941580756,,,961,1064
276,276,4,1,23,1,1,0,862,1046,99,18,-1,,0.13785541439806412,0.4531786941580756,,,961,1064
277,277,5,1,23,1,1,1,862,1046,99,18,96,Remarks:,0.13785541439806412,0.4531786941580756,,,961,1064
278,278,2,1,24,0,0,0,922,1079,522,84,-1,,0.17891712038717483,0.48152920962199314,,,1444,1163
279,279,3,1,24,1,0,0,922,1079,522,84,-1,,0.17891712038717483,0.48152920962199314,,,1444,1163
280,280,4,1,24,1,1,0,922,1079,477,23,-1,,0.17551421657592256,0.4684278350515464,,,1399,1102
281,281,5,1,24,1,1,1,922,1079,43,18,96,This,0.1426950998185118,0.46735395189003437,,,965,1097
282,282,5,1,24,1,1,2,974,1079,111,23,96,application,0.15570175438596492,0.4684278350515464,,,1085,1102
283,283,5,1,24,1,1,3,1093,1083,30,14,96,was,0.1675741076830006,0.468213058419244,,,1123,1097
284,284,5,1,24,1,1,4,1125,1079,60,18,96,filed,0.17468239564428312,0.46735395189003437,,,1185,1097
285,285,5,1,24,1,1,5,1193,1083,25,14,95,on,0.1823200241984271,0.468213058419244,,,1218,1097
286,286,5,1,24,1,1,6,1226,1079,121,18,96,22-06-2018,0.19457047791893528,0.46735395189003437,,,1347,1097
287,287,5,1,24,1,1,7,1356,1083,23,14,93,as,0.20682093163944343,0.468213058419244,,,1379,1097
288,288,5,1,24,1,1,8,1388,1083,11,14,93,a,0.21075317604355717,0.468213058419244,,,1399,1097
289,289,4,1,24,1,2,0,922,1112,522,23,-1,,0.17891712038717483,0.48260309278350516,,,1444,1135
290,290,5,1,24,1,2,1,922,1112,96,18,96,divisional,0.14670296430732002,0.48152920962199314,,,1018,1130
291,291,5,1,24,1,2,2,1027,1112,111,23,96,application,0.16371748336358136,0.48260309278350516,,,1138,1135
292,292,5,1,24,1,2,3,1147,1113,19,17,96,to,0.17490925589836662,0.48174398625429554,,,1166,1130
293,293,5,1,24,1,2,4,1174,1112,31,18,96,the,0.17990018148820328,0.48152920962199314,,,1205,1130
294,294,5,1,24,1,2,5,1214,1112,112,23,96,application,0.19207501512401695,0.48260309278350516,,,1326,1135
295,295,5,1,24,1,2,6,1336,1112,108,18,96,mentioned,0.2102238354506957,0.48152920962199314,,,1444,1130
296,296,4,1,24,1,3,0,923,1145,209,18,-1,,0.15539927404718692,0.4957044673539519,,,1132,1163
297,297,5,1,24,1,3,1,923,1145,59,18,92,under,0.1440562613430127,0.4957044673539519,,,982,1163
298,298,5,1,24,1,3,2,991,1145,45,18,84,INID,0.15328191167574107,0.4957044673539519,,,1036,1163
299,299,5,1,24,1,3,3,1044,1145,50,18,96,code,0.16167574107683,0.4957044673539519,,,1094,1163
300,300,5,1,24,1,3,4,1103,1145,29,18,96,62.,0.16901088929219601,0.4957044673539519,,,1132,1163
301,301,2,1,25,0,0,0,225,1217,1161,26,-1,,0.12182395644283121,0.5283505154639175,,,1386,1243
302,302,3,1,25,1,0,0,225,1217,1161,26,-1,,0.12182395644283121,0.5283505154639175,,,1386,1243
303,303,4,1,25,1,1,0,225,1217,1161,26,-1,,0.12182395644283121,0.5283505154639175,,,1386,1243
304,304,5,1,25,1,1,1,225,1217,45,26,77,(54),0.037431941923774956,0.5283505154639175,,,270,1243
305,305,5,1,25,1,1,2,316,1217,184,21,77,INFORMATION,0.06170598911070781,0.5272766323024055,title_line_1,INFORMATION,500,1238
306,306,5,1,25,1,1,3,511,1217,173,21,96,PROCESSING,0.09036600120992136,0.5272766323024055,title_line_1,PROCESSING,684,1238
307,307,5,1,25,1,1,4,694,1217,181,21,96,APPARATUSES,0.11864791288566243,0.5272766323024055,title_line_1,APPARATUSES,875,1238
308,308,5,1,25,1,1,5,878,1217,80,21,96,AND,0.13883847549909256,0.5272766323024055,title_line_1,AND,958,1238
309,309,5,1,25,1,1,6,968,1217,113,21,96,METHODS,0.15494555353901995,0.5272766323024055,title_line_1,METHODS,1081,1238
310,310,5,1,25,1,1,7,1083,1217,77,21,96,USED,0.16961584996975196,0.5272766323024055,title_line_1,USED,1160,1238
311,311,5,1,25,1,1,8,1163,1218,49,19,96,IN,0.17959770114942528,0.5272766323024055,title_line_1,IN,1212,1237
312,312,5,1,25,1,1,9,1222,1218,19,19,95,A,0.18625226860254082,0.5272766323024055,title_line_1,A,1241,1237
313,313,5,1,25,1,1,10,1248,1217,138,21,96,WIRELESS,0.19918330308529947,0.5272766323024055,title_line_1,WIRELESS,1386,1238
314,314,2,1,26,0,0,0,316,1250,345,21,-1,,0.07388082274652148,0.5414518900343642,,,661,1271
315,315,3,1,26,1,0,0,316,1250,345,21,-1,,0.07388082274652148,0.5414518900343642,,,661,1271
316,316,4,1,26,1,1,0,316,1250,345,21,-1,,0.07388082274652148,0.5414518900343642,,,661,1271
317,317,5,1,26,1,1,1,316,1250,228,21,96,COMMUNICATION,0.06503327283726558,0.5414518900343642,,,544,1271
318,318,5,1,26,1,1,2,555,1250,106,21,96,SYSTEM,0.09195402298850575,0.5414518900343642,,,661,1271
319,319,2,1,27,0,0,0,224,1324,584,287,-1,,0.0780399274047187,0.6303694158075601,,,808,1611
320,320,3,1,27,1,0,0,224,1324,584,287,-1,,0.0780399274047187,0.6303694158075601,,,808,1611
321,321,4,1,27,1,1,0,225,1324,582,26,-1,,0.0780399274047187,0.5743127147766323,,,807,1350
322,322,5,1,27,1,1,1,225,1324,45,26,72,(57),0.037431941923774956,0.5743127147766323,,,270,1350
323,323,5,1,27,1,1,2,0,0,1653,2328,38,‚Äî,0.125,0.5,,,1653,2328
324,324,5,1,27,1,1,3,315,1326,115,18,32,Aselective,0.05633696309739867,0.5734536082474226,,,430,1344
325,325,5,1,27,1,1,4,440,1326,192,23,96,acknowledgement,0.08106473079249849,0.5745274914089347,,,632,1349
326,326,5,1,27,1,1,5,640,1326,68,18,96,scheme,0.10193587416817906,0.5734536082474226,,,708,1344
327,327,5,1,27,1,1,6,711,1326,36,18,96,is,0.11025408348457351,0.5734536082474226,,,747,1344
328,328,5,1,27,1,1,7,758,1326,49,18,96,used,0.11834543254688445,0.5734536082474226,,,807,1344
329,329,4,1,27,1,2,0,226,1359,581,23,-1,,0.07811554748941318,0.5887027491408935,,,807,1382
330,330,5,1,27,1,2,1,226,1359,15,18,96,in,0.0353145795523291,0.5876288659793815,,,241,1377
331,331,5,1,27,1,2,2,256,1364,11,13,95,a,0.039549304295220813,0.5887027491408935,,,267,1377
332,332,5,1,27,1,2,3,281,1359,86,18,95,wireless,0.04900181488203267,0.5876288659793815,,,367,1377
333,333,5,1,27,1,2,4,381,1359,158,18,96,communication,0.06957047791893527,0.5876288659793815,,,539,1377
334,334,5,1,27,1,2,5,554,1360,80,22,96,system.,0.08983666061705989,0.5889175257731959,,,634,1382
335,335,5,1,27,1,2,6,648,1359,28,18,93,An,0.10012099213551119,0.5876288659793815,,,676,1377
336,336,5,1,27,1,2,7,691,1359,116,18,93,information,0.1132788868723533,0.5876288659793815,,,807,1377
337,337,4,1,27,1,3,0,226,1392,581,23,-1,,0.07811554748941318,0.6028780068728522,,,807,1415
338,338,5,1,27,1,3,1,226,1392,112,23,96,processing,0.0426497277676951,0.6028780068728522,,,338,1415
339,339,5,1,27,1,3,2,346,1392,104,23,96,apparatus,0.060193587416817906,0.6028780068728522,,,450,1415
340,340,5,1,27,1,3,3,455,1392,60,18,96,which,0.07335148215366001,0.6018041237113402,,,515,1410
341,341,5,1,27,1,3,4,522,1392,76,18,96,obtains,0.08469449485783424,0.6018041237113402,,,598,1410
342,342,5,1,27,1,3,5,605,1396,24,14,96,an,0.09331518451300666,0.6026632302405498,,,629,1410
343,343,5,1,27,1,3,6,636,1392,119,23,96,aggregated,0.10518753781004235,0.6028780068728522,,,755,1415
344,344,5,1,27,1,3,7,762,1392,45,18,96,data,0.11864791288566243,0.6018041237113402,,,807,1410
345,345,4,1,27,1,4,0,224,1424,582,23,-1,,0.0778886872353297,0.6166237113402062,,,806,1447
346,346,5,1,27,1,4,1,224,1424,60,19,96,frame,0.038415003024803385,0.6157646048109966,,,284,1443
347,347,5,1,27,1,4,2,295,1424,91,23,95,including,0.051497277676950996,0.6166237113402062,,,386,1447
348,348,5,1,27,1,4,3,396,1429,11,14,96,a,0.06072292800967937,0.6168384879725086,,,407,1443
349,349,5,1,27,1,4,4,417,1424,61,23,96,single,0.0676799758015729,0.6166237113402062,,,478,1447
350,350,5,1,27,1,4,5,487,1429,89,14,96,common,0.08038415003024803,0.6168384879725086,,,576,1443
351,351,5,1,27,1,4,6,587,1424,34,19,96,MAC,0.09134906231094979,0.6157646048109966,,,621,1443
352,352,5,1,27,1,4,7,623,1424,89,19,96,header,0.10095281306715063,0.6157646048109966,,,712,1443
353,353,5,1,27,1,4,8,714,1424,92,23,96,"portion,",0.11494252873563218,0.6166237113402062,,,806,1447
354,354,4,1,27,1,5,0,225,1457,582,23,-1,,0.0780399274047187,0.6307989690721649,,,807,1480
355,355,5,1,27,1,5,1,225,1462,11,13,94,a,0.034860859044162126,0.6307989690721649,,,236,1475
356,356,5,1,27,1,5,2,248,1457,80,23,94,plurality,0.043557168784029036,0.6307989690721649,,,328,1480
357,357,5,1,27,1,5,3,337,1457,19,18,96,of,0.05240471869328494,0.6297250859106529,,,356,1475
358,358,5,1,27,1,5,4,365,1457,37,18,96,sub,0.058000604960677556,0.6297250859106529,,,402,1475
359,359,5,1,27,1,5,5,413,1457,50,18,96,MAC,0.0662431941923775,0.6297250859106529,,,463,1475
360,360,5,1,27,1,5,6,474,1457,89,21,96,"headers,",0.07841802782819117,0.6303694158075601,,,563,1478
361,361,5,1,27,1,5,7,574,1457,37,18,96,and,0.0896098003629764,0.6297250859106529,,,611,1475
362,362,5,1,27,1,5,8,622,1462,11,13,96,a,0.09490320629159105,0.6307989690721649,,,633,1475
363,363,5,1,27,1,5,9,645,1457,80,23,96,plurality,0.10359951603145795,0.6307989690721649,,,725,1480
364,364,5,1,27,1,5,10,734,1457,20,18,96,of,0.11252268602540835,0.6297250859106529,,,754,1475
365,365,5,1,27,1,5,11,762,1457,45,18,96,data,0.11864791288566243,0.6297250859106529,,,807,1475
366,366,4,1,27,1,6,0,226,1490,581,23,-1,,0.07811554748941318,0.6449742268041238,,,807,1513
367,367,5,1,27,1,6,1,226,1490,53,21,96,"units,",0.038188142770719906,0.6445446735395189,,,279,1511
368,368,5,1,27,1,6,2,288,1490,93,23,96,analyzes,0.05058983666061706,0.6449742268041238,,,381,1513
369,369,5,1,27,1,6,3,388,1490,32,18,96,the,0.06110102843315184,0.6439003436426117,,,420,1508
370,370,5,1,27,1,6,4,428,1494,89,14,96,common,0.07146098003629764,0.6447594501718213,,,517,1508
371,371,5,1,27,1,6,5,526,1490,34,18,95,MAC,0.08212341197822141,0.6439003436426117,,,560,1508
372,372,5,1,27,1,6,6,561,1490,88,18,96,header,0.09150030248033877,0.6439003436426117,,,649,1508
373,373,5,1,27,1,6,7,651,1490,72,23,96,portion,0.10390199637023594,0.6449742268041238,,,723,1513
374,374,5,1,27,1,6,8,726,1490,37,18,93,to,0.11259830611010284,0.6439003436426117,,,763,1508
375,375,5,1,27,1,6,9,770,1490,37,18,92,dis-,0.11925287356321838,0.6439003436426117,,,807,1508
376,376,4,1,27,1,7,0,225,1522,583,23,-1,,0.07811554748941318,0.6587199312714777,,,808,1545
377,377,5,1,27,1,7,1,225,1522,95,19,92,criminate,0.0412129461584997,0.657860824742268,,,320,1541
378,378,5,1,27,1,7,2,334,1522,85,19,96,duration,0.05694192377495463,0.657860824742268,,,419,1541
379,379,5,1,27,1,7,3,435,1522,115,19,96,information,0.07448578342407744,0.657860824742268,,,550,1541
380,380,5,1,27,1,7,4,566,1522,103,23,96,specifying,0.09339080459770115,0.6587199312714777,,,669,1545
381,381,5,1,27,1,7,5,685,1527,11,14,96,a,0.1044313369630974,0.6589347079037801,,,696,1541
382,382,5,1,27,1,7,6,711,1522,43,19,95,time,0.11078342407743497,0.657860824742268,,,754,1541
383,383,5,1,27,1,7,7,769,1522,39,19,96,that,0.11925287356321838,0.657860824742268,,,808,1541
384,384,4,1,27,1,8,0,225,1556,582,23,-1,,0.0780399274047187,0.6733247422680413,,,807,1579
385,385,5,1,27,1,8,1,225,1556,80,23,91,elapses,0.04007864488808228,0.6733247422680413,,,305,1579
386,386,5,1,27,1,8,2,314,1556,65,18,96,before,0.05240471869328494,0.6722508591065293,,,379,1574
387,387,5,1,27,1,8,3,387,1556,113,23,96,completion,0.06707501512401694,0.6733247422680413,,,500,1579
388,388,5,1,27,1,8,4,508,1556,20,18,96,of,0.07834240774349667,0.6722508591065293,,,528,1574
389,389,5,1,27,1,8,5,534,1560,11,14,96,a,0.08159407138535996,0.6731099656357389,,,545,1574
390,390,5,1,27,1,8,6,552,1556,115,18,96,transaction,0.09218088324258923,0.6722508591065293,,,667,1574
391,391,5,1,27,1,8,7,676,1556,91,23,96,including,0.10911978221415608,0.6733247422680413,,,767,1579
392,392,5,1,27,1,8,8,775,1556,32,18,96,the,0.11963097398669087,0.6722508591065293,,,807,1574
393,393,4,1,27,1,9,0,225,1588,582,23,-1,,0.0780399274047187,0.6870704467353952,,,807,1611
394,394,5,1,27,1,9,1,225,1588,119,23,96,aggregated,0.04302782819116757,0.6870704467353952,,,344,1611
395,395,5,1,27,1,9,2,349,1588,45,19,96,data,0.056185722928009676,0.6862113402061856,,,394,1607
396,396,5,1,27,1,9,3,400,1588,42,22,96,"unit,",0.06367211131276466,0.6868556701030928,,,442,1610
397,397,5,1,27,1,9,4,448,1588,93,23,96,analyzes,0.07478826376285541,0.6870704467353952,,,541,1611
398,398,5,1,27,1,9,5,545,1593,39,14,96,one,0.0853750756200847,0.6872852233676976,,,584,1607
399,399,5,1,27,1,9,6,589,1588,20,19,96,of,0.09059286146400485,0.6862113402061856,,,609,1607
400,400,5,1,27,1,9,7,612,1588,32,19,96,the,0.09497882637628555,0.6862113402061856,,,644,1607
401,401,5,1,27,1,9,8,649,1588,37,19,96,sub,0.10095281306715063,0.6862113402061856,,,686,1607
402,402,5,1,27,1,9,9,692,1588,50,19,93,MAC,0.10843920145190562,0.6862113402061856,,,742,1607
403,403,5,1,27,1,9,10,749,1588,58,19,91,head-,0.117664851784634,0.6862113402061856,,,807,1607
404,404,2,1,28,0,0,0,884,1326,583,253,-1,,0.17778281911675742,0.623926116838488,,,1467,1579
405,405,3,1,28,1,0,0,884,1326,583,253,-1,,0.17778281911675742,0.623926116838488,,,1467,1579
406,406,4,1,28,1,1,0,884,1326,581,23,-1,,0.17763157894736842,0.5745274914089347,,,1465,1349
407,407,5,1,28,1,1,1,884,1330,32,14,96,ers,0.13611615245009073,0.5743127147766323,,,916,1344
408,408,5,1,28,1,1,2,924,1326,90,23,96,including,0.14655172413793102,0.5745274914089347,,,1014,1349
409,409,5,1,28,1,1,3,1023,1326,62,23,96,length,0.15940713853599517,0.5745274914089347,,,1085,1349
410,410,5,1,28,1,1,4,1094,1326,114,18,96,information,0.17407743496672717,0.5734536082474226,,,1208,1344
411,411,5,1,28,1,1,5,1216,1326,27,18,96,for,0.18594978826376285,0.5734536082474226,,,1243,1344
412,412,5,1,28,1,1,6,1249,1330,38,14,96,one,0.19177253478523895,0.5743127147766323,,,1287,1344
413,413,5,1,28,1,1,7,1295,1330,12,14,96,of,0.1967634603750756,0.5743127147766323,,,1307,1344
414,414,5,1,28,1,1,8,1307,1326,45,18,96,the,0.20107380520266183,0.5734536082474226,,,1352,1344
415,415,5,1,28,1,1,9,1359,1326,32,18,96,data,0.20795523290986087,0.5734536082474226,,,1391,1344
416,416,5,1,28,1,1,10,1392,1326,73,21,96,"units,",0.2160465819721718,0.5740979381443299,,,1465,1347
417,417,4,1,28,1,2,0,885,1359,581,23,-1,,0.17778281911675742,0.5887027491408935,,,1466,1382
418,418,5,1,28,1,2,1,885,1359,92,18,96,identifies,0.14080459770114942,0.5876288659793815,,,977,1377
419,419,5,1,28,1,2,2,982,1359,31,18,96,the,0.15086206896551724,0.5876288659793815,,,1013,1377
420,420,5,1,28,1,2,3,1019,1364,38,13,96,one,0.1569872958257713,0.5887027491408935,,,1057,1377
421,421,5,1,28,1,2,4,1062,1359,45,18,96,data,0.16401996370235936,0.5876288659793815,,,1107,1377
422,422,5,1,28,1,2,5,1113,1359,42,21,96,"unit,",0.17150635208711434,0.5882731958762887,,,1155,1380
423,423,5,1,28,1,2,6,1161,1359,37,18,96,and,0.17838777979431336,0.5876288659793815,,,1198,1377
424,424,5,1,28,1,2,7,1204,1359,62,18,96,sends,0.1867816091954023,0.5876288659793815,,,1266,1377
425,425,5,1,28,1,2,8,1272,1359,96,23,92,reception,0.1996370235934664,0.5887027491408935,,,1368,1382
426,426,5,1,28,1,2,9,1374,1359,92,18,92,acknowl-,0.2147610405323654,0.5876288659793815,,,1466,1377
427,427,4,1,28,1,3,0,884,1392,583,23,-1,,0.17778281911675742,0.6028780068728522,,,1467,1415
428,428,5,1,28,1,3,1,884,1392,97,23,91,edgement,0.14103145795523292,0.6028780068728522,,,981,1415
429,429,5,1,28,1,3,2,984,1392,127,18,95,information,0.15842407743496673,0.6018041237113402,,,1111,1410
430,430,5,1,28,1,3,3,1119,1392,91,23,95,including,0.17611917725347853,0.6028780068728522,,,1210,1415
431,431,5,1,28,1,3,4,0,0,1653,2328,95,a,0.125,0.5,,,1653,2328
432,432,5,1,28,1,3,5,1217,1392,56,18,95,first,0.1882940108892922,0.6018041237113402,,,1273,1410
433,433,5,1,28,1,3,6,1279,1396,102,19,96,sequence,0.20114942528735633,0.6037371134020618,,,1381,1415
434,434,5,1,28,1,3,7,1388,1392,79,18,96,number,0.21589534180278283,0.6018041237113402,,,1467,1410
435,435,4,1,28,1,4,0,884,1424,581,23,-1,,0.17763157894736842,0.6166237113402062,,,1465,1447
436,436,5,1,28,1,4,1,884,1424,20,19,96,of,0.13520871143375682,0.6157646048109966,,,904,1443
437,437,5,1,28,1,4,2,914,1424,90,19,96,obtained,0.14503932244404114,0.6157646048109966,,,1004,1443
438,438,5,1,28,1,4,3,1017,1424,44,19,96,data,0.1571385359951603,0.6157646048109966,,,1061,1443
439,439,5,1,28,1,4,4,1075,1424,47,19,96,units,0.1661373260738052,0.6157646048109966,,,1122,1443
440,440,5,1,28,1,4,5,1135,1424,37,19,96,and,0.17445553539019965,0.6157646048109966,,,1172,1443
441,441,5,1,28,1,4,6,1186,1424,24,19,96,bit,0.1811857229280097,0.6157646048109966,,,1210,1443
442,442,5,1,28,1,4,7,1222,1429,44,18,96,map,0.1881427707199032,0.6176975945017182,,,1266,1447
443,443,5,1,28,1,4,8,1279,1424,115,19,96,information,0.20213248638838474,0.6157646048109966,,,1394,1443
444,444,5,1,28,1,4,9,1406,1424,59,19,96,which,0.21710526315789475,0.6157646048109966,,,1465,1443
445,445,4,1,28,1,5,0,885,1457,581,23,-1,,0.17778281911675742,0.6307989690721649,,,1466,1480
446,446,5,1,28,1,5,1,885,1462,44,18,96,maps,0.13717483363581368,0.631872852233677,,,929,1480
447,447,5,1,28,1,5,2,930,1457,114,23,96,reception,0.14927404718693285,0.6307989690721649,,,1044,1480
448,448,5,1,28,1,5,3,1052,1457,128,18,96,confirmation,0.16878402903811252,0.6297250859106529,,,1180,1475
449,449,5,1,28,1,5,4,1190,1457,114,18,96,information,0.18859649122807018,0.6297250859106529,,,1304,1475
450,450,5,1,28,1,5,5,1313,1457,62,18,96,based,0.20326678765880218,0.6297250859106529,,,1375,1475
451,451,5,1,28,1,5,6,1383,1462,24,13,96,on,0.21098003629764064,0.6307989690721649,,,1407,1475
452,452,5,1,28,1,5,7,1416,1462,11,13,92,a,0.2149879007864489,0.6307989690721649,,,1427,1475
453,453,5,1,28,1,5,8,1434,1462,32,13,92,se-,0.21929824561403508,0.6307989690721649,,,1466,1475
454,454,4,1,28,1,6,0,885,1490,581,23,-1,,0.17778281911675742,0.6449742268041238,,,1466,1513
455,455,5,1,28,1,6,1,885,1494,76,19,96,quence,0.1395946763460375,0.6458333333333334,,,961,1513
456,456,5,1,28,1,6,2,967,1490,70,18,96,number,0.1515426497277677,0.6439003436426117,,,1037,1508
457,457,5,1,28,1,6,3,1040,1490,98,18,96,included,0.1647005444646098,0.6439003436426117,,,1138,1508
458,458,5,1,28,1,6,4,1145,1490,15,18,96,in,0.17430429522081065,0.6439003436426117,,,1160,1508
459,459,5,1,28,1,6,5,1166,1490,32,18,96,the,0.17876588021778583,0.6439003436426117,,,1198,1508
460,460,5,1,28,1,6,6,1203,1490,118,23,96,aggregated,0.190865093768905,0.6449742268041238,,,1321,1513
461,461,5,1,28,1,6,7,1327,1490,45,18,96,data,0.20409860859044163,0.6439003436426117,,,1372,1508
462,462,5,1,28,1,6,8,1379,1490,41,18,96,unit.,0.21166061705989112,0.6439003436426117,,,1420,1508
463,463,5,1,28,1,6,9,1426,1490,40,18,96,The,0.21869328493647913,0.6439003436426117,,,1466,1508
464,464,4,1,28,1,7,0,885,1522,581,23,-1,,0.17778281911675742,0.6587199312714777,,,1466,1545
465,465,5,1,28,1,7,1,885,1522,24,19,96,bit,0.13566243194192376,0.657860824742268,,,909,1541
466,466,5,1,28,1,7,2,915,1527,44,18,96,map,0.14171203871748336,0.6597938144329897,,,959,1545
467,467,5,1,28,1,7,3,967,1522,115,19,96,information,0.15494555353901995,0.657860824742268,,,1082,1541
468,468,5,1,28,1,7,4,1090,1522,91,23,96,specifies,0.17173321234119782,0.6587199312714777,,,1181,1545
469,469,5,1,28,1,7,5,1188,1522,75,19,96,relative,0.1853448275862069,0.657860824742268,,,1263,1541
470,470,5,1,28,1,7,6,1271,1522,92,23,96,positions,0.19918330308529947,0.6587199312714777,,,1363,1545
471,471,5,1,28,1,7,7,1369,1522,20,19,96,of,0.20856019358741681,0.657860824742268,,,1389,1541
472,472,5,1,28,1,7,8,1394,1522,32,19,93,the,0.2132486388384755,0.657860824742268,,,1426,1541
473,473,5,1,28,1,7,9,1433,1522,33,19,92,ob-,0.2192226255293406,0.657860824742268,,,1466,1541
474,474,4,1,28,1,8,0,884,1556,488,23,-1,,0.1705989110707804,0.6733247422680413,,,1372,1579
475,475,5,1,28,1,8,1,884,1556,63,18,96,tained,0.1384603750756201,0.6722508591065293,,,947,1574
476,476,5,1,28,1,8,2,955,1556,45,18,96,data,0.14783726557773744,0.6722508591065293,,,1000,1574
477,477,5,1,28,1,8,3,1010,1556,48,18,96,units,0.15638233514821537,0.6722508591065293,,,1058,1574
478,478,5,1,28,1,8,4,1066,1556,18,18,96,to,0.16258318209316394,0.6722508591065293,,,1084,1574
479,479,5,1,28,1,8,5,1092,1556,32,18,96,the,0.1675741076830006,0.6722508591065293,,,1124,1574
480,480,5,1,28,1,8,6,1131,1556,39,18,96,first,0.17400181488203267,0.6722508591065293,,,1170,1574
481,481,5,1,28,1,8,7,1178,1560,101,19,96,sequence,0.18579854809437388,0.6741838487972509,,,1279,1579
482,482,5,1,28,1,8,8,1288,1556,84,18,96,number.,0.20114942528735633,0.6722508591065293,,,1372,1574
483,483,2,1,29,0,0,0,768,1662,169,39,-1,,0.12893224440411374,0.7222938144329897,,,937,1701
484,484,3,1,29,1,0,0,768,1662,169,39,-1,,0.12893224440411374,0.7222938144329897,,,937,1701
485,485,4,1,29,1,1,0,768,1662,169,39,-1,,0.12893224440411374,0.7222938144329897,,,937,1701
486,486,5,1,29,1,1,1,768,1662,113,39,83,FIG,0.12469751966122201,0.7222938144329897,,,881,1701
487,487,5,1,29,1,1,2,917,1662,20,39,83,3,0.14019963702359348,0.7222938144329897,,,937,1701
488,488,2,1,30,0,0,0,297,1805,856,369,-1,,0.10964912280701754,0.8545962199312714,,,1153,2174
489,489,3,1,30,1,0,0,297,1805,856,369,-1,,0.10964912280701754,0.8545962199312714,,,1153,2174
490,490,4,1,30,1,1,0,297,1805,856,369,-1,,0.10964912280701754,0.8545962199312714,,,1153,2174
491,491,5,1,30,1,1,1,297,1805,856,369,95, ,0.10964912280701754,0.8545962199312714,,,1153,2174
492,492,2,1,31,0,0,0,301,2167,691,4,-1,,0.09777676950998185,0.9317010309278351,,,992,2171
493,493,3,1,31,1,0,0,301,2167,691,4,-1,,0.09777676950998185,0.9317010309278351,,,992,2171
494,494,4,1,31,1,1,0,301,2167,691,4,-1,,0.09777676950998185,0.9317010309278351,,,992,2171
495,495,5,1,31,1,1,1,301,2167,691,4,95, ,0.09777676950998185,0.9317010309278351,,,992,2171
496,496,2,1,32,0,0,0,301,2084,2,119,-1,,0.045674531155474894,0.9207474226804123,,,303,2203
497,497,3,1,32,1,0,0,301,2084,2,119,-1,,0.045674531155474894,0.9207474226804123,,,303,2203
498,498,4,1,32,1,1,0,301,2084,2,119,-1,,0.045674531155474894,0.9207474226804123,,,303,2203
499,499,5,1,32,1,1,1,301,2084,2,119,95, ,0.045674531155474894,0.9207474226804123,,,303,2203
500,500,2,1,33,0,0,0,301,2200,691,4,-1,,0.09777676950998185,0.9458762886597938,,,992,2204
501,501,3,1,33,1,0,0,301,2200,691,4,-1,,0.09777676950998185,0.9458762886597938,,,992,2204
502,502,4,1,33,1,1,0,301,2200,691,4,-1,,0.09777676950998185,0.9458762886597938,,,992,2204
503,503,5,1,33,1,1,1,301,2200,691,4,95, ,0.09777676950998185,0.9458762886597938,,,992,2204
504,504,2,1,34,0,0,0,716,2270,259,16,-1,,0.1278735632183908,0.9785223367697594,,,975,2286
505,505,3,1,34,1,0,0,716,2270,259,16,-1,,0.1278735632183908,0.9785223367697594,,,975,2286
506,506,4,1,34,1,1,0,716,2270,259,16,-1,,0.1278735632183908,0.9785223367697594,,,975,2286
507,507,5,1,34,1,1,1,716,2270,49,12,96,Printed,0.11199334543254688,0.9776632302405498,,,765,2282
508,508,5,1,34,1,1,2,771,2270,15,16,96,by,0.1177404718693285,0.9785223367697594,,,786,2286
509,509,5,1,34,1,1,3,792,2270,45,14,96,"Jouve,",0.12318511796733213,0.9780927835051546,,,837,2284
510,510,5,1,34,1,1,4,843,2270,41,12,96,75001,0.13059588626739263,0.9776632302405498,,,884,2282
511,511,5,1,34,1,1,5,893,2270,46,12,96,PARIS,0.1385359951603146,0.9776632302405498,,,939,2282
512,512,5,1,34,1,1,6,945,2270,30,16,95,(FR),0.14519056261343014,0.9785223367697594,,,975,2286
