,Unnamed: 0,level,page_num,block_num,par_num,line_num,word_num,left,top,width,height,conf,text,x,y,label,target,right,bottom
0,0,1,1,0,0,0,0,0,0,1653,2328,-1,,0.125,0.5,,,1653,2328
1,1,2,1,1,0,0,0,144,1905,31,328,-1,,0.02412280701754386,0.8887457044673539,,,175,2233
2,2,3,1,1,1,0,0,144,1905,31,328,-1,,0.02412280701754386,0.8887457044673539,,,175,2233
3,3,4,1,1,1,1,0,144,1905,31,328,-1,,0.02412280701754386,0.8887457044673539,,,175,2233
4,4,5,1,1,1,1,1,144,2179,30,54,95,EP,0.024047186932849365,0.947594501718213,,,174,2233
5,5,5,1,1,1,1,2,144,2142,31,21,95,3,0.02412280701754386,0.9246134020618557,,,175,2163
6,6,5,1,1,1,1,3,144,2055,31,71,96,399,0.02412280701754386,0.8979810996563574,,,175,2126
7,7,5,1,1,1,1,4,144,1968,31,71,86,055,0.02412280701754386,0.8606099656357389,,,175,2039
8,8,5,1,1,1,1,5,144,1905,30,50,86,A1,0.024047186932849365,0.8290378006872853,,,174,1955
9,9,2,1,2,0,0,0,429,153,88,28,-1,,0.07153660012099214,0.07173539518900343,,,517,181
10,10,3,1,2,1,0,0,429,153,88,28,-1,,0.07153660012099214,0.07173539518900343,,,517,181
11,11,4,1,2,1,1,0,429,153,88,16,-1,,0.07153660012099214,0.06915807560137457,,,517,169
12,12,5,1,2,1,1,1,429,153,88,16,84,Europaisches,0.07153660012099214,0.06915807560137457,,,517,169
13,13,4,1,2,1,2,0,429,170,71,11,-1,,0.07025105868118572,0.07538659793814433,,,500,181
14,14,5,1,2,1,2,1,429,170,71,11,96,Patentamt,0.07025105868118572,0.07538659793814433,,,500,181
15,15,2,1,3,0,0,0,429,196,89,28,-1,,0.07161222020568662,0.09020618556701031,,,518,224
16,16,3,1,3,1,0,0,429,196,89,28,-1,,0.07161222020568662,0.09020618556701031,,,518,224
17,17,4,1,3,1,1,0,429,196,63,15,-1,,0.06964609800362977,0.08741408934707903,,,492,211
18,18,5,1,3,1,1,1,429,196,63,15,95,European,0.06964609800362977,0.08741408934707903,,,492,211
19,19,4,1,3,1,2,0,429,212,89,12,-1,,0.07161222020568662,0.0936426116838488,,,518,224
20,20,5,1,3,1,2,1,429,213,43,11,96,Patent,0.06813369630973987,0.0938573883161512,,,472,224
21,21,5,1,3,1,2,2,478,212,40,12,90,Office,0.07531760435571688,0.0936426116838488,,,518,224
22,22,2,1,4,0,0,0,429,239,109,28,-1,,0.07312462189957653,0.10867697594501718,,,538,267
23,23,3,1,4,1,0,0,429,239,109,28,-1,,0.07312462189957653,0.10867697594501718,,,538,267
24,24,4,1,4,1,1,0,429,239,109,15,-1,,0.07312462189957653,0.10588487972508591,,,538,254
25,25,5,1,4,1,1,1,429,239,40,12,93,Office,0.06790683605565638,0.1052405498281787,,,469,251
26,26,5,1,4,1,1,2,474,239,64,15,93,europ√©en,0.0765275257108288,0.10588487972508591,,,538,254
27,27,4,1,4,1,2,0,429,255,77,12,-1,,0.0707047791893527,0.11211340206185567,,,506,267
28,28,5,1,4,1,2,1,429,255,22,12,95,des,0.06654567453115548,0.11211340206185567,,,451,267
29,29,5,1,4,1,2,2,457,255,49,12,82,brevets,0.07282214156079855,0.11211340206185567,,,506,267
30,30,2,1,5,0,0,0,281,136,274,150,-1,,0.06321839080459771,0.09063573883161512,,,555,286
31,31,3,1,5,1,0,0,281,136,274,150,-1,,0.06321839080459771,0.09063573883161512,,,555,286
32,32,4,1,5,1,1,0,281,136,274,150,-1,,0.06321839080459771,0.09063573883161512,,,555,286
33,33,5,1,5,1,1,1,281,136,274,150,95, ,0.06321839080459771,0.09063573883161512,,,555,286
34,34,2,1,6,0,0,0,225,324,45,26,-1,,0.037431941923774956,0.14475945017182132,,,270,350
35,35,3,1,6,1,0,0,225,324,45,26,-1,,0.037431941923774956,0.14475945017182132,,,270,350
36,36,4,1,6,1,1,0,225,324,45,26,-1,,0.037431941923774956,0.14475945017182132,,,270,350
37,37,5,1,6,1,1,1,225,324,45,26,96,(12),0.037431941923774956,0.14475945017182132,,,270,350
38,38,2,1,7,0,0,0,225,395,378,53,-1,,0.06261343012704174,0.18105670103092783,,,603,448
39,39,3,1,7,1,0,0,225,395,378,53,-1,,0.06261343012704174,0.18105670103092783,,,603,448
40,40,4,1,7,1,1,0,225,395,262,26,-1,,0.05384150030248034,0.17525773195876287,,,487,421
41,41,5,1,7,1,1,1,225,395,45,26,95,(43),0.037431941923774956,0.17525773195876287,,,270,421
42,42,5,1,7,1,1,2,286,397,48,18,95,Date,0.04688445251058681,0.17439862542955326,,,334,415
43,43,5,1,7,1,1,3,342,397,20,18,96,of,0.05323653962492438,0.17439862542955326,,,362,415
44,44,5,1,7,1,1,4,370,397,117,23,96,publication:,0.0648064125831821,0.17547250859106528,,,487,420
45,45,4,1,7,1,2,0,286,430,317,18,-1,,0.06722625529340592,0.18857388316151202,,,603,448
46,46,5,1,7,1,2,1,286,430,117,18,96,07.11.2018,0.052102238354506954,0.18857388316151202,publication_date,07.11.2018,403,448
47,47,5,1,7,1,2,2,426,430,84,18,95,Bulletin,0.07078039927404718,0.18857388316151202,,,510,448
48,48,5,1,7,1,2,3,519,430,84,18,95,2018/45,0.08484573502722323,0.18857388316151202,,,603,448
49,49,2,1,8,0,0,0,225,493,402,26,-1,,0.06442831215970962,0.21735395189003437,,,627,519
50,50,3,1,8,1,0,0,225,493,402,26,-1,,0.06442831215970962,0.21735395189003437,,,627,519
51,51,4,1,8,1,1,0,225,493,402,26,-1,,0.06442831215970962,0.21735395189003437,,,627,519
52,52,5,1,8,1,1,1,225,493,45,26,95,(21),0.037431941923774956,0.21735395189003437,,,270,519
53,53,5,1,8,1,1,2,285,495,115,23,96,Application,0.051799758015728975,0.21756872852233677,,,400,518
54,54,5,1,8,1,1,3,410,495,83,18,93,number:,0.06828493647912885,0.21649484536082475,,,493,513
55,55,5,1,8,1,1,4,505,495,122,18,92,18178836.5,0.08560193587416817,0.21649484536082475,application_number,18178836.5,627,513
56,56,2,1,9,0,0,0,225,559,325,26,-1,,0.05860556563823351,0.24570446735395188,,,550,585
57,57,3,1,9,1,0,0,225,559,325,26,-1,,0.05860556563823351,0.24570446735395188,,,550,585
58,58,4,1,9,1,1,0,225,559,325,26,-1,,0.05860556563823351,0.24570446735395188,,,550,585
59,59,5,1,9,1,1,1,225,559,45,26,96,(22),0.037431941923774956,0.24570446735395188,,,270,585
60,60,5,1,9,1,1,2,286,561,48,18,96,Date,0.04688445251058681,0.24484536082474226,,,334,579
61,61,5,1,9,1,1,3,342,566,12,13,96,of,0.05263157894736842,0.24591924398625428,,,354,579
62,62,5,1,9,1,1,4,355,561,67,23,96,filing:,0.058756805807622506,0.24591924398625428,,,422,584
63,63,5,1,9,1,1,5,432,561,118,18,96,22.10.2014,0.07425892316999395,0.24484536082474226,filing_date,22.10.2014,550,579
64,64,2,1,10,0,0,0,1002,245,458,38,-1,,0.18617664851784635,0.1134020618556701,,,1460,283
65,65,3,1,10,1,0,0,1002,245,458,38,-1,,0.18617664851784635,0.1134020618556701,,,1460,283
66,66,4,1,10,1,1,0,1002,245,458,38,-1,,0.18617664851784635,0.1134020618556701,,,1460,283
67,67,5,1,10,1,1,1,1002,256,44,27,74,(11),0.15486993345432548,0.11576460481099657,,,1046,283
68,68,5,1,10,1,1,2,1146,245,52,32,96,EP,0.17725347852389595,0.11211340206185567,number,EP,1198,277
69,69,5,1,10,1,1,3,1214,245,20,32,94,3,0.1851179673321234,0.11211340206185567,number,3,1234,277
70,70,5,1,10,1,1,4,1249,245,68,32,94,399,0.1940411373260738,0.11211340206185567,number,399,1317,277
71,71,5,1,10,1,1,5,1332,245,68,32,85,055,0.20659407138535996,0.11211340206185567,number,055,1400,277
72,72,5,1,10,1,1,6,1413,245,47,32,85,A1,0.21725650332728372,0.11211340206185567,number,A1,1460,277
73,73,2,1,11,0,0,0,577,319,537,26,-1,,0.1278735632183908,0.14261168384879724,,,1114,345
74,74,3,1,11,1,0,0,577,319,537,26,-1,,0.1278735632183908,0.14261168384879724,,,1114,345
75,75,4,1,11,1,1,0,577,319,537,26,-1,,0.1278735632183908,0.14261168384879724,,,1114,345
76,76,5,1,11,1,1,1,577,319,156,26,95,EUROPEAN,0.09906231094978826,0.14261168384879724,,,733,345
77,77,5,1,11,1,1,2,735,320,135,24,95,PATENT,0.12137023593466424,0.14261168384879724,,,870,344
78,78,5,1,11,1,1,3,873,319,241,26,96,APPLICATION,0.1502571082879613,0.14261168384879724,,,1114,345
79,79,2,1,12,0,0,0,862,395,247,53,-1,,0.14904718693284935,0.18105670103092783,,,1109,448
80,80,3,1,12,1,0,0,862,395,247,53,-1,,0.14904718693284935,0.18105670103092783,,,1109,448
81,81,4,1,12,1,1,0,862,395,126,26,-1,,0.13989715668481548,0.17525773195876287,,,988,421
82,82,5,1,12,1,1,1,862,395,44,26,67,(51),0.1336963097398669,0.17525773195876287,,,906,421
83,83,5,1,12,1,1,2,923,397,25,18,93,Int,0.1414851784633999,0.17439862542955326,,,948,415
84,84,5,1,12,1,1,3,955,397,33,18,65,Cl:,0.14692982456140352,0.17439862542955326,,,988,415
85,85,4,1,12,1,2,0,923,425,186,23,-1,,0.15366001209921354,0.1875,,,1109,448
86,86,5,1,12,1,2,1,923,428,60,20,68,C12Q,0.1441318814277072,0.18814432989690721,class_international,C12Q,983,448
87,87,5,1,12,1,2,2,993,428,44,18,90,1170,0.15350877192982457,0.1877147766323024,class_international,1/70,1037,446
88,88,5,1,12,1,2,3,1042,425,67,16,74,(2006.07),0.16265880217785844,0.18599656357388317,,,1109,441
89,89,2,1,13,0,0,0,224,612,1243,6,-1,,0.1278735632183908,0.26417525773195877,,,1467,618
90,90,3,1,13,1,0,0,224,612,1243,6,-1,,0.1278735632183908,0.26417525773195877,,,1467,618
91,91,4,1,13,1,1,0,224,612,1243,6,-1,,0.1278735632183908,0.26417525773195877,,,1467,618
92,92,5,1,13,1,1,1,224,612,1243,6,95, ,0.1278735632183908,0.26417525773195877,,,1467,618
93,93,2,1,14,0,0,0,225,631,599,119,-1,,0.07932546884452511,0.296606529209622,,,824,750
94,94,3,1,14,1,0,0,225,631,599,119,-1,,0.07932546884452511,0.296606529209622,,,824,750
95,95,4,1,14,1,1,0,225,631,388,27,-1,,0.0633696309739867,0.2768470790378007,,,613,658
96,96,5,1,14,1,1,1,225,631,45,27,96,(84),0.037431941923774956,0.2768470790378007,,,270,658
97,97,5,1,14,1,1,2,286,633,118,23,96,Designated,0.052177858439201454,0.2768470790378007,,,404,656
98,98,5,1,14,1,1,3,413,633,119,23,96,Contracting,0.07146098003629764,0.2768470790378007,,,532,656
99,99,5,1,14,1,1,4,542,633,71,19,96,States:,0.08734119782214156,0.2759879725085911,,,613,652
100,100,4,1,14,1,2,0,285,666,537,18,-1,,0.08371143375680581,0.28994845360824745,,,822,684
101,101,5,1,14,1,2,1,285,666,31,18,94,AL,0.04544767090139141,0.28994845360824745,,,316,684
102,102,5,1,14,1,2,2,323,666,31,18,94,AT,0.05119479733817302,0.28994845360824745,,,354,684
103,103,5,1,14,1,2,3,363,666,30,18,96,BE,0.05716878402903811,0.28994845360824745,,,393,684
104,104,5,1,14,1,2,4,403,666,32,18,96,BG,0.0633696309739867,0.28994845360824745,,,435,684
105,105,5,1,14,1,2,5,445,666,31,18,96,CH,0.06964609800362977,0.28994845360824745,,,476,684
106,106,5,1,14,1,2,6,486,666,32,18,95,CY,0.07592256503327284,0.28994845360824745,,,518,684
107,107,5,1,14,1,2,7,526,666,30,18,93,CZ,0.08182093163944344,0.28994845360824745,,,556,684
108,108,5,1,14,1,2,8,565,666,30,18,93,DE,0.08771929824561403,0.28994845360824745,,,595,684
109,109,5,1,14,1,2,9,605,666,32,18,95,DK,0.09392014519056262,0.28994845360824745,,,637,684
110,110,5,1,14,1,2,10,646,666,29,18,95,EE,0.0998941318814277,0.28994845360824745,,,675,684
111,111,5,1,14,1,2,11,684,666,29,18,93,ES,0.10564125831820932,0.28994845360824745,,,713,684
112,112,5,1,14,1,2,12,723,666,57,18,90,FIFR,0.11365698729582577,0.28994845360824745,,,780,684
113,113,5,1,14,1,2,13,788,666,34,18,95,GB,0.12174833635813673,0.28994845360824745,,,822,684
114,114,4,1,14,1,3,0,285,699,539,18,-1,,0.0838626739261948,0.30412371134020616,,,824,717
115,115,5,1,14,1,3,1,285,699,297,18,83,GRHRHUIEISITLILTLU,0.06556261343012704,0.30412371134020616,,,582,717
116,116,5,1,14,1,3,2,591,699,28,18,85,LV,0.09150030248033877,0.30412371134020616,,,619,717
117,117,5,1,14,1,3,3,627,699,35,18,85,MC,0.09747428917120388,0.30412371134020616,,,662,717
118,118,5,1,14,1,3,4,670,699,35,18,94,MK,0.10397761645493044,0.30412371134020616,,,705,717
119,119,5,1,14,1,3,5,713,699,32,18,91,MT,0.11025408348457351,0.30412371134020616,,,745,717
120,120,5,1,14,1,3,6,753,699,29,18,49,NL,0.11607683000604961,0.30412371134020616,,,782,717
121,121,5,1,14,1,3,7,791,699,33,18,49,NO,0.1221264367816092,0.30412371134020616,,,824,717
122,122,4,1,14,1,4,0,286,732,336,18,-1,,0.06866303690260134,0.31829896907216493,,,622,750
123,123,5,1,14,1,4,1,286,732,28,18,93,PL,0.045372050816696916,0.31829896907216493,,,314,750
124,124,5,1,14,1,4,2,323,732,29,18,92,PT,0.05104355716878403,0.31829896907216493,,,352,750
125,125,5,1,14,1,4,3,360,732,58,18,92,RORS,0.058832425892317,0.31829896907216493,,,418,750
126,126,5,1,14,1,4,4,420,732,52,18,92,SE,0.06745311554748941,0.31829896907216493,,,472,750
127,127,5,1,14,1,4,5,480,732,20,18,95,SI,0.07410768300060495,0.31829896907216493,,,500,750
128,128,5,1,14,1,4,6,510,732,31,18,93,SK,0.0794767090139141,0.31829896907216493,,,541,750
129,129,5,1,14,1,4,7,550,732,72,18,90,SMTR,0.08862673926194797,0.31829896907216493,,,622,750
130,130,2,1,15,0,0,0,225,795,513,27,-1,,0.07282214156079855,0.3472938144329897,,,738,822
131,131,3,1,15,1,0,0,225,795,513,27,-1,,0.07282214156079855,0.3472938144329897,,,738,822
132,132,4,1,15,1,1,0,225,795,513,27,-1,,0.07282214156079855,0.3472938144329897,,,738,822
133,133,5,1,15,1,1,1,225,795,45,27,96,(30),0.037431941923774956,0.3472938144329897,,,270,822
134,134,5,1,15,1,1,2,286,797,77,23,94,Priority:,0.04907743496672716,0.3472938144329897,,,363,820
135,135,5,1,15,1,1,3,383,797,118,19,94,22.10.2013,0.06684815486993345,0.34643470790378006,priority_date_eu,22.10.2013,501,816
136,136,5,1,15,1,1,4,520,797,30,19,95,US,0.0809134906231095,0.34643470790378006,,,550,816
137,137,5,1,15,1,1,5,559,797,154,19,92,201361894291,0.09618874773139746,0.34643470790378006,,,713,816
138,138,5,1,15,1,1,6,725,797,13,19,92,P,0.11063218390804598,0.34643470790378006,,,738,816
139,139,2,1,16,0,0,0,225,861,596,86,-1,,0.07909860859044163,0.38831615120274915,,,821,947
140,140,3,1,16,1,0,0,225,861,596,86,-1,,0.07909860859044163,0.38831615120274915,,,821,947
141,141,4,1,16,1,1,0,225,861,596,26,-1,,0.07909860859044163,0.3754295532646048,,,821,887
142,142,5,1,16,1,1,1,225,861,45,26,96,(62),0.037431941923774956,0.3754295532646048,,,270,887
143,143,5,1,16,1,1,2,286,863,107,18,96,Document,0.05134603750756201,0.3745704467353952,,,393,881
144,144,5,1,16,1,1,3,402,863,105,23,96,number(s),0.06873865698729582,0.3756443298969072,,,507,886
145,145,5,1,16,1,1,4,516,863,20,18,96,of,0.07955232909860858,0.3745704467353952,,,536,881
146,146,5,1,16,1,1,5,542,863,32,18,96,the,0.08439201451905626,0.3745704467353952,,,574,881
147,147,5,1,16,1,1,6,583,863,65,18,96,earlier,0.09308832425892317,0.3745704467353952,,,648,881
148,148,5,1,16,1,1,7,655,863,140,23,94,application(s),0.10964912280701754,0.3756443298969072,,,795,886
149,149,5,1,16,1,1,8,805,863,16,18,96,in,0.12295825771324864,0.3745704467353952,,,821,881
150,150,4,1,16,1,2,0,286,895,308,19,-1,,0.06654567453115548,0.38853092783505155,,,594,914
151,151,5,1,16,1,2,1,286,895,109,19,96,accordance,0.051497277676950996,0.38853092783505155,,,395,914
152,152,5,1,16,1,2,2,395,895,60,19,96,with,0.06427707199032062,0.38853092783505155,,,455,914
153,153,5,1,16,1,2,3,464,895,35,19,96,Art.,0.07282214156079855,0.38853092783505155,,,499,914
154,154,5,1,16,1,2,4,508,895,25,19,96,76,0.07872050816696914,0.38853092783505155,,,533,914
155,155,5,1,16,1,2,5,542,895,52,19,96,EPC:,0.08590441621294616,0.38853092783505155,,,594,914
156,156,4,1,16,1,3,0,286,929,250,18,-1,,0.06215970961887477,0.4029209621993127,,,536,947
157,157,5,1,16,1,3,1,286,929,124,18,92,14795906.8,0.05263157894736842,0.4029209621993127,,,410,947
158,158,5,1,16,1,3,2,417,929,7,18,92,/,0.06359649122807018,0.4029209621993127,,,424,947
159,159,5,1,16,1,3,3,432,929,11,18,96,3,0.066167574107683,0.4029209621993127,,,443,947
160,160,5,1,16,1,3,4,452,929,37,18,96,060,0.07115849969751967,0.4029209621993127,,,489,947
161,161,5,1,16,1,3,5,498,929,38,18,96,686,0.07819116757410768,0.4029209621993127,,,536,947
162,162,2,1,17,0,0,0,225,992,603,156,-1,,0.07962794918330308,0.45962199312714774,,,828,1148
163,163,3,1,17,1,0,0,225,992,603,156,-1,,0.07962794918330308,0.45962199312714774,,,828,1148
164,164,4,1,17,1,1,0,225,992,591,26,-1,,0.07872050816696914,0.43170103092783507,,,816,1018
165,165,5,1,17,1,1,1,225,992,45,26,96,(71),0.037431941923774956,0.43170103092783507,,,270,1018
166,166,5,1,17,1,1,2,285,994,103,23,96,Applicant:,0.05089231699939504,0.4319158075601375,,,388,1017
167,167,5,1,17,1,1,3,396,994,41,18,96,The,0.06299153055051422,0.43084192439862545,applicant_line_1,The,437,1012
168,168,5,1,17,1,1,4,445,994,131,18,96,Government,0.07720810647307925,0.43084192439862545,applicant_line_1,Government,576,1012
169,169,5,1,17,1,1,5,578,994,37,18,96,of,0.09021476104053236,0.43084192439862545,applicant_line_1,of,615,1012
170,170,5,1,17,1,1,6,622,994,34,18,96,the,0.09664246823956443,0.43084192439862545,applicant_line_1,the,656,1012
171,171,5,1,17,1,1,7,666,994,70,18,96,United,0.1060193587416818,0.43084192439862545,applicant_line_1,United,736,1012
172,172,5,1,17,1,1,8,746,994,70,18,96,States,0.11811857229280097,0.43084192439862545,applicant_line_1,States,816,1012
173,173,4,1,17,1,2,0,286,1027,154,18,-1,,0.05490018148820327,0.44501718213058417,,,440,1045
174,174,5,1,17,1,2,1,286,1027,21,18,96,of,0.04484271022383545,0.44501718213058417,,,307,1045
175,175,5,1,17,1,2,2,313,1027,94,18,96,America,0.0544464609800363,0.44501718213058417,,,407,1045
176,176,5,1,17,1,2,3,415,1031,25,14,96,as,0.06465517241379311,0.44587628865979384,,,440,1045
177,177,4,1,17,1,3,0,286,1059,542,23,-1,,0.08424077434966727,0.45983676975945015,,,828,1082
178,178,5,1,17,1,3,1,286,1059,133,23,96,represented,0.053312159709618875,0.45983676975945015,,,419,1082
179,179,5,1,17,1,3,2,426,1059,25,23,96,by,0.066318814277072,0.45983676975945015,,,451,1082
180,180,5,1,17,1,3,3,455,1059,35,19,96,the,0.07146098003629764,0.45897766323024053,,,490,1078
181,181,5,1,17,1,3,4,494,1059,108,23,96,Secretary,0.08287961282516637,0.45983676975945015,,,602,1082
182,182,5,1,17,1,3,5,607,1059,22,19,95,of,0.09346642468239565,0.45897766323024053,,,629,1078
183,183,5,1,17,1,3,6,631,1059,35,19,95,the,0.09807924984875983,0.45897766323024053,,,666,1078
184,184,5,1,17,1,3,7,671,1059,122,23,96,Department,0.11070780399274047,0.45983676975945015,,,793,1082
185,185,5,1,17,1,3,8,795,1059,33,19,96,of,0.12273139745916516,0.45897766323024053,,,828,1078
186,186,4,1,17,1,4,0,286,1092,312,18,-1,,0.06684815486993345,0.4729381443298969,,,598,1110
187,187,5,1,17,1,4,1,286,1092,70,18,96,Health,0.048548094373865695,0.4729381443298969,,,356,1110
188,188,5,1,17,1,4,2,364,1092,41,18,96,and,0.05815184513006655,0.4729381443298969,,,405,1110
189,189,5,1,17,1,4,3,415,1092,77,18,96,Human,0.06858741681790684,0.4729381443298969,,,492,1110
190,190,5,1,17,1,4,4,502,1092,96,18,91,Services,0.08318209316394434,0.4729381443298969,,,598,1110
191,191,4,1,17,1,5,0,285,1125,257,23,-1,,0.06253781004234725,0.4881872852233677,,,542,1148
192,192,5,1,17,1,5,1,285,1125,85,22,96,"Atlanta,",0.04953115547489413,0.4879725085910653,,,370,1147
193,193,5,1,17,1,5,2,380,1125,34,19,96,GA,0.06004234724742892,0.48732817869415807,,,414,1144
194,194,5,1,17,1,5,3,422,1125,64,19,96,30333,0.06866303690260134,0.48732817869415807,,,486,1144
195,195,5,1,17,1,5,4,495,1125,47,23,96,(US),0.07841802782819117,0.4881872852233677,,,542,1148
196,196,2,1,18,0,0,0,225,1189,317,156,-1,,0.058000604960677556,0.5442439862542955,,,542,1345
197,197,3,1,18,1,0,0,225,1189,317,156,-1,,0.058000604960677556,0.5442439862542955,,,542,1345
198,198,4,1,18,1,1,0,225,1189,163,26,-1,,0.046355111917725345,0.5163230240549829,,,388,1215
199,199,5,1,18,1,1,1,225,1189,45,26,96,(72),0.037431941923774956,0.5163230240549829,,,270,1215
200,200,5,1,18,1,1,2,287,1191,101,18,96,Inventors:,0.05104355716878403,0.5154639175257731,,,388,1209
201,201,4,1,18,1,2,0,262,1224,117,21,-1,,0.0484724742891712,0.5302835051546392,,,379,1245
202,202,5,1,18,1,2,1,262,1229,7,8,82,*,0.04015426497277677,0.529639175257732,,,269,1237
203,203,5,1,18,1,2,2,286,1224,54,21,96,"SHU,",0.04733817301875378,0.5302835051546392,,,340,1245
204,204,5,1,18,1,2,3,350,1224,29,18,96,Bo,0.055127041742286755,0.529639175257732,,,379,1242
205,205,4,1,18,1,3,0,285,1256,257,23,-1,,0.06253781004234725,0.5444587628865979,,,542,1279
206,206,5,1,18,1,3,1,285,1256,85,22,96,"Atlanta,",0.04953115547489413,0.5442439862542955,,,370,1278
207,207,5,1,18,1,3,2,379,1256,35,19,95,GA,0.05996672716273442,0.5435996563573883,,,414,1275
208,208,5,1,18,1,3,3,422,1256,64,19,95,30329,0.06866303690260134,0.5435996563573883,,,486,1275
209,209,5,1,18,1,3,4,495,1256,47,23,96,(US),0.07841802782819117,0.5444587628865979,,,542,1279
210,210,4,1,18,1,4,0,262,1289,270,23,-1,,0.06004234724742892,0.5586340206185567,,,532,1312
211,211,5,1,18,1,4,1,262,1294,7,8,53,+,0.04015426497277677,0.5575601374570447,,,269,1302
212,212,5,1,18,1,4,2,286,1289,139,18,96,"LINDSTROM,",0.05376588021778585,0.5575601374570447,,,425,1307
213,213,5,1,18,1,4,3,428,1289,104,23,96,Stephen,0.07259528130671507,0.5586340206185567,,,532,1312
214,214,4,1,18,1,5,0,285,1322,257,23,-1,,0.06253781004234725,0.5728092783505154,,,542,1345
215,215,5,1,18,1,5,1,285,1322,85,22,96,"Atlanta,",0.04953115547489413,0.572594501718213,,,370,1344
216,216,5,1,18,1,5,2,379,1322,35,19,95,GA,0.05996672716273442,0.5719501718213058,,,414,1341
217,217,5,1,18,1,5,3,422,1322,64,19,95,30329,0.06866303690260134,0.5719501718213058,,,486,1341
218,218,5,1,18,1,5,4,495,1322,47,23,96,(US),0.07841802782819117,0.5728092783505154,,,542,1345
219,219,2,1,19,0,0,0,844,614,4,763,-1,,0.1279491833030853,0.4276202749140893,,,848,1377
220,220,3,1,19,1,0,0,844,614,4,763,-1,,0.1279491833030853,0.4276202749140893,,,848,1377
221,221,4,1,19,1,1,0,844,614,4,763,-1,,0.1279491833030853,0.4276202749140893,,,848,1377
222,222,5,1,19,1,1,1,844,614,4,763,95, ,0.1279491833030853,0.4276202749140893,,,848,1377
223,223,2,1,20,0,0,0,898,633,280,319,-1,,0.1569872958257713,0.3404209621993127,,,1178,952
224,224,3,1,20,1,0,0,898,633,280,319,-1,,0.1569872958257713,0.3404209621993127,,,1178,952
225,225,4,1,20,1,1,0,898,633,158,22,-1,,0.14776164549304296,0.2766323024054983,,,1056,655
226,226,5,1,20,1,1,1,898,639,7,7,19,¬´,0.13634301270417423,0.2759879725085911,,,905,646
227,227,5,1,20,1,1,2,921,633,38,19,92,"WU,",0.14216575922565033,0.2759879725085911,,,959,652
228,228,5,1,20,1,1,3,962,633,94,22,92,Kai-Hui,0.15260133091349062,0.2766323024054983,,,1056,655
229,229,4,1,20,1,2,0,921,666,257,23,-1,,0.1587265577737447,0.29102233676975947,,,1178,689
230,230,5,1,20,1,2,1,921,666,86,22,96,"Atlanta,",0.14579552329098608,0.29080756013745707,,,1007,688
231,231,5,1,20,1,2,2,1016,666,34,18,96,GA,0.15623109497882637,0.28994845360824745,,,1050,684
232,232,5,1,20,1,2,3,1059,666,64,18,95,30329,0.16500302480338777,0.28994845360824745,,,1123,684
233,233,5,1,20,1,2,4,1131,666,47,23,95,(US),0.17460677555958862,0.29102233676975947,,,1178,689
234,234,4,1,20,1,3,0,898,699,271,21,-1,,0.15630671506352087,0.30476804123711343,,,1169,720
235,235,5,1,20,1,3,1,898,704,7,8,47,¬´,0.13634301270417423,0.30412371134020616,,,905,712
236,236,5,1,20,1,3,2,923,699,101,18,96,"BERMAN,",0.1472323049001815,0.30412371134020616,,,1024,717
237,237,5,1,20,1,3,3,1028,699,38,21,93,La,0.15834845735027223,0.30476804123711343,,,1066,720
238,238,5,1,20,1,3,4,1075,699,94,18,92,Shondra,0.16969147005444646,0.30412371134020616,,,1169,717
239,239,4,1,20,1,4,0,921,732,257,23,-1,,0.1587265577737447,0.31937285223367695,,,1178,755
240,240,5,1,20,1,4,1,921,732,86,22,96,"Atlanta,",0.14579552329098608,0.31915807560137455,,,1007,754
241,241,5,1,20,1,4,2,1016,732,34,18,96,GA,0.15623109497882637,0.31829896907216493,,,1050,750
242,242,5,1,20,1,4,3,1059,732,64,18,96,30329,0.16500302480338777,0.31829896907216493,,,1123,750
243,243,5,1,20,1,4,4,1131,732,47,23,96,(US),0.17460677555958862,0.31937285223367695,,,1178,755
244,244,4,1,20,1,5,0,898,765,222,21,-1,,0.15260133091349062,0.3331185567010309,,,1120,786
245,245,5,1,20,1,5,1,898,770,7,8,81,¬´,0.13634301270417423,0.3324742268041237,,,905,778
246,246,5,1,20,1,5,2,923,765,88,21,96,"EMERY,",0.14624924379915305,0.3331185567010309,,,1011,786
247,247,5,1,20,1,5,3,1021,765,99,18,96,Shannon,0.1619026013309135,0.3324742268041237,,,1120,783
248,248,4,1,20,1,6,0,921,797,257,23,-1,,0.1587265577737447,0.3472938144329897,,,1178,820
249,249,5,1,20,1,6,1,921,797,86,22,95,"Atlanta,",0.14579552329098608,0.3470790378006873,,,1007,819
250,250,5,1,20,1,6,2,1016,797,34,19,95,GA,0.15623109497882637,0.34643470790378006,,,1050,816
251,251,5,1,20,1,6,3,1059,797,64,19,96,30329,0.16500302480338777,0.34643470790378006,,,1123,816
252,252,5,1,20,1,6,4,1131,797,47,23,96,(US),0.17460677555958862,0.3472938144329897,,,1178,820
253,253,4,1,20,1,7,0,898,830,245,22,-1,,0.154340592861464,0.36125429553264604,,,1143,852
254,254,5,1,20,1,7,1,898,835,7,8,74,¬´,0.13634301270417423,0.3603951890034364,,,905,843
255,255,5,1,20,1,7,2,921,830,105,18,96,"WARNES,",0.1472323049001815,0.3603951890034364,,,1026,848
256,256,5,1,20,1,7,3,1029,830,114,22,96,Christine,0.16424682395644283,0.36125429553264604,,,1143,852
257,257,4,1,20,1,8,0,921,863,257,23,-1,,0.1587265577737447,0.3756443298969072,,,1178,886
258,258,5,1,20,1,8,1,921,863,86,21,96,"Atlanta,",0.14579552329098608,0.3752147766323024,,,1007,884
259,259,5,1,20,1,8,2,1015,863,35,18,96,GA,0.15615547489413187,0.3745704467353952,,,1050,881
260,260,5,1,20,1,8,3,1059,863,64,18,95,30329,0.16500302480338777,0.3745704467353952,,,1123,881
261,261,5,1,20,1,8,4,1131,863,47,23,95,(US),0.17460677555958862,0.3756443298969072,,,1178,886
262,262,4,1,20,1,9,0,898,895,253,22,-1,,0.15494555353901995,0.38917525773195877,,,1151,917
263,263,5,1,20,1,9,1,898,901,7,7,57,¬´,0.13634301270417423,0.38853092783505155,,,905,908
264,264,5,1,20,1,9,2,923,895,104,19,92,"MCCORD,",0.14745916515426497,0.38853092783505155,,,1027,914
265,265,5,1,20,1,9,3,1030,895,121,22,96,Catharine,0.16492740471869327,0.38917525773195877,,,1151,917
266,266,4,1,20,1,10,0,921,929,257,23,-1,,0.1587265577737447,0.40399484536082475,,,1178,952
267,267,5,1,20,1,10,1,921,929,86,22,96,"Atlanta,",0.14579552329098608,0.40378006872852235,,,1007,951
268,268,5,1,20,1,10,2,1015,929,35,18,96,GA,0.15615547489413187,0.4029209621993127,,,1050,947
269,269,5,1,20,1,10,3,1059,929,64,18,95,30329,0.16500302480338777,0.4029209621993127,,,1123,947
270,270,5,1,20,1,10,4,1131,929,47,23,95,(US),0.17460677555958862,0.40399484536082475,,,1178,952
271,271,2,1,21,0,0,0,862,992,520,189,-1,,0.16969147005444646,0.46670962199312716,,,1382,1181
272,272,3,1,21,1,0,0,862,992,520,189,-1,,0.16969147005444646,0.46670962199312716,,,1382,1181
273,273,4,1,21,1,1,0,862,992,520,26,-1,,0.16969147005444646,0.43170103092783507,,,1382,1018
274,274,5,1,21,1,1,1,862,992,44,26,95,(74),0.1336963097398669,0.43170103092783507,,,906,1018
275,275,5,1,21,1,1,2,923,994,163,23,96,Representative:,0.15192075015124018,0.4319158075601375,,,1086,1017
276,276,5,1,21,1,1,3,1096,994,108,23,96,"Docherty,",0.17392619479733817,0.4319158075601375,representative_line_1_eu,"Docherty,",1204,1017
277,277,5,1,21,1,1,4,1213,994,76,18,96,Robert,0.18920145190562612,0.43084192439862545,representative_line_1_eu,Robert,1289,1012
278,278,5,1,21,1,1,5,1296,994,86,18,96,Charles,0.20251058681185724,0.43084192439862545,representative_line_1_eu,Charles,1382,1012
279,279,4,1,21,1,2,0,922,1027,237,23,-1,,0.1573653962492438,0.44609106529209624,,,1159,1050
280,280,5,1,21,1,2,1,922,1027,117,23,96,Symbiosis,0.1482909860859044,0.44609106529209624,,,1039,1050
281,281,5,1,21,1,2,2,1049,1027,20,18,88,IP,0.1601633393829401,0.44501718213058417,,,1069,1045
282,282,5,1,21,1,2,3,1078,1027,81,18,96,Limited,0.169162129461585,0.44501718213058417,,,1159,1045
283,283,4,1,21,1,3,0,923,1059,70,19,-1,,0.14488808227465214,0.45897766323024053,,,993,1078
284,284,5,1,21,1,3,1,923,1059,70,19,91,NAFIC,0.14488808227465214,0.45897766323024053,,,993,1078
285,285,4,1,21,1,4,0,922,1092,158,18,-1,,0.1513914095583787,0.4729381443298969,,,1080,1110
286,286,5,1,21,1,4,1,922,1092,66,18,93,Office,0.1444343617664852,0.4729381443298969,,,988,1110
287,287,5,1,21,1,4,2,997,1092,83,18,89,14FA05,0.1570629159104658,0.4729381443298969,,,1080,1110
288,288,4,1,21,1,5,0,922,1125,139,19,-1,,0.1499546279491833,0.48732817869415807,,,1061,1144
289,289,5,1,21,1,5,1,922,1125,56,19,95,Sand,0.14367816091954022,0.48732817869415807,,,978,1144
290,290,5,1,21,1,5,2,988,1125,73,19,95,Hutton,0.15494555353901995,0.48732817869415807,,,1061,1144
291,291,4,1,21,1,6,0,921,1158,421,23,-1,,0.17112825166364187,0.5023625429553265,,,1342,1181
292,292,5,1,21,1,6,1,921,1158,58,22,96,"York,",0.14367816091954022,0.502147766323024,,,979,1180
293,293,5,1,21,1,6,2,989,1158,61,18,96,North,0.154189352692075,0.5012886597938144,,,1050,1176
294,294,5,1,21,1,6,3,1057,1158,110,18,91,Yorkshire,0.16817906836055657,0.5012886597938144,,,1167,1176
295,295,5,1,21,1,6,4,1174,1158,58,18,90,YO41,0.18194192377495463,0.5012886597938144,,,1232,1176
296,296,5,1,21,1,6,5,1244,1158,40,18,92,1LZ,0.191167574107683,0.5012886597938144,,,1284,1176
297,297,5,1,21,1,6,6,1292,1158,50,23,96,(GB),0.19918330308529947,0.5023625429553265,,,1342,1181
298,298,2,1,22,0,0,0,862,1224,99,18,-1,,0.13785541439806412,0.529639175257732,,,961,1242
299,299,3,1,22,1,0,0,862,1224,99,18,-1,,0.13785541439806412,0.529639175257732,,,961,1242
300,300,4,1,22,1,1,0,862,1224,99,18,-1,,0.13785541439806412,0.529639175257732,,,961,1242
301,301,5,1,22,1,1,1,862,1224,99,18,96,Remarks:,0.13785541439806412,0.529639175257732,,,961,1242
302,302,2,1,23,0,0,0,922,1256,522,85,-1,,0.17891712038717483,0.5577749140893471,,,1444,1341
303,303,3,1,23,1,0,0,922,1256,522,85,-1,,0.17891712038717483,0.5577749140893471,,,1444,1341
304,304,4,1,23,1,1,0,922,1256,474,23,-1,,0.1752873563218391,0.5444587628865979,,,1396,1279
305,305,5,1,23,1,1,1,922,1256,43,19,96,This,0.1426950998185118,0.5435996563573883,,,965,1275
306,306,5,1,23,1,1,2,974,1256,111,23,96,application,0.15570175438596492,0.5444587628865979,,,1085,1279
307,307,5,1,23,1,1,3,1093,1261,42,14,96,was,0.16848154869933454,0.5446735395189003,,,1135,1275
308,308,5,1,23,1,1,4,1142,1256,43,19,96,filed,0.17596793708408953,0.5435996563573883,,,1185,1275
309,309,5,1,23,1,1,5,1193,1261,25,14,96,on,0.1823200241984271,0.5446735395189003,,,1218,1275
310,310,5,1,23,1,1,6,1226,1256,119,19,96,20.06.2018,0.19441923774954628,0.5435996563573883,,,1345,1275
311,311,5,1,23,1,1,7,1353,1261,24,14,96,as,0.20644283121597096,0.5446735395189003,,,1377,1275
312,312,5,1,23,1,1,8,1385,1261,11,14,96,a,0.2102994555353902,0.5446735395189003,,,1396,1275
313,313,4,1,23,1,2,0,922,1289,522,23,-1,,0.17891712038717483,0.5586340206185567,,,1444,1312
314,314,5,1,23,1,2,1,922,1289,96,18,96,divisional,0.14670296430732002,0.5575601374570447,,,1018,1307
315,315,5,1,23,1,2,2,1026,1289,112,23,96,application,0.16364186327888688,0.5586340206185567,,,1138,1312
316,316,5,1,23,1,2,3,1147,1290,19,17,96,to,0.17490925589836662,0.5577749140893471,,,1166,1307
317,317,5,1,23,1,2,4,1174,1289,31,18,96,the,0.17990018148820328,0.5575601374570447,,,1205,1307
318,318,5,1,23,1,2,5,1214,1289,112,23,96,application,0.19207501512401695,0.5586340206185567,,,1326,1312
319,319,5,1,23,1,2,6,1336,1289,108,18,96,mentioned,0.2102238354506957,0.5575601374570447,,,1444,1307
320,320,4,1,23,1,3,0,923,1322,209,19,-1,,0.15539927404718692,0.5719501718213058,,,1132,1341
321,321,5,1,23,1,3,1,923,1322,59,19,93,under,0.1440562613430127,0.5719501718213058,,,982,1341
322,322,5,1,23,1,3,2,991,1322,45,19,92,INID,0.15328191167574107,0.5719501718213058,,,1036,1341
323,323,5,1,23,1,3,3,1044,1322,50,19,96,code,0.16167574107683,0.5719501718213058,,,1094,1341
324,324,5,1,23,1,3,4,1103,1322,29,19,96,62.,0.16901088929219601,0.5719501718213058,,,1132,1341
325,325,2,1,24,0,0,0,224,1373,1243,6,-1,,0.1278735632183908,0.5910652920962199,,,1467,1379
326,326,3,1,24,1,0,0,224,1373,1243,6,-1,,0.1278735632183908,0.5910652920962199,,,1467,1379
327,327,4,1,24,1,1,0,224,1373,1243,6,-1,,0.1278735632183908,0.5910652920962199,,,1467,1379
328,328,5,1,24,1,1,1,224,1373,1243,6,95, ,0.1278735632183908,0.5910652920962199,,,1467,1379
329,329,2,1,25,0,0,0,225,1394,205,54,-1,,0.04953115547489413,0.6103951890034365,,,430,1448
330,330,3,1,25,1,0,0,225,1394,205,54,-1,,0.04953115547489413,0.6103951890034365,,,430,1448
331,331,4,1,25,1,1,0,225,1394,45,27,-1,,0.037431941923774956,0.6045962199312714,,,270,1421
332,332,5,1,25,1,1,1,225,1394,45,27,89,(54),0.037431941923774956,0.6045962199312714,,,270,1421
333,333,4,1,25,1,2,0,315,1427,115,21,-1,,0.05633696309739867,0.6174828178694158,,,430,1448
334,334,5,1,25,1,2,1,315,1427,115,21,96,VIRUSES,0.05633696309739867,0.6174828178694158,,,430,1448
335,335,2,1,26,0,0,0,225,1501,582,254,-1,,0.0780399274047187,0.6993127147766323,,,807,1755
336,336,3,1,26,1,0,0,225,1501,582,254,-1,,0.0780399274047187,0.6993127147766323,,,807,1755
337,337,4,1,26,1,1,0,225,1501,582,26,-1,,0.0780399274047187,0.6503436426116839,,,807,1527
338,338,5,1,26,1,1,1,225,1501,45,26,95,(57),0.037431941923774956,0.6503436426116839,,,270,1527
339,339,5,1,26,1,1,2,315,1503,39,18,24,The,0.05058983666061706,0.6494845360824743,,,354,1521
340,340,5,1,26,1,1,3,364,1508,70,18,96,present,0.0603448275862069,0.6516323024054983,,,434,1526
341,341,5,1,26,1,1,4,436,1503,119,18,96,disclosure,0.0749395039322444,0.6494845360824743,,,555,1521
342,342,5,1,26,1,1,5,565,1503,69,18,96,relates,0.09066848154869933,0.6494845360824743,,,634,1521
343,343,5,1,26,1,1,6,642,1504,19,17,96,to,0.0985329703569268,0.6496993127147767,,,661,1521
344,344,5,1,26,1,1,7,670,1503,137,23,96,compositions,0.11169086509376891,0.6505584192439863,,,807,1526
345,345,4,1,26,1,2,0,225,1536,582,23,-1,,0.0780399274047187,0.664733676975945,,,807,1559
346,346,5,1,26,1,2,1,225,1536,38,18,96,and,0.03690260133091349,0.663659793814433,,,263,1554
347,347,5,1,26,1,2,2,271,1536,76,18,96,methods,0.04673321234119782,0.663659793814433,,,347,1554
348,348,5,1,26,1,2,3,349,1536,44,18,96,for,0.056110102843315184,0.663659793814433,,,393,1554
349,349,5,1,26,1,2,4,397,1536,96,23,96,detecting,0.06730187537810042,0.664733676975945,,,493,1559
350,350,5,1,26,1,2,5,501,1540,82,19,96,presence,0.08197217180883243,0.6655927835051546,,,583,1559
351,351,5,1,26,1,2,6,584,1536,38,18,95,of,0.0911978221415608,0.663659793814433,,,622,1554
352,352,5,1,26,1,2,7,627,1540,24,14,95,an,0.09664246823956443,0.6645189003436426,,,651,1554
353,353,5,1,26,1,2,8,659,1536,93,18,95,influenza,0.10669993950393225,0.663659793814433,,,752,1554
354,354,5,1,26,1,2,9,758,1536,49,18,96,virus,0.11834543254688445,0.663659793814433,,,807,1554
355,355,4,1,26,1,3,0,226,1569,580,23,-1,,0.0780399274047187,0.6789089347079038,,,806,1592
356,356,5,1,26,1,3,1,226,1569,15,18,87,in,0.0353145795523291,0.6778350515463918,,,241,1587
357,357,5,1,26,1,3,2,250,1574,12,13,87,a,0.03871748336358137,0.6789089347079038,,,262,1587
358,358,5,1,26,1,3,3,271,1569,81,23,96,"sample,",0.047111312764670295,0.6789089347079038,,,352,1592
359,359,5,1,26,1,3,4,361,1569,49,18,96,such,0.058303085299455534,0.6778350515463918,,,410,1587
360,360,5,1,26,1,3,5,419,1574,23,13,96,as,0.06510889292196008,0.6789089347079038,,,442,1587
361,361,5,1,26,1,3,6,451,1574,11,13,96,a,0.06904113732607381,0.6789089347079038,,,462,1587
362,362,5,1,26,1,3,7,473,1569,96,23,96,biological,0.07879612825166364,0.6789089347079038,,,569,1592
363,363,5,1,26,1,3,8,578,1569,76,23,96,sample,0.09316394434361766,0.6789089347079038,,,654,1592
364,364,5,1,26,1,3,9,662,1569,90,18,96,obtained,0.10692679975801572,0.6778350515463918,,,752,1587
365,365,5,1,26,1,3,10,760,1569,46,18,96,from,0.11842105263157894,0.6778350515463918,,,806,1587
366,366,4,1,26,1,4,0,225,1602,582,23,-1,,0.0780399274047187,0.6930841924398625,,,807,1625
367,367,5,1,26,1,4,1,225,1606,11,14,96,a,0.034860859044162126,0.6928694158075601,,,236,1620
368,368,5,1,26,1,4,2,245,1602,75,23,96,subject,0.04272534785238959,0.6930841924398625,,,320,1625
369,369,5,1,26,1,4,3,327,1606,21,14,95,or,0.05104355716878403,0.6928694158075601,,,348,1620
370,370,5,1,26,1,4,4,356,1606,23,14,95,an,0.05558076225045372,0.6928694158075601,,,379,1620
371,371,5,1,26,1,4,5,389,1602,148,18,96,environmental,0.07002419842710224,0.6920103092783505,,,537,1620
372,372,5,1,26,1,4,6,546,1602,80,23,96,sample.,0.08862673926194797,0.6930841924398625,,,626,1625
373,373,5,1,26,1,4,7,637,1602,17,18,95,In,0.09762552934059286,0.6920103092783505,,,654,1620
374,374,5,1,26,1,4,8,662,1606,57,14,91,some,0.1044313369630974,0.6928694158075601,,,719,1620
375,375,5,1,26,1,4,9,728,1602,79,18,91,embod-,0.11607683000604961,0.6920103092783505,,,807,1620
376,376,4,1,26,1,5,0,226,1634,581,23,-1,,0.07811554748941318,0.7068298969072165,,,807,1657
377,377,5,1,26,1,5,1,226,1634,73,22,96,"iments,",0.0397005444646098,0.7066151202749141,,,299,1656
378,378,5,1,26,1,5,2,310,1634,32,19,96,the,0.049304295220810646,0.7059707903780069,,,342,1653
379,379,5,1,26,1,5,3,352,1634,137,23,96,compositions,0.06359649122807018,0.7068298969072165,,,489,1657
380,380,5,1,26,1,5,4,499,1634,38,19,96,and,0.07834240774349667,0.7059707903780069,,,537,1653
381,381,5,1,26,1,5,5,549,1634,88,19,96,methods,0.0896854204476709,0.7059707903780069,,,637,1653
382,382,5,1,26,1,5,6,647,1639,37,14,95,can,0.10065033272837265,0.7070446735395189,,,684,1653
383,383,5,1,26,1,5,7,695,1634,24,19,95,be,0.10692679975801572,0.7059707903780069,,,719,1653
384,384,5,1,26,1,5,8,730,1634,48,19,95,used,0.11403508771929824,0.7059707903780069,,,778,1653
385,385,5,1,26,1,5,9,788,1635,19,18,95,to,0.1206140350877193,0.7061855670103093,,,807,1653
386,386,4,1,26,1,6,0,225,1667,582,23,-1,,0.0780399274047187,0.7210051546391752,,,807,1690
387,387,5,1,26,1,6,1,225,1667,72,23,96,quickly,0.039473684210526314,0.7210051546391752,,,297,1690
388,388,5,1,26,1,6,2,311,1667,74,23,96,identify,0.05263157894736842,0.7210051546391752,,,385,1690
389,389,5,1,26,1,6,3,400,1667,96,23,96,particular,0.0677555958862674,0.7210051546391752,,,496,1690
390,390,5,1,26,1,6,4,509,1667,94,23,96,subtypes,0.08408953418027829,0.7210051546391752,,,603,1690
391,391,5,1,26,1,6,5,617,1667,21,18,96,of,0.09490320629159105,0.7199312714776632,,,638,1685
392,392,5,1,26,1,6,6,651,1667,93,18,96,influenza,0.10549001814882032,0.7199312714776632,,,744,1685
393,393,5,1,26,1,6,7,758,1667,49,18,96,virus,0.11834543254688445,0.7199312714776632,,,807,1685
394,394,4,1,26,1,7,0,225,1700,582,23,-1,,0.0780399274047187,0.7351804123711341,,,807,1723
395,395,5,1,26,1,7,1,225,1700,56,23,96,(such,0.0382637628554144,0.7351804123711341,,,281,1723
396,396,5,1,26,1,7,2,289,1704,23,14,96,as,0.04544767090139141,0.7349656357388317,,,312,1718
397,397,5,1,26,1,7,3,319,1704,89,14,96,seasonal,0.05497580157289776,0.7349656357388317,,,408,1718
398,398,5,1,26,1,7,4,411,1700,21,18,96,or,0.06374773139745916,0.7341065292096219,,,432,1718
399,399,5,1,26,1,7,5,434,1700,84,18,96,variant,0.07199032062915911,0.7341065292096219,,,518,1718
400,400,5,1,26,1,7,6,525,1700,93,18,96,influenza,0.08643375680580763,0.7341065292096219,,,618,1718
401,401,5,1,26,1,7,7,625,1700,82,23,93,subtype,0.10072595281306715,0.7351804123711341,,,707,1723
402,402,5,1,26,1,7,8,715,1700,28,18,90,"H3,",0.11025408348457351,0.7341065292096219,,,743,1718
403,403,5,1,26,1,7,9,746,1700,61,21,93,influ-,0.11743799153055051,0.7347508591065293,,,807,1721
404,404,4,1,26,1,8,0,225,1732,582,23,-1,,0.0780399274047187,0.748926116838488,,,807,1755
405,405,5,1,26,1,8,1,225,1737,49,14,92,enza,0.037734422262552934,0.7491408934707904,,,274,1751
406,406,5,1,26,1,8,2,283,1732,82,23,93,subtype,0.04900181488203267,0.748926116838488,,,365,1755
407,407,5,1,26,1,8,3,373,1732,34,22,88,"H5,",0.05898366606170599,0.7487113402061856,,,407,1754
408,408,5,1,26,1,8,4,417,1732,90,19,96,Eurasian,0.06987295825771325,0.7480670103092784,,,507,1751
409,409,5,1,26,1,8,5,517,1732,92,19,96,influenza,0.08514821536600121,0.7480670103092784,,,609,1751
410,410,5,1,26,1,8,6,618,1732,81,23,93,subtype,0.09959165154264973,0.748926116838488,,,699,1755
411,411,5,1,26,1,8,7,708,1732,34,22,92,"H7,",0.10964912280701754,0.7487113402061856,,,742,1754
412,412,5,1,26,1,8,8,751,1732,56,19,96,North,0.11781609195402298,0.7480670103092784,,,807,1751
413,413,2,1,27,0,0,0,316,1394,1130,21,-1,,0.13324258923169993,0.603307560137457,,,1446,1415
414,414,3,1,27,1,0,0,316,1394,1130,21,-1,,0.13324258923169993,0.603307560137457,,,1446,1415
415,415,4,1,27,1,1,0,316,1394,1130,21,-1,,0.13324258923169993,0.603307560137457,,,1446,1415
416,416,5,1,27,1,1,1,316,1394,204,21,95,COMPOSITIONS,0.06321839080459771,0.603307560137457,title_line_1,COMPOSITIONS,520,1415
417,417,5,1,27,1,1,2,529,1395,56,20,96,AND,0.08424077434966727,0.6035223367697594,title_line_1,AND,585,1415
418,418,5,1,27,1,1,3,595,1394,112,21,96,METHODS,0.0984573502722323,0.603307560137457,title_line_1,METHODS,707,1415
419,419,5,1,27,1,1,4,710,1394,79,21,96,FOR,0.1133545069570478,0.603307560137457,title_line_1,FOR,789,1415
420,420,5,1,27,1,1,5,799,1394,150,21,95,DETECTION,0.13218390804597702,0.603307560137457,title_line_1,DETECTION,949,1415
421,421,5,1,27,1,1,6,958,1395,36,20,96,AND,0.14761040532365396,0.6035223367697594,title_line_1,AND,994,1415
422,422,5,1,27,1,1,7,998,1394,244,21,96,DISCRIMINATION,0.1693889897156685,0.603307560137457,title_line_1,DISCRIMINATION,1242,1415
423,423,5,1,27,1,1,8,1253,1394,34,21,96,OF,0.19207501512401695,0.603307560137457,title_line_1,OF,1287,1415
424,424,5,1,27,1,1,9,1297,1395,149,20,96,INFLUENZA,0.2074258923169994,0.6035223367697594,title_line_1,INFLUENZA,1446,1415
425,425,2,1,28,0,0,0,883,1503,584,215,-1,,0.17770719903206292,0.6917955326460481,,,1467,1718
426,426,3,1,28,1,0,0,883,1503,584,215,-1,,0.17770719903206292,0.6917955326460481,,,1467,1718
427,427,4,1,28,1,1,0,883,1503,583,23,-1,,0.17763157894736842,0.6505584192439863,,,1466,1526
428,428,5,1,28,1,1,1,883,1503,100,18,96,American,0.1411070780399274,0.6494845360824743,,,983,1521
429,429,5,1,28,1,1,2,996,1503,92,18,95,influenza,0.15759225650332728,0.6494845360824743,,,1088,1521
430,430,5,1,28,1,1,3,1099,1503,83,23,93,subtype,0.17248941318814276,0.6505584192439863,,,1182,1526
431,431,5,1,28,1,1,4,1193,1503,34,21,93,"H7,",0.18300060496067755,0.6501288659793815,inventor_line_1,"KITCHEL,",1227,1524
432,432,5,1,28,1,1,5,1239,1503,58,18,95,and/or,0.19177253478523895,0.6494845360824743,,,1297,1521
433,433,5,1,28,1,1,6,1299,1503,111,18,93,influenza,0.20485480943738657,0.6494845360824743,,,1410,1521
434,434,5,1,28,1,1,7,1421,1503,45,18,92,sub-,0.21831518451300666,0.6494845360824743,,,1466,1521
435,435,4,1,28,1,2,0,884,1536,582,23,-1,,0.17770719903206292,0.664733676975945,,,1466,1559
436,436,5,1,28,1,2,1,884,1536,43,23,93,type,0.13694797338173018,0.664733676975945,,,927,1559
437,437,5,1,28,1,2,2,938,1536,36,22,92,H9),0.14458560193587416,0.6645189003436426,,,974,1558
438,438,5,1,28,1,2,3,985,1536,78,23,96,present,0.15486993345432548,0.664733676975945,,,1063,1559
439,439,5,1,28,1,2,4,1073,1536,15,18,94,in,0.16341500302480338,0.663659793814433,,,1088,1554
440,440,5,1,28,1,2,5,1099,1540,12,14,94,a,0.16712038717483363,0.6645189003436426,,,1111,1554
441,441,5,1,28,1,2,6,1121,1536,81,23,96,sample.,0.17566545674531156,0.664733676975945,,,1202,1559
442,442,5,1,28,1,2,7,1214,1536,73,18,96,Probes,0.18912583182093165,0.663659793814433,,,1287,1554
443,443,5,1,28,1,2,8,1297,1536,38,18,96,and,0.19903206291591047,0.663659793814433,,,1335,1554
444,444,5,1,28,1,2,9,1346,1536,77,23,96,primers,0.20939201451905626,0.664733676975945,,,1423,1559
445,445,5,1,28,1,2,10,1433,1540,33,14,96,are,0.2192226255293406,0.6645189003436426,,,1466,1554
446,446,4,1,28,1,3,0,885,1569,582,23,-1,,0.17785843920145192,0.6789089347079038,,,1467,1592
447,447,5,1,28,1,3,1,885,1569,88,23,96,provided,0.14050211736237145,0.6789089347079038,,,973,1592
448,448,5,1,28,1,3,2,987,1569,63,18,96,herein,0.15403811252268604,0.6778350515463918,,,1050,1587
449,449,5,1,28,1,3,3,1061,1569,40,18,96,that,0.16349062310949788,0.6778350515463918,,,1101,1587
450,450,5,1,28,1,3,4,1112,1569,65,23,96,permit,0.17309437386569873,0.6789089347079038,,,1177,1592
451,451,5,1,28,1,3,5,1187,1569,32,18,96,the,0.18194192377495463,0.6778350515463918,,,1219,1587
452,452,5,1,28,1,3,6,1231,1569,50,23,96,rapid,0.1899576527525711,0.6789089347079038,,,1281,1592
453,453,5,1,28,1,3,7,1293,1569,95,18,96,detection,0.2027374470659407,0.6778350515463918,,,1388,1587
454,454,5,1,28,1,3,8,1401,1569,66,18,96,and/or,0.21687840290381125,0.6778350515463918,,,1467,1587
455,455,4,1,28,1,4,0,884,1602,581,23,-1,,0.17763157894736842,0.6930841924398625,,,1465,1625
456,456,5,1,28,1,4,1,884,1602,144,18,96,discrimination,0.14458560193587416,0.6920103092783505,,,1028,1620
457,457,5,1,28,1,4,2,1035,1602,20,18,96,of,0.15804597701149425,0.6920103092783505,,,1055,1620
458,458,5,1,28,1,4,3,1062,1602,93,18,96,influenza,0.1676497277676951,0.6920103092783505,,,1155,1620
459,459,5,1,28,1,4,4,1162,1602,49,18,96,virus,0.1794464609800363,0.6920103092783505,,,1211,1620
460,460,5,1,28,1,4,5,1219,1602,81,23,96,subtype,0.19048699334543254,0.6930841924398625,,,1300,1625
461,461,5,1,28,1,4,6,1309,1602,72,18,96,nucleic,0.20341802782819116,0.6920103092783505,,,1381,1620
462,462,5,1,28,1,4,7,1388,1602,54,18,96,acids,0.21400483968542044,0.6920103092783505,inventor_line_1,Davis,1442,1620
463,463,5,1,28,1,4,8,1450,1602,15,18,96,in,0.22043254688445252,0.6920103092783505,,,1465,1620
464,464,4,1,28,1,5,0,884,1634,581,23,-1,,0.17763157894736842,0.7068298969072165,,,1465,1657
465,465,5,1,28,1,5,1,884,1634,99,23,91,asample.,0.1411826981246219,0.7068298969072165,,,983,1657
466,466,5,1,28,1,5,2,992,1634,82,19,96,Devices,0.15623109497882637,0.7059707903780069,,,1074,1653
467,467,5,1,28,1,5,3,1080,1634,56,23,96,(such,0.1675741076830006,0.7068298969072165,,,1136,1657
468,468,5,1,28,1,5,4,1144,1639,23,14,96,as,0.17475801572897762,0.7070446735395189,,,1167,1653
469,469,5,1,28,1,5,5,1174,1639,64,18,96,arrays),0.1823956442831216,0.7079037800687286,,,1238,1657
470,470,5,1,28,1,5,6,1241,1634,49,23,96,and,0.19139443436176648,0.7068298969072165,,,1290,1657
471,471,5,1,28,1,5,7,1299,1634,32,19,96,kits,0.19888082274652147,0.7059707903780069,,,1331,1653
472,472,5,1,28,1,5,8,1337,1634,28,19,96,for,0.2043254688445251,0.7059707903780069,,,1365,1653
473,473,5,1,28,1,5,9,1371,1634,94,19,96,detection,0.21445856019358742,0.7059707903780069,,,1465,1653
474,474,4,1,28,1,6,0,884,1667,583,23,-1,,0.17778281911675742,0.7210051546391752,,,1467,1690
475,475,5,1,28,1,6,1,884,1667,67,18,94,and/or,0.13876285541439806,0.7199312714776632,,,951,1685
476,476,5,1,28,1,6,2,959,1667,144,18,96,discrimination,0.1559286146400484,0.7199312714776632,,,1103,1685
477,477,5,1,28,1,6,3,1113,1672,12,13,96,of,0.1692377495462795,0.7210051546391752,,,1125,1685
478,478,5,1,28,1,6,4,1126,1667,108,18,96,influenza,0.17846339987900786,0.7199312714776632,,,1234,1685
479,479,5,1,28,1,6,5,1244,1667,49,18,96,virus,0.19184815486993345,0.7199312714776632,,,1293,1685
480,480,5,1,28,1,6,6,1302,1667,82,23,96,subtype,0.20311554748941318,0.7210051546391752,,,1384,1690
481,481,5,1,28,1,6,7,1394,1667,73,18,96,nucleic,0.21634906231094977,0.7199312714776632,,,1467,1685
482,482,4,1,28,1,7,0,884,1700,331,18,-1,,0.1587265577737447,0.7341065292096219,,,1215,1718
483,483,5,1,28,1,7,1,884,1700,54,18,96,acids,0.13777979431336962,0.7341065292096219,,,938,1718
484,484,5,1,28,1,7,2,946,1704,33,14,96,are,0.1455686630369026,0.7349656357388317,,,979,1718
485,485,5,1,28,1,7,3,988,1700,42,18,96,also,0.15260133091349062,0.7341065292096219,,,1030,1718
486,486,5,1,28,1,7,4,1038,1700,97,18,96,disclosed,0.16432244404113733,0.7341065292096219,,,1135,1718
487,487,5,1,28,1,7,5,1145,1700,70,18,96,herein.,0.17846339987900786,0.7341065292096219,,,1215,1718
488,488,2,1,29,0,0,0,716,2270,259,16,-1,,0.1278735632183908,0.9785223367697594,,,975,2286
489,489,3,1,29,1,0,0,716,2270,259,16,-1,,0.1278735632183908,0.9785223367697594,,,975,2286
490,490,4,1,29,1,1,0,716,2270,259,16,-1,,0.1278735632183908,0.9785223367697594,,,975,2286
491,491,5,1,29,1,1,1,716,2270,49,12,96,Printed,0.11199334543254688,0.9776632302405498,,,765,2282
492,492,5,1,29,1,1,2,771,2270,15,16,96,by,0.1177404718693285,0.9785223367697594,,,786,2286
493,493,5,1,29,1,1,3,792,2270,45,14,96,"Jouve,",0.12318511796733213,0.9780927835051546,,,837,2284
494,494,5,1,29,1,1,4,843,2270,41,12,96,75001,0.13059588626739263,0.9776632302405498,,,884,2282
495,495,5,1,29,1,1,5,893,2270,46,12,96,PARIS,0.1385359951603146,0.9776632302405498,,,939,2282
496,496,5,1,29,1,1,6,945,2270,30,16,95,(FR),0.14519056261343014,0.9785223367697594,,,975,2286
