,Unnamed: 0,level,page_num,block_num,par_num,line_num,word_num,left,top,width,height,conf,text,x,y,label,target,right,bottom
0,0,1,1,0,0,0,0,0,0,1653,2328,-1,,0.125,0.5,,,1653,2328
1,1,2,1,1,0,0,0,144,1905,31,328,-1,,0.02412280701754386,0.8887457044673539,,,175,2233
2,2,3,1,1,1,0,0,144,1905,31,328,-1,,0.02412280701754386,0.8887457044673539,,,175,2233
3,3,4,1,1,1,1,0,144,1905,31,328,-1,,0.02412280701754386,0.8887457044673539,,,175,2233
4,4,5,1,1,1,1,1,144,2179,30,54,95,EP,0.024047186932849365,0.947594501718213,number,EP,174,2233
5,5,5,1,1,1,1,2,144,2142,31,21,96,3,0.02412280701754386,0.9246134020618557,number,3,175,2163
6,6,5,1,1,1,1,3,144,2061,31,65,94,401,0.02412280701754386,0.8992697594501718,number,401,175,2126
7,7,5,1,1,1,1,4,144,1967,31,72,88,824,0.02412280701754386,0.8603951890034365,number,824,175,2039
8,8,5,1,1,1,1,5,144,1905,30,50,88,A1,0.024047186932849365,0.8290378006872853,number,A1,174,1955
9,9,2,1,2,0,0,0,429,170,71,41,-1,,0.07025105868118572,0.0818298969072165,,,500,211
10,10,3,1,2,1,0,0,429,170,71,41,-1,,0.07025105868118572,0.0818298969072165,,,500,211
11,11,4,1,2,1,1,0,429,170,71,11,-1,,0.07025105868118572,0.07538659793814433,,,500,181
12,12,5,1,2,1,1,1,429,170,71,11,96,Patentamt,0.07025105868118572,0.07538659793814433,,,500,181
13,13,4,1,2,1,2,0,429,196,63,15,-1,,0.06964609800362977,0.08741408934707903,,,492,211
14,14,5,1,2,1,2,1,429,196,63,15,95,European,0.06964609800362977,0.08741408934707903,,,492,211
15,15,2,1,3,0,0,0,429,212,89,12,-1,,0.07161222020568662,0.0936426116838488,,,518,224
16,16,3,1,3,1,0,0,429,212,89,12,-1,,0.07161222020568662,0.0936426116838488,,,518,224
17,17,4,1,3,1,1,0,429,212,89,12,-1,,0.07161222020568662,0.0936426116838488,,,518,224
18,18,5,1,3,1,1,1,429,213,43,11,97,Patent,0.06813369630973987,0.0938573883161512,,,472,224
19,19,5,1,3,1,1,2,478,212,40,12,96,Office,0.07531760435571688,0.0936426116838488,,,518,224
20,20,2,1,4,0,0,0,225,239,1235,209,-1,,0.12741984271022383,0.14755154639175258,,,1460,448
21,21,3,1,4,1,0,0,225,239,1235,209,-1,,0.12741984271022383,0.14755154639175258,,,1460,448
22,22,4,1,4,1,1,0,429,239,1031,44,-1,,0.14284633998790078,0.11211340206185567,,,1460,283
23,23,5,1,4,1,1,1,429,239,109,28,43,sic,0.07312462189957653,0.10867697594501718,,,538,267
24,24,5,1,4,1,1,2,1002,256,44,27,53,(1),0.15486993345432548,0.11576460481099657,,,1046,283
25,25,5,1,4,1,1,3,1146,245,52,32,45,EP,0.17725347852389595,0.11211340206185567,,,1198,277
26,26,5,1,4,1,1,4,1214,245,98,32,68,3.401,0.191016333938294,0.11211340206185567,,,1312,277
27,27,5,1,4,1,1,5,1332,245,68,32,68,824,0.20659407138535996,0.11211340206185567,,,1400,277
28,28,5,1,4,1,1,6,1413,245,47,32,82,At,0.21725650332728372,0.11211340206185567,,,1460,277
29,29,4,1,4,1,2,0,225,319,889,31,-1,,0.10125529340592862,0.14368556701030927,,,1114,350
30,30,5,1,4,1,2,1,225,324,45,26,96,(12),0.037431941923774956,0.14475945017182132,,,270,350
31,31,5,1,4,1,2,2,577,319,156,26,95,EUROPEAN,0.09906231094978826,0.14261168384879724,,,733,345
32,32,5,1,4,1,2,3,735,320,135,24,95,PATENT,0.12137023593466424,0.14261168384879724,,,870,344
33,33,5,1,4,1,2,4,873,319,241,26,96,APPLICATION,0.1502571082879613,0.14261168384879724,,,1114,345
34,34,4,1,4,1,3,0,225,395,763,26,-1,,0.09172716273442226,0.17525773195876287,,,988,421
35,35,5,1,4,1,3,1,225,395,45,26,95,(43),0.037431941923774956,0.17525773195876287,,,270,421
36,36,5,1,4,1,3,2,286,397,48,18,95,Date,0.04688445251058681,0.17439862542955326,,,334,415
37,37,5,1,4,1,3,3,342,397,20,18,96,of,0.05323653962492438,0.17439862542955326,,,362,415
38,38,5,1,4,1,3,4,370,397,117,23,96,publication:,0.0648064125831821,0.17547250859106528,,,487,420
39,39,5,1,4,1,3,5,862,395,44,26,78,(61),0.1336963097398669,0.17525773195876287,,,906,421
40,40,5,1,4,1,3,6,923,397,25,18,91,Int,0.1414851784633999,0.17439862542955326,,,948,415
41,41,5,1,4,1,3,7,955,397,33,18,73,CL:,0.14692982456140352,0.17439862542955326,,,988,415
42,42,4,1,4,1,4,0,287,425,832,23,-1,,0.10632183908045977,0.1875,,,1119,448
43,43,5,1,4,1,4,1,287,430,116,18,96,14.11.2018,0.052177858439201454,0.18857388316151202,publication_date,14.11.2018,403,448
44,44,5,1,4,1,4,2,426,430,84,18,96,Bulletin,0.07078039927404718,0.18857388316151202,,,510,448
45,45,5,1,4,1,4,3,519,430,84,18,96,2018/46,0.08484573502722323,0.18857388316151202,,,603,448
46,46,5,1,4,1,4,4,923,428,60,18,76,GOGF,0.1441318814277072,0.1877147766323024,class_international,GO6F,983,446
47,47,5,1,4,1,4,5,989,428,57,18,85,21151,0.15388687235329704,0.1877147766323024,class_international,21/51,1046,446
48,48,5,1,4,1,4,6,1052,425,67,16,73,(7013.00),0.16417120387174833,0.18599656357388317,,,1119,441
49,49,2,1,5,0,0,0,281,136,274,150,-1,,0.06321839080459771,0.09063573883161512,,,555,286
50,50,3,1,5,1,0,0,281,136,274,150,-1,,0.06321839080459771,0.09063573883161512,,,555,286
51,51,4,1,5,1,1,0,281,136,274,150,-1,,0.06321839080459771,0.09063573883161512,,,555,286
52,52,5,1,5,1,1,1,281,136,274,150,95, ,0.06321839080459771,0.09063573883161512,,,555,286
53,53,2,1,6,0,0,0,225,493,402,26,-1,,0.06442831215970962,0.21735395189003437,,,627,519
54,54,3,1,6,1,0,0,225,493,402,26,-1,,0.06442831215970962,0.21735395189003437,,,627,519
55,55,4,1,6,1,1,0,225,493,402,26,-1,,0.06442831215970962,0.21735395189003437,,,627,519
56,56,5,1,6,1,1,1,225,493,45,26,96,(21),0.037431941923774956,0.21735395189003437,,,270,519
57,57,5,1,6,1,1,2,285,495,115,23,96,Application,0.051799758015728975,0.21756872852233677,,,400,518
58,58,5,1,6,1,1,3,410,495,83,18,93,number:,0.06828493647912885,0.21649484536082475,,,493,513
59,59,5,1,6,1,1,4,505,495,122,18,92,18179497.5,0.08560193587416817,0.21649484536082475,application_number,18179497.5,627,513
60,60,2,1,7,0,0,0,225,559,325,26,-1,,0.05860556563823351,0.24570446735395188,,,550,585
61,61,3,1,7,1,0,0,225,559,325,26,-1,,0.05860556563823351,0.24570446735395188,,,550,585
62,62,4,1,7,1,1,0,225,559,325,26,-1,,0.05860556563823351,0.24570446735395188,,,550,585
63,63,5,1,7,1,1,1,225,559,45,26,96,(22),0.037431941923774956,0.24570446735395188,,,270,585
64,64,5,1,7,1,1,2,286,561,48,18,96,Date,0.04688445251058681,0.24484536082474226,,,334,579
65,65,5,1,7,1,1,3,342,566,12,13,96,of,0.05263157894736842,0.24591924398625428,,,354,579
66,66,5,1,7,1,1,4,355,561,67,23,94,filing:,0.058756805807622506,0.24591924398625428,,,422,584
67,67,5,1,7,1,1,5,432,561,118,18,94,06.05.2009,0.07425892316999395,0.24484536082474226,filing_date,06.05.2009,550,579
68,68,2,1,8,0,0,0,224,613,1243,4,-1,,0.1278735632183908,0.26417525773195877,,,1467,617
69,69,3,1,8,1,0,0,224,613,1243,4,-1,,0.1278735632183908,0.26417525773195877,,,1467,617
70,70,4,1,8,1,1,0,224,613,1243,4,-1,,0.1278735632183908,0.26417525773195877,,,1467,617
71,71,5,1,8,1,1,1,224,613,1243,4,95, ,0.1278735632183908,0.26417525773195877,,,1467,617
72,72,2,1,9,0,0,0,225,631,1219,578,-1,,0.12620992135511191,0.3951890034364261,,,1444,1209
73,73,3,1,9,1,0,0,225,631,1219,578,-1,,0.12620992135511191,0.3951890034364261,,,1444,1209
74,74,4,1,9,1,1,0,225,631,908,27,-1,,0.10269207501512402,0.2768470790378007,,,1133,658
75,75,5,1,9,1,1,1,225,631,45,27,96,(84),0.037431941923774956,0.2768470790378007,,,270,658
76,76,5,1,9,1,1,2,286,633,118,23,96,Designated,0.052177858439201454,0.2768470790378007,,,404,656
77,77,5,1,9,1,1,3,413,633,119,23,96,Contracting,0.07146098003629764,0.2768470790378007,,,532,656
78,78,5,1,9,1,1,4,542,633,71,19,96,States:,0.08734119782214156,0.2759879725085911,,,613,652
79,79,5,1,9,1,1,5,898,639,7,7,44,Â¢,0.13634301270417423,0.2759879725085911,,,905,646
80,80,5,1,9,1,1,6,923,633,80,22,91,"Harren,",0.1456442831215971,0.2766323024054983,,,1003,655
81,81,5,1,9,1,1,7,1013,633,93,19,93,Matthew,0.1602389594676346,0.2759879725085911,,,1106,652
82,82,5,1,9,1,1,8,1114,633,19,19,91,T.,0.16991833030852996,0.2759879725085911,,,1133,652
83,83,4,1,9,1,2,0,285,666,1054,23,-1,,0.12280701754385964,0.29102233676975947,,,1339,689
84,84,5,1,9,1,2,1,285,666,31,18,81,AT,0.04544767090139141,0.28994845360824745,,,316,684
85,85,5,1,9,1,2,2,324,666,31,18,81,BE,0.05134603750756201,0.28994845360824745,,,355,684
86,86,5,1,9,1,2,3,364,666,33,18,93,BG,0.057546884452510584,0.28994845360824745,,,397,684
87,87,5,1,9,1,2,4,406,666,31,18,96,CH,0.06374773139745916,0.28994845360824745,,,437,684
88,88,5,1,9,1,2,5,447,666,31,18,96,CY,0.06994857834240774,0.28994845360824745,,,478,684
89,89,5,1,9,1,2,6,486,666,30,18,95,CZ,0.07577132486388385,0.28994845360824745,,,516,684
90,90,5,1,9,1,2,7,525,666,30,18,94,DE,0.08166969147005444,0.28994845360824745,,,555,684
91,91,5,1,9,1,2,8,565,666,32,18,49,DK,0.08787053841500303,0.28994845360824745,,,597,684
92,92,5,1,9,1,2,9,605,666,29,18,49,EE,0.09369328493647913,0.28994845360824745,,,634,684
93,93,5,1,9,1,2,10,644,666,29,18,74,ES,0.09959165154264973,0.28994845360824745,,,673,684
94,94,5,1,9,1,2,11,682,666,142,18,84,FIFRGBGR,0.11388384754990925,0.28994845360824745,,,824,684
95,95,5,1,9,1,2,12,923,666,102,18,96,Mountain,0.147307924984876,0.28994845360824745,,,1025,684
96,96,5,1,9,1,2,13,1033,666,55,18,96,"View,",0.16039019963702358,0.28994845360824745,,,1088,684
97,97,5,1,9,1,2,14,1090,666,120,22,96,California,0.17392619479733817,0.29080756013745707,,,1210,688
98,98,5,1,9,1,2,15,1219,666,65,18,96,94043,0.18927707199032062,0.28994845360824745,,,1284,684
99,99,5,1,9,1,2,16,1292,666,47,23,96,(US),0.19895644283121597,0.29102233676975947,,,1339,689
100,100,4,1,9,1,3,0,286,699,862,23,-1,,0.10843920145190562,0.30519759450171824,,,1148,722
101,101,5,1,9,1,3,1,286,699,33,18,93,HR,0.04575015124016939,0.30412371134020616,,,319,717
102,102,5,1,9,1,3,2,327,699,13,18,84,HU,0.05043859649122807,0.30412371134020616,,,340,717
103,103,5,1,9,1,3,3,344,699,43,18,80,IE,0.05527828191167574,0.30412371134020616,,,387,717
104,104,5,1,9,1,3,4,396,699,20,18,80,IS,0.06140350877192982,0.30412371134020616,,,416,717
105,105,5,1,9,1,3,5,425,699,81,18,87,ITLILT,0.07040229885057471,0.30412371134020616,,,506,717
106,106,5,1,9,1,3,6,514,699,29,18,91,LU,0.07993042952208107,0.30412371134020616,,,543,717
107,107,5,1,9,1,3,7,552,699,29,18,91,LV,0.08567755595886267,0.30412371134020616,,,581,717
108,108,5,1,9,1,3,8,589,699,34,18,94,MC,0.09165154264972777,0.30412371134020616,,,623,717
109,109,5,1,9,1,3,9,632,699,35,18,96,MK,0.09823049001814882,0.30412371134020616,,,667,717
110,110,5,1,9,1,3,10,675,699,33,18,95,MT,0.10458257713248639,0.30412371134020616,,,708,717
111,111,5,1,9,1,3,11,716,699,29,18,93,NL,0.11048094373865698,0.30412371134020616,,,745,717
112,112,5,1,9,1,3,12,754,699,33,18,94,NO,0.11653055051421658,0.30412371134020616,,,787,717
113,113,5,1,9,1,3,13,795,699,28,18,94,PL,0.12235329703569268,0.30412371134020616,,,823,717
114,114,5,1,9,1,3,14,898,704,7,8,54,Â¢,0.13634301270417423,0.30412371134020616,,,905,712
115,115,5,1,9,1,3,15,923,699,123,23,91,"Papakipos,",0.14889594676346038,0.30519759450171824,,,1046,722
116,116,5,1,9,1,3,16,1056,699,92,18,96,Matthew,0.16666666666666666,0.30412371134020616,,,1148,717
117,117,4,1,9,1,4,0,286,732,1053,23,-1,,0.12288263762855414,0.31937285223367695,,,1339,755
118,118,5,1,9,1,4,1,286,732,29,18,96,PT,0.04544767090139141,0.31829896907216493,,,315,750
119,119,5,1,9,1,4,2,323,732,33,18,95,RO,0.05134603750756201,0.31829896907216493,,,356,750
120,120,5,1,9,1,4,3,365,732,30,18,95,SE,0.05747126436781609,0.31829896907216493,,,395,750
121,121,5,1,9,1,4,4,404,732,61,18,33,SISK,0.06571385359951604,0.31829896907216493,,,465,750
122,122,5,1,9,1,4,5,472,732,31,18,33,TR,0.07372958257713248,0.31829896907216493,,,503,750
123,123,5,1,9,1,4,6,923,732,102,18,96,Mountain,0.147307924984876,0.31829896907216493,,,1025,750
124,124,5,1,9,1,4,7,1033,732,55,18,96,"View,",0.16039019963702358,0.31829896907216493,,,1088,750
125,125,5,1,9,1,4,8,1090,732,120,22,96,California,0.17392619479733817,0.31915807560137455,,,1210,754
126,126,5,1,9,1,4,9,1219,732,65,18,96,94043,0.18927707199032062,0.31829896907216493,,,1284,750
127,127,5,1,9,1,4,10,1292,732,47,23,96,(US),0.19895644283121597,0.31937285223367695,,,1339,755
128,128,4,1,9,1,5,0,898,765,183,21,-1,,0.14965214761040532,0.3331185567010309,,,1081,786
129,129,5,1,9,1,5,1,898,770,7,8,28,*,0.13634301270417423,0.3324742268041237,,,905,778
130,130,5,1,9,1,5,2,922,765,57,21,96,"Sehr,",0.14375378100423472,0.3331185567010309,,,979,786
131,131,5,1,9,1,5,3,989,765,62,18,92,David,0.1542649727767695,0.3324742268041237,,,1051,783
132,132,5,1,9,1,5,4,1060,765,21,18,87,C.,0.1619026013309135,0.3324742268041237,,,1081,783
133,133,4,1,9,1,6,0,225,795,1114,27,-1,,0.11826981246218995,0.3472938144329897,,,1339,822
134,134,5,1,9,1,6,1,225,795,45,27,96,(30),0.037431941923774956,0.3472938144329897,,,270,822
135,135,5,1,9,1,6,2,286,797,77,23,96,Priority:,0.04907743496672716,0.3472938144329897,,,363,820
136,136,5,1,9,1,6,3,383,797,118,19,94,08.05.2008,0.06684815486993345,0.34643470790378006,priority_date_eu,08.05.2008,501,816
137,137,5,1,9,1,6,4,520,797,30,19,96,US,0.0809134906231095,0.34643470790378006,,,550,816
138,138,5,1,9,1,6,5,560,797,77,19,96,117634,0.09051724137931035,0.34643470790378006,,,637,816
139,139,5,1,9,1,6,6,923,797,102,19,96,Mountain,0.147307924984876,0.34643470790378006,,,1025,816
140,140,5,1,9,1,6,7,1033,797,55,19,96,"View,",0.16039019963702358,0.34643470790378006,,,1088,816
141,141,5,1,9,1,6,8,1090,797,120,23,96,California,0.17392619479733817,0.3472938144329897,,,1210,820
142,142,5,1,9,1,6,9,1219,797,65,19,96,94043,0.18927707199032062,0.34643470790378006,,,1284,816
143,143,5,1,9,1,6,10,1292,797,47,23,96,(US),0.19895644283121597,0.3472938144329897,,,1339,820
144,144,4,1,9,1,7,0,898,830,187,22,-1,,0.1499546279491833,0.36125429553264604,,,1085,852
145,145,5,1,9,1,7,1,898,835,7,8,42,+,0.13634301270417423,0.3603951890034364,,,905,843
146,146,5,1,9,1,7,2,921,830,48,22,96,"Yee,",0.14292196007259528,0.36125429553264604,,,969,852
147,147,5,1,9,1,7,3,978,830,79,18,93,Bennet,0.15388687235329704,0.3603951890034364,,,1057,848
148,148,5,1,9,1,7,4,1065,830,20,18,91,S.,0.16258318209316394,0.3603951890034364,,,1085,848
149,149,4,1,9,1,8,0,225,861,1114,26,-1,,0.11826981246218995,0.3754295532646048,,,1339,887
150,150,5,1,9,1,8,1,225,861,45,26,96,(62),0.037431941923774956,0.3754295532646048,,,270,887
151,151,5,1,9,1,8,2,286,863,107,18,96,Document,0.05134603750756201,0.3745704467353952,,,393,881
152,152,5,1,9,1,8,3,402,863,105,23,96,number(s),0.06873865698729582,0.3756443298969072,,,507,886
153,153,5,1,9,1,8,4,516,863,20,18,96,of,0.07955232909860858,0.3745704467353952,,,536,881
154,154,5,1,9,1,8,5,542,863,32,18,96,the,0.08439201451905626,0.3745704467353952,,,574,881
155,155,5,1,9,1,8,6,583,863,65,18,96,earlier,0.09308832425892317,0.3745704467353952,,,648,881
156,156,5,1,9,1,8,7,655,863,140,23,94,application(s),0.10964912280701754,0.3756443298969072,,,795,886
157,157,5,1,9,1,8,8,805,863,16,18,96,in,0.12295825771324864,0.3745704467353952,,,821,881
158,158,5,1,9,1,8,9,923,863,102,18,96,Mountain,0.147307924984876,0.3745704467353952,,,1025,881
159,159,5,1,9,1,8,10,1033,863,55,18,96,"View,",0.16039019963702358,0.3745704467353952,,,1088,881
160,160,5,1,9,1,8,11,1090,863,120,22,96,California,0.17392619479733817,0.3754295532646048,,,1210,885
161,161,5,1,9,1,8,12,1219,863,65,18,96,94043,0.18927707199032062,0.3745704467353952,,,1284,881
162,162,5,1,9,1,8,13,1292,863,47,23,96,(US),0.19895644283121597,0.3756443298969072,,,1339,886
163,163,4,1,9,1,9,0,286,895,308,19,-1,,0.06654567453115548,0.38853092783505155,,,594,914
164,164,5,1,9,1,9,1,286,895,109,19,96,accordance,0.051497277676950996,0.38853092783505155,,,395,914
165,165,5,1,9,1,9,2,395,895,60,19,96,with,0.06427707199032062,0.38853092783505155,,,455,914
166,166,5,1,9,1,9,3,464,895,35,19,96,Art.,0.07282214156079855,0.38853092783505155,,,499,914
167,167,5,1,9,1,9,4,508,895,25,19,96,76,0.07872050816696914,0.38853092783505155,,,533,914
168,168,5,1,9,1,9,5,542,895,52,19,96,EPC:,0.08590441621294616,0.38853092783505155,,,594,914
169,169,4,1,9,1,10,0,286,927,984,26,-1,,0.117664851784634,0.40378006872852235,,,1270,953
170,170,5,1,9,1,10,1,286,929,124,18,92,09743550.7,0.05263157894736842,0.4029209621993127,,,410,947
171,171,5,1,9,1,10,2,417,929,7,18,90,/,0.06359649122807018,0.4029209621993127,,,424,947
172,172,5,1,9,1,10,3,432,929,11,18,94,2,0.066167574107683,0.4029209621993127,,,443,947
173,173,5,1,9,1,10,4,452,929,34,18,92,281,0.07093163944343618,0.4029209621993127,,,486,947
174,174,5,1,9,1,10,5,498,929,38,18,93,234,0.07819116757410768,0.4029209621993127,,,536,947
175,175,5,1,9,1,10,6,862,927,44,26,93,(74),0.1336963097398669,0.40378006872852235,,,906,953
176,176,5,1,9,1,10,7,923,929,163,23,93,Representative:,0.15192075015124018,0.40399484536082475,,,1086,952
177,177,5,1,9,1,10,8,1096,929,72,18,92,Betten,0.17120387174833634,0.4029209621993127,representative_line_1_eu,Betten,1168,947
178,178,5,1,9,1,10,9,1177,929,15,18,92,&,0.1791439806412583,0.4029209621993127,representative_line_1_eu,&,1192,947
179,179,5,1,9,1,10,10,1202,929,68,18,96,Resch,0.1869328493647913,0.4029209621993127,representative_line_1_eu,Resch,1270,947
180,180,4,1,9,1,11,0,923,961,427,19,-1,,0.17188445251058682,0.4168814432989691,,,1350,980
181,181,5,1,9,1,11,1,923,961,78,19,92,Patent-,0.1454930429522081,0.4168814432989691,,,1001,980
182,182,5,1,9,1,11,2,1010,961,41,19,93,und,0.1558529945553539,0.4168814432989691,,,1051,980
183,183,5,1,9,1,11,3,1061,961,164,19,80,Rechtsanwalte,0.17286751361161526,0.4168814432989691,,,1225,980
184,184,5,1,9,1,11,4,1235,961,115,19,84,PartGmbB,0.1954779189352692,0.4168814432989691,,,1350,980
185,185,4,1,9,1,12,0,225,992,918,26,-1,,0.10344827586206896,0.43170103092783507,,,1143,1018
186,186,5,1,9,1,12,1,225,992,45,26,96,(71),0.037431941923774956,0.43170103092783507,,,270,1018
187,187,5,1,9,1,12,2,285,994,103,23,96,Applicant:,0.05089231699939504,0.4319158075601375,,,388,1017
188,188,5,1,9,1,12,3,396,994,82,23,96,Google,0.06609195402298851,0.4319158075601375,applicant_line_1,Google,478,1017
189,189,5,1,9,1,12,4,487,994,43,18,96,LLC,0.07690562613430127,0.43084192439862545,applicant_line_1,LLC,530,1012
190,190,5,1,9,1,12,5,923,994,187,23,92,Maximiliansplatz,0.15373563218390804,0.4319158075601375,,,1110,1017
191,191,5,1,9,1,12,6,1119,994,24,18,96,14,0.17105263157894737,0.43084192439862545,,,1143,1012
192,192,4,1,9,1,13,0,286,1027,867,23,-1,,0.1088173018753781,0.44609106529209624,,,1153,1050
193,193,5,1,9,1,13,1,286,1027,103,18,96,Mountain,0.05104355716878403,0.44501718213058417,,,389,1045
194,194,5,1,9,1,13,2,397,1027,60,22,96,"View,",0.06457955232909861,0.44587628865979384,,,457,1049
195,195,5,1,9,1,13,3,466,1027,33,18,96,CA,0.07297338173018754,0.44501718213058417,,,499,1045
196,196,5,1,9,1,13,4,506,1027,65,18,95,94043,0.08144283121597096,0.44501718213058417,,,571,1045
197,197,5,1,9,1,13,5,580,1027,47,23,96,(US),0.09127344222625529,0.44609106529209624,,,627,1050
198,198,5,1,9,1,13,6,922,1027,64,18,93,80333,0.1442831215970962,0.44501718213058417,,,986,1045
199,199,5,1,9,1,13,7,996,1027,101,18,90,Miinchen,0.15827283726557773,0.44501718213058417,,,1097,1045
200,200,5,1,9,1,13,8,1107,1027,46,23,96,(DE),0.17090139140955837,0.44609106529209624,,,1153,1050
201,201,4,1,9,1,14,0,225,1090,736,26,-1,,0.0896854204476709,0.4737972508591065,,,961,1116
202,202,5,1,9,1,14,1,225,1090,45,26,96,(72),0.037431941923774956,0.4737972508591065,,,270,1116
203,203,5,1,9,1,14,2,287,1092,101,18,96,Inventors:,0.05104355716878403,0.4729381443298969,,,388,1110
204,204,5,1,9,1,14,3,862,1092,99,18,96,Remarks:,0.13785541439806412,0.4729381443298969,,,961,1110
205,205,4,1,9,1,15,0,262,1125,1137,23,-1,,0.12560496067755597,0.4881872852233677,,,1399,1148
206,206,5,1,9,1,15,1,262,1131,7,7,17,*,0.04015426497277677,0.48732817869415807,,,269,1138
207,207,5,1,9,1,15,2,286,1125,56,19,96,"Chen,",0.04748941318814277,0.48732817869415807,inventor_line_1,"Chen,",342,1144
208,208,5,1,9,1,15,3,346,1125,30,22,96,J.,0.05459770114942529,0.4879725085910653,inventor_line_1,J.,376,1147
209,209,5,1,9,1,15,4,386,1125,85,23,96,Bradley,0.0648064125831821,0.4881872852233677,inventor_line_1,Bradley,471,1148
210,210,5,1,9,1,15,5,922,1125,43,19,96,This,0.1426950998185118,0.48732817869415807,,,965,1144
211,211,5,1,9,1,15,6,973,1125,112,23,96,application,0.15562613430127042,0.4881872852233677,,,1085,1148
212,212,5,1,9,1,15,7,1093,1130,42,14,96,was,0.16848154869933454,0.4884020618556701,,,1135,1144
213,213,5,1,9,1,15,8,1142,1125,43,19,96,filed,0.17596793708408953,0.48732817869415807,,,1185,1144
214,214,5,1,9,1,15,9,1193,1130,25,14,96,on,0.1823200241984271,0.4884020618556701,,,1218,1144
215,215,5,1,9,1,15,10,1226,1125,121,19,96,25-06-2018,0.19457047791893528,0.48732817869415807,,,1347,1144
216,216,5,1,9,1,15,11,1356,1130,23,14,95,as,0.20682093163944343,0.4884020618556701,,,1379,1144
217,217,5,1,9,1,15,12,1388,1130,11,14,95,a,0.21075317604355717,0.4884020618556701,,,1399,1144
218,218,4,1,9,1,16,0,286,1158,1158,23,-1,,0.1308227465214761,0.5023625429553265,,,1444,1181
219,219,5,1,9,1,16,1,286,1158,103,18,96,Mountain,0.05104355716878403,0.5012886597938144,,,389,1176
220,220,5,1,9,1,16,2,397,1158,60,22,96,"View,",0.06457955232909861,0.502147766323024,,,457,1180
221,221,5,1,9,1,16,3,466,1158,108,18,96,California,0.07864488808227466,0.5012886597938144,,,574,1176
222,222,5,1,9,1,16,4,582,1158,65,18,95,94043,0.09293708408953417,0.5012886597938144,,,647,1176
223,223,5,1,9,1,16,5,656,1158,47,23,96,(US),0.1027676950998185,0.5023625429553265,,,703,1181
224,224,5,1,9,1,16,6,922,1158,96,18,96,divisional,0.14670296430732002,0.5012886597938144,,,1018,1176
225,225,5,1,9,1,16,7,1027,1158,111,23,96,application,0.16371748336358136,0.5023625429553265,,,1138,1181
226,226,5,1,9,1,16,8,1147,1159,19,17,96,to,0.17490925589836662,0.5015034364261168,,,1166,1176
227,227,5,1,9,1,16,9,1174,1158,31,18,96,the,0.17990018148820328,0.5012886597938144,,,1205,1176
228,228,5,1,9,1,16,10,1214,1158,112,23,96,application,0.19207501512401695,0.5023625429553265,,,1326,1181
229,229,5,1,9,1,16,11,1336,1158,108,18,96,mentioned,0.2102238354506957,0.5012886597938144,,,1444,1176
230,230,4,1,9,1,17,0,923,1191,209,18,-1,,0.15539927404718692,0.5154639175257731,,,1132,1209
231,231,5,1,9,1,17,1,923,1191,59,18,91,under,0.1440562613430127,0.5154639175257731,,,982,1209
232,232,5,1,9,1,17,2,991,1191,45,18,89,INID,0.15328191167574107,0.5154639175257731,,,1036,1209
233,233,5,1,9,1,17,3,1044,1191,50,18,96,code,0.16167574107683,0.5154639175257731,,,1094,1209
234,234,5,1,9,1,17,4,1103,1191,29,18,96,62.,0.16901088929219601,0.5154639175257731,,,1132,1209
235,235,2,1,10,0,0,0,845,614,2,632,-1,,0.1279491833030853,0.39948453608247425,,,847,1246
236,236,3,1,10,1,0,0,845,614,2,632,-1,,0.1279491833030853,0.39948453608247425,,,847,1246
237,237,4,1,10,1,1,0,845,614,2,632,-1,,0.1279491833030853,0.39948453608247425,,,847,1246
238,238,5,1,10,1,1,1,845,614,2,632,95, ,0.1279491833030853,0.39948453608247425,,,847,1246
239,239,2,1,11,0,0,0,224,1243,1243,4,-1,,0.1278735632183908,0.5347938144329897,,,1467,1247
240,240,3,1,11,1,0,0,224,1243,1243,4,-1,,0.1278735632183908,0.5347938144329897,,,1467,1247
241,241,4,1,11,1,1,0,224,1243,1243,4,-1,,0.1278735632183908,0.5347938144329897,,,1467,1247
242,242,5,1,11,1,1,1,224,1243,1243,4,95, ,0.1278735632183908,0.5347938144329897,,,1467,1247
243,243,2,1,12,0,0,0,225,1263,964,26,-1,,0.10692679975801572,0.5481099656357389,,,1189,1289
244,244,3,1,12,1,0,0,225,1263,964,26,-1,,0.10692679975801572,0.5481099656357389,,,1189,1289
245,245,4,1,12,1,1,0,225,1263,964,26,-1,,0.10692679975801572,0.5481099656357389,,,1189,1289
246,246,5,1,12,1,1,1,225,1263,45,26,85,(54),0.037431941923774956,0.5481099656357389,,,270,1289
247,247,5,1,12,1,1,2,316,1263,112,21,85,METHOD,0.056261343012704176,0.5470360824742269,title_line_1,METHOD,428,1284
248,248,5,1,12,1,1,3,439,1263,54,21,96,FOR,0.07047791893526921,0.5470360824742269,title_line_1,FOR,493,1284
249,249,5,1,12,1,1,4,500,1263,161,21,96,VALIDATING,0.08779491833030853,0.5470360824742269,title_line_1,VALIDATING,661,1284
250,250,5,1,12,1,1,5,670,1264,36,19,93,AN,0.10405323653962492,0.5470360824742269,title_line_1,AN,706,1283
251,251,5,1,12,1,1,6,718,1263,141,21,91,UNTRUSTED,0.11925287356321838,0.5470360824742269,title_line_1,UNTRUSTED,859,1284
252,252,5,1,12,1,1,7,862,1264,121,19,96,NATIVE,0.139519056261343,0.5470360824742269,title_line_1,NATIVE,983,1283
253,253,5,1,12,1,1,8,993,1263,74,21,96,CODE,0.1557773744706594,0.5470360824742269,title_line_1,CODE,1067,1284
254,254,5,1,12,1,1,9,1078,1263,111,21,95,MODULE,0.17143073200241984,0.5470360824742269,title_line_1,MODULE,1189,1284
255,255,2,1,13,0,0,0,225,1337,1241,288,-1,,0.1278735632183908,0.636168384879725,,,1466,1625
256,256,3,1,13,1,0,0,225,1337,1241,288,-1,,0.1278735632183908,0.636168384879725,,,1466,1625
257,257,4,1,13,1,1,0,225,1337,1241,26,-1,,0.1278735632183908,0.5798969072164949,,,1466,1363
258,258,5,1,13,1,1,1,225,1337,45,26,95,(57),0.037431941923774956,0.5798969072164949,,,270,1363
259,259,5,1,13,1,1,2,0,0,1653,2328,33,|,0.125,0.5,,,1653,2328
260,260,5,1,13,1,1,3,315,1339,15,18,17,A,0.04877495462794918,0.5790378006872853,,,330,1357
261,261,5,1,13,1,1,4,339,1340,73,22,17,system,0.05679068360556564,0.5803264604810997,,,412,1362
262,262,5,1,13,1,1,5,423,1339,39,18,96,that,0.06692377495462795,0.5790378006872853,,,462,1357
263,263,5,1,13,1,1,6,471,1339,93,18,96,validates,0.07826678765880218,0.5790378006872853,,,564,1357
264,264,5,1,13,1,1,7,574,1344,11,13,96,a,0.08764367816091954,0.5801116838487973,,,585,1357
265,265,5,1,13,1,1,8,596,1339,61,18,96,native,0.09475196612220206,0.5790378006872853,,,657,1357
266,266,5,1,13,1,1,9,668,1339,49,18,96,code,0.10473381730187538,0.5790378006872853,,,717,1357
267,267,5,1,13,1,1,10,728,1339,82,18,96,module.,0.1163036902601331,0.5790378006872853,,,810,1357
268,268,5,1,13,1,1,11,822,1339,66,23,96,During,0.12931034482758622,0.5801116838487973,,,888,1362
269,269,5,1,13,1,1,12,899,1339,103,23,96,"operation,",0.14375378100423472,0.5801116838487973,,,1002,1362
270,270,5,1,13,1,1,13,1013,1339,32,18,96,the,0.15562613430127042,0.5790378006872853,,,1045,1357
271,271,5,1,13,1,1,14,1055,1340,73,22,96,system,0.16507864488808227,0.5803264604810997,,,1128,1362
272,272,5,1,13,1,1,15,1139,1339,87,18,96,receives,0.17884150030248033,0.5790378006872853,,,1226,1357
273,273,5,1,13,1,1,16,1236,1344,11,13,96,a,0.18776467029643074,0.5801116838487973,,,1247,1357
274,274,5,1,13,1,1,17,1258,1339,61,18,96,native,0.19487295825771325,0.5790378006872853,,,1319,1357
275,275,5,1,13,1,1,18,1330,1339,49,18,96,code,0.20485480943738657,0.5790378006872853,,,1379,1357
276,276,5,1,13,1,1,19,1390,1339,76,18,96,module,0.2159709618874773,0.5790378006872853,,,1466,1357
277,277,4,1,13,1,2,0,225,1372,1240,23,-1,,0.1277979431336963,0.594286941580756,,,1465,1395
278,278,5,1,13,1,2,1,225,1372,95,23,96,comprised,0.0412129461584997,0.594286941580756,,,320,1395
279,279,5,1,13,1,2,2,322,1372,38,19,96,of,0.051572897761645496,0.5934278350515464,,,360,1391
280,280,5,1,13,1,2,3,366,1372,96,19,96,untrusted,0.06261343012704174,0.5934278350515464,,,462,1391
281,281,5,1,13,1,2,4,471,1372,61,19,96,native,0.07584694494857834,0.5934278350515464,,,532,1391
282,282,5,1,13,1,2,5,540,1377,85,18,96,program,0.08809739866908652,0.595360824742268,,,625,1395
283,283,5,1,13,1,2,6,633,1372,56,19,95,code.,0.0999697519661222,0.5934278350515464,,,689,1391
284,284,5,1,13,1,2,7,696,1372,40,19,96,The,0.10828796128251664,0.5934278350515464,,,736,1391
285,285,5,1,13,1,2,8,743,1373,73,22,96,system,0.11789171203871748,0.5945017182130584,,,816,1395
286,286,5,1,13,1,2,9,823,1372,92,19,96,validates,0.13142770719903207,0.5934278350515464,,,915,1391
287,287,5,1,13,1,2,10,922,1372,31,19,96,the,0.14178765880217786,0.5934278350515464,,,953,1391
288,288,5,1,13,1,2,11,961,1372,61,19,96,native,0.1499546279491833,0.5934278350515464,,,1022,1391
289,289,5,1,13,1,2,12,1029,1372,50,19,96,code,0.15940713853599517,0.5934278350515464,,,1079,1391
290,290,5,1,13,1,2,13,1087,1372,62,19,96,module,0.16908650937689051,0.5934278350515464,,,1149,1391
291,291,5,1,13,1,2,14,1151,1372,47,23,96,by:,0.17763157894736842,0.594286941580756,,,1198,1395
292,292,5,1,13,1,2,15,1207,1372,26,23,96,(1),0.18451300665456746,0.594286941580756,,,1233,1395
293,293,5,1,13,1,2,16,1241,1372,122,23,96,determining,0.1969147005444646,0.594286941580756,,,1363,1395
294,294,5,1,13,1,2,17,1370,1372,39,19,96,that,0.2101482153660012,0.5934278350515464,,,1409,1391
295,295,5,1,13,1,2,18,1416,1372,49,19,96,code,0.2178614640048397,0.5934278350515464,,,1465,1391
296,296,4,1,13,1,3,0,226,1405,1240,23,-1,,0.1279491833030853,0.6084621993127147,,,1466,1428
297,297,5,1,13,1,3,1,226,1405,15,18,96,in,0.0353145795523291,0.6073883161512027,,,241,1423
298,298,5,1,13,1,3,2,251,1405,31,18,96,the,0.04030550514216576,0.6073883161512027,,,282,1423
299,299,5,1,13,1,3,3,293,1405,61,18,96,native,0.048926194797338174,0.6073883161512027,,,354,1423
300,300,5,1,13,1,3,4,363,1405,50,18,96,code,0.05868118572292801,0.6073883161512027,,,413,1423
301,301,5,1,13,1,3,5,423,1405,76,18,96,module,0.06972171808832425,0.6073883161512027,,,499,1423
302,302,5,1,13,1,3,6,508,1405,38,18,96,does,0.07970356926799758,0.6073883161512027,,,546,1423
303,303,5,1,13,1,3,7,547,1406,52,17,96,not,0.0866606170598911,0.6076030927835051,,,599,1423
304,304,5,1,13,1,3,8,609,1405,73,18,96,include,0.09762552934059286,0.6073883161512027,,,682,1423
305,305,5,1,13,1,3,9,691,1410,37,18,96,any,0.10730490018148821,0.6095360824742269,,,728,1428
306,306,5,1,13,1,3,10,737,1405,96,18,96,restricted,0.11872353297035693,0.6073883161512027,,,833,1423
307,307,5,1,13,1,3,11,844,1405,118,18,96,instructions,0.1365698729582577,0.6073883161512027,,,962,1423
308,308,5,1,13,1,3,12,971,1405,66,18,96,and/or,0.15184513006654568,0.6073883161512027,,,1037,1423
309,309,5,1,13,1,3,13,1046,1405,50,18,96,does,0.161978221415608,0.6073883161512027,,,1096,1423
310,310,5,1,13,1,3,14,1106,1406,32,17,96,not,0.16969147005444646,0.6076030927835051,,,1138,1423
311,311,5,1,13,1,3,15,1146,1410,60,13,96,access,0.17785843920145192,0.6084621993127147,,,1206,1423
312,312,5,1,13,1,3,16,1208,1405,116,18,96,restricted,0.19147005444646098,0.6073883161512027,,,1324,1423
313,313,5,1,13,1,3,17,1332,1405,86,18,96,features,0.20795523290986087,0.6073883161512027,,,1418,1423
314,314,5,1,13,1,3,18,1427,1405,20,18,96,of,0.21733212341197822,0.6073883161512027,,,1447,1423
315,315,5,1,13,1,3,19,1454,1410,12,13,96,a,0.220810647307925,0.6084621993127147,,,1466,1423
316,316,4,1,13,1,4,0,225,1438,1241,23,-1,,0.1278735632183908,0.6226374570446735,,,1466,1461
317,317,5,1,13,1,4,1,225,1438,108,23,96,computing,0.04219600725952813,0.6226374570446735,,,333,1461
318,318,5,1,13,1,4,2,340,1438,73,21,96,device;,0.05694192377495463,0.6222079037800687,,,413,1459
319,319,5,1,13,1,4,3,421,1438,38,18,94,and,0.06654567453115548,0.6215635738831615,,,459,1456
320,320,5,1,13,1,4,4,467,1438,26,23,94,(2),0.07259528130671507,0.6226374570446735,,,493,1461
321,321,5,1,13,1,4,5,501,1438,109,18,96,determining,0.08401391409558379,0.6215635738831615,,,610,1456
322,322,5,1,13,1,4,6,612,1438,58,23,96,that,0.0969449485783424,0.6226374570446735,,,670,1461
323,323,5,1,13,1,4,7,676,1438,32,18,96,the,0.10465819721718088,0.6215635738831615,,,708,1456
324,324,5,1,13,1,4,8,716,1438,118,18,96,instructions,0.11721113127646703,0.6215635738831615,,,834,1456
325,325,5,1,13,1,4,9,842,1438,15,18,96,in,0.12847852389594677,0.6215635738831615,,,857,1456
326,326,5,1,13,1,4,10,865,1438,32,18,96,the,0.13324258923169993,0.6215635738831615,,,897,1456
327,327,5,1,13,1,4,11,904,1438,61,18,96,native,0.1413339382940109,0.6215635738831615,,,965,1456
328,328,5,1,13,1,4,12,973,1438,50,18,96,code,0.15093768905021174,0.6215635738831615,,,1023,1456
329,329,5,1,13,1,4,13,1031,1438,75,18,95,module,0.1616001209921355,0.6215635738831615,,,1106,1456
330,330,5,1,13,1,4,14,1113,1442,33,14,96,are,0.17082577132486387,0.6224226804123711,,,1146,1456
331,331,5,1,13,1,4,15,1153,1438,74,23,96,aligned,0.17997580157289775,0.6226374570446735,,,1227,1461
332,332,5,1,13,1,4,16,1236,1438,55,23,96,along,0.1910919540229885,0.6226374570446735,,,1291,1461
333,333,5,1,13,1,4,17,1300,1438,42,23,96,byte,0.1997882637628554,0.6226374570446735,,,1342,1461
334,334,5,1,13,1,4,18,1351,1438,115,18,96,boundaries,0.213021778584392,0.6215635738831615,,,1466,1456
335,335,4,1,13,1,5,0,225,1470,1240,23,-1,,0.1277979431336963,0.6363831615120275,,,1465,1493
336,336,5,1,13,1,5,1,225,1470,48,19,96,such,0.03765880217785844,0.6355240549828178,,,273,1489
337,337,5,1,13,1,5,2,283,1470,39,19,96,that,0.04575015124016939,0.6355240549828178,,,322,1489
338,338,5,1,13,1,5,3,330,1475,11,14,96,a,0.05074107683000605,0.6365979381443299,,,341,1489
339,339,5,1,13,1,5,4,351,1470,91,23,96,specified,0.05996672716273442,0.6363831615120275,,,442,1493
340,340,5,1,13,1,5,5,453,1471,30,18,96,set,0.07078039927404718,0.6357388316151202,,,483,1489
341,341,5,1,13,1,5,6,491,1470,20,19,96,of,0.07577132486388385,0.6355240549828178,,,511,1489
342,342,5,1,13,1,5,7,520,1470,42,23,96,byte,0.08182093163944344,0.6363831615120275,,,562,1493
343,343,5,1,13,1,5,8,572,1470,116,19,96,boundaries,0.09528130671506352,0.6355240549828178,,,688,1489
344,344,5,1,13,1,5,9,697,1470,71,23,96,always,0.11078342407743497,0.6363831615120275,,,768,1493
345,345,5,1,13,1,5,10,778,1470,74,19,96,contain,0.12326073805202661,0.6355240549828178,,,852,1489
346,346,5,1,13,1,5,11,862,1475,11,14,94,a,0.13120084694494857,0.6365979381443299,,,873,1489
347,347,5,1,13,1,5,12,882,1470,47,19,94,valid,0.13694797338173018,0.6355240549828178,,,929,1489
348,348,5,1,13,1,5,13,940,1470,105,19,96,instruction,0.1501058681185723,0.6355240549828178,,,1045,1489
349,349,5,1,13,1,5,14,1055,1470,38,19,96,and,0.16243194192377494,0.6355240549828178,,,1093,1489
350,350,5,1,13,1,5,15,1103,1471,64,18,96,control,0.17165759225650332,0.6357388316151202,,,1167,1489
351,351,5,1,13,1,5,16,1170,1470,53,19,96,flow,0.1809588626739262,0.6355240549828178,,,1223,1489
352,352,5,1,13,1,5,17,1232,1470,119,19,96,instructions,0.19532667876588022,0.6355240549828178,,,1351,1489
353,353,5,1,13,1,5,18,1360,1470,50,19,96,have,0.20946763460375076,0.6355240549828178,,,1410,1489
354,354,5,1,13,1,5,19,1418,1470,47,19,96,valid,0.2180127041742287,0.6355240549828178,,,1465,1489
355,355,4,1,13,1,6,0,225,1503,1241,23,-1,,0.1278735632183908,0.6505584192439863,,,1466,1526
356,356,5,1,13,1,6,1,225,1504,77,22,96,targets.,0.03985178463399879,0.6507731958762887,,,302,1526
357,357,5,1,13,1,6,2,313,1503,40,18,96,The,0.050362976406533574,0.6494845360824743,,,353,1521
358,358,5,1,13,1,6,3,362,1504,73,22,95,system,0.0602692075015124,0.6507731958762887,,,435,1526
359,359,5,1,13,1,6,4,446,1503,65,18,93,allows,0.07236842105263158,0.6494845360824743,,,511,1521
360,360,5,1,13,1,6,5,521,1503,229,23,91,successfully-validated,0.09611312764670296,0.6505584192439863,,,750,1526
361,361,5,1,13,1,6,6,762,1503,61,18,96,native,0.11985783424077436,0.6494845360824743,,,823,1521
362,362,5,1,13,1,6,7,834,1503,50,18,96,code,0.12991530550514216,0.6494845360824743,,,884,1521
363,363,5,1,13,1,6,8,894,1503,88,18,96,modules,0.14186327888687236,0.6494845360824743,,,982,1521
364,364,5,1,13,1,6,9,992,1504,18,17,96,to,0.1513914095583787,0.6496993127147767,,,1010,1521
365,365,5,1,13,1,6,10,1020,1504,88,21,96,"execute,",0.16091954022988506,0.6505584192439863,,,1108,1525
366,366,5,1,13,1,6,11,1119,1503,37,18,96,and,0.1720356926799758,0.6494845360824743,,,1156,1521
367,367,5,1,13,1,6,12,1167,1503,69,23,96,rejects,0.18171506352087113,0.6505584192439863,,,1236,1526
368,368,5,1,13,1,6,13,1246,1503,61,18,96,native,0.19305807622504537,0.6494845360824743,,,1307,1521
369,369,5,1,13,1,6,14,1318,1503,50,18,96,code,0.20311554748941318,0.6494845360824743,,,1368,1521
370,370,5,1,13,1,6,15,1378,1503,88,18,96,modules,0.2150635208711434,0.6494845360824743,,,1466,1521
371,371,4,1,13,1,7,0,225,1536,1241,23,-1,,0.1278735632183908,0.664733676975945,,,1466,1559
372,372,5,1,13,1,7,1,225,1536,31,18,97,that,0.03637326073805203,0.663659793814433,,,256,1554
373,373,5,1,13,1,7,2,258,1536,42,18,96,fail,0.04219600725952813,0.663659793814433,,,300,1554
374,374,5,1,13,1,7,3,307,1536,105,18,96,validation.,0.054370840895341804,0.663659793814433,,,412,1554
375,375,5,1,13,1,7,4,422,1536,26,23,96,By,0.06578947368421052,0.664733676975945,,,448,1559
376,376,5,1,13,1,7,5,455,1536,98,23,96,validating,0.07622504537205081,0.664733676975945,,,553,1559
377,377,5,1,13,1,7,6,561,1536,32,18,96,the,0.08726557773744707,0.663659793814433,,,593,1554
378,378,5,1,13,1,7,7,602,1536,61,18,96,native,0.09565940713853599,0.663659793814433,,,663,1554
379,379,5,1,13,1,7,8,671,1536,49,18,96,code,0.10518753781004235,0.663659793814433,,,720,1554
380,380,5,1,13,1,7,9,730,1536,81,21,96,"module,",0.11653055051421658,0.6643041237113402,,,811,1557
381,381,5,1,13,1,7,10,819,1536,32,18,96,the,0.12628554143980641,0.663659793814433,,,851,1554
382,382,5,1,13,1,7,11,859,1537,73,22,96,system,0.1354355716878403,0.6649484536082474,,,932,1559
383,383,5,1,13,1,7,12,940,1536,98,18,96,facilitates,0.14957652752571082,0.663659793814433,,,1038,1554
384,384,5,1,13,1,7,13,1046,1536,61,23,96,safely,0.16281004234724744,0.664733676975945,,,1107,1559
385,385,5,1,13,1,7,14,1115,1536,99,23,96,executing,0.17611917725347853,0.664733676975945,,,1214,1559
386,386,5,1,13,1,7,15,1223,1536,31,18,96,the,0.18731094978826376,0.663659793814433,,,1254,1554
387,387,5,1,13,1,7,16,1263,1536,61,18,96,native,0.1956291591046582,0.663659793814433,,,1324,1554
388,388,5,1,13,1,7,17,1332,1536,50,18,96,code,0.20523290986085904,0.663659793814433,,,1382,1554
389,389,5,1,13,1,7,18,1390,1536,76,18,96,module,0.2159709618874773,0.663659793814433,,,1466,1554
390,390,4,1,13,1,8,0,226,1569,1239,23,-1,,0.1278735632183908,0.6789089347079038,,,1465,1592
391,391,5,1,13,1,8,1,226,1569,15,18,96,in,0.0353145795523291,0.6778350515463918,,,241,1587
392,392,5,1,13,1,8,2,250,1569,32,18,96,the,0.040229885057471264,0.6778350515463918,,,282,1587
393,393,5,1,13,1,8,3,290,1574,71,13,96,secure,0.04922867513611615,0.6789089347079038,,,361,1587
394,394,5,1,13,1,8,4,370,1569,78,18,96,runtime,0.06185722928009679,0.6778350515463918,,,448,1587
395,395,5,1,13,1,8,5,455,1569,132,18,96,environment,0.07879612825166364,0.6778350515463918,,,587,1587
396,396,5,1,13,1,8,6,595,1574,23,13,95,on,0.09172716273442226,0.6789089347079038,,,618,1587
397,397,5,1,13,1,8,7,628,1569,31,18,96,the,0.09732304900181488,0.6778350515463918,,,659,1587
398,398,5,1,13,1,8,8,668,1569,108,23,96,computing,0.10919540229885058,0.6789089347079038,,,776,1592
399,399,5,1,13,1,8,9,785,1569,73,22,96,"device,",0.12424379915305506,0.6786941580756014,,,858,1591
400,400,5,1,13,1,8,10,868,1569,79,23,96,thereby,0.13725045372050818,0.6789089347079038,,,947,1592
401,401,5,1,13,1,8,11,955,1569,98,23,96,achieving,0.15184513006654568,0.6789089347079038,,,1053,1592
402,402,5,1,13,1,8,12,1064,1569,61,18,96,native,0.16553236539624924,0.6778350515463918,,,1125,1587
403,403,5,1,13,1,8,13,1134,1569,49,18,96,code,0.1752117362371446,0.6778350515463918,,,1183,1587
404,404,5,1,13,1,8,14,1193,1569,119,23,96,performance,0.18942831215970962,0.6789089347079038,,,1312,1592
405,405,5,1,13,1,8,15,1313,1569,47,18,96,for,0.20213248638838474,0.6778350515463918,,,1360,1587
406,406,5,1,13,1,8,16,1369,1569,96,18,96,untrusted,0.21430732002419842,0.6778350515463918,,,1465,1587
407,407,4,1,13,1,9,0,226,1602,685,23,-1,,0.08598003629764066,0.6930841924398625,,,911,1625
408,408,5,1,13,1,9,1,226,1606,85,19,96,program,0.040607985480943735,0.6939432989690721,,,311,1625
409,409,5,1,13,1,9,2,322,1602,80,18,96,binaries,0.054748941318814276,0.6920103092783505,,,402,1620
410,410,5,1,13,1,9,3,410,1602,76,18,96,without,0.0677555958862674,0.6920103092783505,,,486,1620
411,411,5,1,13,1,9,4,493,1602,106,23,96,significant,0.08257713248638839,0.6930841924398625,,,599,1625
412,412,5,1,13,1,9,5,606,1602,36,18,96,risk,0.09437386569872959,0.6920103092783505,,,642,1620
413,413,5,1,13,1,9,6,649,1602,20,18,97,of,0.09966727162734422,0.6920103092783505,,,669,1620
414,414,5,1,13,1,9,7,677,1602,100,18,95,unwanted,0.10995160314579552,0.6920103092783505,,,777,1620
415,415,5,1,13,1,9,8,786,1602,42,18,96,side,0.1220508166969147,0.6920103092783505,,,828,1620
416,416,5,1,13,1,9,9,837,1602,74,18,96,effects.,0.13218390804597702,0.6920103092783505,,,911,1620
417,417,2,1,14,0,0,0,982,1813,2,217,-1,,0.14866908650937688,0.8253865979381443,,,984,2030
418,418,3,1,14,1,0,0,982,1813,2,217,-1,,0.14866908650937688,0.8253865979381443,,,984,2030
419,419,4,1,14,1,1,0,982,1813,2,217,-1,,0.14866908650937688,0.8253865979381443,,,984,2030
420,420,5,1,14,1,1,1,982,1813,2,217,95, ,0.14866908650937688,0.8253865979381443,,,984,2030
421,421,2,1,15,0,0,0,662,1659,369,503,-1,,0.1280248033877798,0.8206615120274914,,,1031,2162
422,422,3,1,15,1,0,0,662,1659,369,503,-1,,0.1280248033877798,0.8206615120274914,,,1031,2162
423,423,4,1,15,1,1,0,662,1659,369,503,-1,,0.1280248033877798,0.8206615120274914,,,1031,2162
424,424,5,1,15,1,1,1,662,1659,369,503,95, ,0.1280248033877798,0.8206615120274914,,,1031,2162
425,425,2,1,16,0,0,0,716,2270,259,16,-1,,0.1278735632183908,0.9785223367697594,,,975,2286
426,426,3,1,16,1,0,0,716,2270,259,16,-1,,0.1278735632183908,0.9785223367697594,,,975,2286
427,427,4,1,16,1,1,0,716,2270,259,16,-1,,0.1278735632183908,0.9785223367697594,,,975,2286
428,428,5,1,16,1,1,1,716,2270,49,12,96,Printed,0.11199334543254688,0.9776632302405498,,,765,2282
429,429,5,1,16,1,1,2,771,2270,15,16,96,by,0.1177404718693285,0.9785223367697594,,,786,2286
430,430,5,1,16,1,1,3,792,2270,45,14,96,"Jouve,",0.12318511796733213,0.9780927835051546,,,837,2284
431,431,5,1,16,1,1,4,843,2270,41,12,96,75001,0.13059588626739263,0.9776632302405498,,,884,2282
432,432,5,1,16,1,1,5,893,2270,46,12,96,PARIS,0.1385359951603146,0.9776632302405498,,,939,2282
433,433,5,1,16,1,1,6,945,2270,30,16,95,(FR),0.14519056261343014,0.9785223367697594,,,975,2286
