,Unnamed: 0,level,page_num,block_num,par_num,line_num,word_num,left,top,width,height,conf,text,x,y,label,target,right,bottom
0,0,1,1,0,0,0,0,0,0,1653,2328,-1,,0.125,0.5,,,1653,2328
1,1,2,1,1,0,0,0,144,1905,31,328,-1,,0.02412280701754386,0.8887457044673539,,,175,2233
2,2,3,1,1,1,0,0,144,1905,31,328,-1,,0.02412280701754386,0.8887457044673539,,,175,2233
3,3,4,1,1,1,1,0,144,1905,31,328,-1,,0.02412280701754386,0.8887457044673539,,,175,2233
4,4,5,1,1,1,1,1,144,2179,30,54,96,EP,0.024047186932849365,0.947594501718213,,,174,2233
5,5,5,1,1,1,1,2,144,2142,31,21,96,3,0.02412280701754386,0.9246134020618557,,,175,2163
6,6,5,1,1,1,1,3,144,2055,31,71,93,386,0.02412280701754386,0.8979810996563574,,,175,2126
7,7,5,1,1,1,1,4,144,1969,31,69,91,153,0.02412280701754386,0.8606099656357389,,,175,2038
8,8,5,1,1,1,1,5,144,1905,30,50,91,A1,0.024047186932849365,0.8290378006872853,,,174,1955
9,9,2,1,2,0,0,0,429,153,88,28,-1,,0.07153660012099214,0.07173539518900343,,,517,181
10,10,3,1,2,1,0,0,429,153,88,28,-1,,0.07153660012099214,0.07173539518900343,,,517,181
11,11,4,1,2,1,1,0,429,153,88,16,-1,,0.07153660012099214,0.06915807560137457,,,517,169
12,12,5,1,2,1,1,1,429,153,88,16,84,Europaisches,0.07153660012099214,0.06915807560137457,,,517,169
13,13,4,1,2,1,2,0,429,170,71,11,-1,,0.07025105868118572,0.07538659793814433,,,500,181
14,14,5,1,2,1,2,1,429,170,71,11,96,Patentamt,0.07025105868118572,0.07538659793814433,,,500,181
15,15,2,1,3,0,0,0,429,196,89,28,-1,,0.07161222020568662,0.09020618556701031,,,518,224
16,16,3,1,3,1,0,0,429,196,89,28,-1,,0.07161222020568662,0.09020618556701031,,,518,224
17,17,4,1,3,1,1,0,429,196,63,15,-1,,0.06964609800362977,0.08741408934707903,,,492,211
18,18,5,1,3,1,1,1,429,196,63,15,95,European,0.06964609800362977,0.08741408934707903,,,492,211
19,19,4,1,3,1,2,0,429,212,89,12,-1,,0.07161222020568662,0.0936426116838488,,,518,224
20,20,5,1,3,1,2,1,429,213,43,11,96,Patent,0.06813369630973987,0.0938573883161512,,,472,224
21,21,5,1,3,1,2,2,478,212,40,12,90,Office,0.07531760435571688,0.0936426116838488,,,518,224
22,22,2,1,4,0,0,0,429,239,109,28,-1,,0.07312462189957653,0.10867697594501718,,,538,267
23,23,3,1,4,1,0,0,429,239,109,28,-1,,0.07312462189957653,0.10867697594501718,,,538,267
24,24,4,1,4,1,1,0,429,239,109,15,-1,,0.07312462189957653,0.10588487972508591,,,538,254
25,25,5,1,4,1,1,1,429,239,40,12,93,Office,0.06790683605565638,0.1052405498281787,,,469,251
26,26,5,1,4,1,1,2,474,239,64,15,93,europ√©en,0.0765275257108288,0.10588487972508591,,,538,254
27,27,4,1,4,1,2,0,429,255,77,12,-1,,0.0707047791893527,0.11211340206185567,,,506,267
28,28,5,1,4,1,2,1,429,255,22,12,95,des,0.06654567453115548,0.11211340206185567,,,451,267
29,29,5,1,4,1,2,2,457,255,49,12,82,brevets,0.07282214156079855,0.11211340206185567,,,506,267
30,30,2,1,5,0,0,0,281,136,274,150,-1,,0.06321839080459771,0.09063573883161512,,,555,286
31,31,3,1,5,1,0,0,281,136,274,150,-1,,0.06321839080459771,0.09063573883161512,,,555,286
32,32,4,1,5,1,1,0,281,136,274,150,-1,,0.06321839080459771,0.09063573883161512,,,555,286
33,33,5,1,5,1,1,1,281,136,274,150,95, ,0.06321839080459771,0.09063573883161512,,,555,286
34,34,2,1,6,0,0,0,225,324,45,26,-1,,0.037431941923774956,0.14475945017182132,,,270,350
35,35,3,1,6,1,0,0,225,324,45,26,-1,,0.037431941923774956,0.14475945017182132,,,270,350
36,36,4,1,6,1,1,0,225,324,45,26,-1,,0.037431941923774956,0.14475945017182132,,,270,350
37,37,5,1,6,1,1,1,225,324,45,26,96,(12),0.037431941923774956,0.14475945017182132,,,270,350
38,38,2,1,7,0,0,0,225,395,412,53,-1,,0.06518451300665457,0.18105670103092783,,,637,448
39,39,3,1,7,1,0,0,225,395,412,53,-1,,0.06518451300665457,0.18105670103092783,,,637,448
40,40,4,1,7,1,1,0,225,395,282,26,-1,,0.05535390199637023,0.17525773195876287,,,507,421
41,41,5,1,7,1,1,1,225,395,45,26,92,(43),0.037431941923774956,0.17525773195876287,,,270,421
42,42,5,1,7,1,1,2,285,397,222,23,90,Verdffentlichungstag:,0.05989110707803993,0.17547250859106528,,,507,420
43,43,4,1,7,1,2,0,287,430,350,18,-1,,0.06987295825771325,0.18857388316151202,,,637,448
44,44,5,1,7,1,2,1,287,430,116,18,91,10.10.2018,0.052177858439201454,0.18857388316151202,publication_date,10.10.2018,403,448
45,45,5,1,7,1,2,2,426,430,121,18,91,Patentblatt,0.0735783424077435,0.18857388316151202,,,547,448
46,46,5,1,7,1,2,3,555,430,82,18,96,2018/41,0.09013914095583787,0.18857388316151202,,,637,448
47,47,2,1,8,0,0,0,225,493,379,26,-1,,0.06268905021173624,0.21735395189003437,,,604,519
48,48,3,1,8,1,0,0,225,493,379,26,-1,,0.06268905021173624,0.21735395189003437,,,604,519
49,49,4,1,8,1,1,0,225,493,379,26,-1,,0.06268905021173624,0.21735395189003437,,,604,519
50,50,5,1,8,1,1,1,225,493,45,26,93,(21),0.037431941923774956,0.21735395189003437,,,270,519
51,51,5,1,8,1,1,2,285,495,186,18,90,Anmeldenummer:,0.05716878402903811,0.21649484536082475,,,471,513
52,52,5,1,8,1,1,3,481,495,123,18,92,18163296.9,0.08204779189352691,0.21649484536082475,application_number,18163296.9,604,513
53,53,2,1,9,0,0,0,225,559,319,26,-1,,0.05815184513006655,0.24570446735395188,,,544,585
54,54,3,1,9,1,0,0,225,559,319,26,-1,,0.05815184513006655,0.24570446735395188,,,544,585
55,55,4,1,9,1,1,0,225,559,319,26,-1,,0.05815184513006655,0.24570446735395188,,,544,585
56,56,5,1,9,1,1,1,225,559,45,26,93,(22),0.037431941923774956,0.24570446735395188,,,270,585
57,57,5,1,9,1,1,2,285,561,131,23,92,Anmeldetag:,0.0530096793708409,0.24591924398625428,,,416,584
58,58,5,1,9,1,1,3,426,561,118,18,96,22.03.2018,0.07335148215366001,0.24484536082474226,filing_date,22.03.2018,544,579
59,59,2,1,10,0,0,0,1002,245,458,38,-1,,0.18617664851784635,0.1134020618556701,,,1460,283
60,60,3,1,10,1,0,0,1002,245,458,38,-1,,0.18617664851784635,0.1134020618556701,,,1460,283
61,61,4,1,10,1,1,0,1002,245,458,38,-1,,0.18617664851784635,0.1134020618556701,,,1460,283
62,62,5,1,10,1,1,1,1002,256,44,27,74,(11),0.15486993345432548,0.11576460481099657,,,1046,283
63,63,5,1,10,1,1,2,1146,245,52,32,96,EP,0.17725347852389595,0.11211340206185567,number,EP,1198,277
64,64,5,1,10,1,1,3,1214,245,20,32,96,3,0.1851179673321234,0.11211340206185567,number,3,1234,277
65,65,5,1,10,1,1,4,1249,245,68,32,95,386,0.1940411373260738,0.11211340206185567,number,386,1317,277
66,66,5,1,10,1,1,5,1333,245,66,32,87,153,0.20659407138535996,0.11211340206185567,number,153,1399,277
67,67,5,1,10,1,1,6,1413,245,47,32,87,A1,0.21725650332728372,0.11211340206185567,number,A1,1460,277
68,68,2,1,11,0,0,0,559,314,573,31,-1,,0.1278735632183908,0.14153780068728522,,,1132,345
69,69,3,1,11,1,0,0,559,314,573,31,-1,,0.1278735632183908,0.14153780068728522,,,1132,345
70,70,4,1,11,1,1,0,559,314,573,31,-1,,0.1278735632183908,0.14153780068728522,,,1132,345
71,71,5,1,11,1,1,1,559,314,230,31,92,EUROPAISCHE,0.10193587416817906,0.14153780068728522,,,789,345
72,72,5,1,11,1,1,2,802,319,330,26,91,PATENTANMELDUNG,0.14624924379915305,0.14261168384879724,,,1132,345
73,73,2,1,12,0,0,0,862,395,256,81,-1,,0.14972776769509982,0.1870704467353952,,,1118,476
74,74,3,1,12,1,0,0,862,395,256,81,-1,,0.14972776769509982,0.1870704467353952,,,1118,476
75,75,4,1,12,1,1,0,862,395,126,26,-1,,0.13989715668481548,0.17525773195876287,,,988,421
76,76,5,1,12,1,1,1,862,395,44,26,67,(51),0.1336963097398669,0.17525773195876287,,,906,421
77,77,5,1,12,1,1,2,923,397,25,18,93,Int,0.1414851784633999,0.17439862542955326,,,948,415
78,78,5,1,12,1,1,3,955,397,33,18,65,Cl:,0.14692982456140352,0.17439862542955326,,,988,415
79,79,4,1,12,1,2,0,922,425,196,21,-1,,0.1542649727767695,0.1870704467353952,,,1118,446
80,80,5,1,12,1,2,1,922,428,57,18,70,HO4L,0.14375378100423472,0.1877147766323024,class_international,H04L,979,446
81,81,5,1,12,1,2,2,989,428,44,18,92,12/28,0.1529038112522686,0.1877147766323024,class_international,12/28,1033,446
82,82,5,1,12,1,2,3,1034,425,84,21,84,(2006.07),0.16273442226255294,0.1870704467353952,,,1118,446
83,83,4,1,12,1,3,0,922,455,196,21,-1,,0.1542649727767695,0.19995704467353953,,,1118,476
84,84,5,1,12,1,3,1,922,458,56,18,88,HO4L,0.14367816091954022,0.20060137457044674,,,978,476
85,85,5,1,12,1,3,2,987,458,46,18,93,29/08,0.15275257108287962,0.20060137457044674,,,1033,476
86,86,5,1,12,1,3,3,1034,455,84,21,70,(2006.07),0.16273442226255294,0.19995704467353953,,,1118,476
87,87,2,1,13,0,0,0,1193,425,197,21,-1,,0.19532667876588022,0.1870704467353952,,,1390,446
88,88,3,1,13,1,0,0,1193,425,197,21,-1,,0.19532667876588022,0.1870704467353952,,,1390,446
89,89,4,1,13,1,1,0,1193,425,197,21,-1,,0.19532667876588022,0.1870704467353952,,,1390,446
90,90,5,1,13,1,1,1,1193,428,57,18,59,HO4L,0.18473986690865093,0.1877147766323024,,,1250,446
91,91,5,1,13,1,1,2,1260,428,57,18,84,12/24,0.19487295825771325,0.1877147766323024,,,1317,446
92,92,5,1,13,1,1,3,1323,425,67,16,79,(2006.07),0.20515728977616454,0.18599656357388317,,,1390,441
93,93,2,1,14,0,0,0,224,612,1243,6,-1,,0.1278735632183908,0.26417525773195877,,,1467,618
94,94,3,1,14,1,0,0,224,612,1243,6,-1,,0.1278735632183908,0.26417525773195877,,,1467,618
95,95,4,1,14,1,1,0,224,612,1243,6,-1,,0.1278735632183908,0.26417525773195877,,,1467,618
96,96,5,1,14,1,1,1,224,612,1243,6,95, ,0.1278735632183908,0.26417525773195877,,,1467,618
97,97,2,1,15,0,0,0,225,631,599,250,-1,,0.07932546884452511,0.3247422680412371,,,824,881
98,98,3,1,15,1,0,0,225,631,599,250,-1,,0.07932546884452511,0.3247422680412371,,,824,881
99,99,4,1,15,1,1,0,225,631,342,27,-1,,0.05989110707803993,0.2768470790378007,,,567,658
100,100,5,1,15,1,1,1,225,631,45,27,93,(84),0.037431941923774956,0.2768470790378007,,,270,658
101,101,5,1,15,1,1,2,286,633,100,19,93,Benannte,0.050816696914700546,0.2759879725085911,,,386,652
102,102,5,1,15,1,1,3,393,633,174,23,92,Vertragsstaaten:,0.07259528130671507,0.2768470790378007,,,567,656
103,103,4,1,15,1,2,0,285,666,537,18,-1,,0.08371143375680581,0.28994845360824745,,,822,684
104,104,5,1,15,1,2,1,285,666,31,18,94,AL,0.04544767090139141,0.28994845360824745,,,316,684
105,105,5,1,15,1,2,2,323,666,31,18,94,AT,0.05119479733817302,0.28994845360824745,,,354,684
106,106,5,1,15,1,2,3,363,666,30,18,95,BE,0.05716878402903811,0.28994845360824745,,,393,684
107,107,5,1,15,1,2,4,403,666,32,18,95,BG,0.0633696309739867,0.28994845360824745,,,435,684
108,108,5,1,15,1,2,5,445,666,31,18,95,CH,0.06964609800362977,0.28994845360824745,,,476,684
109,109,5,1,15,1,2,6,486,666,32,18,96,CY,0.07592256503327284,0.28994845360824745,,,518,684
110,110,5,1,15,1,2,7,526,666,30,18,96,CZ,0.08182093163944344,0.28994845360824745,,,556,684
111,111,5,1,15,1,2,8,565,666,30,18,96,DE,0.08771929824561403,0.28994845360824745,,,595,684
112,112,5,1,15,1,2,9,605,666,32,18,93,DK,0.09392014519056262,0.28994845360824745,,,637,684
113,113,5,1,15,1,2,10,646,666,29,18,93,EE,0.0998941318814277,0.28994845360824745,,,675,684
114,114,5,1,15,1,2,11,684,666,29,18,93,ES,0.10564125831820932,0.28994845360824745,,,713,684
115,115,5,1,15,1,2,12,723,666,99,18,86,FIFRGB,0.11683303085299455,0.28994845360824745,,,822,684
116,116,4,1,15,1,3,0,285,699,539,18,-1,,0.0838626739261948,0.30412371134020616,,,824,717
117,117,5,1,15,1,3,1,285,699,35,18,94,GR,0.04575015124016939,0.30412371134020616,,,320,717
118,118,5,1,15,1,3,2,328,699,32,18,94,HR,0.05202661826981246,0.30412371134020616,,,360,717
119,119,5,1,15,1,3,3,368,699,14,18,41,HU,0.05671506352087114,0.30412371134020616,,,382,717
120,120,5,1,15,1,3,4,385,699,43,18,41,IE,0.06147912885662432,0.30412371134020616,,,428,717
121,121,5,1,15,1,3,5,436,699,20,18,47,IS,0.06745311554748941,0.30412371134020616,,,456,717
122,122,5,1,15,1,3,6,464,699,20,18,47,IT,0.07168784029038112,0.30412371134020616,,,484,717
123,123,5,1,15,1,3,7,492,699,54,18,83,LILT,0.07849364791288566,0.30412371134020616,,,546,717
124,124,5,1,15,1,3,8,554,699,28,18,75,LU,0.08590441621294616,0.30412371134020616,,,582,717
125,125,5,1,15,1,3,9,591,699,28,18,75,LV,0.09150030248033877,0.30412371134020616,,,619,717
126,126,5,1,15,1,3,10,627,699,35,18,95,MC,0.09747428917120388,0.30412371134020616,,,662,717
127,127,5,1,15,1,3,11,670,699,35,18,94,MK,0.10397761645493044,0.30412371134020616,,,705,717
128,128,5,1,15,1,3,12,713,699,32,18,93,MT,0.11025408348457351,0.30412371134020616,,,745,717
129,129,5,1,15,1,3,13,753,699,29,18,20,NL,0.11607683000604961,0.30412371134020616,,,782,717
130,130,5,1,15,1,3,14,791,699,33,18,20,NO,0.1221264367816092,0.30412371134020616,,,824,717
131,131,4,1,15,1,4,0,286,732,336,18,-1,,0.06866303690260134,0.31829896907216493,,,622,750
132,132,5,1,15,1,4,1,286,732,28,18,95,PL,0.045372050816696916,0.31829896907216493,,,314,750
133,133,5,1,15,1,4,2,323,732,29,18,92,PT,0.05104355716878403,0.31829896907216493,,,352,750
134,134,5,1,15,1,4,3,360,732,58,18,92,RORS,0.058832425892317,0.31829896907216493,,,418,750
135,135,5,1,15,1,4,4,420,732,52,18,96,SE,0.06745311554748941,0.31829896907216493,,,472,750
136,136,5,1,15,1,4,5,480,732,20,18,91,SI,0.07410768300060495,0.31829896907216493,,,500,750
137,137,5,1,15,1,4,6,510,732,31,18,91,SK,0.0794767090139141,0.31829896907216493,,,541,750
138,138,5,1,15,1,4,7,550,732,72,18,91,SMTR,0.08862673926194797,0.31829896907216493,,,622,750
139,139,4,1,15,1,5,0,286,765,330,23,-1,,0.06820931639443437,0.3335481099656357,,,616,788
140,140,5,1,15,1,5,1,286,765,100,18,92,Benannte,0.050816696914700546,0.3324742268041237,,,386,783
141,141,5,1,15,1,5,2,395,765,221,23,91,Erstreckungsstaaten:,0.0764519056261343,0.3335481099656357,,,616,788
142,142,4,1,15,1,6,0,286,797,74,19,-1,,0.04885057471264368,0.34643470790378006,,,360,816
143,143,5,1,15,1,6,1,286,797,33,19,96,BA,0.04575015124016939,0.34643470790378006,,,319,816
144,144,5,1,15,1,6,2,327,797,33,19,96,ME,0.05195099818511797,0.34643470790378006,,,360,816
145,145,4,1,15,1,7,0,286,830,322,23,-1,,0.06760435571687841,0.36146907216494845,,,608,853
146,146,5,1,15,1,7,1,286,830,100,18,92,Benannte,0.050816696914700546,0.3603951890034364,,,386,848
147,147,5,1,15,1,7,2,393,830,215,23,92,Validierungsstaaten:,0.07569570477918935,0.36146907216494845,,,608,853
148,148,4,1,15,1,8,0,286,863,157,18,-1,,0.055127041742286755,0.3745704467353952,,,443,881
149,149,5,1,15,1,8,1,286,863,31,18,95,KH,0.0455989110707804,0.3745704467353952,,,317,881
150,150,5,1,15,1,8,2,327,863,35,18,96,MA,0.052102238354506954,0.3745704467353952,,,362,881
151,151,5,1,15,1,8,3,371,863,34,18,95,MD,0.05868118572292801,0.3745704467353952,,,405,881
152,152,5,1,15,1,8,4,413,863,30,18,95,TN,0.0647307924984876,0.3745704467353952,,,443,881
153,153,2,1,16,0,0,0,225,927,491,26,-1,,0.07115849969751967,0.40378006872852235,,,716,953
154,154,3,1,16,1,0,0,225,927,491,26,-1,,0.07115849969751967,0.40378006872852235,,,716,953
155,155,4,1,16,1,1,0,225,927,491,26,-1,,0.07115849969751967,0.40378006872852235,,,716,953
156,156,5,1,16,1,1,1,225,927,45,26,92,(30),0.037431941923774956,0.40378006872852235,,,270,953
157,157,5,1,16,1,1,2,286,929,86,18,65,Prioritat:,0.04975801572897762,0.4029209621993127,,,372,947
158,158,5,1,16,1,1,3,383,929,118,18,94,03.04.2017,0.06684815486993345,0.4029209621993127,priority_date_eu,03.04.2017,501,947
159,159,5,1,16,1,1,4,520,929,30,18,94,DE,0.0809134906231095,0.4029209621993127,,,550,947
160,160,5,1,16,1,1,5,559,929,157,18,96,102017107087,0.09641560798548095,0.4029209621993127,,,716,947
161,161,2,1,17,0,0,0,845,614,2,402,-1,,0.1279491833030853,0.35008591065292094,,,847,1016
162,162,3,1,17,1,0,0,845,614,2,402,-1,,0.1279491833030853,0.35008591065292094,,,847,1016
163,163,4,1,17,1,1,0,845,614,2,402,-1,,0.1279491833030853,0.35008591065292094,,,847,1016
164,164,5,1,17,1,1,1,845,614,2,402,95, ,0.1279491833030853,0.35008591065292094,,,847,1016
165,165,2,1,18,0,0,0,862,631,559,58,-1,,0.17264065335753176,0.28350515463917525,,,1421,689
166,166,3,1,18,1,0,0,862,631,559,58,-1,,0.17264065335753176,0.28350515463917525,,,1421,689
167,167,4,1,18,1,1,0,862,631,559,27,-1,,0.17264065335753176,0.2768470790378007,,,1421,658
168,168,5,1,18,1,1,1,862,631,44,27,93,(71),0.1336963097398669,0.2768470790378007,,,906,658
169,169,5,1,18,1,1,2,921,633,107,19,92,Anmelder:,0.14738354506957047,0.2759879725085911,,,1028,652
170,170,5,1,18,1,1,3,1036,633,95,19,93,Vorwerk,0.16386872353297036,0.2759879725085911,applicant_line_1,Vorwerk,1131,652
171,171,5,1,18,1,1,4,1138,633,16,19,93,&,0.1733212341197822,0.2759879725085911,applicant_line_1,&,1154,652
172,172,5,1,18,1,1,5,1162,633,30,19,93,Co.,0.1780096793708409,0.2759879725085911,applicant_line_1,Co.,1192,652
173,173,5,1,18,1,1,6,1195,633,148,23,91,Interholding,0.19192377495462795,0.2768470790378007,applicant_line_1,Interholding,1343,656
174,174,5,1,18,1,1,7,1352,633,69,19,96,GmbH,0.20969449485783423,0.2759879725085911,applicant_line_1,GmbH,1421,652
175,175,4,1,18,1,2,0,922,666,243,23,-1,,0.15781911675741075,0.29102233676975947,,,1165,689
176,176,5,1,18,1,2,1,922,666,64,18,96,42275,0.1442831215970962,0.28994845360824745,,,986,684
177,177,5,1,18,1,2,2,994,666,116,23,95,Wuppertal,0.15910465819721717,0.29102233676975947,,,1110,689
178,178,5,1,18,1,2,3,1119,666,46,23,95,(DE),0.17271627344222626,0.29102233676975947,,,1165,689
179,179,2,1,19,0,0,0,862,730,355,58,-1,,0.1572141560798548,0.32603092783505155,,,1217,788
180,180,3,1,19,1,0,0,862,730,355,58,-1,,0.1572141560798548,0.32603092783505155,,,1217,788
181,181,4,1,19,1,1,0,862,730,355,26,-1,,0.1572141560798548,0.31915807560137455,,,1217,756
182,182,5,1,19,1,1,1,862,730,44,26,91,(72),0.1336963097398669,0.31915807560137455,,,906,756
183,183,5,1,19,1,1,2,923,732,86,18,91,Erfinder:,0.14609800362976408,0.31829896907216493,,,1009,750
184,184,5,1,19,1,1,3,1018,732,118,22,92,"Windorfer,",0.1628856624319419,0.31915807560137455,inventor_line_1,"Windorfer,",1136,754
185,185,5,1,19,1,1,4,1146,732,71,18,96,Harald,0.17869026013309136,0.31829896907216493,inventor_line_1,Harald,1217,750
186,186,4,1,19,1,2,0,922,765,239,23,-1,,0.15751663641863278,0.3335481099656357,,,1161,788
187,187,5,1,19,1,2,1,922,765,64,18,92,40822,0.1442831215970962,0.3324742268041237,,,986,783
188,188,5,1,19,1,2,2,996,765,109,18,90,Mettmann,0.1588777979431337,0.3324742268041237,,,1105,783
189,189,5,1,19,1,2,3,1114,765,47,23,96,(DE),0.1720356926799758,0.3335481099656357,,,1161,788
190,190,2,1,20,0,0,0,862,828,395,156,-1,,0.1602389594676346,0.38917525773195877,,,1257,984
191,191,3,1,20,1,0,0,862,828,395,156,-1,,0.1602389594676346,0.38917525773195877,,,1257,984
192,192,4,1,20,1,1,0,862,828,362,26,-1,,0.15774349667271628,0.36125429553264604,,,1224,854
193,193,5,1,20,1,1,1,862,828,44,26,93,(74),0.1336963097398669,0.36125429553264604,,,906,854
194,194,5,1,20,1,1,2,921,830,97,18,92,Vertreter:,0.14662734422262552,0.3603951890034364,,,1018,848
195,195,5,1,20,1,1,3,1029,830,73,22,75,"Miller,",0.16114640048396855,0.36125429553264604,representative_line_1_eu,"M‚àö¬∫ller,",1102,852
196,196,5,1,20,1,1,4,1112,830,57,18,96,Enno,0.17248941318814276,0.3603951890034364,representative_line_1_eu,Enno,1169,848
197,197,5,1,20,1,1,5,1177,831,21,17,96,et,0.17959770114942528,0.3606099656357388,representative_line_1_eu,et,1198,848
198,198,5,1,20,1,1,6,1205,830,19,18,96,al,0.18368118572292802,0.3603951890034364,representative_line_1_eu,al,1224,848
199,199,4,1,20,1,2,0,923,863,245,18,-1,,0.15812159709618875,0.3745704467353952,,,1168,881
200,200,5,1,20,1,2,1,923,863,73,18,93,Rieder,0.14511494252873564,0.3745704467353952,,,996,881
201,201,5,1,20,1,2,2,1003,863,16,18,93,&,0.1529038112522686,0.3745704467353952,,,1019,881
202,202,5,1,20,1,2,3,1028,863,82,18,93,Partner,0.16167574107683,0.3745704467353952,,,1110,881
203,203,5,1,20,1,2,4,1117,863,51,18,92,mbB,0.17279189352692076,0.3745704467353952,,,1168,881
204,204,4,1,20,1,3,0,923,895,334,19,-1,,0.1648517846339988,0.38853092783505155,,,1257,914
205,205,5,1,20,1,3,1,923,895,158,19,89,Patentanwalte,0.1515426497277677,0.38853092783505155,,,1081,914
206,206,5,1,20,1,3,2,1089,905,6,4,93,-,0.16515426497277677,0.3896048109965636,,,1095,909
207,207,5,1,20,1,3,3,1105,895,152,19,95,Rechtsanwalt,0.17861464004839686,0.38853092783505155,,,1257,914
208,208,4,1,20,1,4,0,922,929,225,18,-1,,0.15645795523290987,0.4029209621993127,,,1147,947
209,209,5,1,20,1,4,1,922,929,192,18,92,Corneliusstrasse,0.15396249243799154,0.4029209621993127,,,1114,947
210,210,5,1,20,1,4,2,1122,929,25,18,96,45,0.17158197217180884,0.4029209621993127,,,1147,947
211,211,4,1,20,1,5,0,922,961,243,23,-1,,0.15781911675741075,0.4177405498281787,,,1165,984
212,212,5,1,20,1,5,1,922,961,64,19,96,42329,0.1442831215970962,0.4168814432989691,,,986,980
213,213,5,1,20,1,5,2,994,961,116,23,96,Wuppertal,0.15910465819721717,0.4177405498281787,,,1110,984
214,214,5,1,20,1,5,3,1119,961,46,23,96,(DE),0.17271627344222626,0.4177405498281787,,,1165,984
215,215,2,1,21,0,0,0,224,1013,1243,5,-1,,0.1278735632183908,0.43621134020618557,,,1467,1018
216,216,3,1,21,1,0,0,224,1013,1243,5,-1,,0.1278735632183908,0.43621134020618557,,,1467,1018
217,217,4,1,21,1,1,0,224,1013,1243,5,-1,,0.1278735632183908,0.43621134020618557,,,1467,1018
218,218,5,1,21,1,1,1,224,1013,1243,5,95, ,0.1278735632183908,0.43621134020618557,,,1467,1018
219,219,2,1,22,0,0,0,225,1033,306,53,-1,,0.05716878402903811,0.45511168384879724,,,531,1086
220,220,3,1,22,1,0,0,225,1033,306,53,-1,,0.05716878402903811,0.45511168384879724,,,531,1086
221,221,4,1,22,1,1,0,225,1033,45,27,-1,,0.037431941923774956,0.4495274914089347,,,270,1060
222,222,5,1,22,1,1,1,225,1033,45,27,92,(54),0.037431941923774956,0.4495274914089347,,,270,1060
223,223,4,1,22,1,2,0,316,1067,215,19,-1,,0.06405021173623715,0.46241408934707906,,,531,1086
224,224,5,1,22,1,2,1,316,1067,215,19,91,HEIMHETZWERK,0.06405021173623715,0.46241408934707906,,,531,1086
225,225,2,1,23,0,0,0,225,1140,583,452,-1,,0.07811554748941318,0.5867697594501718,,,808,1592
226,226,3,1,23,1,0,0,225,1140,583,452,-1,,0.07811554748941318,0.5867697594501718,,,808,1592
227,227,4,1,23,1,1,0,225,1140,582,26,-1,,0.0780399274047187,0.4952749140893471,,,807,1166
228,228,5,1,23,1,1,1,225,1140,45,26,91,(57),0.037431941923774956,0.4952749140893471,,,270,1166
229,229,5,1,23,1,1,2,316,1142,33,18,50,Die,0.05028735632183908,0.4944158075601375,,,349,1160
230,230,5,1,23,1,1,3,357,1142,85,18,88,Erfindung,0.06042044767090139,0.4944158075601375,,,442,1160
231,231,5,1,23,1,1,4,445,1142,84,23,56,betrifft,0.073653962492438,0.4954896907216495,,,529,1165
232,232,5,1,23,1,1,5,535,1142,29,18,94,ein,0.08310647307924984,0.4944158075601375,,,564,1160
233,233,5,1,23,1,1,6,571,1142,103,18,94,Verfahren,0.0941470054446461,0.4944158075601375,,,674,1160
234,234,5,1,23,1,1,7,681,1147,43,13,92,zum,0.10624621899576528,0.4954896907216495,,,724,1160
235,235,5,1,23,1,1,8,731,1142,76,18,92,Verbin-,0.1163036902601331,0.4944158075601375,,,807,1160
236,236,4,1,23,1,2,0,225,1175,582,24,-1,,0.0780399274047187,0.5098797250859106,,,807,1199
237,237,5,1,23,1,2,1,225,1175,38,19,96,den,0.03690260133091349,0.5088058419243986,,,263,1194
238,238,5,1,23,1,2,2,275,1175,56,19,93,eines,0.04582577132486389,0.5088058419243986,,,331,1194
239,239,5,1,23,1,2,3,344,1175,183,24,91,Haushaltsgerates,0.06586509376890502,0.5098797250859106,,,527,1199
240,240,5,1,23,1,2,4,540,1175,26,24,96,(1),0.08363581367211131,0.5098797250859106,,,566,1199
241,241,5,1,23,1,2,5,580,1175,30,19,96,mit,0.08998790078644887,0.5088058419243986,,,610,1194
242,242,5,1,23,1,2,6,621,1175,63,19,91,einem,0.09868421052631579,0.5088058419243986,,,684,1194
243,243,5,1,23,1,2,7,697,1175,110,19,93,drahtlosen,0.11373260738052027,0.5088058419243986,,,807,1194
244,244,4,1,23,1,3,0,226,1208,581,23,-1,,0.07811554748941318,0.523840206185567,,,807,1231
245,245,5,1,23,1,3,1,226,1208,149,19,92,Heimnetzwerk,0.04544767090139141,0.5229810996563574,,,375,1227
246,246,5,1,23,1,3,2,387,1208,33,23,93,"(2),",0.06102540834845735,0.523840206185567,,,420,1231
247,247,5,1,23,1,3,3,433,1208,60,19,92,wobei,0.07002419842710224,0.5229810996563574,,,493,1227
248,248,5,1,23,1,3,4,507,1208,300,23,91,Netzwerkzugangsinformatio-,0.09936479128856625,0.523840206185567,,,807,1231
249,249,4,1,23,1,4,0,226,1241,581,23,-1,,0.07811554748941318,0.5380154639175257,,,807,1264
250,250,5,1,23,1,4,1,226,1246,37,13,90,nen,0.036978221415607984,0.5380154639175257,,,263,1259
251,251,5,1,23,1,4,2,274,1241,66,18,90,mittels,0.046430732002419844,0.5369415807560137,,,340,1259
252,252,5,1,23,1,4,3,350,1241,55,18,96,eines,0.05709316394434362,0.5369415807560137,,,405,1259
253,253,5,1,23,1,4,4,415,1241,33,18,96,auf,0.06526013309134907,0.5369415807560137,,,448,1259
254,254,5,1,23,1,4,5,457,1241,62,18,93,einem,0.07380520266182698,0.5369415807560137,,,519,1259
255,255,5,1,23,1,4,6,531,1241,163,23,84,Nutzerendgerat,0.0926346037507562,0.5380154639175257,,,694,1264
256,256,5,1,23,1,4,7,703,1241,26,23,93,(3),0.10828796128251664,0.5380154639175257,,,729,1264
257,257,5,1,23,1,4,8,739,1241,68,23,91,darge-,0.11690865093768905,0.5380154639175257,,,807,1264
258,258,4,1,23,1,5,0,225,1274,582,23,-1,,0.0780399274047187,0.5521907216494846,,,807,1297
259,259,5,1,23,1,5,1,225,1274,73,18,91,stellten,0.039549304295220813,0.5511168384879725,,,298,1292
260,260,5,1,23,1,5,2,304,1274,101,23,92,optischen,0.053614640048396854,0.5521907216494846,,,405,1297
261,261,5,1,23,1,5,3,411,1274,67,18,96,Codes,0.06722625529340592,0.5511168384879725,,,478,1292
262,262,5,1,23,1,5,4,485,1274,26,23,96,(4),0.07531760435571688,0.5521907216494846,,,511,1297
263,263,5,1,23,1,5,5,517,1278,36,14,96,von,0.0809134906231095,0.5519759450171822,,,553,1292
264,264,5,1,23,1,5,6,560,1274,44,18,93,dem,0.08802177858439202,0.5511168384879725,,,604,1292
265,265,5,1,23,1,5,7,612,1274,155,23,90,Nutzerendgerat,0.10428009679370841,0.5521907216494846,,,767,1297
266,266,5,1,23,1,5,8,769,1274,38,23,96,(3),0.1191772534785239,0.5521907216494846,,,807,1297
267,267,4,1,23,1,6,0,225,1306,582,23,-1,,0.0780399274047187,0.5659364261168385,,,807,1329
268,268,5,1,23,1,6,1,225,1311,24,14,96,an,0.03584392014519056,0.5661512027491409,,,249,1325
269,269,5,1,23,1,6,2,257,1306,37,19,93,das,0.041666666666666664,0.5650773195876289,,,294,1325
270,270,5,1,23,1,6,3,302,1306,158,23,88,Haushaltsgerat,0.057622504537205084,0.5659364261168385,,,460,1329
271,271,5,1,23,1,6,4,467,1306,26,23,93,(1),0.07259528130671507,0.5659364261168385,,,493,1329
272,272,5,1,23,1,6,5,502,1306,109,19,86,Ubermittelt,0.08416515426497277,0.5650773195876289,,,611,1325
273,273,5,1,23,1,6,6,617,1306,77,19,96,werden,0.09913793103448276,0.5650773195876289,,,694,1325
274,274,5,1,23,1,6,7,702,1306,37,19,93,und,0.1089685420447671,0.5650773195876289,,,739,1325
275,275,5,1,23,1,6,8,746,1306,61,19,93,wobei,0.11743799153055051,0.5650773195876289,,,807,1325
276,276,4,1,23,1,7,0,225,1339,582,23,-1,,0.0780399274047187,0.5801116838487973,,,807,1362
277,277,5,1,23,1,7,1,225,1339,40,18,96,sich,0.03705384150030248,0.5790378006872853,,,265,1357
278,278,5,1,23,1,7,2,274,1339,37,18,93,das,0.044237749546279494,0.5790378006872853,,,311,1357
279,279,5,1,23,1,7,3,320,1339,159,23,90,Haushaltsgerat,0.06042044767090139,0.5801116838487973,,,479,1362
280,280,5,1,23,1,7,4,487,1339,27,23,96,(1),0.07569570477918935,0.5801116838487973,,,514,1362
281,281,5,1,23,1,7,5,524,1340,52,17,96,unter,0.08318209316394434,0.5792525773195877,,,576,1357
282,282,5,1,23,1,7,6,585,1339,86,23,96,Nutzung,0.09497882637628555,0.5801116838487973,,,671,1362
283,283,5,1,23,1,7,7,679,1339,34,18,90,der,0.10526315789473684,0.5790378006872853,,,713,1357
284,284,5,1,23,1,7,8,721,1339,86,23,90,empfan-,0.11554748941318814,0.5801116838487973,,,807,1362
285,285,4,1,23,1,8,0,225,1372,582,23,-1,,0.0780399274047187,0.594286941580756,,,807,1395
286,286,5,1,23,1,8,1,225,1377,64,18,92,genen,0.038868723532970356,0.595360824742268,,,289,1395
287,287,5,1,23,1,8,2,299,1372,332,23,90,Netzwerkzugangsinformationen,0.07032667876588022,0.594286941580756,,,631,1395
288,288,5,1,23,1,8,3,640,1377,24,14,96,an,0.09860859044162129,0.5945017182130584,,,664,1391
289,289,5,1,23,1,8,4,674,1372,44,19,92,dem,0.10526315789473684,0.5934278350515464,,,718,1391
290,290,5,1,23,1,8,5,727,1372,80,19,92,drahtlo-,0.11600120992135511,0.5934278350515464,,,807,1391
291,291,4,1,23,1,9,0,225,1405,581,23,-1,,0.0779643073200242,0.6084621993127147,,,806,1428
292,292,5,1,23,1,9,1,225,1410,36,13,93,sen,0.0367513611615245,0.6084621993127147,,,261,1423
293,293,5,1,23,1,9,2,276,1405,149,18,92,Heimnetzwerk,0.0530096793708409,0.6073883161512027,,,425,1423
294,294,5,1,23,1,9,3,438,1405,27,23,93,(2),0.06828493647912885,0.6084621993127147,,,465,1428
295,295,5,1,23,1,9,4,479,1405,102,18,93,anmeldet.,0.08015728977616456,0.6073883161512027,,,581,1423
296,296,5,1,23,1,9,5,596,1405,34,18,92,Um,0.09271022383545069,0.6073883161512027,,,630,1423
297,297,5,1,23,1,9,6,644,1405,162,22,92,"sicherzustellen,",0.10964912280701754,0.6082474226804123,,,806,1427
298,298,4,1,23,1,10,0,225,1438,582,23,-1,,0.0780399274047187,0.6226374570446735,,,807,1461
299,299,5,1,23,1,10,1,225,1438,48,18,96,dass,0.03765880217785844,0.6215635738831615,,,273,1456
300,300,5,1,23,1,10,2,283,1438,34,18,93,der,0.045372050816696916,0.6215635738831615,,,317,1456
301,301,5,1,23,1,10,3,327,1438,87,23,92,optische,0.05603448275862069,0.6226374570446735,,,414,1461
302,302,5,1,23,1,10,4,424,1438,55,18,96,Code,0.06828493647912885,0.6215635738831615,,,479,1456
303,303,5,1,23,1,10,5,490,1438,26,23,96,(4),0.07607380520266183,0.6226374570446735,,,516,1461
304,304,5,1,23,1,10,6,526,1438,28,18,34,fiir,0.08166969147005444,0.6215635738831615,,,554,1456
305,305,5,1,23,1,10,7,563,1438,38,18,93,das,0.08802177858439202,0.6215635738831615,,,601,1456
306,306,5,1,23,1,10,8,612,1438,158,23,91,Haushaltsgerat,0.10450695704779189,0.6226374570446735,,,770,1461
307,307,5,1,23,1,10,9,780,1438,27,23,96,(1),0.12000907441016334,0.6226374570446735,,,807,1461
308,308,4,1,23,1,11,0,225,1470,582,23,-1,,0.0780399274047187,0.6363831615120275,,,807,1493
309,309,5,1,23,1,11,1,225,1470,83,23,92,geeignet,0.04030550514216576,0.6363831615120275,,,308,1493
310,310,5,1,23,1,11,2,309,1470,41,22,96,"ist,",0.04983363581367211,0.636168384879725,,,350,1492
311,311,5,1,23,1,11,3,357,1470,43,19,93,wird,0.057244404113732605,0.6355240549828178,,,400,1489
312,312,5,1,23,1,11,4,407,1470,159,23,90,"vorgeschlagen,",0.0735783424077435,0.6363831615120275,,,566,1493
313,313,5,1,23,1,11,5,574,1470,37,19,94,dass,0.0896098003629764,0.6355240549828178,,,611,1489
314,314,5,1,23,1,11,6,613,1470,34,19,94,in,0.09528130671506352,0.6355240549828178,,,647,1489
315,315,5,1,23,1,11,7,654,1470,44,19,93,dem,0.10223835450695705,0.6355240549828178,,,698,1489
316,316,5,1,23,1,11,8,706,1470,101,23,92,optischen,0.11441318814277072,0.6363831615120275,,,807,1493
317,317,4,1,23,1,12,0,225,1503,582,23,-1,,0.0780399274047187,0.6505584192439863,,,807,1526
318,318,5,1,23,1,12,1,225,1503,55,18,96,Code,0.038188142770719906,0.6494845360824743,,,280,1521
319,319,5,1,23,1,12,2,290,1503,26,23,96,(4),0.04582577132486389,0.6505584192439863,,,316,1526
320,320,5,1,23,1,12,3,325,1503,43,18,93,eine,0.05240471869328494,0.6494845360824743,,,368,1521
321,321,5,1,23,1,12,4,376,1503,270,23,87,Applikations-Identifikation,0.07728372655777374,0.6505584192439863,,,646,1526
322,322,5,1,23,1,12,5,655,1503,53,18,96,einer,0.10307017543859649,0.6494845360824743,,,708,1521
323,323,5,1,23,1,12,6,715,1503,38,18,93,den,0.11101028433151845,0.6494845360824743,,,753,1521
324,324,5,1,23,1,12,7,762,1503,45,23,91,opti-,0.11864791288566243,0.6505584192439863,,,807,1526
325,325,4,1,23,1,13,0,225,1536,583,23,-1,,0.07811554748941318,0.664733676975945,,,808,1559
326,326,5,1,23,1,13,1,225,1536,61,18,92,schen,0.03864186327888687,0.663659793814433,,,286,1554
327,327,5,1,23,1,13,2,294,1536,41,18,96,Code,0.047565033272837266,0.663659793814433,,,335,1554
328,328,5,1,23,1,13,3,337,1536,46,23,93,(4),0.0544464609800363,0.664733676975945,,,383,1559
329,329,5,1,23,1,13,4,389,1536,158,23,92,"generierenden,",0.07078039927404718,0.664733676975945,,,547,1559
330,330,5,1,23,1,13,5,555,1536,33,18,95,auf,0.08643375680580763,0.663659793814433,,,588,1554
331,331,5,1,23,1,13,6,593,1536,44,18,93,dem,0.09301270417422867,0.663659793814433,,,637,1554
332,332,5,1,23,1,13,7,645,1536,163,23,92,Nutzerendgerat,0.10987598306110102,0.664733676975945,,,808,1559
333,333,4,1,23,1,14,0,225,1569,457,23,-1,,0.06858741681790684,0.6789089347079038,,,682,1592
334,334,5,1,23,1,14,1,225,1569,27,23,93,(3),0.03607078039927405,0.6789089347079038,,,252,1592
335,335,5,1,23,1,14,2,262,1569,117,18,92,installierten,0.0484724742891712,0.6778350515463918,,,379,1587
336,336,5,1,23,1,14,3,387,1569,115,23,91,Applikation,0.06722625529340592,0.6789089347079038,,,502,1592
337,337,5,1,23,1,14,4,513,1569,112,23,85,Ubertragen,0.08605565638233514,0.6789089347079038,,,625,1592
338,338,5,1,23,1,14,5,633,1569,49,18,96,wird.,0.09944041137326073,0.6778350515463918,,,682,1587
339,339,2,1,24,0,0,0,315,1029,1114,25,-1,,0.13188142770719904,0.4473797250859107,,,1429,1054
340,340,3,1,24,1,0,0,315,1029,1114,25,-1,,0.13188142770719904,0.4473797250859107,,,1429,1054
341,341,4,1,24,1,1,0,315,1029,1114,25,-1,,0.13188142770719904,0.4473797250859107,,,1429,1054
342,342,5,1,24,1,1,1,315,1034,163,20,92,VERFAHREN,0.05996672716273442,0.4484536082474227,title_line_1,VERFAHREN,478,1054
343,343,5,1,24,1,1,2,487,1034,56,20,91,ZUM,0.0778886872353297,0.4484536082474227,title_line_1,ZUM,543,1054
344,344,5,1,24,1,1,3,552,1034,154,20,92,VERBINDEN,0.09513006654567453,0.4484536082474227,title_line_1,VERBINDEN,706,1054
345,345,5,1,24,1,1,4,718,1033,76,21,92,EINES,0.11433756805807622,0.4482388316151203,title_line_1,EINES,794,1054
346,346,5,1,24,1,1,5,805,1029,271,25,91,HAUSHALTSGERATES,0.14224137931034483,0.4473797250859107,title_line_1,HAUSHALTSGER‚àö√ëTES,1076,1054
347,347,5,1,24,1,1,6,1079,1033,69,21,96,MIT,0.16840592861464004,0.4482388316151203,title_line_1,MIT,1148,1054
348,348,5,1,24,1,1,7,1158,1034,80,20,92,EINEM,0.1811857229280097,0.4484536082474227,title_line_1,EINEM,1238,1054
349,349,5,1,24,1,1,8,1249,1033,180,21,91,DRAHTLOSEN,0.20251058681185724,0.4482388316151203,title_line_1,DRAHTLOSEN,1429,1054
350,350,2,1,25,0,0,0,1019,1529,1,87,-1,,0.154189352692075,0.6754725085910653,,,1020,1616
351,351,3,1,25,1,0,0,1019,1529,1,87,-1,,0.154189352692075,0.6754725085910653,,,1020,1616
352,352,4,1,25,1,1,0,1019,1529,1,87,-1,,0.154189352692075,0.6754725085910653,,,1020,1616
353,353,5,1,25,1,1,1,1019,1529,1,87,95, ,0.154189352692075,0.6754725085910653,,,1020,1616
354,354,2,1,26,0,0,0,893,1173,557,784,-1,,0.17717785843920145,0.6722508591065293,,,1450,1957
355,355,3,1,26,1,0,0,893,1173,557,784,-1,,0.17717785843920145,0.6722508591065293,,,1450,1957
356,356,4,1,26,1,1,0,893,1173,557,784,-1,,0.17717785843920145,0.6722508591065293,,,1450,1957
357,357,5,1,26,1,1,1,893,1173,557,784,95, ,0.17717785843920145,0.6722508591065293,,,1450,1957
358,358,2,1,27,0,0,0,716,2270,259,16,-1,,0.1278735632183908,0.9785223367697594,,,975,2286
359,359,3,1,27,1,0,0,716,2270,259,16,-1,,0.1278735632183908,0.9785223367697594,,,975,2286
360,360,4,1,27,1,1,0,716,2270,259,16,-1,,0.1278735632183908,0.9785223367697594,,,975,2286
361,361,5,1,27,1,1,1,716,2270,49,12,96,Printed,0.11199334543254688,0.9776632302405498,,,765,2282
362,362,5,1,27,1,1,2,771,2270,15,16,96,by,0.1177404718693285,0.9785223367697594,,,786,2286
363,363,5,1,27,1,1,3,792,2270,45,14,96,"Jouve,",0.12318511796733213,0.9780927835051546,,,837,2284
364,364,5,1,27,1,1,4,843,2270,41,12,96,75001,0.13059588626739263,0.9776632302405498,,,884,2282
365,365,5,1,27,1,1,5,893,2270,46,12,96,PARIS,0.1385359951603146,0.9776632302405498,,,939,2282
366,366,5,1,27,1,1,6,945,2270,30,16,95,(FR),0.14519056261343014,0.9785223367697594,,,975,2286
