,Unnamed: 0,level,page_num,block_num,par_num,line_num,word_num,left,top,width,height,conf,text,x,y,label,target,right,bottom
0,0,1,1,0,0,0,0,0,0,1653,2328,-1,,0.125,0.5,,,1653,2328
1,1,2,1,1,0,0,0,144,1905,31,328,-1,,0.02412280701754386,0.8887457044673539,,,175,2233
2,2,3,1,1,1,0,0,144,1905,31,328,-1,,0.02412280701754386,0.8887457044673539,,,175,2233
3,3,4,1,1,1,1,0,144,1905,31,328,-1,,0.02412280701754386,0.8887457044673539,,,175,2233
4,4,5,1,1,1,1,1,144,2179,30,54,95,EP,0.024047186932849365,0.947594501718213,,,174,2233
5,5,5,1,1,1,1,2,144,2142,31,21,94,3,0.02412280701754386,0.9246134020618557,,,175,2163
6,6,5,1,1,1,1,3,144,2061,31,65,94,361,0.02412280701754386,0.8992697594501718,,,175,2126
7,7,5,1,1,1,1,4,144,1969,31,70,89,849,0.02412280701754386,0.8608247422680413,,,175,2039
8,8,5,1,1,1,1,5,144,1905,30,50,89,A1,0.024047186932849365,0.8290378006872853,,,174,1955
9,9,2,1,2,0,0,0,429,153,88,28,-1,,0.07153660012099214,0.07173539518900343,,,517,181
10,10,3,1,2,1,0,0,429,153,88,28,-1,,0.07153660012099214,0.07173539518900343,,,517,181
11,11,4,1,2,1,1,0,429,153,88,16,-1,,0.07153660012099214,0.06915807560137457,,,517,169
12,12,5,1,2,1,1,1,429,153,88,16,84,Europaisches,0.07153660012099214,0.06915807560137457,,,517,169
13,13,4,1,2,1,2,0,429,170,71,11,-1,,0.07025105868118572,0.07538659793814433,,,500,181
14,14,5,1,2,1,2,1,429,170,71,11,96,Patentamt,0.07025105868118572,0.07538659793814433,,,500,181
15,15,2,1,3,0,0,0,429,196,89,28,-1,,0.07161222020568662,0.09020618556701031,,,518,224
16,16,3,1,3,1,0,0,429,196,89,28,-1,,0.07161222020568662,0.09020618556701031,,,518,224
17,17,4,1,3,1,1,0,429,196,63,15,-1,,0.06964609800362977,0.08741408934707903,,,492,211
18,18,5,1,3,1,1,1,429,196,63,15,95,European,0.06964609800362977,0.08741408934707903,,,492,211
19,19,4,1,3,1,2,0,429,212,89,12,-1,,0.07161222020568662,0.0936426116838488,,,518,224
20,20,5,1,3,1,2,1,429,213,43,11,96,Patent,0.06813369630973987,0.0938573883161512,,,472,224
21,21,5,1,3,1,2,2,478,212,40,12,90,Office,0.07531760435571688,0.0936426116838488,,,518,224
22,22,2,1,4,0,0,0,429,239,109,28,-1,,0.07312462189957653,0.10867697594501718,,,538,267
23,23,3,1,4,1,0,0,429,239,109,28,-1,,0.07312462189957653,0.10867697594501718,,,538,267
24,24,4,1,4,1,1,0,429,239,109,15,-1,,0.07312462189957653,0.10588487972508591,,,538,254
25,25,5,1,4,1,1,1,429,239,40,12,93,Office,0.06790683605565638,0.1052405498281787,,,469,251
26,26,5,1,4,1,1,2,474,239,64,15,93,europ√©en,0.0765275257108288,0.10588487972508591,,,538,254
27,27,4,1,4,1,2,0,429,255,77,12,-1,,0.0707047791893527,0.11211340206185567,,,506,267
28,28,5,1,4,1,2,1,429,255,22,12,95,des,0.06654567453115548,0.11211340206185567,,,451,267
29,29,5,1,4,1,2,2,457,255,49,12,82,brevets,0.07282214156079855,0.11211340206185567,,,506,267
30,30,2,1,5,0,0,0,281,136,274,150,-1,,0.06321839080459771,0.09063573883161512,,,555,286
31,31,3,1,5,1,0,0,281,136,274,150,-1,,0.06321839080459771,0.09063573883161512,,,555,286
32,32,4,1,5,1,1,0,281,136,274,150,-1,,0.06321839080459771,0.09063573883161512,,,555,286
33,33,5,1,5,1,1,1,281,136,274,150,95, ,0.06321839080459771,0.09063573883161512,,,555,286
34,34,2,1,6,0,0,0,225,324,45,26,-1,,0.037431941923774956,0.14475945017182132,,,270,350
35,35,3,1,6,1,0,0,225,324,45,26,-1,,0.037431941923774956,0.14475945017182132,,,270,350
36,36,4,1,6,1,1,0,225,324,45,26,-1,,0.037431941923774956,0.14475945017182132,,,270,350
37,37,5,1,6,1,1,1,225,324,45,26,96,(12),0.037431941923774956,0.14475945017182132,,,270,350
38,38,2,1,7,0,0,0,225,395,415,53,-1,,0.06541137326073805,0.18105670103092783,,,640,448
39,39,3,1,7,1,0,0,225,395,415,53,-1,,0.06541137326073805,0.18105670103092783,,,640,448
40,40,4,1,7,1,1,0,225,395,282,26,-1,,0.05535390199637023,0.17525773195876287,,,507,421
41,41,5,1,7,1,1,1,225,395,45,26,92,(43),0.037431941923774956,0.17525773195876287,,,270,421
42,42,5,1,7,1,1,2,285,397,222,23,90,Verdffentlichungstag:,0.05989110707803993,0.17547250859106528,,,507,420
43,43,4,1,7,1,2,0,287,430,353,18,-1,,0.07009981851179674,0.18857388316151202,,,640,448
44,44,5,1,7,1,2,1,287,430,116,18,92,15.08.2018,0.052177858439201454,0.18857388316151202,publication_date,15.08.2018,403,448
45,45,5,1,7,1,2,2,426,430,121,18,92,Patentblatt,0.0735783424077435,0.18857388316151202,,,547,448
46,46,5,1,7,1,2,3,555,430,85,18,96,2018/33,0.09036600120992136,0.18857388316151202,,,640,448
47,47,2,1,8,0,0,0,225,493,379,26,-1,,0.06268905021173624,0.21735395189003437,,,604,519
48,48,3,1,8,1,0,0,225,493,379,26,-1,,0.06268905021173624,0.21735395189003437,,,604,519
49,49,4,1,8,1,1,0,225,493,379,26,-1,,0.06268905021173624,0.21735395189003437,,,604,519
50,50,5,1,8,1,1,1,225,493,45,26,91,(21),0.037431941923774956,0.21735395189003437,,,270,519
51,51,5,1,8,1,1,2,285,495,186,18,91,Anmeldenummer:,0.05716878402903811,0.21649484536082475,,,471,513
52,52,5,1,8,1,1,3,481,495,123,18,92,18156489.9,0.08204779189352691,0.21649484536082475,application_number,18156489.9,604,513
53,53,2,1,9,0,0,0,225,559,319,26,-1,,0.05815184513006655,0.24570446735395188,,,544,585
54,54,3,1,9,1,0,0,225,559,319,26,-1,,0.05815184513006655,0.24570446735395188,,,544,585
55,55,4,1,9,1,1,0,225,559,319,26,-1,,0.05815184513006655,0.24570446735395188,,,544,585
56,56,5,1,9,1,1,1,225,559,45,26,93,(22),0.037431941923774956,0.24570446735395188,,,270,585
57,57,5,1,9,1,1,2,285,561,131,23,91,Anmeldetag:,0.0530096793708409,0.24591924398625428,,,416,584
58,58,5,1,9,1,1,3,427,561,117,18,96,13.02.2018,0.07342710223835451,0.24484536082474226,filing_date,13.02.2018,544,579
59,59,2,1,10,0,0,0,1146,245,314,32,-1,,0.1970659407138536,0.11211340206185567,,,1460,277
60,60,3,1,10,1,0,0,1146,245,314,32,-1,,0.1970659407138536,0.11211340206185567,,,1460,277
61,61,4,1,10,1,1,0,1146,245,314,32,-1,,0.1970659407138536,0.11211340206185567,,,1460,277
62,62,5,1,10,1,1,1,1146,245,52,32,96,EP,0.17725347852389595,0.11211340206185567,number,EP,1198,277
63,63,5,1,10,1,1,2,1214,245,20,32,96,3,0.1851179673321234,0.11211340206185567,number,3,1234,277
64,64,5,1,10,1,1,3,1249,245,63,32,96,361,0.19366303690260134,0.11211340206185567,number,361,1312,277
65,65,5,1,10,1,1,4,1332,245,67,32,92,849,0.20651845130066546,0.11211340206185567,number,849,1399,277
66,66,5,1,10,1,1,5,1413,245,47,32,83,A1,0.21725650332728372,0.11211340206185567,number,A1,1460,277
67,67,2,1,11,0,0,0,1337,142,44,67,-1,,0.205535390199637,0.07538659793814433,,,1381,209
68,68,3,1,11,1,0,0,1337,142,44,67,-1,,0.205535390199637,0.07538659793814433,,,1381,209
69,69,4,1,11,1,1,0,1337,142,44,67,-1,,0.205535390199637,0.07538659793814433,,,1381,209
70,70,5,1,11,1,1,1,1337,142,44,67,95, ,0.205535390199637,0.07538659793814433,,,1381,209
71,71,2,1,12,0,0,0,1002,256,44,27,-1,,0.15486993345432548,0.11576460481099657,,,1046,283
72,72,3,1,12,1,0,0,1002,256,44,27,-1,,0.15486993345432548,0.11576460481099657,,,1046,283
73,73,4,1,12,1,1,0,1002,256,44,27,-1,,0.15486993345432548,0.11576460481099657,,,1046,283
74,74,5,1,12,1,1,1,1002,256,44,27,80,(11),0.15486993345432548,0.11576460481099657,,,1046,283
75,75,2,1,13,0,0,0,559,314,573,31,-1,,0.1278735632183908,0.14153780068728522,,,1132,345
76,76,3,1,13,1,0,0,559,314,573,31,-1,,0.1278735632183908,0.14153780068728522,,,1132,345
77,77,4,1,13,1,1,0,559,314,573,31,-1,,0.1278735632183908,0.14153780068728522,,,1132,345
78,78,5,1,13,1,1,1,559,314,230,31,92,EUROPAISCHE,0.10193587416817906,0.14153780068728522,,,789,345
79,79,5,1,13,1,1,2,802,319,330,26,91,PATENTANMELDUNG,0.14624924379915305,0.14261168384879724,,,1132,345
80,80,2,1,14,0,0,0,862,395,246,51,-1,,0.14897156684815488,0.18062714776632302,,,1108,446
81,81,3,1,14,1,0,0,862,395,246,51,-1,,0.14897156684815488,0.18062714776632302,,,1108,446
82,82,4,1,14,1,1,0,862,395,126,26,-1,,0.13989715668481548,0.17525773195876287,,,988,421
83,83,5,1,14,1,1,1,862,395,44,26,67,(51),0.1336963097398669,0.17525773195876287,,,906,421
84,84,5,1,14,1,1,2,923,397,25,18,93,Int,0.1414851784633999,0.17439862542955326,,,948,415
85,85,5,1,14,1,1,3,955,397,33,18,65,Cl:,0.14692982456140352,0.17439862542955326,,,988,415
86,86,4,1,14,1,2,0,922,425,186,21,-1,,0.15350877192982457,0.1870704467353952,,,1108,446
87,87,5,1,14,1,2,1,922,428,62,18,84,HO5K,0.1441318814277072,0.1877147766323024,class_international,H05K,984,446
88,88,5,1,14,1,2,2,991,428,45,18,92,7120,0.15328191167574107,0.1877147766323024,class_international,7/20,1036,446
89,89,5,1,14,1,2,3,1041,425,67,16,82,(2006.91),0.16250756200846944,0.18599656357388317,,,1108,441
90,90,2,1,15,0,0,0,224,612,1243,6,-1,,0.1278735632183908,0.26417525773195877,,,1467,618
91,91,3,1,15,1,0,0,224,612,1243,6,-1,,0.1278735632183908,0.26417525773195877,,,1467,618
92,92,4,1,15,1,1,0,224,612,1243,6,-1,,0.1278735632183908,0.26417525773195877,,,1467,618
93,93,5,1,15,1,1,1,224,612,1243,6,95, ,0.1278735632183908,0.26417525773195877,,,1467,618
94,94,2,1,16,0,0,0,225,631,599,250,-1,,0.07932546884452511,0.3247422680412371,,,824,881
95,95,3,1,16,1,0,0,225,631,599,250,-1,,0.07932546884452511,0.3247422680412371,,,824,881
96,96,4,1,16,1,1,0,225,631,342,27,-1,,0.05989110707803993,0.2768470790378007,,,567,658
97,97,5,1,16,1,1,1,225,631,45,27,93,(84),0.037431941923774956,0.2768470790378007,,,270,658
98,98,5,1,16,1,1,2,286,633,100,19,93,Benannte,0.050816696914700546,0.2759879725085911,,,386,652
99,99,5,1,16,1,1,3,393,633,174,23,92,Vertragsstaaten:,0.07259528130671507,0.2768470790378007,,,567,656
100,100,4,1,16,1,2,0,285,666,537,18,-1,,0.08371143375680581,0.28994845360824745,,,822,684
101,101,5,1,16,1,2,1,285,666,31,18,94,AL,0.04544767090139141,0.28994845360824745,,,316,684
102,102,5,1,16,1,2,2,323,666,31,18,94,AT,0.05119479733817302,0.28994845360824745,,,354,684
103,103,5,1,16,1,2,3,363,666,30,18,95,BE,0.05716878402903811,0.28994845360824745,,,393,684
104,104,5,1,16,1,2,4,403,666,32,18,95,BG,0.0633696309739867,0.28994845360824745,,,435,684
105,105,5,1,16,1,2,5,445,666,31,18,95,CH,0.06964609800362977,0.28994845360824745,,,476,684
106,106,5,1,16,1,2,6,486,666,32,18,96,CY,0.07592256503327284,0.28994845360824745,,,518,684
107,107,5,1,16,1,2,7,526,666,30,18,96,CZ,0.08182093163944344,0.28994845360824745,,,556,684
108,108,5,1,16,1,2,8,565,666,30,18,96,DE,0.08771929824561403,0.28994845360824745,,,595,684
109,109,5,1,16,1,2,9,605,666,32,18,93,DK,0.09392014519056262,0.28994845360824745,,,637,684
110,110,5,1,16,1,2,10,646,666,29,18,93,EE,0.0998941318814277,0.28994845360824745,,,675,684
111,111,5,1,16,1,2,11,684,666,29,18,93,ES,0.10564125831820932,0.28994845360824745,,,713,684
112,112,5,1,16,1,2,12,723,666,99,18,86,FIFRGB,0.11683303085299455,0.28994845360824745,,,822,684
113,113,4,1,16,1,3,0,285,699,539,18,-1,,0.0838626739261948,0.30412371134020616,,,824,717
114,114,5,1,16,1,3,1,285,699,35,18,94,GR,0.04575015124016939,0.30412371134020616,,,320,717
115,115,5,1,16,1,3,2,328,699,32,18,94,HR,0.05202661826981246,0.30412371134020616,,,360,717
116,116,5,1,16,1,3,3,368,699,14,18,41,HU,0.05671506352087114,0.30412371134020616,,,382,717
117,117,5,1,16,1,3,4,385,699,43,18,41,IE,0.06147912885662432,0.30412371134020616,,,428,717
118,118,5,1,16,1,3,5,436,699,20,18,47,IS,0.06745311554748941,0.30412371134020616,,,456,717
119,119,5,1,16,1,3,6,464,699,20,18,47,IT,0.07168784029038112,0.30412371134020616,,,484,717
120,120,5,1,16,1,3,7,492,699,54,18,83,LILT,0.07849364791288566,0.30412371134020616,,,546,717
121,121,5,1,16,1,3,8,554,699,28,18,75,LU,0.08590441621294616,0.30412371134020616,,,582,717
122,122,5,1,16,1,3,9,591,699,28,18,75,LV,0.09150030248033877,0.30412371134020616,,,619,717
123,123,5,1,16,1,3,10,627,699,35,18,95,MC,0.09747428917120388,0.30412371134020616,,,662,717
124,124,5,1,16,1,3,11,670,699,35,18,94,MK,0.10397761645493044,0.30412371134020616,,,705,717
125,125,5,1,16,1,3,12,713,699,32,18,93,MT,0.11025408348457351,0.30412371134020616,,,745,717
126,126,5,1,16,1,3,13,753,699,29,18,20,NL,0.11607683000604961,0.30412371134020616,,,782,717
127,127,5,1,16,1,3,14,791,699,33,18,20,NO,0.1221264367816092,0.30412371134020616,,,824,717
128,128,4,1,16,1,4,0,286,732,336,18,-1,,0.06866303690260134,0.31829896907216493,,,622,750
129,129,5,1,16,1,4,1,286,732,28,18,95,PL,0.045372050816696916,0.31829896907216493,,,314,750
130,130,5,1,16,1,4,2,323,732,29,18,92,PT,0.05104355716878403,0.31829896907216493,,,352,750
131,131,5,1,16,1,4,3,360,732,58,18,92,RORS,0.058832425892317,0.31829896907216493,,,418,750
132,132,5,1,16,1,4,4,420,732,52,18,96,SE,0.06745311554748941,0.31829896907216493,,,472,750
133,133,5,1,16,1,4,5,480,732,20,18,91,SI,0.07410768300060495,0.31829896907216493,,,500,750
134,134,5,1,16,1,4,6,510,732,31,18,91,SK,0.0794767090139141,0.31829896907216493,,,541,750
135,135,5,1,16,1,4,7,550,732,72,18,91,SMTR,0.08862673926194797,0.31829896907216493,,,622,750
136,136,4,1,16,1,5,0,286,765,330,23,-1,,0.06820931639443437,0.3335481099656357,,,616,788
137,137,5,1,16,1,5,1,286,765,100,18,92,Benannte,0.050816696914700546,0.3324742268041237,,,386,783
138,138,5,1,16,1,5,2,395,765,221,23,91,Erstreckungsstaaten:,0.0764519056261343,0.3335481099656357,,,616,788
139,139,4,1,16,1,6,0,286,797,74,19,-1,,0.04885057471264368,0.34643470790378006,,,360,816
140,140,5,1,16,1,6,1,286,797,33,19,96,BA,0.04575015124016939,0.34643470790378006,,,319,816
141,141,5,1,16,1,6,2,327,797,33,19,96,ME,0.05195099818511797,0.34643470790378006,,,360,816
142,142,4,1,16,1,7,0,286,830,322,23,-1,,0.06760435571687841,0.36146907216494845,,,608,853
143,143,5,1,16,1,7,1,286,830,100,18,92,Benannte,0.050816696914700546,0.3603951890034364,,,386,848
144,144,5,1,16,1,7,2,393,830,215,23,92,Validierungsstaaten:,0.07569570477918935,0.36146907216494845,,,608,853
145,145,4,1,16,1,8,0,286,863,116,18,-1,,0.05202661826981246,0.3745704467353952,,,402,881
146,146,5,1,16,1,8,1,286,863,35,18,95,MA,0.04590139140955838,0.3745704467353952,,,321,881
147,147,5,1,16,1,8,2,330,863,34,18,94,MD,0.05248033877797943,0.3745704467353952,,,364,881
148,148,5,1,16,1,8,3,373,863,29,18,92,TN,0.05860556563823351,0.3745704467353952,,,402,881
149,149,2,1,17,0,0,0,225,927,491,53,-1,,0.07115849969751967,0.4095790378006873,,,716,980
150,150,3,1,17,1,0,0,225,927,491,53,-1,,0.07115849969751967,0.4095790378006873,,,716,980
151,151,4,1,17,1,1,0,225,927,491,26,-1,,0.07115849969751967,0.40378006872852235,,,716,953
152,152,5,1,17,1,1,1,225,927,45,26,91,(30),0.037431941923774956,0.40378006872852235,,,270,953
153,153,5,1,17,1,1,2,286,929,86,18,66,Prioritat:,0.04975801572897762,0.4029209621993127,,,372,947
154,154,5,1,17,1,1,3,384,929,117,18,95,14.02.2017,0.06692377495462795,0.4029209621993127,priority_date_eu,14.02.2017,501,947
155,155,5,1,17,1,1,4,520,929,30,18,95,DE,0.0809134906231095,0.4029209621993127,,,550,947
156,156,5,1,17,1,1,5,559,929,157,18,96,102017102890,0.09641560798548095,0.4029209621993127,,,716,947
157,157,4,1,17,1,2,0,385,961,331,19,-1,,0.08325771324863884,0.4168814432989691,,,716,980
158,158,5,1,17,1,2,1,385,961,116,19,95,19.12.2017,0.06699939503932244,0.4168814432989691,,,501,980
159,159,5,1,17,1,2,2,520,961,30,19,96,DE,0.0809134906231095,0.4168814432989691,,,550,980
160,160,5,1,17,1,2,3,559,961,157,19,96,102017130420,0.09641560798548095,0.4168814432989691,,,716,980
161,161,2,1,18,0,0,0,225,1025,385,57,-1,,0.06314277071990321,0.4525343642611684,,,610,1082
162,162,3,1,18,1,0,0,225,1025,385,57,-1,,0.06314277071990321,0.4525343642611684,,,610,1082
163,163,4,1,18,1,1,0,225,1025,385,26,-1,,0.06314277071990321,0.44587628865979384,,,610,1051
164,164,5,1,18,1,1,1,225,1025,45,26,93,(71),0.037431941923774956,0.44587628865979384,,,270,1051
165,165,5,1,18,1,1,2,285,1027,106,18,92,Anmelder:,0.051119177253478525,0.44501718213058417,,,391,1045
166,166,5,1,18,1,1,3,400,1027,54,18,96,Zech,0.06457955232909861,0.44501718213058417,applicant_line_1,Zech,454,1045
167,167,5,1,18,1,1,4,463,1027,70,23,95,Group,0.07531760435571688,0.44609106529209624,applicant_line_1,Group,533,1050
168,168,5,1,18,1,1,5,542,1027,68,18,96,GmbH,0.08711433756805807,0.44501718213058417,applicant_line_1,GmbH,610,1045
169,169,4,1,18,1,2,0,286,1059,214,23,-1,,0.059437386569872956,0.45983676975945015,,,500,1082
170,170,5,1,18,1,2,1,286,1059,64,19,96,28315,0.04809437386569873,0.45897766323024053,,,350,1078
171,171,5,1,18,1,2,2,359,1059,86,19,96,Bremen,0.060798548094373864,0.45897766323024053,,,445,1078
172,172,5,1,18,1,2,3,454,1059,46,23,95,(DE),0.0721415607985481,0.45983676975945015,,,500,1082
173,173,2,1,19,0,0,0,845,614,2,500,-1,,0.1279491833030853,0.3711340206185567,,,847,1114
174,174,3,1,19,1,0,0,845,614,2,500,-1,,0.1279491833030853,0.3711340206185567,,,847,1114
175,175,4,1,19,1,1,0,845,614,2,500,-1,,0.1279491833030853,0.3711340206185567,,,847,1114
176,176,5,1,19,1,1,1,845,614,2,500,95, ,0.1279491833030853,0.3711340206185567,,,847,1114
177,177,2,1,20,0,0,0,862,631,294,157,-1,,0.15260133091349062,0.30476804123711343,,,1156,788
178,178,3,1,20,1,0,0,862,631,294,157,-1,,0.15260133091349062,0.30476804123711343,,,1156,788
179,179,4,1,20,1,1,0,862,631,147,27,-1,,0.1414851784633999,0.2768470790378007,,,1009,658
180,180,5,1,20,1,1,1,862,631,44,27,90,(72),0.1336963097398669,0.2768470790378007,,,906,658
181,181,5,1,20,1,1,2,923,633,86,19,89,Erfinder:,0.14609800362976408,0.2759879725085911,,,1009,652
182,182,4,1,20,1,2,0,898,666,186,23,-1,,0.1498790078644888,0.29102233676975947,,,1084,689
183,183,5,1,20,1,2,1,898,671,7,8,39,¬´,0.13634301270417423,0.28994845360824745,,,905,679
184,184,5,1,20,1,2,2,923,666,60,23,96,"Lang,",0.1441318814277072,0.29102233676975947,inventor_line_1,"Lang,",983,689
185,185,5,1,20,1,2,3,992,666,92,23,96,Stephan,0.1569872958257713,0.29102233676975947,inventor_line_1,Stephan,1084,689
186,186,4,1,20,1,3,0,922,699,207,23,-1,,0.15509679370840895,0.30519759450171824,,,1129,722
187,187,5,1,20,1,3,1,922,699,65,18,93,35394,0.1443587416817907,0.30412371134020616,,,987,717
188,188,5,1,20,1,3,2,994,699,79,18,81,GieBen,0.15630671506352087,0.30412371134020616,,,1073,717
189,189,5,1,20,1,3,3,1082,699,47,23,96,(DE),0.16719600725952813,0.30519759450171824,,,1129,722
190,190,4,1,20,1,4,0,898,732,193,23,-1,,0.15040834845735027,0.31937285223367695,,,1091,755
191,191,5,1,20,1,4,1,898,737,7,8,67,¬¢,0.13634301270417423,0.31829896907216493,,,905,745
192,192,5,1,20,1,4,2,921,732,86,22,90,"Zultner,",0.14579552329098608,0.31915807560137455,,,1007,754
193,193,5,1,20,1,4,3,1017,732,74,23,96,Holger,0.15940713853599517,0.31937285223367695,,,1091,755
194,194,4,1,20,1,5,0,922,765,234,23,-1,,0.1571385359951603,0.3335481099656357,,,1156,788
195,195,5,1,20,1,5,1,922,765,64,18,96,72072,0.1442831215970962,0.3324742268041237,,,986,783
196,196,5,1,20,1,5,2,994,765,106,23,57,Tubingen,0.15834845735027223,0.3335481099656357,,,1100,788
197,197,5,1,20,1,5,3,1109,765,47,23,96,(DE),0.17127949183303084,0.3335481099656357,,,1156,788
198,198,2,1,21,0,0,0,862,828,362,156,-1,,0.15774349667271628,0.38917525773195877,,,1224,984
199,199,3,1,21,1,0,0,862,828,362,156,-1,,0.15774349667271628,0.38917525773195877,,,1224,984
200,200,4,1,21,1,1,0,862,828,327,26,-1,,0.15509679370840895,0.36125429553264604,,,1189,854
201,201,5,1,21,1,1,1,862,828,44,26,93,(74),0.1336963097398669,0.36125429553264604,,,906,854
202,202,5,1,21,1,1,2,921,830,97,18,91,Vertreter:,0.14662734422262552,0.3603951890034364,,,1018,848
203,203,5,1,21,1,1,3,1029,830,104,22,91,"Manasse,",0.16349062310949788,0.36125429553264604,representative_line_1_eu,"Manasse,",1133,852
204,204,5,1,21,1,1,4,1143,830,46,18,96,Uwe,0.176346037507562,0.3603951890034364,representative_line_1_eu,Uwe,1189,848
205,205,4,1,21,1,2,0,923,863,252,18,-1,,0.15865093768905023,0.3745704467353952,,,1175,881
206,206,5,1,21,1,2,1,923,863,109,18,92,Boehmert,0.14783726557773744,0.3745704467353952,,,1032,881
207,207,5,1,21,1,2,2,1040,863,16,18,93,&,0.15849969751966123,0.3745704467353952,,,1056,881
208,208,5,1,21,1,2,3,1065,863,110,18,91,Boehmert,0.1693889897156685,0.3745704467353952,,,1175,881
209,209,4,1,21,1,3,0,921,895,303,23,-1,,0.16220508166969147,0.3893900343642612,,,1224,918
210,210,5,1,21,1,3,1,921,895,244,23,91,Anwaltspartnerschaft,0.15774349667271628,0.3893900343642612,,,1165,918
211,211,5,1,21,1,3,2,1173,895,51,19,91,mbB,0.18126134301270416,0.38853092783505155,,,1224,914
212,212,4,1,21,1,4,0,923,929,245,18,-1,,0.15812159709618875,0.4029209621993127,,,1168,947
213,213,5,1,21,1,4,1,923,929,212,18,92,Pettenkoferstrasse,0.15562613430127042,0.4029209621993127,,,1135,947
214,214,5,1,21,1,4,2,1143,929,25,18,97,22,0.17475801572897762,0.4029209621993127,,,1168,947
215,215,4,1,21,1,5,0,922,961,231,23,-1,,0.15691167574107684,0.4177405498281787,,,1153,984
216,216,5,1,21,1,5,1,922,961,64,19,93,80336,0.1442831215970962,0.4168814432989691,,,986,980
217,217,5,1,21,1,5,2,996,961,101,19,61,Miinchen,0.15827283726557773,0.4168814432989691,,,1097,980
218,218,5,1,21,1,5,3,1107,961,46,23,96,(DE),0.17090139140955837,0.4177405498281787,,,1153,984
219,219,2,1,22,0,0,0,224,1110,1243,6,-1,,0.1278735632183908,0.47809278350515466,,,1467,1116
220,220,3,1,22,1,0,0,224,1110,1243,6,-1,,0.1278735632183908,0.47809278350515466,,,1467,1116
221,221,4,1,22,1,1,0,224,1110,1243,6,-1,,0.1278735632183908,0.47809278350515466,,,1467,1116
222,222,5,1,22,1,1,1,224,1110,1243,6,95, ,0.1278735632183908,0.47809278350515466,,,1467,1116
223,223,2,1,23,0,0,0,225,1131,45,27,-1,,0.037431941923774956,0.49162371134020616,,,270,1158
224,224,3,1,23,1,0,0,225,1131,45,27,-1,,0.037431941923774956,0.49162371134020616,,,270,1158
225,225,4,1,23,1,1,0,225,1131,45,27,-1,,0.037431941923774956,0.49162371134020616,,,270,1158
226,226,5,1,23,1,1,1,225,1131,45,27,96,(54),0.037431941923774956,0.49162371134020616,,,270,1158
227,227,2,1,24,0,0,0,315,1127,1117,29,-1,,0.13210828796128252,0.49033505154639173,,,1432,1156
228,228,3,1,24,1,0,0,315,1127,1117,29,-1,,0.13210828796128252,0.49033505154639173,,,1432,1156
229,229,4,1,24,1,1,0,315,1127,1117,29,-1,,0.13210828796128252,0.49033505154639173,,,1432,1156
230,230,5,1,24,1,1,1,315,1131,152,21,92,ANORDNUNG,0.05913490623109498,0.49033505154639173,,,467,1152
231,231,5,1,24,1,1,2,471,1127,80,25,62,FUR,0.07728372655777374,0.4894759450171821,title_line_1,F‚àö√∫R,551,1152
232,232,5,1,24,1,1,3,561,1132,41,20,92,EIN,0.08794615849969752,0.49054982817869414,title_line_1,EIN,602,1152
233,233,5,1,24,1,1,4,613,1131,246,25,90,"RECHENZENTRUM,",0.11131276467029642,0.49119415807560135,title_line_1,"RECHENZENTRUM,",859,1156
234,234,5,1,24,1,1,5,869,1131,239,21,91,RECHENZENTRUM,0.14950090744101632,0.49033505154639173,title_line_1,RECHENZENTRUM,1108,1152
235,235,5,1,24,1,1,6,1119,1132,44,20,96,MIT,0.17256503327283726,0.49054982817869414,title_line_1,MIT,1163,1152
236,236,5,1,24,1,1,7,1172,1132,79,20,93,EINER,0.18322746521476105,0.49054982817869414,,,1251,1152
237,237,5,1,24,1,1,8,1260,1131,172,21,91,DERARTIGEN,0.20356926799758016,0.49033505154639173,,,1432,1152
238,238,2,1,25,0,0,0,315,1165,997,24,-1,,0.12303387779794313,0.5055841924398625,,,1312,1189
239,239,3,1,25,1,0,0,315,1165,997,24,-1,,0.12303387779794313,0.5055841924398625,,,1312,1189
240,240,4,1,25,1,1,0,315,1165,997,24,-1,,0.12303387779794313,0.5055841924398625,,,1312,1189
241,241,5,1,25,1,1,1,315,1165,181,24,91,"ANORDNUNG,",0.06132788868723533,0.5055841924398625,,,496,1189
242,242,5,1,25,1,1,2,505,1165,144,20,92,VERFAHREN,0.08726557773744707,0.5047250859106529,,,649,1185
243,243,5,1,25,1,1,3,653,1165,80,21,93,ZUM,0.10480943738656988,0.5049398625429553,,,733,1186
244,244,5,1,25,1,1,4,744,1165,114,20,93,BETRIEB,0.12114337568058076,0.5047250859106529,,,858,1185
245,245,5,1,25,1,1,5,868,1165,79,20,93,EINER,0.13725045372050818,0.5047250859106529,title_line_1,EINER,947,1185
246,246,5,1,25,1,1,6,957,1165,172,21,92,DERARTIGEN,0.15774349667271628,0.5049398625429553,title_line_1,DERARTIGEN,1129,1186
247,247,5,1,25,1,1,7,1138,1165,174,21,90,ANORDNUNG,0.1852692075015124,0.5049398625429553,title_line_1,ANORDNUNG,1312,1186
248,248,2,1,26,0,0,0,224,1239,584,353,-1,,0.0780399274047187,0.6080326460481099,,,808,1592
249,249,3,1,26,1,0,0,224,1239,584,353,-1,,0.0780399274047187,0.6080326460481099,,,808,1592
250,250,4,1,26,1,1,0,225,1239,582,26,-1,,0.0780399274047187,0.5378006872852233,,,807,1265
251,251,5,1,26,1,1,1,225,1239,45,26,88,(57),0.037431941923774956,0.5378006872852233,,,270,1265
252,252,5,1,26,1,1,2,0,0,1653,2328,40,‚Äî,0.125,0.5,,,1653,2328
253,253,5,1,26,1,1,3,315,1241,101,18,83,Anordnung,0.05527828191167574,0.5369415807560137,,,416,1259
254,254,5,1,26,1,1,4,418,1241,47,23,67,fiir,0.06677253478523897,0.5380154639175257,,,465,1264
255,255,5,1,26,1,1,5,472,1241,30,18,93,ein,0.073653962492438,0.5369415807560137,,,502,1259
256,256,5,1,26,1,1,6,512,1241,171,21,90,"Rechenzentrum,",0.09036600120992136,0.5375859106529209,,,683,1262
257,257,5,1,26,1,1,7,693,1241,114,18,92,umfassend,0.11343012704174228,0.5369415807560137,,,807,1259
258,258,4,1,26,1,2,0,225,1274,582,23,-1,,0.0780399274047187,0.5521907216494846,,,807,1297
259,259,5,1,26,1,2,1,225,1274,43,18,93,eine,0.03728070175438596,0.5511168384879725,,,268,1292
260,260,5,1,26,1,2,2,274,1274,123,23,91,Einhausung,0.05074107683000605,0.5521907216494846,,,397,1297
261,261,5,1,26,1,2,3,404,1278,24,14,96,und,0.06291591046581972,0.5519759450171822,,,428,1292
262,262,5,1,26,1,2,4,429,1274,61,18,93,eine,0.06949485783424078,0.5511168384879725,,,490,1292
263,263,5,1,26,1,2,5,495,1274,51,18,91,darin,0.07872050816696914,0.5511168384879725,,,546,1292
264,264,5,1,26,1,2,6,552,1274,132,23,92,angeordnete,0.09346642468239565,0.5521907216494846,,,684,1297
265,265,5,1,26,1,2,7,690,1274,51,18,93,erste,0.10821234119782214,0.5511168384879725,,,741,1292
266,266,5,1,26,1,2,8,748,1274,59,18,92,Rack-,0.1175892316999395,0.5511168384879725,,,807,1292
267,267,4,1,26,1,3,0,225,1306,583,23,-1,,0.07811554748941318,0.5659364261168385,,,808,1329
268,268,5,1,26,1,3,1,225,1306,57,22,90,"reihe,",0.03833938294010889,0.5657216494845361,,,282,1328
269,269,5,1,26,1,3,2,291,1306,30,19,96,die,0.04627949183303085,0.5650773195876289,,,321,1325
270,270,5,1,26,1,3,3,330,1306,30,19,93,mit,0.052177858439201454,0.5650773195876289,,,360,1325
271,271,5,1,26,1,3,4,368,1306,81,19,92,Servern,0.0617816091954023,0.5650773195876289,,,449,1325
272,272,5,1,26,1,3,5,458,1307,129,22,92,ausgestattet,0.07902298850574713,0.5661512027491409,,,587,1329
273,273,5,1,26,1,3,6,595,1306,27,22,93,"ist,",0.09202964307320025,0.5657216494845361,,,622,1328
274,274,5,1,26,1,3,7,630,1306,57,19,89,wobei,0.09959165154264973,0.5650773195876289,,,687,1325
275,275,5,1,26,1,3,8,690,1306,50,19,96,sich,0.10813672111312765,0.5650773195876289,,,740,1325
276,276,5,1,26,1,3,9,750,1306,15,19,96,in,0.11456442831215971,0.5650773195876289,,,765,1325
277,277,5,1,26,1,3,10,774,1306,34,19,96,der,0.11963097398669087,0.5650773195876289,,,808,1325
278,278,4,1,26,1,4,0,226,1339,580,23,-1,,0.0780399274047187,0.5801116838487973,,,806,1362
279,279,5,1,26,1,4,1,226,1339,109,18,91,Einhausung,0.042422867513611615,0.5790378006872853,,,335,1357
280,280,5,1,26,1,4,2,337,1344,42,18,97,vor,0.05414398064125832,0.5811855670103093,,,379,1362
281,281,5,1,26,1,4,3,382,1339,46,18,96,der,0.061252268602540835,0.5790378006872853,,,428,1357
282,282,5,1,26,1,4,4,434,1340,63,17,93,ersten,0.07040229885057471,0.5792525773195877,,,497,1357
283,283,5,1,26,1,4,5,506,1339,104,18,92,Rackreihe,0.08439201451905626,0.5790378006872853,,,610,1357
284,284,5,1,26,1,4,6,617,1339,30,18,96,ein,0.0955837870538415,0.5790378006872853,,,647,1357
285,285,5,1,26,1,4,7,654,1339,56,23,93,Gang,0.10314579552329099,0.5801116838487973,,,710,1362
286,286,5,1,26,1,4,8,718,1339,88,21,92,"befindet,",0.11524500907441017,0.5796821305841925,,,806,1360
287,287,4,1,26,1,5,0,226,1372,582,23,-1,,0.07819116757410768,0.594286941580756,,,808,1395
288,288,5,1,26,1,5,1,226,1372,37,19,96,und,0.036978221415607984,0.5934278350515464,,,263,1391
289,289,5,1,26,1,5,2,272,1372,30,19,93,die,0.04340592861464005,0.5934278350515464,,,302,1391
290,290,5,1,26,1,5,3,312,1372,124,23,92,Einlagerung,0.056563823351482155,0.594286941580756,,,436,1395
291,291,5,1,26,1,5,4,445,1377,36,14,93,von,0.07002419842710224,0.5945017182130584,,,481,1391
292,292,5,1,26,1,5,5,491,1372,81,19,92,Servern,0.08038415003024803,0.5934278350515464,,,572,1391
293,293,5,1,26,1,5,6,582,1372,16,19,95,in,0.08923169993950393,0.5934278350515464,,,598,1391
294,294,5,1,26,1,5,7,607,1372,31,19,93,die,0.0941470054446461,0.5934278350515464,,,638,1391
295,295,5,1,26,1,5,8,647,1372,105,19,92,Rackreihe,0.10579249848759831,0.5934278350515464,,,752,1391
296,296,5,1,26,1,5,9,760,1372,48,19,96,oder,0.11857229280096794,0.5934278350515464,,,808,1391
297,297,4,1,26,1,6,0,225,1405,581,23,-1,,0.0779643073200242,0.6084621993127147,,,806,1428
298,298,5,1,26,1,6,1,225,1405,30,18,93,die,0.036297640653357534,0.6073883161512027,,,255,1423
299,299,5,1,26,1,6,2,266,1405,132,23,92,Auslagerung,0.05021173623714459,0.6084621993127147,,,398,1428
300,300,5,1,26,1,6,3,411,1410,36,13,93,von,0.0648820326678766,0.6084621993127147,,,447,1423
301,301,5,1,26,1,6,4,460,1405,81,18,91,Servern,0.07569570477918935,0.6073883161512027,,,541,1423
302,302,5,1,26,1,6,5,553,1410,37,13,96,aus,0.08643375680580763,0.6084621993127147,,,590,1423
303,303,5,1,26,1,6,6,602,1405,33,18,93,der,0.09354204476709013,0.6073883161512027,,,635,1423
304,304,5,1,26,1,6,7,647,1405,105,18,90,Rackreihe,0.10579249848759831,0.6073883161512027,,,752,1423
305,305,5,1,26,1,6,8,764,1410,42,13,96,vom,0.11872353297035693,0.6084621993127147,,,806,1423
306,306,4,1,26,1,7,0,225,1438,582,23,-1,,0.0780399274047187,0.6226374570446735,,,807,1461
307,307,5,1,26,1,7,1,225,1438,56,23,96,Gang,0.0382637628554144,0.6226374570446735,,,281,1461
308,308,5,1,26,1,7,2,292,1438,24,18,96,her,0.04597701149425287,0.6215635738831615,,,316,1456
309,309,5,1,26,1,7,3,318,1438,61,18,68,Uber,0.05270719903206292,0.6215635738831615,,,379,1456
310,310,5,1,26,1,7,4,387,1438,30,18,93,ein,0.060798548094373864,0.6215635738831615,,,417,1456
311,311,5,1,26,1,7,5,427,1438,153,18,90,automatisches,0.07614942528735633,0.6215635738831615,,,580,1456
312,312,5,1,26,1,7,6,589,1438,76,23,91,System,0.09482758620689655,0.6226374570446735,,,665,1461
313,313,5,1,26,1,7,7,675,1438,95,23,91,(Robotik),0.10927102238354507,0.6226374570446735,,,770,1461
314,314,5,1,26,1,7,8,780,1442,27,14,92,er-,0.12000907441016334,0.6224226804123711,,,807,1456
315,315,4,1,26,1,8,0,224,1470,582,23,-1,,0.0778886872353297,0.6363831615120275,,,806,1493
316,316,5,1,26,1,8,1,224,1470,63,23,92,folgen,0.03864186327888687,0.6363831615120275,,,287,1493
317,317,5,1,26,1,8,2,299,1470,54,22,96,"kann,",0.049304295220810646,0.636168384879725,,,353,1492
318,318,5,1,26,1,8,3,364,1470,37,19,93,und,0.05784936479128856,0.6355240549828178,,,401,1489
319,319,5,1,26,1,8,4,410,1470,61,19,92,wobei,0.06662129461584997,0.6355240549828178,,,471,1489
320,320,5,1,26,1,8,5,480,1470,31,19,93,die,0.0749395039322444,0.6355240549828178,,,511,1489
321,321,5,1,26,1,8,6,519,1470,115,23,91,Anordnung,0.08718995765275257,0.6363831615120275,,,634,1493
322,322,5,1,26,1,8,7,645,1470,46,19,59,tiber,0.10102843315184513,0.6355240549828178,,,691,1489
323,323,5,1,26,1,8,8,700,1470,54,19,90,Mittel,0.10995160314579552,0.6355240549828178,,,754,1489
324,324,5,1,26,1,8,9,764,1475,42,14,96,zum,0.11872353297035693,0.6365979381443299,,,806,1489
325,325,4,1,26,1,9,0,225,1503,583,23,-1,,0.07811554748941318,0.6505584192439863,,,808,1526
326,326,5,1,26,1,9,1,225,1503,72,18,30,Kihlen,0.039473684210526314,0.6494845360824743,,,297,1521
327,327,5,1,26,1,9,2,302,1503,26,18,30,der,0.04764065335753176,0.6494845360824743,,,328,1521
328,328,5,1,26,1,9,3,330,1503,80,18,93,Server,0.0559588626739262,0.6494845360824743,,,410,1521
329,329,5,1,26,1,9,4,414,1503,77,23,62,"verfiigt,",0.06843617664851785,0.6505584192439863,,,491,1526
330,330,5,1,26,1,9,5,498,1503,165,18,91,Rechenzentrum,0.08779491833030853,0.6494845360824743,,,663,1521
331,331,5,1,26,1,9,6,670,1503,30,18,87,mit,0.10359951603145795,0.6494845360824743,,,700,1521
332,332,5,1,26,1,9,7,704,1503,53,18,87,einer,0.11048094373865698,0.6494845360824743,,,757,1521
333,333,5,1,26,1,9,8,760,1503,48,18,92,oder,0.11857229280096794,0.6494845360824743,,,808,1521
334,334,4,1,26,1,10,0,226,1536,580,23,-1,,0.0780399274047187,0.664733676975945,,,806,1559
335,335,5,1,26,1,10,1,226,1536,98,18,92,mehreren,0.04159104658197217,0.663659793814433,,,324,1554
336,336,5,1,26,1,10,2,332,1536,105,23,92,derartigen,0.05815184513006655,0.664733676975945,,,437,1559
337,337,5,1,26,1,10,3,444,1536,158,23,91,Anordnung(en),0.07909860859044163,0.664733676975945,,,602,1559
338,338,5,1,26,1,10,4,610,1536,37,18,96,und,0.09505444646098003,0.663659793814433,,,647,1554
339,339,5,1,26,1,10,5,653,1536,103,18,95,Verfahren,0.10654869933454325,0.663659793814433,,,756,1554
340,340,5,1,26,1,10,6,764,1540,42,14,96,zum,0.11872353297035693,0.6645189003436426,,,806,1554
341,341,4,1,26,1,11,0,225,1569,377,23,-1,,0.06253781004234725,0.6789089347079038,,,602,1592
342,342,5,1,26,1,11,1,225,1569,74,18,92,Betrieb,0.039624924379915306,0.6778350515463918,,,299,1587
343,343,5,1,26,1,11,2,307,1569,53,18,93,einer,0.05043859649122807,0.6778350515463918,,,360,1587
344,344,5,1,26,1,11,3,367,1569,105,23,92,derartigen,0.06344525105868118,0.6789089347079038,,,472,1592
345,345,5,1,26,1,11,4,481,1569,121,23,90,Anordnung.,0.08189655172413793,0.6789089347079038,,,602,1592
346,346,2,1,27,0,0,0,989,1563,372,4,-1,,0.17770719903206292,0.6722508591065293,,,1361,1567
347,347,3,1,27,1,0,0,989,1563,372,4,-1,,0.17770719903206292,0.6722508591065293,,,1361,1567
348,348,4,1,27,1,1,0,989,1563,372,4,-1,,0.17770719903206292,0.6722508591065293,,,1361,1567
349,349,5,1,27,1,1,1,989,1563,372,4,95, ,0.17770719903206292,0.6722508591065293,,,1361,1567
350,350,2,1,28,0,0,0,1376,1541,67,26,-1,,0.213173018753781,0.6675257731958762,,,1443,1567
351,351,3,1,28,1,0,0,1376,1541,67,26,-1,,0.213173018753781,0.6675257731958762,,,1443,1567
352,352,4,1,28,1,1,0,1376,1541,67,26,-1,,0.213173018753781,0.6675257731958762,,,1443,1567
353,353,5,1,28,1,1,1,1376,1548,35,19,46,7,0.21075317604355717,0.6690292096219931,,,1411,1567
354,354,5,1,28,1,1,2,1420,1541,23,16,63,2h,0.21650030248033877,0.6653780068728522,,,1443,1557
355,355,2,1,29,0,0,0,964,1740,27,1,-1,,0.14783726557773744,0.7476374570446735,,,991,1741
356,356,3,1,29,1,0,0,964,1740,27,1,-1,,0.14783726557773744,0.7476374570446735,,,991,1741
357,357,4,1,29,1,1,0,964,1740,27,1,-1,,0.14783726557773744,0.7476374570446735,,,991,1741
358,358,5,1,29,1,1,1,964,1740,27,1,95, ,0.14783726557773744,0.7476374570446735,,,991,1741
359,359,2,1,30,0,0,0,968,1742,17,1,-1,,0.14768602540834846,0.7484965635738832,,,985,1743
360,360,3,1,30,1,0,0,968,1742,17,1,-1,,0.14768602540834846,0.7484965635738832,,,985,1743
361,361,4,1,30,1,1,0,968,1742,17,1,-1,,0.14768602540834846,0.7484965635738832,,,985,1743
362,362,5,1,30,1,1,1,968,1742,17,1,95, ,0.14768602540834846,0.7484965635738832,,,985,1743
363,363,2,1,31,0,0,0,968,1742,1,23,-1,,0.14647610405323655,0.7532216494845361,,,969,1765
364,364,3,1,31,1,0,0,968,1742,1,23,-1,,0.14647610405323655,0.7532216494845361,,,969,1765
365,365,4,1,31,1,1,0,968,1742,1,23,-1,,0.14647610405323655,0.7532216494845361,,,969,1765
366,366,5,1,31,1,1,1,968,1742,1,23,95, ,0.14647610405323655,0.7532216494845361,,,969,1765
367,367,2,1,32,0,0,0,984,1742,1,23,-1,,0.14889594676346038,0.7532216494845361,,,985,1765
368,368,3,1,32,1,0,0,984,1742,1,23,-1,,0.14889594676346038,0.7532216494845361,,,985,1765
369,369,4,1,32,1,1,0,984,1742,1,23,-1,,0.14889594676346038,0.7532216494845361,,,985,1765
370,370,5,1,32,1,1,1,984,1742,1,23,95, ,0.14889594676346038,0.7532216494845361,,,985,1765
371,371,2,1,33,0,0,0,968,1764,17,1,-1,,0.14768602540834846,0.757946735395189,,,985,1765
372,372,3,1,33,1,0,0,968,1764,17,1,-1,,0.14768602540834846,0.757946735395189,,,985,1765
373,373,4,1,33,1,1,0,968,1764,17,1,-1,,0.14768602540834846,0.757946735395189,,,985,1765
374,374,5,1,33,1,1,1,968,1764,17,1,95, ,0.14768602540834846,0.757946735395189,,,985,1765
375,375,2,1,34,0,0,0,964,1740,2,40,-1,,0.14594676346037508,0.7560137457044673,,,966,1780
376,376,3,1,34,1,0,0,964,1740,2,40,-1,,0.14594676346037508,0.7560137457044673,,,966,1780
377,377,4,1,34,1,1,0,964,1740,2,40,-1,,0.14594676346037508,0.7560137457044673,,,966,1780
378,378,5,1,34,1,1,1,964,1740,2,40,95, ,0.14594676346037508,0.7560137457044673,,,966,1780
379,379,2,1,35,0,0,0,965,1779,26,1,-1,,0.14791288566243194,0.7643900343642611,,,991,1780
380,380,3,1,35,1,0,0,965,1779,26,1,-1,,0.14791288566243194,0.7643900343642611,,,991,1780
381,381,4,1,35,1,1,0,965,1779,26,1,-1,,0.14791288566243194,0.7643900343642611,,,991,1780
382,382,5,1,35,1,1,1,965,1779,26,1,95, ,0.14791288566243194,0.7643900343642611,,,991,1780
383,383,2,1,36,0,0,0,989,1413,2,456,-1,,0.14972776769509982,0.7048969072164949,,,991,1869
384,384,3,1,36,1,0,0,989,1413,2,456,-1,,0.14972776769509982,0.7048969072164949,,,991,1869
385,385,4,1,36,1,1,0,989,1413,2,456,-1,,0.14972776769509982,0.7048969072164949,,,991,1869
386,386,5,1,36,1,1,1,989,1413,2,456,95, ,0.14972776769509982,0.7048969072164949,,,991,1869
387,387,2,1,37,0,0,0,1065,1426,2,443,-1,,0.16122202056866303,0.7076890034364262,,,1067,1869
388,388,3,1,37,1,0,0,1065,1426,2,443,-1,,0.16122202056866303,0.7076890034364262,,,1067,1869
389,389,4,1,37,1,1,0,1065,1426,2,443,-1,,0.16122202056866303,0.7076890034364262,,,1067,1869
390,390,5,1,37,1,1,1,1065,1426,2,443,95, ,0.16122202056866303,0.7076890034364262,,,1067,1869
391,391,2,1,38,0,0,0,1359,1426,2,443,-1,,0.205686630369026,0.7076890034364262,,,1361,1869
392,392,3,1,38,1,0,0,1359,1426,2,443,-1,,0.205686630369026,0.7076890034364262,,,1361,1869
393,393,4,1,38,1,1,0,1359,1426,2,443,-1,,0.205686630369026,0.7076890034364262,,,1361,1869
394,394,5,1,38,1,1,1,1359,1426,2,443,95, ,0.205686630369026,0.7076890034364262,,,1361,1869
395,395,2,1,39,0,0,0,893,1277,499,695,-1,,0.17279189352692076,0.6978092783505154,,,1392,1972
396,396,3,1,39,1,0,0,893,1277,499,695,-1,,0.17279189352692076,0.6978092783505154,,,1392,1972
397,397,4,1,39,1,1,0,893,1277,499,695,-1,,0.17279189352692076,0.6978092783505154,,,1392,1972
398,398,5,1,39,1,1,1,893,1277,499,695,95, ,0.17279189352692076,0.6978092783505154,,,1392,1972
399,399,2,1,40,0,0,0,1070,1314,4,666,-1,,0.16212946158499697,0.7074742268041238,,,1074,1980
400,400,3,1,40,1,0,0,1070,1314,4,666,-1,,0.16212946158499697,0.7074742268041238,,,1074,1980
401,401,4,1,40,1,1,0,1070,1314,4,666,-1,,0.16212946158499697,0.7074742268041238,,,1074,1980
402,402,5,1,40,1,1,1,1070,1314,4,666,95, ,0.16212946158499697,0.7074742268041238,,,1074,1980
403,403,2,1,41,0,0,0,1137,2075,84,29,-1,,0.17831215970961886,0.8975515463917526,,,1221,2104
404,404,3,1,41,1,0,0,1137,2075,84,29,-1,,0.17831215970961886,0.8975515463917526,,,1221,2104
405,405,4,1,41,1,1,0,1137,2075,84,29,-1,,0.17831215970961886,0.8975515463917526,,,1221,2104
406,406,5,1,41,1,1,1,1137,2075,66,29,96,Figur,0.17695099818511797,0.8975515463917526,,,1203,2104
407,407,5,1,41,1,1,2,1212,2075,9,23,96,1,0.183983666061706,0.8962628865979382,,,1221,2098
408,408,2,1,42,0,0,0,716,2270,259,16,-1,,0.1278735632183908,0.9785223367697594,,,975,2286
409,409,3,1,42,1,0,0,716,2270,259,16,-1,,0.1278735632183908,0.9785223367697594,,,975,2286
410,410,4,1,42,1,1,0,716,2270,259,16,-1,,0.1278735632183908,0.9785223367697594,,,975,2286
411,411,5,1,42,1,1,1,716,2270,49,12,96,Printed,0.11199334543254688,0.9776632302405498,,,765,2282
412,412,5,1,42,1,1,2,771,2270,15,16,96,by,0.1177404718693285,0.9785223367697594,,,786,2286
413,413,5,1,42,1,1,3,792,2270,45,14,96,"Jouve,",0.12318511796733213,0.9780927835051546,,,837,2284
414,414,5,1,42,1,1,4,843,2270,41,12,96,75001,0.13059588626739263,0.9776632302405498,,,884,2282
415,415,5,1,42,1,1,5,893,2270,46,12,96,PARIS,0.1385359951603146,0.9776632302405498,,,939,2282
416,416,5,1,42,1,1,6,945,2270,30,16,95,(FR),0.14519056261343014,0.9785223367697594,,,975,2286
