,Unnamed: 0,level,page_num,block_num,par_num,line_num,word_num,left,top,width,height,conf,text,x,y,label,target,right,bottom
0,0,1,1,0,0,0,0,0,0,1653,2328,-1,,0.125,0.5,,,1653,2328
1,1,2,1,1,0,0,0,144,1905,31,328,-1,,0.02412280701754386,0.8887457044673539,,,175,2233
2,2,3,1,1,1,0,0,144,1905,31,328,-1,,0.02412280701754386,0.8887457044673539,,,175,2233
3,3,4,1,1,1,1,0,144,1905,31,328,-1,,0.02412280701754386,0.8887457044673539,,,175,2233
4,4,5,1,1,1,1,1,144,2179,30,54,96,EP,0.024047186932849365,0.947594501718213,,,174,2233
5,5,5,1,1,1,1,2,144,2142,31,21,96,3,0.02412280701754386,0.9246134020618557,,,175,2163
6,6,5,1,1,1,1,3,144,2055,31,71,95,382,0.02412280701754386,0.8979810996563574,,,175,2126
7,7,5,1,1,1,1,4,144,1969,31,71,93,948,0.02412280701754386,0.8610395189003437,,,175,2040
8,8,5,1,1,1,1,5,144,1905,30,50,88,A1,0.024047186932849365,0.8290378006872853,,,174,1955
9,9,2,1,2,0,0,0,429,153,88,28,-1,,0.07153660012099214,0.07173539518900343,,,517,181
10,10,3,1,2,1,0,0,429,153,88,28,-1,,0.07153660012099214,0.07173539518900343,,,517,181
11,11,4,1,2,1,1,0,429,153,88,16,-1,,0.07153660012099214,0.06915807560137457,,,517,169
12,12,5,1,2,1,1,1,429,153,88,16,84,Europaisches,0.07153660012099214,0.06915807560137457,,,517,169
13,13,4,1,2,1,2,0,429,170,71,11,-1,,0.07025105868118572,0.07538659793814433,,,500,181
14,14,5,1,2,1,2,1,429,170,71,11,96,Patentamt,0.07025105868118572,0.07538659793814433,,,500,181
15,15,2,1,3,0,0,0,429,196,89,28,-1,,0.07161222020568662,0.09020618556701031,,,518,224
16,16,3,1,3,1,0,0,429,196,89,28,-1,,0.07161222020568662,0.09020618556701031,,,518,224
17,17,4,1,3,1,1,0,429,196,63,15,-1,,0.06964609800362977,0.08741408934707903,,,492,211
18,18,5,1,3,1,1,1,429,196,63,15,95,European,0.06964609800362977,0.08741408934707903,,,492,211
19,19,4,1,3,1,2,0,429,212,89,12,-1,,0.07161222020568662,0.0936426116838488,,,518,224
20,20,5,1,3,1,2,1,429,213,43,11,96,Patent,0.06813369630973987,0.0938573883161512,,,472,224
21,21,5,1,3,1,2,2,478,212,40,12,90,Office,0.07531760435571688,0.0936426116838488,,,518,224
22,22,2,1,4,0,0,0,429,239,109,28,-1,,0.07312462189957653,0.10867697594501718,,,538,267
23,23,3,1,4,1,0,0,429,239,109,28,-1,,0.07312462189957653,0.10867697594501718,,,538,267
24,24,4,1,4,1,1,0,429,239,109,15,-1,,0.07312462189957653,0.10588487972508591,,,538,254
25,25,5,1,4,1,1,1,429,239,40,12,93,Office,0.06790683605565638,0.1052405498281787,,,469,251
26,26,5,1,4,1,1,2,474,239,64,15,93,europ√©en,0.0765275257108288,0.10588487972508591,,,538,254
27,27,4,1,4,1,2,0,429,255,77,12,-1,,0.0707047791893527,0.11211340206185567,,,506,267
28,28,5,1,4,1,2,1,429,255,22,12,95,des,0.06654567453115548,0.11211340206185567,,,451,267
29,29,5,1,4,1,2,2,457,255,49,12,82,brevets,0.07282214156079855,0.11211340206185567,,,506,267
30,30,2,1,5,0,0,0,281,136,274,150,-1,,0.06321839080459771,0.09063573883161512,,,555,286
31,31,3,1,5,1,0,0,281,136,274,150,-1,,0.06321839080459771,0.09063573883161512,,,555,286
32,32,4,1,5,1,1,0,281,136,274,150,-1,,0.06321839080459771,0.09063573883161512,,,555,286
33,33,5,1,5,1,1,1,281,136,274,150,95, ,0.06321839080459771,0.09063573883161512,,,555,286
34,34,2,1,6,0,0,0,225,324,45,26,-1,,0.037431941923774956,0.14475945017182132,,,270,350
35,35,3,1,6,1,0,0,225,324,45,26,-1,,0.037431941923774956,0.14475945017182132,,,270,350
36,36,4,1,6,1,1,0,225,324,45,26,-1,,0.037431941923774956,0.14475945017182132,,,270,350
37,37,5,1,6,1,1,1,225,324,45,26,96,(12),0.037431941923774956,0.14475945017182132,,,270,350
38,38,2,1,7,0,0,0,1146,245,314,32,-1,,0.1970659407138536,0.11211340206185567,,,1460,277
39,39,3,1,7,1,0,0,1146,245,314,32,-1,,0.1970659407138536,0.11211340206185567,,,1460,277
40,40,4,1,7,1,1,0,1146,245,314,32,-1,,0.1970659407138536,0.11211340206185567,,,1460,277
41,41,5,1,7,1,1,1,1146,245,52,32,96,EP,0.17725347852389595,0.11211340206185567,number,EP,1198,277
42,42,5,1,7,1,1,2,1214,245,20,32,96,3,0.1851179673321234,0.11211340206185567,number,3,1234,277
43,43,5,1,7,1,1,3,1249,245,68,32,96,382,0.1940411373260738,0.11211340206185567,number,382,1317,277
44,44,5,1,7,1,1,4,1331,245,68,32,93,948,0.20644283121597096,0.11211340206185567,number,948,1399,277
45,45,5,1,7,1,1,5,1413,245,47,32,89,A1,0.21725650332728372,0.11211340206185567,number,A1,1460,277
46,46,2,1,8,0,0,0,1292,142,39,67,-1,,0.19835148215366002,0.07538659793814433,,,1331,209
47,47,3,1,8,1,0,0,1292,142,39,67,-1,,0.19835148215366002,0.07538659793814433,,,1331,209
48,48,4,1,8,1,1,0,1292,142,39,67,-1,,0.19835148215366002,0.07538659793814433,,,1331,209
49,49,5,1,8,1,1,1,1292,142,39,67,95, ,0.19835148215366002,0.07538659793814433,,,1331,209
50,50,2,1,9,0,0,0,1002,256,44,27,-1,,0.15486993345432548,0.11576460481099657,,,1046,283
51,51,3,1,9,1,0,0,1002,256,44,27,-1,,0.15486993345432548,0.11576460481099657,,,1046,283
52,52,4,1,9,1,1,0,1002,256,44,27,-1,,0.15486993345432548,0.11576460481099657,,,1046,283
53,53,5,1,9,1,1,1,1002,256,44,27,80,(11),0.15486993345432548,0.11576460481099657,,,1046,283
54,54,2,1,10,0,0,0,577,319,537,26,-1,,0.1278735632183908,0.14261168384879724,,,1114,345
55,55,3,1,10,1,0,0,577,319,537,26,-1,,0.1278735632183908,0.14261168384879724,,,1114,345
56,56,4,1,10,1,1,0,577,319,537,26,-1,,0.1278735632183908,0.14261168384879724,,,1114,345
57,57,5,1,10,1,1,1,577,319,156,26,96,EUROPEAN,0.09906231094978826,0.14261168384879724,,,733,345
58,58,5,1,10,1,1,2,735,320,135,24,95,PATENT,0.12137023593466424,0.14261168384879724,,,870,344
59,59,5,1,10,1,1,3,873,319,241,26,95,APPLICATION,0.1502571082879613,0.14261168384879724,,,1114,345
60,60,2,1,11,0,0,0,579,354,534,26,-1,,0.1279491833030853,0.15764604810996563,,,1113,380
61,61,3,1,11,1,0,0,579,354,534,26,-1,,0.1279491833030853,0.15764604810996563,,,1113,380
62,62,4,1,11,1,1,0,579,354,534,26,-1,,0.1279491833030853,0.15764604810996563,,,1113,380
63,63,5,1,11,1,1,1,579,354,110,25,96,published,0.09588626739261948,0.15743127147766323,,,689,379
64,64,5,1,11,1,1,2,700,354,17,20,96,in,0.10715366001209921,0.1563573883161512,,,717,374
65,65,5,1,11,1,1,3,727,354,122,21,95,accordance,0.1191772534785239,0.1565721649484536,,,849,375
66,66,5,1,11,1,1,4,850,354,67,21,96,with,0.1336206896551724,0.1565721649484536,,,917,375
67,67,5,1,11,1,1,5,926,354,39,21,93,Art.,0.14299758015728978,0.1565721649484536,,,965,375
68,68,5,1,11,1,1,6,978,354,72,26,91,153(4),0.15335753176043557,0.15764604810996563,,,1050,380
69,69,5,1,11,1,1,7,1061,354,52,21,96,EPC,0.16439806412583183,0.1565721649484536,,,1113,375
70,70,2,1,12,0,0,0,225,432,378,53,-1,,0.06261343012704174,0.19695017182130584,,,603,485
71,71,3,1,12,1,0,0,225,432,378,53,-1,,0.06261343012704174,0.19695017182130584,,,603,485
72,72,4,1,12,1,1,0,225,432,262,26,-1,,0.05384150030248034,0.19115120274914088,,,487,458
73,73,5,1,12,1,1,1,225,432,45,26,94,(43),0.037431941923774956,0.19115120274914088,,,270,458
74,74,5,1,12,1,1,2,286,434,48,18,96,Date,0.04688445251058681,0.19029209621993126,,,334,452
75,75,5,1,12,1,1,3,342,434,20,18,96,of,0.05323653962492438,0.19029209621993126,,,362,452
76,76,5,1,12,1,1,4,370,434,117,23,96,publication:,0.0648064125831821,0.19136597938144329,,,487,457
77,77,4,1,12,1,2,0,286,466,317,19,-1,,0.06722625529340592,0.20425257731958762,,,603,485
78,78,5,1,12,1,2,1,286,466,117,19,93,03.10.2018,0.052102238354506954,0.20425257731958762,publication_date,03.10.2018,403,485
79,79,5,1,12,1,2,2,426,466,84,19,93,Bulletin,0.07078039927404718,0.20425257731958762,,,510,485
80,80,5,1,12,1,2,3,519,466,84,19,96,2018/40,0.08484573502722323,0.20425257731958762,,,603,485
81,81,2,1,13,0,0,0,225,530,402,26,-1,,0.06442831215970962,0.23324742268041238,,,627,556
82,82,3,1,13,1,0,0,225,530,402,26,-1,,0.06442831215970962,0.23324742268041238,,,627,556
83,83,4,1,13,1,1,0,225,530,402,26,-1,,0.06442831215970962,0.23324742268041238,,,627,556
84,84,5,1,13,1,1,1,225,530,45,26,96,(21),0.037431941923774956,0.23324742268041238,,,270,556
85,85,5,1,13,1,1,2,285,532,115,23,96,Application,0.051799758015728975,0.23346219931271478,,,400,555
86,86,5,1,13,1,1,3,410,532,83,18,93,number:,0.06828493647912885,0.23238831615120276,,,493,550
87,87,5,1,13,1,1,4,504,532,123,18,92,16924214.6,0.08552631578947369,0.23238831615120276,application_number,16924214.6,627,550
88,88,2,1,14,0,0,0,225,596,325,26,-1,,0.05860556563823351,0.2615979381443299,,,550,622
89,89,3,1,14,1,0,0,225,596,325,26,-1,,0.05860556563823351,0.2615979381443299,,,550,622
90,90,4,1,14,1,1,0,225,596,325,26,-1,,0.05860556563823351,0.2615979381443299,,,550,622
91,91,5,1,14,1,1,1,225,596,45,26,96,(22),0.037431941923774956,0.2615979381443299,,,270,622
92,92,5,1,14,1,1,2,286,598,48,18,96,Date,0.04688445251058681,0.2607388316151203,,,334,616
93,93,5,1,14,1,1,3,342,602,12,14,96,of,0.05263157894736842,0.2615979381443299,,,354,616
94,94,5,1,14,1,1,4,355,598,67,23,96,filing:,0.058756805807622506,0.2618127147766323,,,422,621
95,95,5,1,14,1,1,5,432,598,118,18,96,22.12.2016,0.07425892316999395,0.2607388316151203,filing_date,22.12.2016,550,616
96,96,2,1,15,0,0,0,862,432,528,147,-1,,0.17029643073200243,0.21713917525773196,,,1390,579
97,97,3,1,15,1,0,0,862,432,528,147,-1,,0.17029643073200243,0.21713917525773196,,,1390,579
98,98,4,1,15,1,1,0,862,432,126,26,-1,,0.13989715668481548,0.19115120274914088,,,988,458
99,99,5,1,15,1,1,1,862,432,44,26,91,(51),0.1336963097398669,0.19115120274914088,,,906,458
100,100,5,1,15,1,1,2,923,434,25,18,93,Int,0.1414851784633999,0.19029209621993126,,,948,452
101,101,5,1,15,1,1,3,955,434,33,18,80,Cl:,0.14692982456140352,0.19029209621993126,,,988,452
102,102,4,1,15,1,2,0,922,462,468,21,-1,,0.17483363581367212,0.2029639175257732,,,1390,483
103,103,5,1,15,1,2,1,922,464,56,19,92,HO4L,0.14367816091954022,0.203393470790378,class_international,H04L,978,483
104,104,5,1,15,1,2,2,989,464,57,19,92,12/28,0.15388687235329704,0.203393470790378,class_international,12/28,1046,483
105,105,5,1,15,1,2,3,1051,462,67,15,77,(2006.07),0.16401996370235936,0.20167525773195877,,,1118,477
106,106,5,1,15,1,2,4,1193,464,56,19,93,HOAL,0.18466424682395643,0.203393470790378,,,1249,483
107,107,5,1,15,1,2,5,1260,464,57,19,92,12146,0.19487295825771325,0.203393470790378,,,1317,483
108,108,5,1,15,1,2,6,1323,462,67,15,87,(2096.01),0.20515728977616454,0.20167525773195877,,,1390,477
109,109,4,1,15,1,3,0,862,526,403,26,-1,,0.16084392014519056,0.23152920962199314,,,1265,552
110,110,5,1,15,1,3,1,862,526,44,26,94,(86),0.1336963097398669,0.23152920962199314,,,906,552
111,111,5,1,15,1,3,2,923,528,128,18,94,International,0.14927404718693285,0.23067010309278352,,,1051,546
112,112,5,1,15,1,3,3,1060,528,111,23,96,application,0.16870840895341802,0.23174398625429554,,,1171,551
113,113,5,1,15,1,3,4,1182,528,83,18,96,number:,0.1850423472474289,0.23067010309278352,,,1265,546
114,114,4,1,15,1,4,0,923,560,225,19,-1,,0.15660919540229884,0.24463058419243985,,,1148,579
115,115,5,1,15,1,4,1,923,560,225,19,91,PCT/CN2016/111502,0.15660919540229884,0.24463058419243985,,,1148,579
116,116,2,1,16,0,0,0,862,624,573,58,-1,,0.1736993345432547,0.2804982817869416,,,1435,682
117,117,3,1,16,1,0,0,862,624,573,58,-1,,0.1736993345432547,0.2804982817869416,,,1435,682
118,118,4,1,16,1,1,0,862,624,403,26,-1,,0.16084392014519056,0.27362542955326463,,,1265,650
119,119,5,1,16,1,1,1,862,624,44,26,92,(87),0.1336963097398669,0.27362542955326463,,,906,650
120,120,5,1,16,1,1,2,923,626,128,18,92,International,0.14927404718693285,0.27276632302405496,,,1051,644
121,121,5,1,16,1,1,3,1061,626,110,23,96,publication,0.16878402903811252,0.27384020618556704,,,1171,649
122,122,5,1,16,1,1,4,1182,626,83,18,96,number:,0.1850423472474289,0.27276632302405496,,,1265,644
123,123,4,1,16,1,2,0,921,659,514,23,-1,,0.1781609195402299,0.28801546391752575,,,1435,682
124,124,5,1,16,1,2,1,921,659,22,18,93,WO,0.14095583787053842,0.2869415807560137,,,943,677
125,125,5,1,16,1,2,2,945,659,162,18,91,2018/112835,0.15517241379310345,0.2869415807560137,,,1107,677
126,126,5,1,16,1,2,3,1116,659,126,23,96,(28.06.2018,0.17831215970961886,0.28801546391752575,,,1242,682
127,127,5,1,16,1,2,4,1250,659,84,18,96,Gazette,0.19540229885057472,0.2869415807560137,,,1334,677
128,128,5,1,16,1,2,5,1342,659,93,23,96,2018/26),0.20999697519661223,0.28801546391752575,,,1435,682
129,129,2,1,17,0,0,0,224,711,1243,4,-1,,0.1278735632183908,0.30627147766323026,,,1467,715
130,130,3,1,17,1,0,0,224,711,1243,4,-1,,0.1278735632183908,0.30627147766323026,,,1467,715
131,131,4,1,17,1,1,0,224,711,1243,4,-1,,0.1278735632183908,0.30627147766323026,,,1467,715
132,132,5,1,17,1,1,1,224,711,1243,4,95, ,0.1278735632183908,0.30627147766323026,,,1467,715
133,133,2,1,18,0,0,0,225,729,599,250,-1,,0.07932546884452511,0.36683848797250856,,,824,979
134,134,3,1,18,1,0,0,225,729,599,250,-1,,0.07932546884452511,0.36683848797250856,,,824,979
135,135,4,1,18,1,1,0,225,729,388,27,-1,,0.0633696309739867,0.31894329896907214,,,613,756
136,136,5,1,18,1,1,1,225,729,45,27,96,(84),0.037431941923774956,0.31894329896907214,,,270,756
137,137,5,1,18,1,1,2,286,731,118,23,96,Designated,0.052177858439201454,0.31894329896907214,,,404,754
138,138,5,1,18,1,1,3,413,731,119,23,96,Contracting,0.07146098003629764,0.31894329896907214,,,532,754
139,139,5,1,18,1,1,4,542,731,71,19,96,States:,0.08734119782214156,0.3180841924398625,,,613,750
140,140,4,1,18,1,2,0,285,764,537,18,-1,,0.08371143375680581,0.3320446735395189,,,822,782
141,141,5,1,18,1,2,1,285,764,31,18,95,AL,0.04544767090139141,0.3320446735395189,,,316,782
142,142,5,1,18,1,2,2,323,764,31,18,95,AT,0.05119479733817302,0.3320446735395189,,,354,782
143,143,5,1,18,1,2,3,363,764,30,18,95,BE,0.05716878402903811,0.3320446735395189,,,393,782
144,144,5,1,18,1,2,4,403,764,32,18,95,BG,0.0633696309739867,0.3320446735395189,,,435,782
145,145,5,1,18,1,2,5,445,764,31,18,96,CH,0.06964609800362977,0.3320446735395189,,,476,782
146,146,5,1,18,1,2,6,486,764,32,18,96,CY,0.07592256503327284,0.3320446735395189,,,518,782
147,147,5,1,18,1,2,7,526,764,30,18,96,CZ,0.08182093163944344,0.3320446735395189,,,556,782
148,148,5,1,18,1,2,8,565,764,30,18,96,DE,0.08771929824561403,0.3320446735395189,,,595,782
149,149,5,1,18,1,2,9,605,764,32,18,90,DK,0.09392014519056262,0.3320446735395189,,,637,782
150,150,5,1,18,1,2,10,646,764,29,18,90,EE,0.0998941318814277,0.3320446735395189,,,675,782
151,151,5,1,18,1,2,11,684,764,29,18,93,ES,0.10564125831820932,0.3320446735395189,,,713,782
152,152,5,1,18,1,2,12,723,764,99,18,86,FIFRGB,0.11683303085299455,0.3320446735395189,,,822,782
153,153,4,1,18,1,3,0,286,797,538,18,-1,,0.08393829401088929,0.34621993127147765,,,824,815
154,154,5,1,18,1,3,1,286,797,34,18,69,GR,0.04582577132486389,0.34621993127147765,,,320,815
155,155,5,1,18,1,3,2,328,797,32,18,69,HR,0.05202661826981246,0.34621993127147765,,,360,815
156,156,5,1,18,1,3,3,368,797,178,18,75,HUIEISITLILT,0.0691167574107683,0.34621993127147765,,,546,815
157,157,5,1,18,1,3,4,554,797,28,18,51,LU,0.08590441621294616,0.34621993127147765,,,582,815
158,158,5,1,18,1,3,5,591,797,28,18,51,LV,0.09150030248033877,0.34621993127147765,,,619,815
159,159,5,1,18,1,3,6,627,797,35,18,93,MC,0.09747428917120388,0.34621993127147765,,,662,815
160,160,5,1,18,1,3,7,670,797,35,18,93,MK,0.10397761645493044,0.34621993127147765,,,705,815
161,161,5,1,18,1,3,8,713,797,32,18,93,MT,0.11025408348457351,0.34621993127147765,,,745,815
162,162,5,1,18,1,3,9,753,797,29,18,65,NL,0.11607683000604961,0.34621993127147765,,,782,815
163,163,5,1,18,1,3,10,791,797,33,18,65,NO,0.1221264367816092,0.34621993127147765,,,824,815
164,164,4,1,18,1,4,0,286,829,337,19,-1,,0.06873865698729582,0.360180412371134,,,623,848
165,165,5,1,18,1,4,1,286,829,28,19,96,PL,0.045372050816696916,0.360180412371134,,,314,848
166,166,5,1,18,1,4,2,323,829,29,19,94,PT,0.05104355716878403,0.360180412371134,,,352,848
167,167,5,1,18,1,4,3,360,829,33,19,33,RO,0.05694192377495463,0.360180412371134,,,393,848
168,168,5,1,18,1,4,4,403,829,15,19,33,RS,0.06208408953418028,0.360180412371134,,,418,848
169,169,5,1,18,1,4,5,420,829,52,19,92,SE,0.06745311554748941,0.360180412371134,,,472,848
170,170,5,1,18,1,4,6,480,829,61,19,86,SISK,0.07720810647307925,0.360180412371134,,,541,848
171,171,5,1,18,1,4,7,550,829,73,19,89,SMTR,0.08870235934664247,0.360180412371134,,,623,848
172,172,4,1,18,1,5,0,286,862,310,23,-1,,0.06669691470054447,0.3752147766323024,,,596,885
173,173,5,1,18,1,5,1,286,862,118,23,96,Designated,0.052177858439201454,0.3752147766323024,,,404,885
174,174,5,1,18,1,5,2,413,862,102,18,96,Extension,0.07017543859649122,0.3741408934707904,,,515,880
175,175,5,1,18,1,5,3,524,862,72,18,96,States:,0.08469449485783424,0.3741408934707904,,,596,880
176,176,4,1,18,1,6,0,286,895,74,19,-1,,0.04885057471264368,0.38853092783505155,,,360,914
177,177,5,1,18,1,6,1,286,895,33,19,96,BA,0.04575015124016939,0.38853092783505155,,,319,914
178,178,5,1,18,1,6,2,327,895,33,19,96,ME,0.05195099818511797,0.38853092783505155,,,360,914
179,179,4,1,18,1,7,0,286,928,310,23,-1,,0.06669691470054447,0.40356529209621994,,,596,951
180,180,5,1,18,1,7,1,286,928,118,23,96,Designated,0.052177858439201454,0.40356529209621994,,,404,951
181,181,5,1,18,1,7,2,411,928,104,18,96,Validation,0.07002419842710224,0.4024914089347079,,,515,946
182,182,5,1,18,1,7,3,524,928,72,18,96,States:,0.08469449485783424,0.4024914089347079,,,596,946
183,183,4,1,18,1,8,0,286,961,78,18,-1,,0.04915305505142166,0.4166666666666667,,,364,979
184,184,5,1,18,1,8,1,286,961,35,18,95,MA,0.04590139140955838,0.4166666666666667,,,321,979
185,185,5,1,18,1,8,2,330,961,34,18,95,MD,0.05248033877797943,0.4166666666666667,,,364,979
186,186,2,1,19,0,0,0,225,1024,516,91,-1,,0.07304900181488204,0.45940721649484534,,,741,1115
187,187,3,1,19,1,0,0,225,1024,516,91,-1,,0.07304900181488204,0.45940721649484534,,,741,1115
188,188,4,1,19,1,1,0,225,1024,516,26,-1,,0.07304900181488204,0.44544673539518903,,,741,1050
189,189,5,1,19,1,1,1,225,1024,45,26,96,(71),0.037431941923774956,0.44544673539518903,,,270,1050
190,190,5,1,19,1,1,2,285,1026,103,23,96,Applicant:,0.05089231699939504,0.44566151202749144,,,388,1049
191,191,5,1,19,1,1,3,397,1026,81,18,96,Huawei,0.066167574107683,0.44458762886597936,applicant_line_1,Huawei,478,1044
192,192,5,1,19,1,1,4,487,1026,152,23,93,Technologies,0.08514821536600121,0.44566151202749144,applicant_line_1,Technologies,639,1049
193,193,5,1,19,1,1,5,648,1026,43,22,93,"Co.,",0.10125529340592862,0.44544673539518903,applicant_line_1,Co.,691,1048
194,194,5,1,19,1,1,6,700,1026,41,18,96,Ltd.,0.1089685420447671,0.44458762886597936,,,741,1044
195,195,4,1,19,1,2,0,286,1059,202,23,-1,,0.05852994555353902,0.45983676975945015,,,488,1082
196,196,5,1,19,1,2,1,286,1059,98,23,96,Longgang,0.05066545674531155,0.45983676975945015,,,384,1082
197,197,5,1,19,1,2,2,387,1059,101,23,96,District,0.066167574107683,0.45983676975945015,,,488,1082
198,198,4,1,19,1,3,0,286,1092,401,23,-1,,0.0735783424077435,0.4740120274914089,,,687,1115
199,199,5,1,19,1,3,1,286,1092,116,22,96,"Shenzhen,",0.05202661826981246,0.4737972508591065,,,402,1114
200,200,5,1,19,1,3,2,411,1092,132,23,96,Guangdong,0.0721415607985481,0.4740120274914089,,,543,1115
201,201,5,1,19,1,3,3,552,1092,78,18,96,518129,0.08938294010889292,0.4729381443298969,,,630,1110
202,202,5,1,19,1,3,4,639,1092,48,23,96,(CN),0.10027223230490018,0.4740120274914089,,,687,1115
203,203,2,1,20,0,0,0,845,712,2,468,-1,,0.1279491833030853,0.4063573883161512,,,847,1180
204,204,3,1,20,1,0,0,845,712,2,468,-1,,0.1279491833030853,0.4063573883161512,,,847,1180
205,205,4,1,20,1,1,0,845,712,2,468,-1,,0.1279491833030853,0.4063573883161512,,,847,1180
206,206,5,1,20,1,1,1,845,712,2,468,95, ,0.1279491833030853,0.4063573883161512,,,847,1180
207,207,2,1,21,0,0,0,898,731,299,220,-1,,0.15842407743496673,0.36125429553264604,,,1197,951
208,208,3,1,21,1,0,0,898,731,299,220,-1,,0.15842407743496673,0.36125429553264604,,,1197,951
209,209,4,1,21,1,1,0,924,731,100,19,-1,,0.147307924984876,0.3180841924398625,,,1024,750
210,210,5,1,21,1,1,1,924,731,100,19,96,Inventors:,0.147307924984876,0.3180841924398625,,,1024,750
211,211,4,1,21,1,2,0,898,764,122,22,-1,,0.14503932244404114,0.3329037800687285,,,1020,786
212,212,5,1,21,1,2,1,898,769,7,8,52,¬¢,0.13634301270417423,0.3320446735395189,,,905,777
213,213,5,1,21,1,2,2,922,764,47,22,95,"QIN,",0.14299758015728978,0.3329037800687285,inventor_line_1,"QIN,",969,786
214,214,5,1,21,1,2,3,977,764,43,18,96,Yun,0.15101330913490624,0.3320446735395189,inventor_line_1,Yun,1020,782
215,215,4,1,21,1,3,0,922,797,110,18,-1,,0.14776164549304296,0.34621993127147765,,,1032,815
216,216,5,1,21,1,3,1,922,797,110,18,96,Shenzhen,0.14776164549304296,0.34621993127147765,,,1032,815
217,217,4,1,21,1,4,0,922,829,275,23,-1,,0.1602389594676346,0.36103951890034364,,,1197,852
218,218,5,1,21,1,4,1,922,829,131,23,96,Guangdong,0.14934966727162735,0.36103951890034364,,,1053,852
219,219,5,1,21,1,4,2,1063,829,77,19,95,518129,0.16659104658197219,0.360180412371134,,,1140,848
220,220,5,1,21,1,4,3,1149,829,48,23,95,(CN),0.17740471869328495,0.36103951890034364,,,1197,852
221,221,4,1,21,1,5,0,898,862,125,23,-1,,0.14526618269812464,0.3752147766323024,,,1023,885
222,222,5,1,21,1,5,1,898,867,7,8,75,¬´,0.13634301270417423,0.3741408934707904,,,905,875
223,223,5,1,21,1,5,2,921,862,38,18,95,"WU,",0.14216575922565033,0.3741408934707904,,,959,880
224,224,5,1,21,1,5,3,962,862,61,23,96,Ling,0.1501058681185723,0.3752147766323024,,,1023,885
225,225,4,1,21,1,6,0,922,895,110,19,-1,,0.14776164549304296,0.38853092783505155,,,1032,914
226,226,5,1,21,1,6,1,922,895,110,19,96,Shenzhen,0.14776164549304296,0.38853092783505155,,,1032,914
227,227,4,1,21,1,7,0,922,928,275,23,-1,,0.1602389594676346,0.40356529209621994,,,1197,951
228,228,5,1,21,1,7,1,922,928,131,23,96,Guangdong,0.14934966727162735,0.40356529209621994,,,1053,951
229,229,5,1,21,1,7,2,1062,928,78,18,95,518129,0.16651542649727769,0.4024914089347079,,,1140,946
230,230,5,1,21,1,7,3,1149,928,48,23,95,(CN),0.17740471869328495,0.40356529209621994,,,1197,951
231,231,2,1,22,0,0,0,862,991,462,157,-1,,0.16530550514216577,0.45940721649484534,,,1324,1148
232,232,3,1,22,1,0,0,862,991,462,157,-1,,0.16530550514216577,0.45940721649484534,,,1324,1148
233,233,4,1,22,1,1,0,862,991,462,27,-1,,0.16530550514216577,0.43148625429553267,,,1324,1018
234,234,5,1,22,1,1,1,862,991,44,27,96,(74),0.1336963097398669,0.43148625429553267,,,906,1018
235,235,5,1,22,1,1,2,923,993,163,23,93,Representative:,0.15192075015124018,0.43148625429553267,,,1086,1016
236,236,5,1,22,1,1,3,1096,993,90,19,92,Maiwald,0.17256503327283726,0.43062714776632305,representative_line_1_eu,Maiwald,1186,1012
237,237,5,1,22,1,1,4,1196,993,79,19,92,Patent-,0.1868572292800968,0.43062714776632305,representative_line_1_eu,Patent-,1275,1012
238,238,5,1,22,1,1,5,1284,993,40,19,96,und,0.19721718088324258,0.43062714776632305,representative_line_1_eu,und,1324,1012
239,239,4,1,22,1,2,0,923,1026,361,23,-1,,0.16689352692075016,0.44566151202749144,,,1284,1049
240,240,5,1,22,1,2,1,923,1026,303,23,91,Rechtsanwaltsgesellschaft,0.16250756200846944,0.44566151202749144,,,1226,1049
241,241,5,1,22,1,2,2,1234,1026,50,18,96,mbH,0.19041137326073806,0.44458762886597936,,,1284,1044
242,242,4,1,22,1,3,0,923,1059,106,18,-1,,0.14761040532365396,0.4587628865979381,,,1029,1077
243,243,5,1,22,1,3,1,923,1059,106,18,91,Elisenhof,0.14761040532365396,0.4587628865979381,,,1029,1077
244,244,4,1,22,1,4,0,923,1092,159,18,-1,,0.15161826981246218,0.4729381443298969,,,1082,1110
245,245,5,1,22,1,4,1,923,1092,139,18,44,Elisenstrae,0.1501058681185723,0.4729381443298969,,,1062,1110
246,246,5,1,22,1,4,2,1071,1092,11,18,96,3,0.16281004234724744,0.4729381443298969,,,1082,1110
247,247,4,1,22,1,5,0,922,1125,231,23,-1,,0.15691167574107684,0.4881872852233677,,,1153,1148
248,248,5,1,22,1,5,1,922,1125,64,18,93,80335,0.1442831215970962,0.48711340206185566,,,986,1143
249,249,5,1,22,1,5,2,996,1125,87,18,80,Minchen,0.1572141560798548,0.48711340206185566,,,1083,1143
250,250,5,1,22,1,5,3,1086,1125,67,23,96,(DE),0.169313369630974,0.4881872852233677,,,1153,1148
251,251,2,1,23,0,0,0,224,1177,1243,4,-1,,0.1278735632183908,0.5064432989690721,,,1467,1181
252,252,3,1,23,1,0,0,224,1177,1243,4,-1,,0.1278735632183908,0.5064432989690721,,,1467,1181
253,253,4,1,23,1,1,0,224,1177,1243,4,-1,,0.1278735632183908,0.5064432989690721,,,1467,1181
254,254,5,1,23,1,1,1,224,1177,1243,4,95, ,0.1278735632183908,0.5064432989690721,,,1467,1181
255,255,2,1,24,0,0,0,225,1197,45,26,-1,,0.037431941923774956,0.5197594501718213,,,270,1223
256,256,3,1,24,1,0,0,225,1197,45,26,-1,,0.037431941923774956,0.5197594501718213,,,270,1223
257,257,4,1,24,1,1,0,225,1197,45,26,-1,,0.037431941923774956,0.5197594501718213,,,270,1223
258,258,5,1,24,1,1,1,225,1197,45,26,96,(54),0.037431941923774956,0.5197594501718213,,,270,1223
259,259,2,1,25,0,0,0,225,1271,583,254,-1,,0.07811554748941318,0.6005154639175257,,,808,1525
260,260,3,1,25,1,0,0,225,1271,583,254,-1,,0.07811554748941318,0.6005154639175257,,,808,1525
261,261,4,1,25,1,1,0,225,1271,582,26,-1,,0.0780399274047187,0.5515463917525774,,,807,1297
262,262,5,1,25,1,1,1,225,1271,45,26,94,(57),0.037431941923774956,0.5515463917525774,,,270,1297
263,263,5,1,25,1,1,2,315,1273,44,18,14,This,0.05096793708408953,0.5506872852233677,,,359,1291
264,264,5,1,25,1,1,3,367,1273,112,23,96,application,0.06397459165154265,0.5517611683848798,,,479,1296
265,265,5,1,25,1,1,4,489,1273,87,23,96,provides,0.08053539019963703,0.5517611683848798,,,576,1296
266,266,5,1,25,1,1,5,584,1278,12,13,96,a,0.08923169993950393,0.5517611683848798,,,596,1291
267,267,5,1,25,1,1,6,604,1274,88,22,96,gateway,0.09800362976406533,0.5519759450171822,,,692,1296
268,268,5,1,25,1,1,7,700,1273,67,18,92,device,0.11093466424682395,0.5506872852233677,,,767,1291
269,269,5,1,25,1,1,8,775,1278,32,13,92,se-,0.11963097398669087,0.5517611683848798,,,807,1291
270,270,4,1,25,1,2,0,226,1306,581,23,-1,,0.07811554748941318,0.5659364261168385,,,807,1329
271,271,5,1,25,1,2,1,226,1306,65,18,91,lection,0.03909558378705384,0.5648625429553265,,,291,1324
272,272,5,1,25,1,2,2,300,1306,82,18,96,method.,0.051572897761645496,0.5648625429553265,,,382,1324
273,273,5,1,25,1,2,3,389,1306,40,18,96,The,0.06185722928009679,0.5648625429553265,,,429,1324
274,274,5,1,25,1,2,4,436,1306,64,18,96,method,0.07078039927404718,0.5648625429553265,,,500,1324
275,275,5,1,25,1,2,5,501,1306,105,18,96,includes:,0.08371143375680581,0.5648625429553265,,,606,1324
276,276,5,1,25,1,2,6,608,1306,104,23,96,"receiving,",0.0998185117967332,0.5659364261168385,,,712,1329
277,277,5,1,25,1,2,7,715,1306,34,23,96,by,0.11070780399274047,0.5659364261168385,,,749,1329
278,278,5,1,25,1,2,8,755,1310,11,14,87,a,0.11501814882032668,0.5657216494845361,,,766,1324
279,279,5,1,25,1,2,9,772,1306,35,18,87,ter-,0.11940411373260738,0.5648625429553265,,,807,1324
280,280,4,1,25,1,3,0,226,1339,581,23,-1,,0.07811554748941318,0.5801116838487973,,,807,1362
281,281,5,1,25,1,3,1,226,1339,54,18,96,minal,0.0382637628554144,0.5790378006872853,,,280,1357
282,282,5,1,25,1,3,2,288,1339,73,21,96,"device,",0.04907743496672716,0.5796821305841925,,,361,1360
283,283,5,1,25,1,3,3,370,1344,12,13,96,a,0.056866303690260134,0.5801116838487973,,,382,1357
284,284,5,1,25,1,3,4,390,1344,95,18,96,message,0.066167574107683,0.5811855670103093,,,485,1362
285,285,5,1,25,1,3,5,492,1339,46,18,96,from,0.0778886872353297,0.5790378006872853,,,538,1357
286,286,5,1,25,1,3,6,547,1344,11,13,96,a,0.08356019358741681,0.5801116838487973,,,558,1357
287,287,5,1,25,1,3,7,566,1340,88,22,96,gateway,0.09225650332728373,0.5803264604810997,,,654,1362
288,288,5,1,25,1,3,8,661,1339,74,21,96,"device,",0.10556563823351482,0.5796821305841925,,,735,1360
289,289,5,1,25,1,3,9,742,1339,65,18,96,where,0.11713551119177254,0.5790378006872853,,,807,1357
290,290,4,1,25,1,4,0,225,1372,582,23,-1,,0.0780399274047187,0.594286941580756,,,807,1395
291,291,5,1,25,1,4,1,225,1372,31,18,96,the,0.03637326073805203,0.593213058419244,,,256,1390
292,292,5,1,25,1,4,2,269,1376,94,19,96,message,0.04779189352692075,0.5951460481099656,,,363,1395
293,293,5,1,25,1,4,3,376,1372,86,18,96,includes,0.0633696309739867,0.593213058419244,,,462,1390
294,294,5,1,25,1,4,4,475,1372,129,18,96,identification,0.08159407138535996,0.593213058419244,,,604,1390
295,295,5,1,25,1,4,5,617,1372,116,18,96,information,0.10208711433756806,0.593213058419244,,,733,1390
296,296,5,1,25,1,4,6,745,1372,20,18,97,of,0.11418632788868724,0.593213058419244,,,765,1390
297,297,5,1,25,1,4,7,775,1372,32,18,96,the,0.11963097398669087,0.593213058419244,,,807,1390
298,298,4,1,25,1,5,0,225,1404,582,23,-1,,0.0780399274047187,0.6080326460481099,,,807,1427
299,299,5,1,25,1,5,1,225,1405,75,22,96,gateway,0.0397005444646098,0.6082474226804123,,,300,1427
300,300,5,1,25,1,5,2,302,1404,91,23,96,"device,",0.052555958862673925,0.6080326460481099,,,393,1427
301,301,5,1,25,1,5,3,402,1404,37,19,96,and,0.06359649122807018,0.6071735395189003,,,439,1423
302,302,5,1,25,1,5,4,447,1404,32,19,96,the,0.07002419842710224,0.6071735395189003,,,479,1423
303,303,5,1,25,1,5,5,487,1404,130,19,96,identification,0.08348457350272233,0.6071735395189003,,,617,1423
304,304,5,1,25,1,5,6,626,1404,115,19,96,information,0.10337265577737446,0.6071735395189003,,,741,1423
305,305,5,1,25,1,5,7,749,1404,21,19,96,of,0.11486690865093768,0.6071735395189003,,,770,1423
306,306,5,1,25,1,5,8,775,1404,32,19,96,the,0.11963097398669087,0.6071735395189003,,,807,1423
307,307,4,1,25,1,6,0,225,1437,582,23,-1,,0.0780399274047187,0.6222079037800687,,,807,1460
308,308,5,1,25,1,6,1,225,1438,75,22,96,gateway,0.0397005444646098,0.6224226804123711,,,300,1460
309,309,5,1,25,1,6,2,302,1437,84,23,96,device,0.05202661826981246,0.6222079037800687,,,386,1460
310,310,5,1,25,1,6,3,395,1437,14,18,96,is,0.060798548094373864,0.6211340206185567,,,409,1455
311,311,5,1,25,1,6,4,417,1437,49,18,96,used,0.06677253478523897,0.6211340206185567,,,466,1455
312,312,5,1,25,1,6,5,473,1438,19,17,96,to,0.07297338173018754,0.6213487972508591,,,492,1455
313,313,5,1,25,1,6,6,500,1437,80,18,96,indicate,0.08166969147005444,0.6211340206185567,,,580,1455
314,314,5,1,25,1,6,7,587,1437,116,18,96,information,0.09754990925589836,0.6211340206185567,,,703,1455
315,315,5,1,25,1,6,8,710,1437,51,18,96,about,0.11123714458560194,0.6211340206185567,,,761,1455
316,316,5,1,25,1,6,9,763,1437,44,18,96,the,0.11872353297035693,0.6211340206185567,,,807,1455
317,317,4,1,25,1,7,0,225,1470,583,23,-1,,0.07811554748941318,0.6363831615120275,,,808,1493
318,318,5,1,25,1,7,1,225,1470,75,23,96,gateway,0.0397005444646098,0.6363831615120275,,,300,1493
319,319,5,1,25,1,7,2,302,1470,89,23,96,device;,0.05240471869328494,0.6363831615120275,,,391,1493
320,320,5,1,25,1,7,3,397,1470,130,23,96,"determining,",0.06987295825771325,0.6363831615120275,,,527,1493
321,321,5,1,25,1,7,4,535,1470,22,23,96,by,0.08257713248638839,0.6363831615120275,,,557,1493
322,322,5,1,25,1,7,5,563,1470,31,18,96,the,0.08749243799153054,0.6353092783505154,,,594,1488
323,323,5,1,25,1,7,6,600,1470,83,18,96,terminal,0.0970205686630369,0.6353092783505154,,,683,1488
324,324,5,1,25,1,7,7,689,1470,73,21,96,"device,",0.10972474289171204,0.6359536082474226,,,762,1491
325,325,5,1,25,1,7,8,769,1470,39,18,96,that,0.11925287356321838,0.6353092783505154,,,808,1488
326,326,4,1,25,1,8,0,225,1502,582,23,-1,,0.0780399274047187,0.6501288659793815,,,807,1525
327,327,5,1,25,1,8,1,225,1502,31,19,96,the,0.03637326073805203,0.6492697594501718,,,256,1521
328,328,5,1,25,1,8,2,269,1502,129,19,96,identification,0.05043859649122807,0.6492697594501718,,,398,1521
329,329,5,1,25,1,8,3,412,1502,115,19,96,information,0.07100725952813067,0.6492697594501718,,,527,1521
330,330,5,1,25,1,8,4,539,1502,20,19,96,of,0.08303085299455536,0.6492697594501718,,,559,1521
331,331,5,1,25,1,8,5,570,1502,31,19,96,the,0.08855111917725347,0.6492697594501718,,,601,1521
332,332,5,1,25,1,8,6,613,1503,88,22,96,gateway,0.09936479128856625,0.6503436426116839,,,701,1525
333,333,5,1,25,1,8,7,712,1502,68,19,96,device,0.11282516636418632,0.6492697594501718,,,780,1521
334,334,5,1,25,1,8,8,792,1502,15,19,95,is,0.12091651542649728,0.6492697594501718,,,807,1521
335,335,2,1,26,0,0,0,648,1585,114,42,-1,,0.10662431941923775,0.6898625429553265,,,762,1627
336,336,3,1,26,1,0,0,648,1585,114,42,-1,,0.10662431941923775,0.6898625429553265,,,762,1627
337,337,4,1,26,1,1,0,648,1585,114,42,-1,,0.10662431941923775,0.6898625429553265,,,762,1627
338,338,5,1,26,1,1,1,648,1585,114,42,95, ,0.10662431941923775,0.6898625429553265,,,762,1627
339,339,2,1,27,0,0,0,702,1776,321,46,-1,,0.13044464609800363,0.772766323024055,,,1023,1822
340,340,3,1,27,1,0,0,702,1776,321,46,-1,,0.13044464609800363,0.772766323024055,,,1023,1822
341,341,4,1,27,1,1,0,707,1776,311,15,-1,,0.13044464609800363,0.7661082474226805,,,1018,1791
342,342,5,1,27,1,1,1,707,1776,26,12,93,302:,0.1088929219600726,0.7654639175257731,,,733,1788
343,343,5,1,27,1,1,2,738,1776,29,12,96,Send,0.11380822746521477,0.7654639175257731,,,767,1788
344,344,5,1,27,1,1,3,771,1780,6,8,96,a,0.11705989110707804,0.7663230240549829,,,777,1788
345,345,5,1,27,1,1,4,782,1780,49,11,96,message,0.1219751966122202,0.7669673539518901,,,831,1791
346,346,5,1,27,1,1,5,836,1778,11,10,94,to,0.12726860254083486,0.7658934707903781,,,847,1788
347,347,5,1,27,1,1,6,852,1780,6,8,94,a,0.12931034482758622,0.7663230240549829,,,858,1788
348,348,5,1,27,1,1,7,862,1776,48,12,75,terminal,0.13399879007864487,0.7654639175257731,,,910,1788
349,349,5,1,27,1,1,8,915,1776,41,13,91,"device,",0.1414851784633999,0.7656786941580757,,,956,1789
350,350,5,1,27,1,1,9,961,1776,36,12,91,where,0.14806412583182094,0.7654639175257731,,,997,1788
351,351,5,1,27,1,1,10,1001,1776,17,12,96,the,0.15267695099818512,0.7654639175257731,,,1018,1788
352,352,4,1,27,1,2,0,702,1791,321,15,-1,,0.13044464609800363,0.7725515463917526,,,1023,1806
353,353,5,1,27,1,2,1,702,1795,51,11,78,‚Äòmessage,0.11002722323049002,0.7734106529209622,,,753,1806
354,354,5,1,27,1,2,2,757,1791,43,13,96,includes,0.1177404718693285,0.7721219931271478,,,800,1804
355,355,5,1,27,1,2,3,801,1792,27,12,93,the,0.12318511796733213,0.7723367697594502,,,828,1804
356,356,5,1,27,1,2,4,832,1791,80,13,88,identification,0.13188142770719904,0.7721219931271478,,,912,1804
357,357,5,1,27,1,2,5,916,1791,69,13,96,information,0.14375378100423472,0.7721219931271478,,,985,1804
358,358,5,1,27,1,2,6,989,1795,7,9,95,of,0.1501058681185723,0.7729810996563574,,,996,1804
359,359,5,1,27,1,2,7,997,1791,26,13,95,the,0.15275257108287962,0.7721219931271478,,,1023,1804
360,360,4,1,27,1,3,0,817,1808,92,14,-1,,0.13052026618269813,0.779639175257732,,,909,1822
361,361,5,1,27,1,3,1,817,1809,50,13,92,gateway,0.12734422262552933,0.7798539518900344,,,867,1822
362,362,5,1,27,1,3,2,871,1808,38,11,69,device,0.13460375075620085,0.7789948453608248,,,909,1819
363,363,2,1,28,0,0,0,316,1197,774,24,-1,,0.10632183908045977,0.5193298969072165,,,1090,1221
364,364,3,1,28,1,0,0,316,1197,774,24,-1,,0.10632183908045977,0.5193298969072165,,,1090,1221
365,365,4,1,28,1,1,0,316,1197,774,24,-1,,0.10632183908045977,0.5193298969072165,,,1090,1221
366,366,5,1,28,1,1,1,316,1197,112,21,96,"METHOD,",0.056261343012704176,0.5186855670103093,title_line_1,"METHOD,",428,1218
367,367,5,1,28,1,1,2,431,1197,111,24,96,DEVICE,0.0735783424077435,0.5193298969072165,title_line_1,DEVICE,542,1221
368,368,5,1,28,1,1,3,551,1198,56,19,96,AND,0.08756805807622504,0.5186855670103093,title_line_1,AND,607,1217
369,369,5,1,28,1,1,4,617,1197,105,21,96,SYSTEM,0.10125529340592862,0.5186855670103093,title_line_1,SYSTEM,722,1218
370,370,5,1,28,1,1,5,734,1197,53,21,96,FOR,0.11501814882032668,0.5186855670103093,title_line_1,FOR,787,1218
371,371,5,1,28,1,1,6,797,1197,149,21,96,SELECTING,0.13180580762250454,0.5186855670103093,title_line_1,SELECTING,946,1218
372,372,5,1,28,1,1,7,956,1197,134,21,96,GATEWAY,0.15471869328493648,0.5186855670103093,title_line_1,GATEWAY,1090,1218
373,373,2,1,29,0,0,0,884,1273,583,215,-1,,0.17778281911675742,0.5929982817869416,,,1467,1488
374,374,3,1,29,1,0,0,884,1273,583,215,-1,,0.17778281911675742,0.5929982817869416,,,1467,1488
375,375,4,1,29,1,1,0,885,1273,581,23,-1,,0.17778281911675742,0.5517611683848798,,,1466,1296
376,376,5,1,29,1,1,1,885,1273,106,18,84,consistent,0.14186327888687236,0.5506872852233677,,,991,1291
377,377,5,1,29,1,1,2,994,1273,42,18,84,with,0.15350877192982457,0.5506872852233677,,,1036,1291
378,378,5,1,29,1,1,3,1042,1273,130,18,96,identification,0.16742286751361163,0.5506872852233677,,,1172,1291
379,379,5,1,29,1,1,4,1179,1273,115,18,96,information,0.1870084694494858,0.5506872852233677,,,1294,1291
380,380,5,1,29,1,1,5,1300,1273,19,18,96,of,0.19804900181488203,0.5506872852233677,,,1319,1291
381,381,5,1,29,1,1,6,1323,1278,12,13,90,a,0.20099818511796733,0.5517611683848798,,,1335,1291
382,382,5,1,29,1,1,7,1340,1274,88,22,90,gateway,0.20931639443436176,0.5519759450171822,,,1428,1296
383,383,5,1,29,1,1,8,1433,1273,33,18,93,de-,0.2192226255293406,0.5506872852233677,,,1466,1291
384,384,4,1,29,1,2,0,884,1306,582,23,-1,,0.17770719903206292,0.5659364261168385,,,1466,1329
385,385,5,1,29,1,2,1,884,1306,41,18,96,vice,0.1367967332123412,0.5648625429553265,,,925,1324
386,386,5,1,29,1,2,2,933,1306,39,18,96,that,0.1440562613430127,0.5648625429553265,,,972,1324
387,387,5,1,29,1,2,3,981,1306,14,18,96,is,0.14942528735632185,0.5648625429553265,,,995,1324
388,388,5,1,29,1,2,4,1005,1307,64,22,96,preset,0.15683605565638234,0.5661512027491409,,,1069,1329
389,389,5,1,29,1,2,5,1077,1310,24,14,96,on,0.1647005444646098,0.5657216494845361,,,1101,1324
390,390,5,1,29,1,2,6,1110,1306,31,18,96,the,0.17022081064730793,0.5648625429553265,,,1141,1324
391,391,5,1,29,1,2,7,1150,1306,83,18,96,terminal,0.18020266182698125,0.5648625429553265,,,1233,1324
392,392,5,1,29,1,2,8,1242,1306,73,21,96,"device,",0.19336055656382334,0.5655068728522337,,,1315,1327
393,393,5,1,29,1,2,9,1324,1306,37,18,96,and,0.20303992740471868,0.5648625429553265,,,1361,1324
394,394,5,1,29,1,2,10,1372,1306,53,23,96,using,0.21150937689050212,0.5659364261168385,,,1425,1329
395,395,5,1,29,1,2,11,1434,1306,32,18,96,the,0.21929824561403508,0.5648625429553265,,,1466,1324
396,396,4,1,29,1,3,0,884,1339,582,23,-1,,0.17770719903206292,0.5801116838487973,,,1466,1362
397,397,5,1,29,1,3,1,884,1340,75,22,96,gateway,0.13936781609195403,0.5803264604810997,,,959,1362
398,398,5,1,29,1,3,2,961,1339,83,23,96,device,0.15161826981246218,0.5801116838487973,,,1044,1362
399,399,5,1,29,1,3,3,1050,1344,24,13,96,as,0.16061705989110708,0.5801116838487973,,,1074,1357
400,400,5,1,29,1,3,4,1080,1344,11,13,94,a,0.16417120387174833,0.5801116838487973,,,1091,1357
401,401,5,1,29,1,3,5,1097,1339,87,18,94,selected,0.17248941318814276,0.5790378006872853,,,1184,1357
402,402,5,1,29,1,3,6,1191,1340,88,22,96,gateway,0.1867816091954023,0.5803264604810997,,,1279,1362
403,403,5,1,29,1,3,7,1284,1339,73,22,96,device;,0.1997126436781609,0.5798969072164949,,,1357,1361
404,404,5,1,29,1,3,8,1364,1339,38,18,92,and,0.20916515426497279,0.5790378006872853,,,1402,1357
405,405,5,1,29,1,3,9,1408,1339,58,18,92,send-,0.21733212341197822,0.5790378006872853,,,1466,1357
406,406,4,1,29,1,4,0,885,1372,580,23,-1,,0.17770719903206292,0.594286941580756,,,1465,1395
407,407,5,1,29,1,4,1,885,1372,34,23,97,"ing,",0.13641863278886873,0.594286941580756,,,919,1395
408,408,5,1,29,1,4,2,929,1372,23,23,96,by,0.14224137931034483,0.594286941580756,,,952,1395
409,409,5,1,29,1,4,3,958,1372,32,18,96,the,0.147307924984876,0.593213058419244,,,990,1390
410,410,5,1,29,1,4,4,997,1372,83,18,96,terminal,0.1570629159104658,0.593213058419244,,,1080,1390
411,411,5,1,29,1,4,5,1087,1372,74,21,96,"device,",0.16999395039322443,0.5938573883161512,,,1161,1393
412,412,5,1,29,1,4,6,1169,1376,11,14,96,a,0.17763157894736842,0.5940721649484536,,,1180,1390
413,413,5,1,29,1,4,7,1187,1372,45,18,96,data,0.18292498487598305,0.593213058419244,,,1232,1390
414,414,5,1,29,1,4,8,1240,1372,61,23,96,packet,0.19215063520871142,0.594286941580756,,,1301,1395
415,415,5,1,29,1,4,9,1302,1372,31,18,96,to,0.19925892316999394,0.593213058419244,,,1333,1390
416,416,5,1,29,1,4,10,1340,1372,32,18,96,the,0.20508166969147004,0.593213058419244,,,1372,1390
417,417,5,1,29,1,4,11,1379,1372,86,18,96,selected,0.2150635208711434,0.593213058419244,,,1465,1390
418,418,4,1,29,1,5,0,884,1404,583,23,-1,,0.17778281911675742,0.6080326460481099,,,1467,1427
419,419,5,1,29,1,5,1,884,1405,88,22,96,gateway,0.14035087719298245,0.6082474226804123,,,972,1427
420,420,5,1,29,1,5,2,978,1404,73,19,96,device.,0.15343315184513007,0.6071735395189003,,,1051,1423
421,421,5,1,29,1,5,3,1059,1404,44,19,96,This,0.16349062310949788,0.6071735395189003,,,1103,1423
422,422,5,1,29,1,5,4,1112,1404,54,23,96,helps,0.1722625529340593,0.6080326460481099,,,1166,1427
423,423,5,1,29,1,5,5,1173,1404,32,19,96,the,0.17982456140350878,0.6071735395189003,,,1205,1423
424,424,5,1,29,1,5,6,1212,1404,83,19,96,terminal,0.18957955232909862,0.6071735395189003,,,1295,1423
425,425,5,1,29,1,5,7,1302,1404,68,19,96,device,0.20205686630369027,0.6071735395189003,,,1370,1423
426,426,5,1,29,1,5,8,1378,1404,89,23,96,correctly,0.21513914095583786,0.6080326460481099,,,1467,1427
427,427,4,1,29,1,6,0,885,1437,581,23,-1,,0.17778281911675742,0.6222079037800687,,,1466,1460
428,428,5,1,29,1,6,1,885,1437,73,23,96,identify,0.13936781609195403,0.6222079037800687,,,958,1460
429,429,5,1,29,1,6,2,966,1437,31,18,96,the,0.1484422262552934,0.6211340206185567,,,997,1455
430,430,5,1,29,1,6,3,1005,1438,88,22,96,gateway,0.15865093768905023,0.6224226804123711,,,1093,1460
431,431,5,1,29,1,6,4,1100,1437,68,18,96,device,0.17150635208711434,0.6211340206185567,,,1168,1455
432,432,5,1,29,1,6,5,1175,1438,19,17,96,to,0.1791439806412583,0.6213487972508591,,,1194,1455
433,433,5,1,29,1,6,6,1200,1437,48,18,96,which,0.1851179673321234,0.6211340206185567,,,1248,1455
434,434,5,1,29,1,6,7,1250,1437,50,18,96,the,0.1928312159709619,0.6211340206185567,,,1300,1455
435,435,5,1,29,1,6,8,1307,1437,84,18,96,terminal,0.20402298850574713,0.6211340206185567,,,1391,1455
436,436,5,1,29,1,6,9,1399,1437,67,18,96,device,0.21665154264972777,0.6211340206185567,,,1466,1455
437,437,4,1,29,1,7,0,885,1470,158,18,-1,,0.14579552329098608,0.6353092783505154,,,1043,1488
438,438,5,1,29,1,7,1,885,1470,15,18,97,is,0.13498185117967332,0.6353092783505154,,,900,1488
439,439,5,1,29,1,7,2,908,1470,18,18,96,to,0.13868723532970356,0.6353092783505154,,,926,1488
440,440,5,1,29,1,7,3,935,1470,49,18,96,send,0.14511494252873564,0.6353092783505154,,,984,1488
441,441,5,1,29,1,7,4,992,1470,51,18,96,data.,0.15388687235329704,0.6353092783505154,,,1043,1488
442,442,2,1,30,0,0,0,947,1584,176,94,-1,,0.15653357531760437,0.7006013745704467,,,1123,1678
443,443,3,1,30,1,0,0,947,1584,176,94,-1,,0.15653357531760437,0.7006013745704467,,,1123,1678
444,444,4,1,30,1,1,0,947,1584,176,94,-1,,0.15653357531760437,0.7006013745704467,,,1123,1678
445,445,5,1,30,1,1,1,947,1584,176,94,95, ,0.15653357531760437,0.7006013745704467,,,1123,1678
446,446,2,1,31,0,0,0,958,1688,153,43,-1,,0.15645795523290987,0.7343213058419243,,,1111,1731
447,447,3,1,31,1,0,0,958,1688,153,43,-1,,0.15645795523290987,0.7343213058419243,,,1111,1731
448,448,4,1,31,1,1,0,958,1688,153,11,-1,,0.15645795523290987,0.7274484536082474,,,1111,1699
449,449,5,1,31,1,1,1,958,1688,20,11,85,301:,0.14640048396854205,0.7274484536082474,,,978,1699
450,450,5,1,31,1,1,2,988,1688,40,11,94,Obtain,0.15245009074410162,0.7274484536082474,,,1028,1699
451,451,5,1,31,1,1,3,1033,1688,78,11,91,identification,0.16212946158499697,0.7274484536082474,,,1111,1699
452,452,4,1,31,1,2,0,960,1703,150,15,-1,,0.15653357531760437,0.7347508591065293,,,1110,1718
453,453,5,1,31,1,2,1,960,1703,69,12,90,information,0.15040834845735027,0.7341065292096219,,,1029,1715
454,454,5,1,31,1,2,2,1034,1703,14,12,75,of,0.15744101633393828,0.7341065292096219,,,1048,1715
455,455,5,1,31,1,2,3,1050,1707,6,8,75,a,0.15925589836660617,0.7349656357388317,,,1056,1715
456,456,5,1,31,1,2,4,1061,1705,49,13,96,gateway,0.16417120387174833,0.7351804123711341,,,1110,1718
457,457,4,1,31,1,3,0,1015,1719,39,12,-1,,0.15645795523290987,0.740979381443299,,,1054,1731
458,458,5,1,31,1,3,1,1015,1719,39,12,96,device,0.15645795523290987,0.740979381443299,,,1054,1731
459,459,2,1,32,0,0,0,1122,1677,3,67,-1,,0.16991833030852996,0.7347508591065293,,,1125,1744
460,460,3,1,32,1,0,0,1122,1677,3,67,-1,,0.16991833030852996,0.7347508591065293,,,1125,1744
461,461,4,1,32,1,1,0,1122,1677,3,67,-1,,0.16991833030852996,0.7347508591065293,,,1125,1744
462,462,5,1,32,1,1,1,1122,1677,3,67,95, ,0.16991833030852996,0.7347508591065293,,,1125,1744
463,463,2,1,33,0,0,0,691,1826,344,10,-1,,0.13052026618269813,0.7865120274914089,,,1035,1836
464,464,3,1,33,1,0,0,691,1826,344,10,-1,,0.13052026618269813,0.7865120274914089,,,1035,1836
465,465,4,1,33,1,1,0,691,1826,344,10,-1,,0.13052026618269813,0.7865120274914089,,,1035,1836
466,466,5,1,33,1,1,1,691,1826,344,10,56,SS,0.13052026618269813,0.7865120274914089,,,1035,1836
467,467,2,1,34,0,0,0,569,1850,281,8,-1,,0.10730490018148821,0.7963917525773195,,,850,1858
468,468,3,1,34,1,0,0,569,1850,281,8,-1,,0.10730490018148821,0.7963917525773195,,,850,1858
469,469,4,1,34,1,1,0,569,1850,281,8,-1,,0.10730490018148821,0.7963917525773195,,,850,1858
470,470,5,1,34,1,1,1,569,1850,281,8,0,ee,0.10730490018148821,0.7963917525773195,,,850,1858
471,471,2,1,35,0,0,0,578,1871,265,93,-1,,0.1074561403508772,0.823668384879725,,,843,1964
472,472,3,1,35,1,0,0,578,1871,265,93,-1,,0.1074561403508772,0.823668384879725,,,843,1964
473,473,4,1,35,1,1,0,579,1871,261,15,-1,,0.10730490018148821,0.8069158075601375,,,840,1886
474,474,5,1,35,1,1,1,579,1871,20,11,88,303:,0.08908045977011494,0.8060567010309279,,,599,1882
475,475,5,1,35,1,1,2,609,1871,47,11,34,Receive,0.09565940713853599,0.8060567010309279,,,656,1882
476,476,5,1,35,1,1,3,661,1871,17,11,96,the,0.10125529340592862,0.8060567010309279,,,678,1882
477,477,5,1,35,1,1,4,682,1874,50,12,96,message,0.10692679975801572,0.8075601374570447,,,732,1886
478,478,5,1,35,1,1,5,736,1871,29,11,90,from,0.11350574712643678,0.8060567010309279,,,765,1882
479,479,5,1,35,1,1,6,770,1871,17,11,96,the,0.1177404718693285,0.8060567010309279,,,787,1882
480,480,5,1,35,1,1,7,791,1873,49,13,15,gateway,0.12333635813672111,0.8073453608247423,,,840,1886
481,481,4,1,35,1,2,0,593,1886,233,15,-1,,0.10730490018148821,0.8133591065292096,,,826,1901
482,482,5,1,35,1,2,1,593,1887,41,13,96,"device,",0.09278584392014519,0.8133591065292096,,,634,1900
483,483,5,1,35,1,2,2,639,1887,36,11,95,where,0.09936479128856625,0.8129295532646048,,,675,1898
484,484,5,1,35,1,2,3,679,1887,18,11,96,the,0.10405323653962492,0.8129295532646048,,,697,1898
485,485,5,1,35,1,2,4,701,1890,50,11,93,message,0.10980036297640654,0.8142182130584192,,,751,1901
486,486,5,1,35,1,2,5,756,1886,49,12,89,includes,0.11804295220810647,0.8127147766323024,,,805,1898
487,487,5,1,35,1,2,6,809,1887,17,11,89,the,0.1236388384754991,0.8129295532646048,,,826,1898
488,488,4,1,35,1,3,0,587,1902,244,14,-1,,0.10722928009679371,0.8200171821305842,,,831,1916
489,489,5,1,35,1,3,1,587,1902,79,12,89,identification,0.09475196612220206,0.8195876288659794,,,666,1914
490,490,5,1,35,1,3,2,670,1902,70,12,95,information,0.10662431941923775,0.8195876288659794,,,740,1914
491,491,5,1,35,1,3,3,744,1905,7,9,96,of,0.11305202661826981,0.8202319587628866,,,751,1914
492,492,5,1,35,1,3,4,752,1902,27,12,95,the,0.11577434966727163,0.8195876288659794,,,779,1914
493,493,5,1,35,1,3,5,783,1903,48,13,96,gateway,0.1220508166969147,0.8202319587628866,,,831,1916
494,494,4,1,35,1,4,0,578,1917,265,14,-1,,0.1074561403508772,0.8264604810996563,,,843,1931
495,495,5,1,35,1,4,1,578,1917,42,14,89,"device,",0.09059286146400485,0.8264604810996563,,,620,1931
496,496,5,1,35,1,4,2,624,1917,21,12,96,and,0.09596188747731398,0.8260309278350515,,,645,1929
497,497,5,1,35,1,4,3,650,1917,18,12,95,the,0.09966727162734422,0.8260309278350515,,,668,1929
498,498,5,1,35,1,4,4,672,1917,78,12,87,identification,0.1075317604355717,0.8260309278350515,,,750,1929
499,499,5,1,35,1,4,5,755,1917,69,12,96,information,0.11940411373260738,0.8260309278350515,,,824,1929
500,500,5,1,35,1,4,6,829,1917,14,12,96,of,0.12643678160919541,0.8260309278350515,,,843,1929
501,501,4,1,35,1,5,0,597,1933,225,15,-1,,0.10730490018148821,0.8335481099656358,,,822,1948
502,502,5,1,35,1,5,1,597,1933,18,12,96,the,0.09165154264972777,0.8329037800687286,,,615,1945
503,503,5,1,35,1,5,2,619,1935,49,13,96,gateway,0.09732304900181488,0.8339776632302406,,,668,1948
504,504,5,1,35,1,5,3,672,1933,39,12,96,device,0.10458257713248639,0.8329037800687286,,,711,1945
505,505,5,1,35,1,5,4,715,1933,9,12,93,is,0.1088173018753781,0.8329037800687286,,,724,1945
506,506,5,1,35,1,5,5,728,1933,27,12,91,used,0.11214458560193588,0.8329037800687286,,,755,1945
507,507,5,1,35,1,5,6,760,1935,10,10,96,to,0.11569872958257713,0.8333333333333334,,,770,1945
508,508,5,1,35,1,5,7,775,1933,47,12,88,indicate,0.12076527525710828,0.8329037800687286,,,822,1945
509,509,4,1,35,1,6,0,597,1949,224,15,-1,,0.10722928009679371,0.8404209621993127,,,821,1964
510,510,5,1,35,1,6,1,597,1949,69,11,92,information,0.095508166969147,0.8395618556701031,,,666,1960
511,511,5,1,35,1,6,2,671,1949,33,11,96,about,0.10397761645493044,0.8395618556701031,,,704,1960
512,512,5,1,35,1,6,3,708,1949,18,11,95,the,0.10843920145190562,0.8395618556701031,,,726,1960
513,513,5,1,35,1,6,4,730,1951,49,13,73,gateway,0.11411070780399274,0.8408505154639175,,,779,1964
514,514,5,1,35,1,6,5,783,1949,38,11,94,device,0.12129461584996976,0.8395618556701031,,,821,1960
515,515,2,1,36,0,0,0,568,1974,283,3,-1,,0.10730490018148821,0.8485824742268041,,,851,1977
516,516,3,1,36,1,0,0,568,1974,283,3,-1,,0.10730490018148821,0.8485824742268041,,,851,1977
517,517,4,1,36,1,1,0,568,1974,283,3,-1,,0.10730490018148821,0.8485824742268041,,,851,1977
518,518,5,1,36,1,1,1,568,1974,283,3,95, ,0.10730490018148821,0.8485824742268041,,,851,1977
519,519,2,1,37,0,0,0,578,2013,265,92,-1,,0.1074561403508772,0.8844501718213058,,,843,2105
520,520,3,1,37,1,0,0,578,2013,265,92,-1,,0.1074561403508772,0.8844501718213058,,,843,2105
521,521,4,1,37,1,1,0,598,2013,223,11,-1,,0.10730490018148821,0.867053264604811,,,821,2024
522,522,5,1,37,1,1,1,598,2013,25,11,94,304:,0.09233212341197822,0.867053264604811,,,623,2024
523,523,5,1,37,1,1,2,628,2013,62,11,44,Determine,0.09966727162734422,0.867053264604811,,,690,2024
524,524,5,1,37,1,1,3,695,2013,17,11,96,that,0.10639745916515427,0.867053264604811,,,712,2024
525,525,5,1,37,1,1,4,713,2013,25,11,88,the,0.10972474289171204,0.867053264604811,,,738,2024
526,526,5,1,37,1,1,5,743,2013,78,11,88,identification,0.11826981246218995,0.867053264604811,,,821,2024
527,527,4,1,37,1,2,0,601,2028,217,15,-1,,0.10730490018148821,0.8743556701030928,,,818,2043
528,528,5,1,37,1,2,1,601,2028,69,12,93,information,0.09611312764670296,0.8737113402061856,,,670,2040
529,529,5,1,37,1,2,2,674,2032,8,8,96,of,0.10254083484573502,0.8745704467353952,,,682,2040
530,530,5,1,37,1,2,3,683,2028,26,12,95,the,0.10526315789473684,0.8737113402061856,,,709,2040
531,531,5,1,37,1,2,4,713,2030,49,13,95,gateway,0.11153962492437991,0.8747852233676976,,,762,2043
532,532,5,1,37,1,2,5,766,2028,32,12,96,device,0.11826981246218995,0.8737113402061856,,,798,2040
533,533,5,1,37,1,2,6,799,2032,19,8,76,is,0.12227767695099818,0.8745704467353952,,,818,2040
534,534,4,1,37,1,3,0,578,2043,265,13,-1,,0.1074561403508772,0.8803694158075601,,,843,2056
535,535,5,1,37,1,3,1,578,2046,59,10,85,consistent,0.09187840290381125,0.8810137457044673,,,637,2056
536,536,5,1,37,1,3,2,641,2044,27,11,96,with,0.09898669086509376,0.8803694158075601,,,668,2055
537,537,5,1,37,1,3,3,672,2043,78,13,95,identification,0.1075317604355717,0.8803694158075601,,,750,2056
538,538,5,1,37,1,3,4,755,2043,69,13,96,information,0.11940411373260738,0.8803694158075601,,,824,2056
539,539,5,1,37,1,3,5,829,2043,14,13,96,of,0.12643678160919541,0.8803694158075601,,,843,2056
540,540,4,1,37,1,4,0,598,2059,223,15,-1,,0.10730490018148821,0.8876718213058419,,,821,2074
541,541,5,1,37,1,4,1,598,2063,7,7,73,2,0.09097096188747732,0.8876718213058419,,,605,2070
542,542,5,1,37,1,4,2,609,2061,49,13,89,galeway,0.09581064730792499,0.8881013745704467,,,658,2074
543,543,5,1,37,1,4,3,662,2060,38,11,43,device,0.10299455535390199,0.8872422680412371,,,700,2071
544,544,5,1,37,1,4,4,705,2059,22,11,76,that,0.10828796128251664,0.8868127147766323,,,727,2070
545,545,5,1,37,1,4,5,732,2059,8,12,76,is,0.11131276467029642,0.8870274914089347,,,740,2071
546,546,5,1,37,1,4,6,745,2061,34,13,93,preset,0.11524500907441017,0.8881013745704467,,,779,2074
547,547,5,1,37,1,4,7,783,2063,15,8,91,on,0.11955535390199637,0.8878865979381443,,,798,2071
548,548,5,1,37,1,4,8,803,2059,18,12,95,the,0.12280701754385964,0.8870274914089347,,,821,2071
549,549,4,1,37,1,5,0,579,2075,262,15,-1,,0.1073805202661827,0.8945446735395189,,,841,2090
550,550,5,1,37,1,5,1,579,2075,48,11,93,terminal,0.0911978221415608,0.8936855670103093,,,627,2086
551,551,5,1,37,1,5,2,631,2075,42,13,96,"device,",0.09860859044162129,0.8941151202749141,,,673,2088
552,552,5,1,37,1,5,3,678,2075,21,11,96,and,0.10412885662431942,0.8936855670103093,,,699,2086
553,553,5,1,37,1,5,4,704,2079,18,7,96,use,0.10783424077434967,0.8945446735395189,,,722,2086
554,554,5,1,37,1,5,5,727,2075,18,11,96,the,0.11131276467029642,0.8936855670103093,,,745,2086
555,555,5,1,37,1,5,6,749,2077,49,13,88,gateway,0.11698427102238354,0.8949742268041238,,,798,2090
556,556,5,1,37,1,5,7,802,2075,39,11,96,device,0.12424379915305506,0.8936855670103093,,,841,2086
557,557,4,1,37,1,6,0,628,2090,163,15,-1,,0.10730490018148821,0.9009879725085911,,,791,2105
558,558,5,1,37,1,6,1,628,2094,22,8,72,asa,0.09664246823956443,0.9012027491408935,,,650,2102
559,559,5,1,37,1,6,2,654,2090,41,12,88,default,0.10201149425287356,0.9003436426116839,,,695,2102
560,560,5,1,37,1,6,3,699,2092,49,13,94,gateway,0.10942226255293407,0.9014175257731959,,,748,2105
561,561,5,1,37,1,6,4,753,2091,38,11,95,device,0.11675741076830005,0.9005584192439863,,,791,2102
562,562,2,1,38,0,0,0,568,1858,1,260,-1,,0.08598003629764066,0.8539518900343642,,,569,2118
563,563,3,1,38,1,0,0,568,1858,1,260,-1,,0.08598003629764066,0.8539518900343642,,,569,2118
564,564,4,1,38,1,1,0,568,1858,1,260,-1,,0.08598003629764066,0.8539518900343642,,,569,2118
565,565,5,1,38,1,1,1,568,1858,1,260,95, ,0.08598003629764066,0.8539518900343642,,,569,2118
566,566,2,1,39,0,0,0,850,1858,1,260,-1,,0.12862976406533574,0.8539518900343642,,,851,2118
567,567,3,1,39,1,0,0,850,1858,1,260,-1,,0.12862976406533574,0.8539518900343642,,,851,2118
568,568,4,1,39,1,1,0,850,1858,1,260,-1,,0.12862976406533574,0.8539518900343642,,,851,2118
569,569,5,1,39,1,1,1,850,1858,1,260,95, ,0.12862976406533574,0.8539518900343642,,,851,2118
570,570,2,1,40,0,0,0,568,2116,283,3,-1,,0.10730490018148821,0.9095790378006873,,,851,2119
571,571,3,1,40,1,0,0,568,2116,283,3,-1,,0.10730490018148821,0.9095790378006873,,,851,2119
572,572,4,1,40,1,1,0,568,2116,283,3,-1,,0.10730490018148821,0.9095790378006873,,,851,2119
573,573,5,1,40,1,1,1,568,2116,283,3,95, ,0.10730490018148821,0.9095790378006873,,,851,2119
574,574,2,1,41,0,0,0,823,2173,45,14,-1,,0.1278735632183908,0.936426116838488,,,868,2187
575,575,3,1,41,1,0,0,823,2173,45,14,-1,,0.1278735632183908,0.936426116838488,,,868,2187
576,576,4,1,41,1,1,0,823,2173,45,14,-1,,0.1278735632183908,0.936426116838488,,,868,2187
577,577,5,1,41,1,1,1,823,2173,31,14,81,FIG,0.12681488203266789,0.936426116838488,,,854,2187
578,578,5,1,41,1,1,2,861,2173,7,14,81,3,0.1307471264367816,0.936426116838488,,,868,2187
579,579,2,1,42,0,0,0,716,2270,259,16,-1,,0.1278735632183908,0.9785223367697594,,,975,2286
580,580,3,1,42,1,0,0,716,2270,259,16,-1,,0.1278735632183908,0.9785223367697594,,,975,2286
581,581,4,1,42,1,1,0,716,2270,259,16,-1,,0.1278735632183908,0.9785223367697594,,,975,2286
582,582,5,1,42,1,1,1,716,2270,49,12,96,Printed,0.11199334543254688,0.9776632302405498,,,765,2282
583,583,5,1,42,1,1,2,771,2270,15,16,96,by,0.1177404718693285,0.9785223367697594,,,786,2286
584,584,5,1,42,1,1,3,792,2270,45,14,96,"Jouve,",0.12318511796733213,0.9780927835051546,,,837,2284
585,585,5,1,42,1,1,4,843,2270,41,12,96,75001,0.13059588626739263,0.9776632302405498,,,884,2282
586,586,5,1,42,1,1,5,893,2270,46,12,96,PARIS,0.1385359951603146,0.9776632302405498,,,939,2282
587,587,5,1,42,1,1,6,945,2270,30,16,95,(FR),0.14519056261343014,0.9785223367697594,,,975,2286
