,Unnamed: 0,level,page_num,block_num,par_num,line_num,word_num,left,top,width,height,conf,text,x,y,label,target,right,bottom
0,0,1,1,0,0,0,0,0,0,1653,2328,-1,,0.125,0.5,,,1653,2328
1,1,2,1,1,0,0,0,144,1905,31,328,-1,,0.02412280701754386,0.8887457044673539,,,175,2233
2,2,3,1,1,1,0,0,144,1905,31,328,-1,,0.02412280701754386,0.8887457044673539,,,175,2233
3,3,4,1,1,1,1,0,144,1905,31,328,-1,,0.02412280701754386,0.8887457044673539,,,175,2233
4,4,5,1,1,1,1,1,144,2179,30,54,96,EP,0.024047186932849365,0.947594501718213,,,174,2233
5,5,5,1,1,1,1,2,144,2142,31,21,96,3,0.02412280701754386,0.9246134020618557,,,175,2163
6,6,5,1,1,1,1,3,144,2055,31,71,96,399,0.02412280701754386,0.8979810996563574,,,175,2126
7,7,5,1,1,1,1,4,144,1969,31,70,93,763,0.02412280701754386,0.8608247422680413,,,175,2039
8,8,5,1,1,1,1,5,144,1905,30,50,90,A1,0.024047186932849365,0.8290378006872853,,,174,1955
9,9,2,1,2,0,0,0,429,153,88,28,-1,,0.07153660012099214,0.07173539518900343,,,517,181
10,10,3,1,2,1,0,0,429,153,88,28,-1,,0.07153660012099214,0.07173539518900343,,,517,181
11,11,4,1,2,1,1,0,429,153,88,16,-1,,0.07153660012099214,0.06915807560137457,,,517,169
12,12,5,1,2,1,1,1,429,153,88,16,84,Europaisches,0.07153660012099214,0.06915807560137457,,,517,169
13,13,4,1,2,1,2,0,429,170,71,11,-1,,0.07025105868118572,0.07538659793814433,,,500,181
14,14,5,1,2,1,2,1,429,170,71,11,96,Patentamt,0.07025105868118572,0.07538659793814433,,,500,181
15,15,2,1,3,0,0,0,429,196,89,28,-1,,0.07161222020568662,0.09020618556701031,,,518,224
16,16,3,1,3,1,0,0,429,196,89,28,-1,,0.07161222020568662,0.09020618556701031,,,518,224
17,17,4,1,3,1,1,0,429,196,63,15,-1,,0.06964609800362977,0.08741408934707903,,,492,211
18,18,5,1,3,1,1,1,429,196,63,15,95,European,0.06964609800362977,0.08741408934707903,,,492,211
19,19,4,1,3,1,2,0,429,212,89,12,-1,,0.07161222020568662,0.0936426116838488,,,518,224
20,20,5,1,3,1,2,1,429,213,43,11,96,Patent,0.06813369630973987,0.0938573883161512,,,472,224
21,21,5,1,3,1,2,2,478,212,40,12,90,Office,0.07531760435571688,0.0936426116838488,,,518,224
22,22,2,1,4,0,0,0,429,239,109,28,-1,,0.07312462189957653,0.10867697594501718,,,538,267
23,23,3,1,4,1,0,0,429,239,109,28,-1,,0.07312462189957653,0.10867697594501718,,,538,267
24,24,4,1,4,1,1,0,429,239,109,15,-1,,0.07312462189957653,0.10588487972508591,,,538,254
25,25,5,1,4,1,1,1,429,239,40,12,93,Office,0.06790683605565638,0.1052405498281787,,,469,251
26,26,5,1,4,1,1,2,474,239,64,15,93,europ√©en,0.0765275257108288,0.10588487972508591,,,538,254
27,27,4,1,4,1,2,0,429,255,77,12,-1,,0.0707047791893527,0.11211340206185567,,,506,267
28,28,5,1,4,1,2,1,429,255,22,12,95,des,0.06654567453115548,0.11211340206185567,,,451,267
29,29,5,1,4,1,2,2,457,255,49,12,82,brevets,0.07282214156079855,0.11211340206185567,,,506,267
30,30,2,1,5,0,0,0,281,136,274,150,-1,,0.06321839080459771,0.09063573883161512,,,555,286
31,31,3,1,5,1,0,0,281,136,274,150,-1,,0.06321839080459771,0.09063573883161512,,,555,286
32,32,4,1,5,1,1,0,281,136,274,150,-1,,0.06321839080459771,0.09063573883161512,,,555,286
33,33,5,1,5,1,1,1,281,136,274,150,95, ,0.06321839080459771,0.09063573883161512,,,555,286
34,34,2,1,6,0,0,0,225,324,45,26,-1,,0.037431941923774956,0.14475945017182132,,,270,350
35,35,3,1,6,1,0,0,225,324,45,26,-1,,0.037431941923774956,0.14475945017182132,,,270,350
36,36,4,1,6,1,1,0,225,324,45,26,-1,,0.037431941923774956,0.14475945017182132,,,270,350
37,37,5,1,6,1,1,1,225,324,45,26,96,(12),0.037431941923774956,0.14475945017182132,,,270,350
38,38,2,1,7,0,0,0,225,395,378,53,-1,,0.06261343012704174,0.18105670103092783,,,603,448
39,39,3,1,7,1,0,0,225,395,378,53,-1,,0.06261343012704174,0.18105670103092783,,,603,448
40,40,4,1,7,1,1,0,225,395,262,26,-1,,0.05384150030248034,0.17525773195876287,,,487,421
41,41,5,1,7,1,1,1,225,395,45,26,95,(43),0.037431941923774956,0.17525773195876287,,,270,421
42,42,5,1,7,1,1,2,286,397,48,18,95,Date,0.04688445251058681,0.17439862542955326,,,334,415
43,43,5,1,7,1,1,3,342,397,20,18,96,of,0.05323653962492438,0.17439862542955326,,,362,415
44,44,5,1,7,1,1,4,370,397,117,23,96,publication:,0.0648064125831821,0.17547250859106528,,,487,420
45,45,4,1,7,1,2,0,286,430,317,18,-1,,0.06722625529340592,0.18857388316151202,,,603,448
46,46,5,1,7,1,2,1,286,430,117,18,96,07.11.2018,0.052102238354506954,0.18857388316151202,publication_date,07.11.2018,403,448
47,47,5,1,7,1,2,2,426,430,84,18,95,Bulletin,0.07078039927404718,0.18857388316151202,,,510,448
48,48,5,1,7,1,2,3,519,430,84,18,95,2018/45,0.08484573502722323,0.18857388316151202,,,603,448
49,49,2,1,8,0,0,0,225,493,402,26,-1,,0.06442831215970962,0.21735395189003437,,,627,519
50,50,3,1,8,1,0,0,225,493,402,26,-1,,0.06442831215970962,0.21735395189003437,,,627,519
51,51,4,1,8,1,1,0,225,493,402,26,-1,,0.06442831215970962,0.21735395189003437,,,627,519
52,52,5,1,8,1,1,1,225,493,45,26,95,(21),0.037431941923774956,0.21735395189003437,,,270,519
53,53,5,1,8,1,1,2,285,495,115,23,96,Application,0.051799758015728975,0.21756872852233677,,,400,518
54,54,5,1,8,1,1,3,410,495,83,18,93,number:,0.06828493647912885,0.21649484536082475,,,493,513
55,55,5,1,8,1,1,4,505,495,122,18,92,18180688.6,0.08560193587416817,0.21649484536082475,application_number,18180688.6,627,513
56,56,2,1,9,0,0,0,225,559,325,26,-1,,0.05860556563823351,0.24570446735395188,,,550,585
57,57,3,1,9,1,0,0,225,559,325,26,-1,,0.05860556563823351,0.24570446735395188,,,550,585
58,58,4,1,9,1,1,0,225,559,325,26,-1,,0.05860556563823351,0.24570446735395188,,,550,585
59,59,5,1,9,1,1,1,225,559,45,26,96,(22),0.037431941923774956,0.24570446735395188,,,270,585
60,60,5,1,9,1,1,2,286,561,48,18,96,Date,0.04688445251058681,0.24484536082474226,,,334,579
61,61,5,1,9,1,1,3,342,566,12,13,96,of,0.05263157894736842,0.24591924398625428,,,354,579
62,62,5,1,9,1,1,4,355,561,67,23,96,filing:,0.058756805807622506,0.24591924398625428,,,422,584
63,63,5,1,9,1,1,5,432,561,118,18,95,23.05.2014,0.07425892316999395,0.24484536082474226,filing_date,23.05.2014,550,579
64,64,2,1,10,0,0,0,862,245,598,415,-1,,0.17558983666061706,0.19437285223367698,,,1460,660
65,65,3,1,10,1,0,0,862,245,598,176,-1,,0.17558983666061706,0.14304123711340205,,,1460,421
66,66,4,1,10,1,1,0,1002,245,458,38,-1,,0.18617664851784635,0.1134020618556701,,,1460,283
67,67,5,1,10,1,1,1,1002,256,44,27,90,(11),0.15486993345432548,0.11576460481099657,,,1046,283
68,68,5,1,10,1,1,2,1146,245,52,32,94,EP,0.17725347852389595,0.11211340206185567,number,EP,1198,277
69,69,5,1,10,1,1,3,1214,245,20,32,94,3,0.1851179673321234,0.11211340206185567,number,3,1234,277
70,70,5,1,10,1,1,4,1249,245,68,32,95,399,0.1940411373260738,0.11211340206185567,number,399,1317,277
71,71,5,1,10,1,1,5,1332,245,67,32,90,763,0.20651845130066546,0.11211340206185567,number,763,1399,277
72,72,5,1,10,1,1,6,1413,245,47,32,87,A1,0.21725650332728372,0.11211340206185567,number,A1,1460,277
73,73,4,1,10,1,2,0,862,395,126,26,-1,,0.13989715668481548,0.17525773195876287,,,988,421
74,74,5,1,10,1,2,1,862,395,44,26,93,(51),0.1336963097398669,0.17525773195876287,,,906,421
75,75,5,1,10,1,2,2,923,397,25,18,93,Int,0.1414851784633999,0.17439862542955326,,,948,415
76,76,5,1,10,1,2,3,955,397,33,18,78,Cl:,0.14692982456140352,0.17439862542955326,,,988,415
77,77,3,1,10,2,0,0,921,425,481,82,-1,,0.17566545674531156,0.20017182130584193,,,1402,507
78,78,4,1,10,2,1,0,922,425,470,21,-1,,0.1749848759830611,0.1870704467353952,,,1392,446
79,79,5,1,10,2,1,1,922,428,61,18,59,HO4N,0.1440562613430127,0.1877147766323024,,,983,446
80,80,5,1,10,2,1,2,990,428,59,18,81,21/45,0.154189352692075,0.1877147766323024,class_international,21/45,1049,446
81,81,5,1,10,2,1,3,1054,425,67,16,75,(2011.00),0.16447368421052633,0.18599656357388317,,,1121,441
82,82,5,1,10,2,1,4,1193,428,61,18,60,HO4N,0.1850423472474289,0.1877147766323024,class_international,H04N,1254,446
83,83,5,1,10,2,1,5,1261,428,58,18,93,21181,0.19509981851179672,0.1877147766323024,,,1319,446
84,84,5,1,10,2,1,6,1325,425,67,16,70,(2011.01),0.20545977011494254,0.18599656357388317,,,1392,441
85,85,4,1,10,2,2,0,921,455,481,21,-1,,0.17566545674531156,0.19995704467353953,,,1402,476
86,86,5,1,10,2,2,1,921,458,60,18,82,AG3F,0.14382940108892922,0.20060137457044674,,,981,476
87,87,5,1,10,2,2,2,989,458,57,18,69,13125,0.15388687235329704,0.20060137457044674,,,1046,476
88,88,5,1,10,2,2,3,1051,455,67,16,63,(2014.01),0.16401996370235936,0.19888316151202748,,,1118,471
89,89,5,1,10,2,2,4,1192,458,60,18,63,AG3F,0.18481548699334543,0.20060137457044674,,,1252,476
90,90,5,1,10,2,2,5,1260,458,70,18,93,13/285,0.1958560193587417,0.20060137457044674,,,1330,476
91,91,5,1,10,2,2,6,1336,455,66,16,72,(2014.01),0.20704779189352693,0.19888316151202748,,,1402,471
92,92,4,1,10,2,3,0,921,486,456,21,-1,,0.17377495462794917,0.21327319587628865,,,1377,507
93,93,5,1,10,2,3,1,921,488,60,19,22,AG63F,0.14382940108892922,0.21370274914089346,,,981,507
94,94,5,1,10,2,3,2,989,488,70,19,91,13/215,0.15486993345432548,0.21370274914089346,,,1059,507
95,95,5,1,10,2,3,3,1065,486,66,15,74,(2014.07),0.16606170598911071,0.21198453608247422,,,1131,501
96,96,5,1,10,2,3,4,1194,488,60,19,30,GOGF,0.1851179673321234,0.21370274914089346,,,1254,507
97,97,5,1,10,2,3,5,1260,488,45,19,71,3116,0.1939655172413793,0.21370274914089346,,,1305,507
98,98,5,1,10,2,3,6,1311,486,66,15,65,(2006.91),0.20326678765880218,0.21198453608247422,,,1377,501
99,99,3,1,10,3,0,0,923,516,457,21,-1,,0.17415305505142165,0.226159793814433,,,1380,537
100,100,4,1,10,3,1,0,923,516,457,21,-1,,0.17415305505142165,0.226159793814433,,,1380,537
101,101,5,1,10,3,1,1,923,519,60,18,74,GO6F,0.1441318814277072,0.2268041237113402,,,983,537
102,102,5,1,10,3,1,2,989,519,44,18,89,3/01,0.1529038112522686,0.2268041237113402,,,1033,537
103,103,5,1,10,3,1,3,1040,516,66,16,88,(2006.97),0.16228070175438597,0.22508591065292097,,,1106,532
104,104,5,1,10,3,1,4,1194,519,60,18,45,G08B,0.1851179673321234,0.2268041237113402,,,1254,537
105,105,5,1,10,3,1,5,1263,519,45,18,81,6/00,0.19441923774954628,0.2268041237113402,,,1308,537
106,106,5,1,10,3,1,6,1313,516,67,16,73,(2006.01),0.20364488808227466,0.22508591065292097,,,1380,532
107,107,3,1,10,4,0,0,922,547,483,113,-1,,0.17596793708408953,0.25923539518900346,,,1405,660
108,108,4,1,10,4,1,0,922,547,483,21,-1,,0.17596793708408953,0.23947594501718214,,,1405,568
109,109,5,1,10,4,1,1,922,550,57,18,84,HO4L,0.14375378100423472,0.24012027491408935,,,979,568
110,110,5,1,10,4,1,2,987,550,59,18,72,29106,0.15373563218390804,0.24012027491408935,,,1046,568
111,111,5,1,10,4,1,3,1051,547,67,16,74,(2006.07),0.16401996370235936,0.23840206185567012,,,1118,563
112,112,5,1,10,4,1,4,1193,550,61,18,33,HOA4N,0.1850423472474289,0.24012027491408935,,,1254,568
113,113,5,1,10,4,1,5,1261,550,72,18,68,211233,0.19615849969751967,0.24012027491408935,,,1333,568
114,114,5,1,10,4,1,6,1338,547,67,16,73,(2011.91),0.2074258923169994,0.23840206185567012,,,1405,563
115,115,4,1,10,4,2,0,922,578,483,21,-1,,0.17596793708408953,0.25279209621993126,,,1405,599
116,116,5,1,10,4,2,1,922,580,61,19,63,HO4N,0.1440562613430127,0.25322164948453607,,,983,599
117,117,5,1,10,4,2,2,990,578,157,21,0,211234329170,0.1616001209921355,0.25279209621993126,,,1147,599
118,118,5,1,10,4,2,3,0,0,1653,2328,36,=,0.125,0.5,,,1653,2328
119,119,5,1,10,4,2,4,1193,580,61,19,81,HOAN,0.1850423472474289,0.25322164948453607,,,1254,599
120,120,5,1,10,4,2,5,1261,580,72,19,63,21/236,0.19615849969751967,0.25322164948453607,,,1333,599
121,121,5,1,10,4,2,6,1338,578,67,15,63,2077-01),0.2074258923169994,0.25150343642611683,,,1405,593
122,122,4,1,10,4,3,0,922,609,483,21,-1,,0.17596793708408953,0.2661082474226804,,,1405,630
123,123,5,1,10,4,3,1,922,611,61,19,90,HO4N,0.1440562613430127,0.2665378006872852,,,983,630
124,124,5,1,10,4,3,2,990,609,157,21,35,21163361191),0.1616001209921355,0.2661082474226804,,,1147,630
125,125,5,1,10,4,3,3,1193,611,61,19,84,HOAN,0.1850423472474289,0.2665378006872852,,,1254,630
126,126,5,1,10,4,3,4,1261,611,72,19,79,211658,0.19615849969751967,0.2665378006872852,,,1333,630
127,127,5,1,10,4,3,5,1338,609,67,15,74,2011.0),0.2074258923169994,0.264819587628866,,,1405,624
128,128,4,1,10,4,4,0,922,639,470,21,-1,,0.1749848759830611,0.27899484536082475,,,1392,660
129,129,5,1,10,4,4,1,922,641,61,19,92,HO4N,0.1440562613430127,0.27942439862542956,,,983,660
130,130,5,1,10,4,4,2,990,641,71,19,91,211854,0.15509679370840895,0.27942439862542956,,,1061,660
131,131,5,1,10,4,4,3,1067,639,67,15,71,(2011.01),0.16643980641258319,0.2777061855670103,,,1134,654
132,132,5,1,10,4,4,4,1193,641,61,19,53,HOAN,0.1850423472474289,0.27942439862542956,,,1254,660
133,133,5,1,10,4,4,5,1263,641,57,19,82,19/46,0.19532667876588022,0.27942439862542956,,,1320,660
134,134,5,1,10,4,4,6,1325,639,67,15,70,(2014.07),0.20545977011494254,0.2777061855670103,,,1392,654
135,135,2,1,11,0,0,0,577,319,537,26,-1,,0.1278735632183908,0.14261168384879724,,,1114,345
136,136,3,1,11,1,0,0,577,319,537,26,-1,,0.1278735632183908,0.14261168384879724,,,1114,345
137,137,4,1,11,1,1,0,577,319,537,26,-1,,0.1278735632183908,0.14261168384879724,,,1114,345
138,138,5,1,11,1,1,1,577,319,156,26,95,EUROPEAN,0.09906231094978826,0.14261168384879724,,,733,345
139,139,5,1,11,1,1,2,735,320,135,24,95,PATENT,0.12137023593466424,0.14261168384879724,,,870,344
140,140,5,1,11,1,1,3,873,319,241,26,96,APPLICATION,0.1502571082879613,0.14261168384879724,,,1114,345
141,141,2,1,12,0,0,0,922,669,199,21,-1,,0.15449183303085298,0.2918814432989691,,,1121,690
142,142,3,1,12,1,0,0,922,669,199,21,-1,,0.15449183303085298,0.2918814432989691,,,1121,690
143,143,4,1,12,1,1,0,922,669,199,21,-1,,0.15449183303085298,0.2918814432989691,,,1121,690
144,144,5,1,12,1,1,1,922,672,61,18,85,HOAN,0.1440562613430127,0.2925257731958763,,,983,690
145,145,5,1,12,1,1,2,992,672,57,18,69,19/44,0.154340592861464,0.2925257731958763,,,1049,690
146,146,5,1,12,1,1,3,1054,669,67,16,71,(2014.09,0.16447368421052633,0.29080756013745707,,,1121,685
147,147,2,1,13,0,0,0,224,723,1243,6,-1,,0.1278735632183908,0.3118556701030928,,,1467,729
148,148,3,1,13,1,0,0,224,723,1243,6,-1,,0.1278735632183908,0.3118556701030928,,,1467,729
149,149,4,1,13,1,1,0,224,723,1243,6,-1,,0.1278735632183908,0.3118556701030928,,,1467,729
150,150,5,1,13,1,1,1,224,723,1243,6,95, ,0.1278735632183908,0.3118556701030928,,,1467,729
151,151,2,1,14,0,0,0,225,743,599,118,-1,,0.07932546884452511,0.3445017182130584,,,824,861
152,152,3,1,14,1,0,0,225,743,599,118,-1,,0.07932546884452511,0.3445017182130584,,,824,861
153,153,4,1,14,1,1,0,225,743,388,26,-1,,0.0633696309739867,0.3247422680412371,,,613,769
154,154,5,1,14,1,1,1,225,743,45,26,96,(84),0.037431941923774956,0.3247422680412371,,,270,769
155,155,5,1,14,1,1,2,286,745,118,23,96,Designated,0.052177858439201454,0.32495704467353953,,,404,768
156,156,5,1,14,1,1,3,413,745,119,23,96,Contracting,0.07146098003629764,0.32495704467353953,,,532,768
157,157,5,1,14,1,1,4,542,745,71,18,96,States:,0.08734119782214156,0.3238831615120275,,,613,763
158,158,4,1,14,1,2,0,285,777,537,19,-1,,0.08371143375680581,0.33784364261168387,,,822,796
159,159,5,1,14,1,2,1,285,777,31,19,94,AL,0.04544767090139141,0.33784364261168387,,,316,796
160,160,5,1,14,1,2,2,323,777,31,19,94,AT,0.05119479733817302,0.33784364261168387,,,354,796
161,161,5,1,14,1,2,3,363,777,30,19,95,BE,0.05716878402903811,0.33784364261168387,,,393,796
162,162,5,1,14,1,2,4,403,777,32,19,96,BG,0.0633696309739867,0.33784364261168387,,,435,796
163,163,5,1,14,1,2,5,445,777,31,19,96,CH,0.06964609800362977,0.33784364261168387,,,476,796
164,164,5,1,14,1,2,6,486,777,32,19,96,CY,0.07592256503327284,0.33784364261168387,,,518,796
165,165,5,1,14,1,2,7,526,777,30,19,95,CZ,0.08182093163944344,0.33784364261168387,,,556,796
166,166,5,1,14,1,2,8,565,777,30,19,95,DE,0.08771929824561403,0.33784364261168387,,,595,796
167,167,5,1,14,1,2,9,605,777,32,19,85,DK,0.09392014519056262,0.33784364261168387,,,637,796
168,168,5,1,14,1,2,10,646,777,29,19,85,EE,0.0998941318814277,0.33784364261168387,,,675,796
169,169,5,1,14,1,2,11,684,777,29,19,90,ES,0.10564125831820932,0.33784364261168387,,,713,796
170,170,5,1,14,1,2,12,723,777,57,19,90,FIFR,0.11365698729582577,0.33784364261168387,,,780,796
171,171,5,1,14,1,2,13,788,777,34,19,96,GB,0.12174833635813673,0.33784364261168387,,,822,796
172,172,4,1,14,1,3,0,286,810,538,18,-1,,0.08393829401088929,0.35180412371134023,,,824,828
173,173,5,1,14,1,3,1,286,810,34,18,92,GR,0.04582577132486389,0.35180412371134023,,,320,828
174,174,5,1,14,1,3,2,328,810,32,18,83,HR,0.05202661826981246,0.35180412371134023,,,360,828
175,175,5,1,14,1,3,3,368,810,178,18,75,HUIEISITLILT,0.0691167574107683,0.35180412371134023,,,546,828
176,176,5,1,14,1,3,4,554,810,28,18,72,LU,0.08590441621294616,0.35180412371134023,,,582,828
177,177,5,1,14,1,3,5,591,810,28,18,72,LV,0.09150030248033877,0.35180412371134023,,,619,828
178,178,5,1,14,1,3,6,627,810,35,18,92,MC,0.09747428917120388,0.35180412371134023,,,662,828
179,179,5,1,14,1,3,7,670,810,35,18,92,MK,0.10397761645493044,0.35180412371134023,,,705,828
180,180,5,1,14,1,3,8,713,810,32,18,93,MT,0.11025408348457351,0.35180412371134023,,,745,828
181,181,5,1,14,1,3,9,753,810,29,18,93,NL,0.11607683000604961,0.35180412371134023,,,782,828
182,182,5,1,14,1,3,10,791,810,33,18,93,NO,0.1221264367816092,0.35180412371134023,,,824,828
183,183,4,1,14,1,4,0,286,843,336,18,-1,,0.06866303690260134,0.36597938144329895,,,622,861
184,184,5,1,14,1,4,1,286,843,28,18,95,PL,0.045372050816696916,0.36597938144329895,,,314,861
185,185,5,1,14,1,4,2,323,843,29,18,95,PT,0.05104355716878403,0.36597938144329895,,,352,861
186,186,5,1,14,1,4,3,360,843,33,18,95,RO,0.05694192377495463,0.36597938144329895,,,393,861
187,187,5,1,14,1,4,4,403,843,15,18,94,RS,0.06208408953418028,0.36597938144329895,,,418,861
188,188,5,1,14,1,4,5,420,843,52,18,94,SE,0.06745311554748941,0.36597938144329895,,,472,861
189,189,5,1,14,1,4,6,480,843,20,18,79,SI,0.07410768300060495,0.36597938144329895,,,500,861
190,190,5,1,14,1,4,7,510,843,31,18,79,SK,0.0794767090139141,0.36597938144329895,,,541,861
191,191,5,1,14,1,4,8,550,843,72,18,92,SMTR,0.08862673926194797,0.36597938144329895,,,622,861
192,192,2,1,15,0,0,0,225,907,513,85,-1,,0.07282214156079855,0.40786082474226804,,,738,992
193,193,3,1,15,1,0,0,225,907,513,85,-1,,0.07282214156079855,0.40786082474226804,,,738,992
194,194,4,1,15,1,1,0,225,907,513,26,-1,,0.07282214156079855,0.3951890034364261,,,738,933
195,195,5,1,15,1,1,1,225,907,45,26,95,(30),0.037431941923774956,0.3951890034364261,,,270,933
196,196,5,1,15,1,1,2,286,909,77,23,95,Priority:,0.04907743496672716,0.3954037800687285,,,363,932
197,197,5,1,15,1,1,3,383,909,118,18,95,24.05.2013,0.06684815486993345,0.3943298969072165,priority_date_eu,24.05.2013,501,927
198,198,5,1,15,1,1,4,520,909,30,18,95,US,0.0809134906231095,0.3943298969072165,,,550,927
199,199,5,1,15,1,1,5,559,909,154,18,93,201361827341,0.09618874773139746,0.3943298969072165,,,713,927
200,200,5,1,15,1,1,6,725,909,13,18,89,P,0.11063218390804598,0.3943298969072165,,,738,927
201,201,4,1,15,1,2,0,383,941,355,19,-1,,0.08477011494252873,0.40829037800687284,,,738,960
202,202,5,1,15,1,2,1,383,941,118,19,91,06.09.2013,0.06684815486993345,0.40829037800687284,,,501,960
203,203,5,1,15,1,2,2,520,941,30,19,92,US,0.0809134906231095,0.40829037800687284,,,550,960
204,204,5,1,15,1,2,3,559,941,157,19,93,201361874920,0.09641560798548095,0.40829037800687284,,,716,960
205,205,5,1,15,1,2,4,725,941,13,19,90,P,0.11063218390804598,0.40829037800687284,,,738,960
206,206,4,1,15,1,3,0,383,974,355,18,-1,,0.08477011494252873,0.4222508591065292,,,738,992
207,207,5,1,15,1,3,1,383,974,118,18,95,21.11.2013,0.06684815486993345,0.4222508591065292,,,501,992
208,208,5,1,15,1,3,2,520,974,30,18,95,US,0.0809134906231095,0.4222508591065292,,,550,992
209,209,5,1,15,1,3,3,559,974,157,18,93,201361907318,0.09641560798548095,0.4222508591065292,,,716,992
210,210,5,1,15,1,3,4,725,974,13,18,92,P,0.11063218390804598,0.4222508591065292,,,738,992
211,211,2,1,16,0,0,0,225,1037,596,87,-1,,0.07909860859044163,0.4641323024054983,,,821,1124
212,212,3,1,16,1,0,0,225,1037,596,87,-1,,0.07909860859044163,0.4641323024054983,,,821,1124
213,213,4,1,16,1,1,0,225,1037,596,27,-1,,0.07909860859044163,0.45124570446735396,,,821,1064
214,214,5,1,16,1,1,1,225,1037,45,27,96,(62),0.037431941923774956,0.45124570446735396,,,270,1064
215,215,5,1,16,1,1,2,286,1039,107,19,95,Document,0.05134603750756201,0.45038659793814434,,,393,1058
216,216,5,1,16,1,1,3,402,1039,105,23,95,number(s),0.06873865698729582,0.45124570446735396,,,507,1062
217,217,5,1,16,1,1,4,516,1039,20,19,96,of,0.07955232909860858,0.45038659793814434,,,536,1058
218,218,5,1,16,1,1,5,542,1039,32,19,96,the,0.08439201451905626,0.45038659793814434,,,574,1058
219,219,5,1,16,1,1,6,582,1039,66,19,96,earlier,0.09301270417422867,0.45038659793814434,,,648,1058
220,220,5,1,16,1,1,7,655,1039,140,23,95,application(s),0.10964912280701754,0.45124570446735396,,,795,1062
221,221,5,1,16,1,1,8,805,1039,16,19,96,in,0.12295825771324864,0.45038659793814434,,,821,1058
222,222,4,1,16,1,2,0,285,1072,309,18,-1,,0.06647005444646098,0.4643470790378007,,,594,1090
223,223,5,1,16,1,2,1,285,1072,110,18,95,accordance,0.0514216575922565,0.4643470790378007,,,395,1090
224,224,5,1,16,1,2,2,395,1072,60,18,96,with,0.06427707199032062,0.4643470790378007,,,455,1090
225,225,5,1,16,1,2,3,464,1072,35,18,96,Art.,0.07282214156079855,0.4643470790378007,,,499,1090
226,226,5,1,16,1,2,4,508,1072,25,18,96,76,0.07872050816696914,0.4643470790378007,,,533,1090
227,227,5,1,16,1,2,5,542,1072,52,18,96,EPC:,0.08590441621294616,0.4643470790378007,,,594,1090
228,228,4,1,16,1,3,0,286,1105,250,19,-1,,0.06215970961887477,0.4787371134020619,,,536,1124
229,229,5,1,16,1,3,1,286,1105,124,19,88,14169721.9,0.05263157894736842,0.4787371134020619,,,410,1124
230,230,5,1,16,1,3,2,417,1105,7,19,88,/,0.06359649122807018,0.4787371134020619,,,424,1124
231,231,5,1,16,1,3,3,432,1105,11,19,95,2,0.066167574107683,0.4787371134020619,,,443,1124
232,232,5,1,16,1,3,4,452,1105,37,19,95,806,0.07115849969751967,0.4787371134020619,,,489,1124
233,233,5,1,16,1,3,5,498,1105,38,19,96,353,0.07819116757410768,0.4787371134020619,,,536,1124
234,234,2,1,17,0,0,0,225,1169,434,58,-1,,0.06684815486993345,0.5146048109965635,,,659,1227
235,235,3,1,17,1,0,0,225,1169,434,58,-1,,0.06684815486993345,0.5146048109965635,,,659,1227
236,236,4,1,17,1,1,0,225,1169,434,26,-1,,0.06684815486993345,0.5077319587628866,,,659,1195
237,237,5,1,17,1,1,1,225,1169,45,26,96,(71),0.037431941923774956,0.5077319587628866,,,270,1195
238,238,5,1,17,1,1,2,285,1171,103,23,96,Applicant:,0.05089231699939504,0.507946735395189,,,388,1194
239,239,5,1,17,1,1,3,397,1171,118,18,91,Immersion,0.06896551724137931,0.506872852233677,applicant_line_1,Immersion,515,1189
240,240,5,1,17,1,1,4,524,1171,135,23,96,Corporation,0.08945856019358742,0.507946735395189,applicant_line_1,Corporation,659,1194
241,241,4,1,17,1,2,0,286,1204,278,23,-1,,0.06427707199032062,0.5221219931271478,,,564,1227
242,242,5,1,17,1,2,1,286,1204,40,18,96,San,0.04627949183303085,0.5210481099656358,,,326,1222
243,243,5,1,17,1,2,2,336,1204,59,21,96,"Jose,",0.05527828191167574,0.521692439862543,,,395,1225
244,244,5,1,17,1,2,3,404,1204,33,18,96,CA,0.06359649122807018,0.5210481099656358,,,437,1222
245,245,5,1,17,1,2,4,444,1204,66,18,95,95134,0.0721415607985481,0.5210481099656358,,,510,1222
246,246,5,1,17,1,2,5,518,1204,46,23,96,(US),0.08182093163944344,0.5221219931271478,,,564,1227
247,247,2,1,18,0,0,0,225,1267,415,91,-1,,0.06541137326073805,0.5637886597938144,,,640,1358
248,248,3,1,18,1,0,0,225,1267,415,91,-1,,0.06541137326073805,0.5637886597938144,,,640,1358
249,249,4,1,18,1,1,0,225,1267,163,26,-1,,0.046355111917725345,0.5498281786941581,,,388,1293
250,250,5,1,18,1,1,1,225,1267,45,26,96,(72),0.037431941923774956,0.5498281786941581,,,270,1293
251,251,5,1,18,1,1,2,287,1269,101,18,96,Inventors:,0.05104355716878403,0.5489690721649485,,,388,1287
252,252,4,1,18,1,2,0,262,1302,145,22,-1,,0.05058983666061706,0.5640034364261168,,,407,1324
253,253,5,1,18,1,2,1,262,1308,7,7,37,+,0.04015426497277677,0.5633591065292096,,,269,1315
254,254,5,1,18,1,2,2,286,1302,72,22,96,"PHAN,",0.04869933454325469,0.5640034364261168,inventor_line_1,"PHAN,",358,1324
255,255,5,1,18,1,2,3,367,1302,40,19,96,Loc,0.05852994555353902,0.5633591065292096,inventor_line_1,Loc,407,1321
256,256,4,1,18,1,3,0,286,1335,354,23,-1,,0.07002419842710224,0.5783934707903781,,,640,1358
257,257,5,1,18,1,3,1,286,1335,40,18,94,San,0.04627949183303085,0.5773195876288659,,,326,1353
258,258,5,1,18,1,3,2,336,1335,59,22,94,"Jose,",0.05527828191167574,0.5781786941580757,,,395,1357
259,259,5,1,18,1,3,3,404,1335,108,18,95,California,0.0692679975801573,0.5773195876288659,,,512,1353
260,260,5,1,18,1,3,4,520,1335,65,18,96,95134,0.08356019358741681,0.5773195876288659,,,585,1353
261,261,5,1,18,1,3,5,593,1335,47,23,96,(US),0.09323956442831216,0.5783934707903781,,,640,1358
262,262,2,1,19,0,0,0,843,725,6,698,-1,,0.1279491833030853,0.46134020618556704,,,849,1423
263,263,3,1,19,1,0,0,843,725,6,698,-1,,0.1279491833030853,0.46134020618556704,,,849,1423
264,264,4,1,19,1,1,0,843,725,6,698,-1,,0.1279491833030853,0.46134020618556704,,,849,1423
265,265,5,1,19,1,1,1,843,725,6,698,95, ,0.1279491833030853,0.46134020618556704,,,849,1423
266,266,2,1,20,0,0,0,898,745,385,317,-1,,0.16492740471869327,0.38810137457044674,,,1283,1062
267,267,3,1,20,1,0,0,898,745,385,317,-1,,0.16492740471869327,0.38810137457044674,,,1283,1062
268,268,4,1,20,1,1,0,898,745,271,23,-1,,0.15630671506352087,0.32495704467353953,,,1169,768
269,269,5,1,20,1,1,1,898,750,7,8,72,¬¢,0.13634301270417423,0.3238831615120275,,,905,758
270,270,5,1,20,1,1,2,923,745,88,18,93,"BHATIA,",0.14624924379915305,0.3238831615120275,,,1011,763
271,271,5,1,20,1,1,3,1013,745,83,22,92,"Satvir,",0.15948275862068967,0.3247422680412371,,,1096,767
272,272,5,1,20,1,1,4,1105,745,64,23,96,Singh,0.17196007259528132,0.32495704467353953,,,1169,768
273,273,4,1,20,1,2,0,922,777,355,23,-1,,0.16628856624319419,0.3387027491408935,,,1277,800
274,274,5,1,20,1,2,1,922,777,41,19,95,San,0.1425438596491228,0.33784364261168387,,,963,796
275,275,5,1,20,1,2,2,972,777,59,22,95,"Jose,",0.1514670296430732,0.3384879725085911,,,1031,799
276,276,5,1,20,1,2,3,1040,777,108,19,96,California,0.16545674531155474,0.33784364261168387,,,1148,796
277,277,5,1,20,1,2,4,1156,777,66,19,96,95134,0.17982456140350878,0.33784364261168387,,,1222,796
278,278,5,1,20,1,2,5,1230,777,47,23,96,(US),0.18957955232909862,0.3387027491408935,,,1277,800
279,279,4,1,20,1,3,0,898,810,229,23,-1,,0.1531306715063521,0.35287800687285226,,,1127,833
280,280,5,1,20,1,3,1,898,815,7,8,71,¬´,0.13634301270417423,0.35180412371134023,,,905,823
281,281,5,1,20,1,3,2,923,810,67,18,96,"RANK,",0.14466122202056866,0.35180412371134023,,,990,828
282,282,5,1,20,1,3,3,992,810,103,23,93,Stephen,0.15781911675741075,0.35287800687285226,,,1095,833
283,283,5,1,20,1,3,4,1106,810,21,18,92,D.,0.16885964912280702,0.35180412371134023,,,1127,828
284,284,4,1,20,1,4,0,922,843,355,23,-1,,0.16628856624319419,0.36705326460481097,,,1277,866
285,285,5,1,20,1,4,1,922,843,41,18,96,San,0.1425438596491228,0.36597938144329895,,,963,861
286,286,5,1,20,1,4,2,972,843,59,21,96,"Jose,",0.1514670296430732,0.36662371134020616,,,1031,864
287,287,5,1,20,1,4,3,1040,843,108,18,96,California,0.16545674531155474,0.36597938144329895,,,1148,861
288,288,5,1,20,1,4,4,1156,843,65,18,96,95119,0.17974894131881428,0.36597938144329895,,,1221,861
289,289,5,1,20,1,4,5,1230,843,47,23,96,(US),0.18957955232909862,0.36705326460481097,,,1277,866
290,290,4,1,20,1,5,0,898,875,294,23,-1,,0.15804597701149425,0.38079896907216493,,,1192,898
291,291,5,1,20,1,5,1,898,881,7,7,73,¬´,0.13634301270417423,0.3799398625429553,,,905,888
292,292,5,1,20,1,5,2,923,875,108,22,96,"ULLRICH,",0.14776164549304296,0.3805841924398625,,,1031,897
293,293,5,1,20,1,5,3,1040,875,135,23,96,Christopher,0.1674984875983061,0.38079896907216493,,,1175,898
294,294,5,1,20,1,5,4,1181,875,11,19,96,J,0.1794464609800363,0.3799398625429553,,,1192,894
295,295,4,1,20,1,6,0,921,909,340,23,-1,,0.16500302480338777,0.3954037800687285,,,1261,932
296,296,5,1,20,1,6,1,921,909,94,21,96,"Ventura,",0.14640048396854205,0.3949742268041237,,,1015,930
297,297,5,1,20,1,6,2,1024,909,108,18,96,California,0.1630369026013309,0.3943298969072165,,,1132,927
298,298,5,1,20,1,6,3,1140,909,65,18,96,93003,0.17732909860859045,0.3943298969072165,,,1205,927
299,299,5,1,20,1,6,4,1214,909,47,23,96,(US),0.18715970961887476,0.3954037800687285,,,1261,932
300,300,4,1,20,1,7,0,898,941,295,22,-1,,0.15812159709618875,0.40893470790378006,,,1193,963
301,301,5,1,20,1,7,1,898,947,7,7,51,¬´,0.13634301270417423,0.40829037800687284,,,905,954
302,302,5,1,20,1,7,2,923,941,90,19,96,"DIONNE,",0.14640048396854205,0.40829037800687284,,,1013,960
303,303,5,1,20,1,7,3,1015,941,72,22,96,"Jean,",0.1589534180278282,0.40893470790378006,,,1087,963
304,304,5,1,20,1,7,4,1096,941,97,19,96,Francois,0.17309437386569873,0.40829037800687284,,,1193,960
305,305,4,1,20,1,8,0,923,974,352,23,-1,,0.16621294615849969,0.42332474226804123,,,1275,997
306,306,5,1,20,1,8,1,923,974,103,22,96,"Montreal,",0.14738354506957047,0.4231099656357388,,,1026,996
307,307,5,1,20,1,8,2,1035,974,86,20,92,Quebec,0.1630369026013309,0.422680412371134,,,1121,994
308,308,5,1,20,1,8,3,1130,974,42,18,92,H2L,0.17407743496672717,0.4222508591065292,,,1172,992
309,309,5,1,20,1,8,4,1180,974,36,18,87,4J1,0.1811857229280097,0.4222508591065292,,,1216,992
310,310,5,1,20,1,8,5,1227,974,48,23,96,(CA),0.18920145190562612,0.42332474226804123,,,1275,997
311,311,4,1,20,1,9,0,898,1007,308,23,-1,,0.15910465819721717,0.4375,,,1206,1030
312,312,5,1,20,1,9,1,898,1012,7,8,24,*,0.13634301270417423,0.436426116838488,,,905,1020
313,313,5,1,20,1,9,2,922,1007,93,21,93,"OLIVER,",0.14647610405323655,0.4370704467353952,,,1015,1028
314,314,5,1,20,1,9,3,1025,1007,181,23,91,Hugues-Antoine,0.16870840895341802,0.4375,,,1206,1030
315,315,4,1,20,1,10,0,923,1039,360,23,-1,,0.16681790683605566,0.45124570446735396,,,1283,1062
316,316,5,1,20,1,10,1,923,1039,103,22,96,"Montreal,",0.14738354506957047,0.45103092783505155,,,1026,1061
317,317,5,1,20,1,10,2,1034,1039,87,20,93,Quebec,0.1629612825166364,0.45060137457044674,,,1121,1059
318,318,5,1,20,1,10,3,1130,1039,46,19,92,H1M,0.17437991530550515,0.45038659793814434,,,1176,1058
319,319,5,1,20,1,10,4,1186,1039,41,19,91,3V9,0.1824712643678161,0.45038659793814434,,,1227,1058
320,320,5,1,20,1,10,5,1235,1039,48,23,96,(CA),0.19041137326073806,0.45124570446735396,,,1283,1062
321,321,2,1,21,0,0,0,862,1103,388,124,-1,,0.15970961887477314,0.5004295532646048,,,1250,1227
322,322,3,1,21,1,0,0,862,1103,388,124,-1,,0.15970961887477314,0.5004295532646048,,,1250,1227
323,323,4,1,21,1,1,0,862,1103,388,27,-1,,0.15970961887477314,0.4795962199312715,,,1250,1130
324,324,5,1,21,1,1,1,862,1103,44,27,96,(74),0.1336963097398669,0.4795962199312715,,,906,1130
325,325,5,1,21,1,1,2,923,1105,163,23,96,Representative:,0.15192075015124018,0.4795962199312715,,,1086,1128
326,326,5,1,21,1,1,3,1096,1105,56,19,96,Beck,0.16999395039322443,0.4787371134020619,representative_line_1_eu,Beck,1152,1124
327,327,5,1,21,1,1,4,1160,1105,90,19,96,Greener,0.1822444041137326,0.4787371134020619,representative_line_1_eu,Greener,1250,1124
328,328,4,1,21,1,2,0,923,1138,175,18,-1,,0.1528281911675741,0.49269759450171824,,,1098,1156
329,329,5,1,21,1,2,1,923,1138,95,18,96,Fulwood,0.14677858439201452,0.49269759450171824,,,1018,1156
330,330,5,1,21,1,2,2,1028,1138,70,18,96,House,0.16076830006049606,0.49269759450171824,,,1098,1156
331,331,4,1,21,1,3,0,923,1171,197,18,-1,,0.15449183303085298,0.506872852233677,,,1120,1189
332,332,5,1,21,1,3,1,923,1171,23,18,96,12,0.1413339382940109,0.506872852233677,,,946,1189
333,333,5,1,21,1,3,2,956,1171,95,18,96,Fulwood,0.15176950998185118,0.506872852233677,,,1051,1189
334,334,5,1,21,1,3,3,1061,1171,59,18,96,Place,0.16492740471869327,0.506872852233677,,,1120,1189
335,335,4,1,21,1,4,0,923,1204,273,23,-1,,0.1602389594676346,0.5221219931271478,,,1196,1227
336,336,5,1,21,1,4,1,923,1204,84,18,93,London,0.14594676346037508,0.5210481099656358,,,1007,1222
337,337,5,1,21,1,4,2,1015,1204,69,18,86,WC1V,0.1587265577737447,0.5210481099656358,,,1084,1222
338,338,5,1,21,1,4,3,1092,1204,46,18,82,6HR,0.16863278886872354,0.5210481099656358,,,1138,1222
339,339,5,1,21,1,4,4,1146,1204,50,23,96,(GB),0.17710223835450695,0.5221219931271478,,,1196,1227
340,340,2,1,22,0,0,0,862,1269,99,18,-1,,0.13785541439806412,0.5489690721649485,,,961,1287
341,341,3,1,22,1,0,0,862,1269,99,18,-1,,0.13785541439806412,0.5489690721649485,,,961,1287
342,342,4,1,22,1,1,0,862,1269,99,18,-1,,0.13785541439806412,0.5489690721649485,,,961,1287
343,343,5,1,22,1,1,1,862,1269,99,18,96,Remarks:,0.13785541439806412,0.5489690721649485,,,961,1287
344,344,2,1,23,0,0,0,922,1302,522,84,-1,,0.17891712038717483,0.5773195876288659,,,1444,1386
345,345,3,1,23,1,0,0,922,1302,522,84,-1,,0.17891712038717483,0.5773195876288659,,,1444,1386
346,346,4,1,23,1,1,0,922,1302,477,23,-1,,0.17551421657592256,0.5642182130584192,,,1399,1325
347,347,5,1,23,1,1,1,922,1302,43,19,96,This,0.1426950998185118,0.5633591065292096,,,965,1321
348,348,5,1,23,1,1,2,974,1302,111,23,96,application,0.15570175438596492,0.5642182130584192,,,1085,1325
349,349,5,1,23,1,1,3,1093,1307,42,14,96,was,0.16848154869933454,0.5644329896907216,,,1135,1321
350,350,5,1,23,1,1,4,1142,1302,43,19,96,filed,0.17596793708408953,0.5633591065292096,,,1185,1321
351,351,5,1,23,1,1,5,1193,1307,25,14,96,on,0.1823200241984271,0.5644329896907216,,,1218,1321
352,352,5,1,23,1,1,6,1226,1302,121,19,96,29-06-2018,0.19457047791893528,0.5633591065292096,,,1347,1321
353,353,5,1,23,1,1,7,1356,1307,23,14,96,as,0.20682093163944343,0.5644329896907216,,,1379,1321
354,354,5,1,23,1,1,8,1388,1307,11,14,96,a,0.21075317604355717,0.5644329896907216,,,1399,1321
355,355,4,1,23,1,2,0,922,1335,522,23,-1,,0.17891712038717483,0.5783934707903781,,,1444,1358
356,356,5,1,23,1,2,1,922,1335,96,18,96,divisional,0.14670296430732002,0.5773195876288659,,,1018,1353
357,357,5,1,23,1,2,2,1027,1335,111,23,96,application,0.16371748336358136,0.5783934707903781,,,1138,1358
358,358,5,1,23,1,2,3,1147,1336,19,17,96,to,0.17490925589836662,0.5775343642611683,,,1166,1353
359,359,5,1,23,1,2,4,1174,1335,31,18,96,the,0.17990018148820328,0.5773195876288659,,,1205,1353
360,360,5,1,23,1,2,5,1214,1335,112,23,96,application,0.19207501512401695,0.5783934707903781,,,1326,1358
361,361,5,1,23,1,2,6,1336,1335,108,18,96,mentioned,0.2102238354506957,0.5773195876288659,,,1444,1353
362,362,4,1,23,1,3,0,923,1368,209,18,-1,,0.15539927404718692,0.5914948453608248,,,1132,1386
363,363,5,1,23,1,3,1,923,1368,59,18,92,under,0.1440562613430127,0.5914948453608248,,,982,1386
364,364,5,1,23,1,3,2,991,1368,45,18,89,INID,0.15328191167574107,0.5914948453608248,,,1036,1386
365,365,5,1,23,1,3,3,1044,1368,50,18,96,code,0.16167574107683,0.5914948453608248,,,1094,1386
366,366,5,1,23,1,3,4,1103,1368,29,18,96,62.,0.16901088929219601,0.5914948453608248,,,1132,1386
367,367,2,1,24,0,0,0,224,1419,1243,6,-1,,0.1278735632183908,0.6108247422680413,,,1467,1425
368,368,3,1,24,1,0,0,224,1419,1243,6,-1,,0.1278735632183908,0.6108247422680413,,,1467,1425
369,369,4,1,24,1,1,0,224,1419,1243,6,-1,,0.1278735632183908,0.6108247422680413,,,1467,1425
370,370,5,1,24,1,1,1,224,1419,1243,6,95, ,0.1278735632183908,0.6108247422680413,,,1467,1425
371,371,2,1,25,0,0,0,225,1440,45,26,-1,,0.037431941923774956,0.6241408934707904,,,270,1466
372,372,3,1,25,1,0,0,225,1440,45,26,-1,,0.037431941923774956,0.6241408934707904,,,270,1466
373,373,4,1,25,1,1,0,225,1440,45,26,-1,,0.037431941923774956,0.6241408934707904,,,270,1466
374,374,5,1,25,1,1,1,225,1440,45,26,96,(54),0.037431941923774956,0.6241408934707904,,,270,1466
375,375,2,1,26,0,0,0,225,1514,583,221,-1,,0.07811554748941318,0.6978092783505154,,,808,1735
376,376,3,1,26,1,0,0,225,1514,583,221,-1,,0.07811554748941318,0.6978092783505154,,,808,1735
377,377,4,1,26,1,1,0,225,1514,582,26,-1,,0.0780399274047187,0.6559278350515464,,,807,1540
378,378,5,1,26,1,1,1,225,1514,45,26,93,(57),0.037431941923774956,0.6559278350515464,,,270,1540
379,379,5,1,26,1,1,2,0,0,1653,2328,40,|,0.125,0.5,,,1653,2328
380,380,5,1,26,1,1,3,315,1516,85,18,91,Amethod,0.054068360556563826,0.6550687285223368,,,400,1534
381,381,5,1,26,1,1,4,402,1516,92,18,96,includes,0.0677555958862674,0.6550687285223368,,,494,1534
382,382,5,1,26,1,1,5,496,1516,110,23,96,receiving,0.08333333333333333,0.6561426116838488,,,606,1539
383,383,5,1,26,1,1,6,612,1516,61,23,93,digital,0.09717180883242589,0.6561426116838488,,,673,1539
384,384,5,1,26,1,1,7,680,1516,77,18,93,content,0.10866606170598911,0.6550687285223368,,,757,1534
385,385,5,1,26,1,1,8,762,1516,45,18,96,data,0.11864791288566243,0.6550687285223368,,,807,1534
386,386,4,1,26,1,2,0,226,1549,582,23,-1,,0.07819116757410768,0.6703178694158075,,,808,1572
387,387,5,1,26,1,2,1,226,1549,91,23,96,including,0.04106170598911071,0.6703178694158075,,,317,1572
388,388,5,1,26,1,2,2,324,1549,56,18,96,audio,0.05323653962492438,0.6692439862542955,,,380,1567
389,389,5,1,26,1,2,3,386,1549,45,18,96,data,0.0617816091954023,0.6692439862542955,,,431,1567
390,390,5,1,26,1,2,4,437,1549,67,18,96,and/or,0.07115849969751967,0.6692439862542955,,,504,1567
391,391,5,1,26,1,2,5,508,1549,56,18,96,video,0.08106473079249849,0.6692439862542955,,,564,1567
392,392,5,1,26,1,2,6,570,1549,51,22,96,"data,",0.09006352087114337,0.6701030927835051,,,621,1571
393,393,5,1,26,1,2,7,628,1549,110,23,96,generating,0.10329703569267998,0.6703178694158075,,,738,1572
394,394,5,1,26,1,2,8,746,1549,62,23,96,haptic,0.11751361161524501,0.6703178694158075,,,808,1572
395,395,4,1,26,1,3,0,225,1582,583,23,-1,,0.07811554748941318,0.6844931271477663,,,808,1605
396,396,5,1,26,1,3,1,225,1582,45,18,96,data,0.037431941923774956,0.6834192439862543,,,270,1600
397,397,5,1,26,1,3,2,280,1582,53,23,96,using,0.046355111917725345,0.6844931271477663,,,333,1605
398,398,5,1,26,1,3,3,344,1582,19,18,96,at,0.05346339987900786,0.6834192439862543,,,363,1600
399,399,5,1,26,1,3,4,372,1582,49,18,96,least,0.05996672716273442,0.6834192439862543,,,421,1600
400,400,5,1,26,1,3,5,429,1586,56,14,96,some,0.0691167574107683,0.6842783505154639,,,485,1600
401,401,5,1,26,1,3,6,494,1582,21,18,95,of,0.07630066545674531,0.6834192439862543,,,515,1600
402,402,5,1,26,1,3,7,522,1582,31,18,96,the,0.08129159104658197,0.6834192439862543,,,553,1600
403,403,5,1,26,1,3,8,563,1582,87,18,96,received,0.09172716273442226,0.6834192439862543,,,650,1600
404,404,5,1,26,1,3,9,660,1582,61,23,97,digital,0.1044313369630974,0.6844931271477663,,,721,1605
405,405,5,1,26,1,3,10,731,1582,77,18,96,content,0.11637931034482758,0.6834192439862543,,,808,1600
406,406,4,1,26,1,4,0,225,1614,582,23,-1,,0.0780399274047187,0.6982388316151202,,,807,1637
407,407,5,1,26,1,4,1,225,1614,50,22,96,"data,",0.03781004234724743,0.6980240549828178,,,275,1636
408,408,5,1,26,1,4,2,285,1614,94,23,96,encoding,0.05021173623714459,0.6982388316151202,,,379,1637
409,409,5,1,26,1,4,3,388,1614,31,19,96,the,0.06102540834845735,0.6973797250859106,,,419,1633
410,410,5,1,26,1,4,4,429,1614,62,23,96,haptic,0.06957047791893527,0.6982388316151202,,,491,1637
411,411,5,1,26,1,4,5,498,1614,45,19,96,data,0.07872050816696914,0.6973797250859106,,,543,1633
412,412,5,1,26,1,4,6,550,1614,28,19,96,for,0.0852994555353902,0.6973797250859106,,,578,1633
413,413,5,1,26,1,4,7,586,1614,82,19,96,efficient,0.09482758620689655,0.6973797250859106,,,668,1633
414,414,5,1,26,1,4,8,674,1614,133,19,96,transmission,0.11199334543254688,0.6973797250859106,,,807,1633
415,415,4,1,26,1,5,0,225,1647,582,23,-1,,0.0780399274047187,0.7124140893470791,,,807,1670
416,416,5,1,26,1,5,1,225,1652,45,13,90,over,0.037431941923774956,0.7124140893470791,,,270,1665
417,417,5,1,26,1,5,2,276,1647,174,18,90,acommunication,0.05490018148820327,0.711340206185567,,,450,1665
418,418,5,1,26,1,5,3,457,1647,87,21,96,"network,",0.07569570477918935,0.7119845360824743,,,544,1668
419,419,5,1,26,1,5,4,551,1647,123,23,96,multiplexing,0.0926346037507562,0.7124140893470791,,,674,1670
420,420,5,1,26,1,5,5,680,1647,32,18,96,the,0.10526315789473684,0.711340206185567,,,712,1665
421,421,5,1,26,1,5,6,717,1647,90,18,96,encoded,0.11524500907441017,0.711340206185567,,,807,1665
422,422,4,1,26,1,6,0,226,1680,581,23,-1,,0.07811554748941318,0.7265893470790378,,,807,1703
423,423,5,1,26,1,6,1,226,1680,61,23,96,haptic,0.03879310344827586,0.7265893470790378,,,287,1703
424,424,5,1,26,1,6,2,297,1680,45,18,96,data,0.048321234119782216,0.7255154639175257,,,342,1698
425,425,5,1,26,1,6,3,352,1680,41,18,96,with,0.05633696309739867,0.7255154639175257,,,393,1698
426,426,5,1,26,1,6,4,404,1680,32,18,96,the,0.06352087114337568,0.7255154639175257,,,436,1698
427,427,5,1,26,1,6,5,447,1680,88,18,96,received,0.07425892316999395,0.7255154639175257,,,535,1698
428,428,5,1,26,1,6,6,546,1680,61,23,97,digital,0.08718995765275257,0.7265893470790378,,,607,1703
429,429,5,1,26,1,6,7,618,1680,78,18,96,content,0.09936479128856625,0.7255154639175257,,,696,1698
430,430,5,1,26,1,6,8,705,1680,51,21,93,"data,",0.11048094373865698,0.726159793814433,,,756,1701
431,431,5,1,26,1,6,9,768,1684,39,14,92,em-,0.1191016333938294,0.7263745704467354,,,807,1698
432,432,4,1,26,1,7,0,226,1712,581,23,-1,,0.07811554748941318,0.7403350515463918,,,807,1735
433,433,5,1,26,1,7,1,226,1712,81,23,96,bedding,0.04030550514216576,0.7403350515463918,,,307,1735
434,434,5,1,26,1,7,2,316,1712,114,19,96,information,0.05641258318209316,0.7394759450171822,,,430,1731
435,435,5,1,26,1,7,3,436,1712,28,19,96,for,0.06805807622504537,0.7394759450171822,,,464,1731
436,436,5,1,26,1,7,4,470,1712,94,23,96,decoding,0.07819116757410768,0.7403350515463918,,,564,1735
437,437,5,1,26,1,7,5,572,1712,31,19,96,the,0.08885359951603146,0.7394759450171822,,,603,1731
438,438,5,1,26,1,7,6,609,1712,90,19,96,encoded,0.09891107078039928,0.7394759450171822,,,699,1731
439,439,5,1,26,1,7,7,707,1712,61,23,93,haptic,0.11153962492437991,0.7403350515463918,,,768,1735
440,440,5,1,26,1,7,8,774,1712,33,19,92,da-,0.11955535390199637,0.7394759450171822,,,807,1731
441,441,2,1,27,0,0,0,543,1793,270,14,-1,,0.10254083484573502,0.7731958762886598,,,813,1807
442,442,3,1,27,1,0,0,543,1793,270,14,-1,,0.10254083484573502,0.7731958762886598,,,813,1807
443,443,4,1,27,1,1,0,543,1793,270,14,-1,,0.10254083484573502,0.7731958762886598,,,813,1807
444,444,5,1,27,1,1,1,543,1793,5,12,82,1,0.08250151240169389,0.772766323024055,,,548,1805
445,445,5,1,27,1,1,2,788,1795,25,12,64,125.,0.12106775559588627,0.7736254295532646,,,813,1807
446,446,2,1,28,0,0,0,550,1793,33,60,-1,,0.08567755595886267,0.7830756013745704,,,583,1853
447,447,3,1,28,1,0,0,550,1793,33,60,-1,,0.08567755595886267,0.7830756013745704,,,583,1853
448,448,4,1,28,1,1,0,550,1793,33,60,-1,,0.08567755595886267,0.7830756013745704,,,583,1853
449,449,5,1,28,1,1,1,550,1793,33,60,80,\,0.08567755595886267,0.7830756013745704,,,583,1853
450,450,2,1,29,0,0,0,505,1917,181,25,-1,,0.09006352087114337,0.8288230240549829,,,686,1942
451,451,3,1,29,1,0,0,505,1917,181,25,-1,,0.09006352087114337,0.8288230240549829,,,686,1942
452,452,4,1,29,1,1,0,505,1917,181,8,-1,,0.09006352087114337,0.8251718213058419,,,686,1925
453,453,5,1,29,1,1,1,505,1917,181,8,95, ,0.09006352087114337,0.8251718213058419,,,686,1925
454,454,4,1,29,1,2,0,622,1925,59,17,-1,,0.0985329703569268,0.8305412371134021,,,681,1942
455,455,5,1,29,1,2,1,622,1925,59,17,95, ,0.0985329703569268,0.8305412371134021,,,681,1942
456,456,2,1,30,0,0,0,686,1923,77,33,-1,,0.10957350272232305,0.833118556701031,,,763,1956
457,457,3,1,30,1,0,0,686,1923,77,33,-1,,0.10957350272232305,0.833118556701031,,,763,1956
458,458,4,1,30,1,1,0,686,1923,77,13,-1,,0.10957350272232305,0.8288230240549829,,,763,1936
459,459,5,1,30,1,1,1,686,1923,51,13,80,AUDIO,0.10760738052026618,0.8288230240549829,,,737,1936
460,460,5,1,30,1,1,2,741,1923,22,13,80,TO,0.11373260738052027,0.8288230240549829,,,763,1936
461,461,4,1,30,1,2,0,696,1943,58,13,-1,,0.10964912280701754,0.8374140893470791,,,754,1956
462,462,5,1,30,1,2,1,696,1943,58,13,82,HAPTIC,0.10964912280701754,0.8374140893470791,,,754,1956
463,463,2,1,31,0,0,0,505,1925,51,69,-1,,0.08023290986085904,0.8417096219931272,,,556,1994
464,464,3,1,31,1,0,0,505,1925,51,69,-1,,0.08023290986085904,0.8417096219931272,,,556,1994
465,465,4,1,31,1,1,0,505,1925,20,44,-1,,0.0778886872353297,0.836340206185567,,,525,1969
466,466,5,1,31,1,1,1,505,1925,20,44,95,   ,0.0778886872353297,0.836340206185567,,,525,1969
467,467,4,1,31,1,2,0,506,1969,50,25,-1,,0.08030852994555354,0.851159793814433,,,556,1994
468,468,5,1,31,1,2,1,506,1969,50,25,95, ,0.08030852994555354,0.851159793814433,,,556,1994
469,469,2,1,32,0,0,0,521,1931,105,55,-1,,0.0867362371445856,0.8412800687285223,,,626,1986
470,470,3,1,32,1,0,0,521,1931,105,55,-1,,0.0867362371445856,0.8412800687285223,,,626,1986
471,471,4,1,32,1,1,0,525,1931,97,13,-1,,0.0867362371445856,0.8322594501718213,,,622,1944
472,472,5,1,32,1,1,1,525,1931,97,13,95,MULTIMEDIA,0.0867362371445856,0.8322594501718213,,,622,1944
473,473,4,1,32,1,2,0,521,1950,105,13,-1,,0.0867362371445856,0.8404209621993127,,,626,1963
474,474,5,1,32,1,2,1,521,1950,105,13,96,PROCESSING,0.0867362371445856,0.8404209621993127,,,626,1963
475,475,4,1,32,1,3,0,556,1970,36,16,-1,,0.0868118572292801,0.8496563573883161,,,592,1986
476,476,5,1,32,1,3,1,556,1970,36,16,86,(AN),0.0868118572292801,0.8496563573883161,,,592,1986
477,477,2,1,33,0,0,0,788,2165,54,17,-1,,0.12326073805202661,0.9336340206185567,,,842,2182
478,478,3,1,33,1,0,0,788,2165,54,17,-1,,0.12326073805202661,0.9336340206185567,,,842,2182
479,479,4,1,33,1,1,0,788,2165,54,17,-1,,0.12326073805202661,0.9336340206185567,,,842,2182
480,480,5,1,33,1,1,1,788,2165,38,17,95,FIG.,0.1220508166969147,0.9336340206185567,,,826,2182
481,481,5,1,33,1,1,2,835,2165,7,16,96,1,0.12681488203266789,0.9334192439862543,,,842,2181
482,482,2,1,34,0,0,0,505,1799,674,212,-1,,0.12734422262552933,0.8182989690721649,,,1179,2011
483,483,3,1,34,1,0,0,505,1799,674,212,-1,,0.12734422262552933,0.8182989690721649,,,1179,2011
484,484,4,1,34,1,1,0,815,1799,17,12,-1,,0.12454627949183303,0.7753436426116839,,,832,1811
485,485,5,1,34,1,1,1,815,1799,17,12,95, ,0.12454627949183303,0.7753436426116839,,,832,1811
486,486,4,1,34,1,2,0,809,1811,132,12,-1,,0.132335148215366,0.7804982817869416,,,941,1823
487,487,5,1,34,1,2,1,809,1811,132,12,95, ,0.132335148215366,0.7804982817869416,,,941,1823
488,488,4,1,34,1,3,0,809,1823,132,25,-1,,0.132335148215366,0.7884450171821306,,,941,1848
489,489,5,1,34,1,3,1,809,1823,9,25,95, ,0.12303387779794313,0.7884450171821306,,,818,1848
490,490,5,1,34,1,3,2,932,1823,9,25,95, ,0.14163641863278886,0.7884450171821306,,,941,1848
491,491,4,1,34,1,4,0,583,1848,521,35,-1,,0.12757108287961283,0.801331615120275,,,1104,1883
492,492,5,1,34,1,4,1,583,1848,235,35,95,  ,0.1059437386569873,0.801331615120275,,,818,1883
493,493,5,1,34,1,4,2,932,1848,172,35,95,  ,0.15396249243799154,0.801331615120275,,,1104,1883
494,494,4,1,34,1,5,0,505,1883,674,34,-1,,0.12734422262552933,0.8161512027491409,,,1179,1917
495,495,5,1,34,1,5,1,505,1883,674,34,95,   ,0.12734422262552933,0.8161512027491409,,,1179,1917
496,496,4,1,34,1,6,0,632,1917,547,33,-1,,0.13694797338173018,0.8305412371134021,,,1179,1950
497,497,5,1,34,1,6,1,632,1942,49,8,95, ,0.09928917120387175,0.8359106529209622,,,681,1950
498,498,5,1,34,1,6,2,763,1917,416,33,95,   ,0.14685420447670902,0.8305412371134021,,,1179,1950
499,499,4,1,34,1,7,0,633,1950,546,19,-1,,0.13702359346642468,0.8417096219931272,,,1179,1969
500,500,5,1,34,1,7,1,633,1950,546,19,95,  ,0.13702359346642468,0.8417096219931272,,,1179,1969
501,501,4,1,34,1,8,0,592,1969,587,25,-1,,0.1339231699939504,0.851159793814433,,,1179,1994
502,502,5,1,34,1,8,1,592,1969,587,25,95, ,0.1339231699939504,0.851159793814433,,,1179,1994
503,503,4,1,34,1,9,0,506,1994,673,17,-1,,0.12741984271022383,0.8601804123711341,,,1179,2011
504,504,5,1,34,1,9,1,506,1994,673,17,95, ,0.12741984271022383,0.8601804123711341,,,1179,2011
505,505,2,1,35,0,0,0,826,1829,99,53,-1,,0.1324107683000605,0.7970360824742269,,,925,1882
506,506,3,1,35,1,0,0,826,1829,99,53,-1,,0.1324107683000605,0.7970360824742269,,,925,1882
507,507,4,1,35,1,1,0,826,1829,99,13,-1,,0.1324107683000605,0.7884450171821306,,,925,1842
508,508,5,1,35,1,1,1,826,1829,37,13,86,RAW,0.1277223230490018,0.7884450171821306,,,863,1842
509,509,5,1,35,1,1,2,867,1829,58,13,86,HAPTIC,0.1355111917725348,0.7884450171821306,,,925,1842
510,510,4,1,35,1,2,0,856,1849,40,13,-1,,0.132486388384755,0.7970360824742269,,,896,1862
511,511,5,1,35,1,2,1,856,1849,40,13,96,DATA,0.132486388384755,0.7970360824742269,,,896,1862
512,512,4,1,35,1,3,0,836,1870,78,12,-1,,0.132335148215366,0.8058419243986255,,,914,1882
513,513,5,1,35,1,3,1,836,1870,78,12,94,STORAGE,0.132335148215366,0.8058419243986255,,,914,1882
514,514,2,1,36,0,0,0,316,1440,695,21,-1,,0.10034785238959468,0.6230670103092784,,,1011,1461
515,515,3,1,36,1,0,0,316,1440,695,21,-1,,0.10034785238959468,0.6230670103092784,,,1011,1461
516,516,4,1,36,1,1,0,316,1440,695,21,-1,,0.10034785238959468,0.6230670103092784,,,1011,1461
517,517,5,1,36,1,1,1,316,1440,112,21,96,METHOD,0.056261343012704176,0.6230670103092784,title_line_1,METHOD,428,1461
518,518,5,1,36,1,1,2,437,1440,56,20,96,AND,0.07032667876588022,0.622852233676976,title_line_1,AND,493,1460
519,519,5,1,36,1,1,3,503,1440,106,21,96,SYSTEM,0.08408953418027829,0.6230670103092784,title_line_1,SYSTEM,609,1461
520,520,5,1,36,1,1,4,620,1440,54,21,93,FOR,0.09785238959467635,0.6230670103092784,title_line_1,FOR,674,1461
521,521,5,1,36,1,1,5,684,1440,95,21,91,HAPTIC,0.11063218390804598,0.6230670103092784,title_line_1,HAPTIC,779,1461
522,522,5,1,36,1,1,6,790,1440,71,20,96,DATA,0.12484875983061101,0.622852233676976,title_line_1,DATA,861,1460
523,523,5,1,36,1,1,7,871,1440,140,21,96,ENCODING,0.14231699939503933,0.6230670103092784,title_line_1,ENCODING,1011,1461
524,524,2,1,37,0,0,0,884,1516,583,219,-1,,0.17778281911675742,0.6982388316151202,,,1467,1735
525,525,3,1,37,1,0,0,884,1516,583,219,-1,,0.17778281911675742,0.6982388316151202,,,1467,1735
526,526,4,1,37,1,1,0,884,1516,582,23,-1,,0.17770719903206292,0.6561426116838488,,,1466,1539
527,527,5,1,37,1,1,1,884,1516,18,18,90,ta,0.13505747126436782,0.6550687285223368,,,902,1534
528,528,5,1,37,1,1,2,910,1516,15,18,90,in,0.13876285541439806,0.6550687285223368,,,925,1534
529,529,5,1,37,1,1,3,934,1516,96,18,96,metadata,0.1485178463399879,0.6550687285223368,,,1030,1534
530,530,5,1,37,1,1,4,1037,1516,20,18,96,of,0.15834845735027223,0.6550687285223368,,,1057,1534
531,531,5,1,37,1,1,5,1062,1516,32,18,96,the,0.1630369026013309,0.6550687285223368,,,1094,1534
532,532,5,1,37,1,1,6,1102,1516,117,23,96,multiplexed,0.17551421657592256,0.6561426116838488,,,1219,1539
533,533,5,1,37,1,1,7,1226,1516,45,18,96,data,0.18882335148215365,0.6550687285223368,,,1271,1534
534,534,5,1,37,1,1,8,1279,1517,76,20,95,"stream,",0.19918330308529947,0.6559278350515464,,,1355,1537
535,535,5,1,37,1,1,9,1363,1516,37,18,93,and,0.20893829401088929,0.6550687285223368,,,1400,1534
536,536,5,1,37,1,1,10,1408,1516,58,18,92,send-,0.21733212341197822,0.6550687285223368,,,1466,1534
537,537,4,1,37,1,2,0,885,1549,580,23,-1,,0.17770719903206292,0.6703178694158075,,,1465,1572
538,538,5,1,37,1,2,1,885,1549,29,23,96,ing,0.13604053236539626,0.6703178694158075,,,914,1572
539,539,5,1,37,1,2,2,921,1549,32,18,96,the,0.14171203871748336,0.6692439862542955,,,953,1567
540,540,5,1,37,1,2,3,961,1549,117,23,96,multiplexed,0.154189352692075,0.6703178694158075,,,1078,1572
541,541,5,1,37,1,2,4,1086,1549,45,18,96,data,0.1676497277676951,0.6692439862542955,,,1131,1567
542,542,5,1,37,1,2,5,1138,1550,70,17,95,stream,0.17740471869328495,0.6694587628865979,,,1208,1567
543,543,5,1,37,1,2,6,1216,1554,46,13,95,over,0.18738656987295826,0.6703178694158075,,,1262,1567
544,544,5,1,37,1,2,7,1269,1549,31,18,96,the,0.19426799758015728,0.6692439862542955,,,1300,1567
545,545,5,1,37,1,2,8,1307,1549,158,18,96,communication,0.20961887477313976,0.6692439862542955,,,1465,1567
546,546,4,1,37,1,3,0,885,1582,582,23,-1,,0.17785843920145192,0.6844931271477663,,,1467,1605
547,547,5,1,37,1,3,1,885,1582,87,18,95,network.,0.14042649727767695,0.6834192439862543,,,972,1600
548,548,5,1,37,1,3,2,982,1582,40,18,96,The,0.1515426497277677,0.6834192439862543,,,1022,1600
549,549,5,1,37,1,3,3,1032,1582,76,18,96,method,0.161826981246219,0.6834192439862543,,,1108,1600
550,550,5,1,37,1,3,4,1119,1586,31,14,96,may,0.17158197217180884,0.6842783505154639,,,1150,1600
551,551,5,1,37,1,3,5,1151,1582,94,23,96,include,0.1811857229280097,0.6844931271477663,,,1245,1605
552,552,5,1,37,1,3,6,1255,1582,98,23,96,analyzing,0.19721718088324258,0.6844931271477663,,,1353,1605
553,553,5,1,37,1,3,7,1363,1582,32,18,97,the,0.20856019358741681,0.6834192439862543,,,1395,1600
554,554,5,1,37,1,3,8,1405,1582,62,23,96,haptic,0.21718088324258925,0.6844931271477663,,,1467,1605
555,555,4,1,37,1,4,0,884,1614,583,23,-1,,0.17778281911675742,0.6982388316151202,,,1467,1637
556,556,5,1,37,1,4,1,884,1614,45,19,96,data,0.13709921355111918,0.6973797250859106,,,929,1633
557,557,5,1,37,1,4,2,935,1615,18,18,96,to,0.14277071990320628,0.697594501718213,,,953,1633
558,558,5,1,37,1,4,3,960,1614,91,19,96,determine,0.15207199032062915,0.6973797250859106,,,1051,1633
559,559,5,1,37,1,4,4,1052,1615,38,18,96,at,0.161978221415608,0.697594501718213,,,1090,1633
560,560,5,1,37,1,4,5,1097,1614,48,19,95,least,0.16954022988505746,0.6973797250859106,,,1145,1633
561,561,5,1,37,1,4,6,1151,1619,38,14,95,one,0.17695099818511797,0.6984536082474226,,,1189,1633
562,562,5,1,37,1,4,7,1196,1614,139,19,96,characteristic,0.19139443436176648,0.6973797250859106,,,1335,1633
563,563,5,1,37,1,4,8,1341,1614,20,19,96,of,0.2043254688445251,0.6973797250859106,,,1361,1633
564,564,5,1,37,1,4,9,1366,1614,32,19,96,the,0.20901391409558379,0.6973797250859106,,,1398,1633
565,565,5,1,37,1,4,10,1405,1614,62,23,96,haptic,0.21718088324258925,0.6982388316151202,,,1467,1637
566,566,4,1,37,1,5,0,884,1647,582,23,-1,,0.17770719903206292,0.7124140893470791,,,1466,1670
567,567,5,1,37,1,5,1,884,1647,50,22,96,"data,",0.13747731397459165,0.7121993127147767,,,934,1669
568,568,5,1,37,1,5,2,944,1647,37,18,96,and,0.1455686630369026,0.711340206185567,,,981,1665
569,569,5,1,37,1,5,3,991,1647,31,18,96,the,0.15222323049001815,0.711340206185567,,,1022,1665
570,570,5,1,37,1,5,4,1031,1647,94,23,96,encoding,0.1630369026013309,0.7124140893470791,,,1125,1670
571,571,5,1,37,1,5,5,1135,1647,31,18,96,the,0.17400181488203267,0.711340206185567,,,1166,1665
572,572,5,1,37,1,5,6,1175,1647,63,23,96,haptic,0.1824712643678161,0.7124140893470791,,,1238,1670
573,573,5,1,37,1,5,7,1245,1647,45,18,96,data,0.19169691470054445,0.711340206185567,,,1290,1665
574,574,5,1,37,1,5,8,1300,1652,30,13,96,may,0.19888082274652147,0.7124140893470791,,,1330,1665
575,575,5,1,37,1,5,9,1332,1647,93,23,93,include,0.20848457350272231,0.7124140893470791,,,1425,1670
576,576,5,1,37,1,5,10,1433,1652,33,13,91,en-,0.2192226255293406,0.7124140893470791,,,1466,1665
577,577,4,1,37,1,6,0,885,1680,581,23,-1,,0.17778281911675742,0.7265893470790378,,,1466,1703
578,578,5,1,37,1,6,1,885,1680,73,23,96,"coding,",0.13936781609195403,0.7265893470790378,,,958,1703
579,579,5,1,37,1,6,2,967,1680,62,18,96,based,0.15093768905021174,0.7255154639175257,,,1029,1698
580,580,5,1,37,1,6,3,1036,1684,24,14,96,on,0.15849969751966123,0.7263745704467354,,,1060,1698
581,581,5,1,37,1,6,4,1067,1680,32,18,96,the,0.16379310344827586,0.7255154639175257,,,1099,1698
582,582,5,1,37,1,6,5,1105,1680,117,18,96,determined,0.17596793708408953,0.7255154639175257,,,1222,1698
583,583,5,1,37,1,6,6,1230,1680,144,21,96,"characteristic,",0.1969147005444646,0.726159793814433,,,1374,1701
584,584,5,1,37,1,6,7,1381,1680,33,18,92,the,0.21135813672111312,0.7255154639175257,,,1414,1698
585,585,5,1,37,1,6,8,1421,1680,45,23,92,hap-,0.21831518451300666,0.7265893470790378,,,1466,1703
586,586,4,1,37,1,7,0,884,1712,393,23,-1,,0.16341500302480338,0.7403350515463918,,,1277,1735
587,587,5,1,37,1,7,1,884,1712,23,19,96,tic,0.1354355716878403,0.7394759450171822,,,907,1731
588,588,5,1,37,1,7,2,914,1712,45,19,96,data,0.14163641863278886,0.7394759450171822,,,959,1731
589,589,5,1,37,1,7,3,968,1713,18,18,96,to,0.14776164549304296,0.7396907216494846,,,986,1731
590,590,5,1,37,1,7,4,995,1713,51,18,96,meet,0.154340592861464,0.7396907216494846,,,1046,1731
591,591,5,1,37,1,7,5,1054,1717,11,14,96,a,0.1602389594676346,0.7405498281786942,,,1065,1731
592,592,5,1,37,1,7,6,1075,1712,117,23,96,pre-defined,0.17143073200241984,0.7403350515463918,,,1192,1735
593,593,5,1,37,1,7,7,1202,1712,75,19,96,criteria.,0.18746218995765276,0.7394759450171822,,,1277,1731
594,594,2,1,38,0,0,0,716,2270,259,16,-1,,0.1278735632183908,0.9785223367697594,,,975,2286
595,595,3,1,38,1,0,0,716,2270,259,16,-1,,0.1278735632183908,0.9785223367697594,,,975,2286
596,596,4,1,38,1,1,0,716,2270,259,16,-1,,0.1278735632183908,0.9785223367697594,,,975,2286
597,597,5,1,38,1,1,1,716,2270,49,12,96,Printed,0.11199334543254688,0.9776632302405498,,,765,2282
598,598,5,1,38,1,1,2,771,2270,15,16,96,by,0.1177404718693285,0.9785223367697594,,,786,2286
599,599,5,1,38,1,1,3,792,2270,45,14,96,"Jouve,",0.12318511796733213,0.9780927835051546,,,837,2284
600,600,5,1,38,1,1,4,843,2270,41,12,96,75001,0.13059588626739263,0.9776632302405498,,,884,2282
601,601,5,1,38,1,1,5,893,2270,46,12,96,PARIS,0.1385359951603146,0.9776632302405498,,,939,2282
602,602,5,1,38,1,1,6,945,2270,30,16,95,(FR),0.14519056261343014,0.9785223367697594,,,975,2286
