,Unnamed: 0,level,page_num,block_num,par_num,line_num,word_num,left,top,width,height,conf,text,x,y,label,target,right,bottom
0,0,1,1,0,0,0,0,0,0,1653,2328,-1,,0.125,0.5,,,1653,2328
1,1,2,1,1,0,0,0,144,1905,31,328,-1,,0.02412280701754386,0.8887457044673539,,,175,2233
2,2,3,1,1,1,0,0,144,1905,31,328,-1,,0.02412280701754386,0.8887457044673539,,,175,2233
3,3,4,1,1,1,1,0,144,1905,31,328,-1,,0.02412280701754386,0.8887457044673539,,,175,2233
4,4,5,1,1,1,1,1,144,2179,30,54,96,EP,0.024047186932849365,0.947594501718213,,,174,2233
5,5,5,1,1,1,1,2,144,2142,31,21,95,3,0.02412280701754386,0.9246134020618557,,,175,2163
6,6,5,1,1,1,1,3,144,2061,31,65,95,401,0.02412280701754386,0.8992697594501718,,,175,2126
7,7,5,1,1,1,1,4,144,1974,31,65,91,811,0.02412280701754386,0.8618986254295533,,,175,2039
8,8,5,1,1,1,1,5,144,1905,30,50,84,A1,0.024047186932849365,0.8290378006872853,,,174,1955
9,9,2,1,2,0,0,0,429,153,88,28,-1,,0.07153660012099214,0.07173539518900343,,,517,181
10,10,3,1,2,1,0,0,429,153,88,28,-1,,0.07153660012099214,0.07173539518900343,,,517,181
11,11,4,1,2,1,1,0,429,153,88,16,-1,,0.07153660012099214,0.06915807560137457,,,517,169
12,12,5,1,2,1,1,1,429,153,88,16,84,Europaisches,0.07153660012099214,0.06915807560137457,,,517,169
13,13,4,1,2,1,2,0,429,170,71,11,-1,,0.07025105868118572,0.07538659793814433,,,500,181
14,14,5,1,2,1,2,1,429,170,71,11,96,Patentamt,0.07025105868118572,0.07538659793814433,,,500,181
15,15,2,1,3,0,0,0,429,196,89,28,-1,,0.07161222020568662,0.09020618556701031,,,518,224
16,16,3,1,3,1,0,0,429,196,89,28,-1,,0.07161222020568662,0.09020618556701031,,,518,224
17,17,4,1,3,1,1,0,429,196,63,15,-1,,0.06964609800362977,0.08741408934707903,,,492,211
18,18,5,1,3,1,1,1,429,196,63,15,95,European,0.06964609800362977,0.08741408934707903,,,492,211
19,19,4,1,3,1,2,0,429,212,89,12,-1,,0.07161222020568662,0.0936426116838488,,,518,224
20,20,5,1,3,1,2,1,429,213,43,11,96,Patent,0.06813369630973987,0.0938573883161512,,,472,224
21,21,5,1,3,1,2,2,478,212,40,12,90,Office,0.07531760435571688,0.0936426116838488,,,518,224
22,22,2,1,4,0,0,0,429,239,109,28,-1,,0.07312462189957653,0.10867697594501718,,,538,267
23,23,3,1,4,1,0,0,429,239,109,28,-1,,0.07312462189957653,0.10867697594501718,,,538,267
24,24,4,1,4,1,1,0,429,239,109,15,-1,,0.07312462189957653,0.10588487972508591,,,538,254
25,25,5,1,4,1,1,1,429,239,40,12,93,Office,0.06790683605565638,0.1052405498281787,,,469,251
26,26,5,1,4,1,1,2,474,239,64,15,93,europ√©en,0.0765275257108288,0.10588487972508591,,,538,254
27,27,4,1,4,1,2,0,429,255,77,12,-1,,0.0707047791893527,0.11211340206185567,,,506,267
28,28,5,1,4,1,2,1,429,255,22,12,95,des,0.06654567453115548,0.11211340206185567,,,451,267
29,29,5,1,4,1,2,2,457,255,49,12,82,brevets,0.07282214156079855,0.11211340206185567,,,506,267
30,30,2,1,5,0,0,0,281,136,274,150,-1,,0.06321839080459771,0.09063573883161512,,,555,286
31,31,3,1,5,1,0,0,281,136,274,150,-1,,0.06321839080459771,0.09063573883161512,,,555,286
32,32,4,1,5,1,1,0,281,136,274,150,-1,,0.06321839080459771,0.09063573883161512,,,555,286
33,33,5,1,5,1,1,1,281,136,274,150,95, ,0.06321839080459771,0.09063573883161512,,,555,286
34,34,2,1,6,0,0,0,225,324,45,26,-1,,0.037431941923774956,0.14475945017182132,,,270,350
35,35,3,1,6,1,0,0,225,324,45,26,-1,,0.037431941923774956,0.14475945017182132,,,270,350
36,36,4,1,6,1,1,0,225,324,45,26,-1,,0.037431941923774956,0.14475945017182132,,,270,350
37,37,5,1,6,1,1,1,225,324,45,26,96,(12),0.037431941923774956,0.14475945017182132,,,270,350
38,38,2,1,7,0,0,0,225,395,378,53,-1,,0.06261343012704174,0.18105670103092783,,,603,448
39,39,3,1,7,1,0,0,225,395,378,53,-1,,0.06261343012704174,0.18105670103092783,,,603,448
40,40,4,1,7,1,1,0,225,395,262,26,-1,,0.05384150030248034,0.17525773195876287,,,487,421
41,41,5,1,7,1,1,1,225,395,45,26,95,(43),0.037431941923774956,0.17525773195876287,,,270,421
42,42,5,1,7,1,1,2,286,397,48,18,95,Date,0.04688445251058681,0.17439862542955326,,,334,415
43,43,5,1,7,1,1,3,342,397,20,18,96,of,0.05323653962492438,0.17439862542955326,,,362,415
44,44,5,1,7,1,1,4,370,397,117,23,96,publication:,0.0648064125831821,0.17547250859106528,,,487,420
45,45,4,1,7,1,2,0,287,430,316,18,-1,,0.06730187537810042,0.18857388316151202,,,603,448
46,46,5,1,7,1,2,1,287,430,116,18,95,14.11.2018,0.052177858439201454,0.18857388316151202,publication_date,14.11.2018,403,448
47,47,5,1,7,1,2,2,426,430,84,18,95,Bulletin,0.07078039927404718,0.18857388316151202,,,510,448
48,48,5,1,7,1,2,3,519,430,84,18,96,2018/46,0.08484573502722323,0.18857388316151202,,,603,448
49,49,2,1,8,0,0,0,225,493,402,26,-1,,0.06442831215970962,0.21735395189003437,,,627,519
50,50,3,1,8,1,0,0,225,493,402,26,-1,,0.06442831215970962,0.21735395189003437,,,627,519
51,51,4,1,8,1,1,0,225,493,402,26,-1,,0.06442831215970962,0.21735395189003437,,,627,519
52,52,5,1,8,1,1,1,225,493,45,26,95,(21),0.037431941923774956,0.21735395189003437,,,270,519
53,53,5,1,8,1,1,2,285,495,115,23,95,Application,0.051799758015728975,0.21756872852233677,,,400,518
54,54,5,1,8,1,1,3,410,495,83,18,93,number:,0.06828493647912885,0.21649484536082475,,,493,513
55,55,5,1,8,1,1,4,505,495,122,18,92,18180813.0,0.08560193587416817,0.21649484536082475,application_number,18180813,627,513
56,56,2,1,9,0,0,0,225,559,325,26,-1,,0.05860556563823351,0.24570446735395188,,,550,585
57,57,3,1,9,1,0,0,225,559,325,26,-1,,0.05860556563823351,0.24570446735395188,,,550,585
58,58,4,1,9,1,1,0,225,559,325,26,-1,,0.05860556563823351,0.24570446735395188,,,550,585
59,59,5,1,9,1,1,1,225,559,45,26,96,(22),0.037431941923774956,0.24570446735395188,,,270,585
60,60,5,1,9,1,1,2,286,561,48,18,96,Date,0.04688445251058681,0.24484536082474226,,,334,579
61,61,5,1,9,1,1,3,342,566,12,13,96,of,0.05263157894736842,0.24591924398625428,,,354,579
62,62,5,1,9,1,1,4,355,561,67,23,96,filing:,0.058756805807622506,0.24591924398625428,,,422,584
63,63,5,1,9,1,1,5,433,561,117,18,96,17.05.2017,0.07433454325468844,0.24484536082474226,filing_date,17.05.2017,550,579
64,64,2,1,10,0,0,0,1002,245,458,38,-1,,0.18617664851784635,0.1134020618556701,,,1460,283
65,65,3,1,10,1,0,0,1002,245,458,38,-1,,0.18617664851784635,0.1134020618556701,,,1460,283
66,66,4,1,10,1,1,0,1002,245,458,38,-1,,0.18617664851784635,0.1134020618556701,,,1460,283
67,67,5,1,10,1,1,1,1002,256,44,27,74,(11),0.15486993345432548,0.11576460481099657,,,1046,283
68,68,5,1,10,1,1,2,1146,245,52,32,95,EP,0.17725347852389595,0.11211340206185567,number,EP,1198,277
69,69,5,1,10,1,1,3,1214,245,20,32,94,3,0.1851179673321234,0.11211340206185567,number,3,1234,277
70,70,5,1,10,1,1,4,1248,245,64,32,94,401,0.19358741681790684,0.11211340206185567,number,401,1312,277
71,71,5,1,10,1,1,5,1332,245,62,32,87,811,0.20614035087719298,0.11211340206185567,number,811,1394,277
72,72,5,1,10,1,1,6,1413,245,47,32,86,A1,0.21725650332728372,0.11211340206185567,number,A1,1460,277
73,73,2,1,11,0,0,0,577,319,537,26,-1,,0.1278735632183908,0.14261168384879724,,,1114,345
74,74,3,1,11,1,0,0,577,319,537,26,-1,,0.1278735632183908,0.14261168384879724,,,1114,345
75,75,4,1,11,1,1,0,577,319,537,26,-1,,0.1278735632183908,0.14261168384879724,,,1114,345
76,76,5,1,11,1,1,1,577,319,156,26,95,EUROPEAN,0.09906231094978826,0.14261168384879724,,,733,345
77,77,5,1,11,1,1,2,735,320,135,24,95,PATENT,0.12137023593466424,0.14261168384879724,,,870,344
78,78,5,1,11,1,1,3,873,319,241,26,96,APPLICATION,0.1502571082879613,0.14261168384879724,,,1114,345
79,79,2,1,12,0,0,0,862,395,257,51,-1,,0.14980338777979432,0.18062714776632302,,,1119,446
80,80,3,1,12,1,0,0,862,395,257,51,-1,,0.14980338777979432,0.18062714776632302,,,1119,446
81,81,4,1,12,1,1,0,862,395,126,26,-1,,0.13989715668481548,0.17525773195876287,,,988,421
82,82,5,1,12,1,1,1,862,395,44,26,67,(51),0.1336963097398669,0.17525773195876287,,,906,421
83,83,5,1,12,1,1,2,923,397,25,18,93,Int,0.1414851784633999,0.17439862542955326,,,948,415
84,84,5,1,12,1,1,3,955,397,33,18,65,Cl:,0.14692982456140352,0.17439862542955326,,,988,415
85,85,4,1,12,1,2,0,923,425,196,21,-1,,0.1544162129461585,0.1870704467353952,,,1119,446
86,86,5,1,12,1,2,1,923,428,60,18,63,GO6F,0.1441318814277072,0.1877147766323024,class_international,G06F,983,446
87,87,5,1,12,1,2,2,991,428,57,18,85,17130,0.154189352692075,0.1877147766323024,class_international,17/30,1048,446
88,88,5,1,12,1,2,3,1052,425,67,16,73,(2006.01),0.16417120387174833,0.18599656357388317,,,1119,441
89,89,2,1,13,0,0,0,224,612,1243,6,-1,,0.1278735632183908,0.26417525773195877,,,1467,618
90,90,3,1,13,1,0,0,224,612,1243,6,-1,,0.1278735632183908,0.26417525773195877,,,1467,618
91,91,4,1,13,1,1,0,224,612,1243,6,-1,,0.1278735632183908,0.26417525773195877,,,1467,618
92,92,5,1,13,1,1,1,224,612,1243,6,95, ,0.1278735632183908,0.26417525773195877,,,1467,618
93,93,2,1,14,0,0,0,225,631,599,250,-1,,0.07932546884452511,0.3247422680412371,,,824,881
94,94,3,1,14,1,0,0,225,631,599,250,-1,,0.07932546884452511,0.3247422680412371,,,824,881
95,95,4,1,14,1,1,0,225,631,388,27,-1,,0.0633696309739867,0.2768470790378007,,,613,658
96,96,5,1,14,1,1,1,225,631,45,27,96,(84),0.037431941923774956,0.2768470790378007,,,270,658
97,97,5,1,14,1,1,2,286,633,118,23,96,Designated,0.052177858439201454,0.2768470790378007,,,404,656
98,98,5,1,14,1,1,3,413,633,119,23,96,Contracting,0.07146098003629764,0.2768470790378007,,,532,656
99,99,5,1,14,1,1,4,542,633,71,19,96,States:,0.08734119782214156,0.2759879725085911,,,613,652
100,100,4,1,14,1,2,0,285,666,537,18,-1,,0.08371143375680581,0.28994845360824745,,,822,684
101,101,5,1,14,1,2,1,285,666,31,18,94,AL,0.04544767090139141,0.28994845360824745,,,316,684
102,102,5,1,14,1,2,2,323,666,31,18,94,AT,0.05119479733817302,0.28994845360824745,,,354,684
103,103,5,1,14,1,2,3,363,666,30,18,96,BE,0.05716878402903811,0.28994845360824745,,,393,684
104,104,5,1,14,1,2,4,403,666,32,18,96,BG,0.0633696309739867,0.28994845360824745,,,435,684
105,105,5,1,14,1,2,5,445,666,31,18,96,CH,0.06964609800362977,0.28994845360824745,,,476,684
106,106,5,1,14,1,2,6,486,666,32,18,95,CY,0.07592256503327284,0.28994845360824745,,,518,684
107,107,5,1,14,1,2,7,526,666,30,18,93,CZ,0.08182093163944344,0.28994845360824745,,,556,684
108,108,5,1,14,1,2,8,565,666,30,18,93,DE,0.08771929824561403,0.28994845360824745,,,595,684
109,109,5,1,14,1,2,9,605,666,32,18,95,DK,0.09392014519056262,0.28994845360824745,,,637,684
110,110,5,1,14,1,2,10,646,666,29,18,95,EE,0.0998941318814277,0.28994845360824745,,,675,684
111,111,5,1,14,1,2,11,684,666,29,18,93,ES,0.10564125831820932,0.28994845360824745,,,713,684
112,112,5,1,14,1,2,12,723,666,57,18,90,FIFR,0.11365698729582577,0.28994845360824745,,,780,684
113,113,5,1,14,1,2,13,788,666,34,18,95,GB,0.12174833635813673,0.28994845360824745,,,822,684
114,114,4,1,14,1,3,0,285,699,539,18,-1,,0.0838626739261948,0.30412371134020616,,,824,717
115,115,5,1,14,1,3,1,285,699,297,18,83,GRHRHUIEISITLILTLU,0.06556261343012704,0.30412371134020616,,,582,717
116,116,5,1,14,1,3,2,591,699,28,18,85,LV,0.09150030248033877,0.30412371134020616,,,619,717
117,117,5,1,14,1,3,3,627,699,35,18,85,MC,0.09747428917120388,0.30412371134020616,,,662,717
118,118,5,1,14,1,3,4,670,699,35,18,94,MK,0.10397761645493044,0.30412371134020616,,,705,717
119,119,5,1,14,1,3,5,713,699,32,18,91,MT,0.11025408348457351,0.30412371134020616,,,745,717
120,120,5,1,14,1,3,6,753,699,29,18,49,NL,0.11607683000604961,0.30412371134020616,,,782,717
121,121,5,1,14,1,3,7,791,699,33,18,49,NO,0.1221264367816092,0.30412371134020616,,,824,717
122,122,4,1,14,1,4,0,286,732,336,18,-1,,0.06866303690260134,0.31829896907216493,,,622,750
123,123,5,1,14,1,4,1,286,732,28,18,93,PL,0.045372050816696916,0.31829896907216493,,,314,750
124,124,5,1,14,1,4,2,323,732,29,18,92,PT,0.05104355716878403,0.31829896907216493,,,352,750
125,125,5,1,14,1,4,3,360,732,58,18,92,RORS,0.058832425892317,0.31829896907216493,,,418,750
126,126,5,1,14,1,4,4,420,732,52,18,92,SE,0.06745311554748941,0.31829896907216493,,,472,750
127,127,5,1,14,1,4,5,480,732,20,18,95,SI,0.07410768300060495,0.31829896907216493,,,500,750
128,128,5,1,14,1,4,6,510,732,31,18,93,SK,0.0794767090139141,0.31829896907216493,,,541,750
129,129,5,1,14,1,4,7,550,732,72,18,90,SMTR,0.08862673926194797,0.31829896907216493,,,622,750
130,130,4,1,14,1,5,0,286,765,310,23,-1,,0.06669691470054447,0.3335481099656357,,,596,788
131,131,5,1,14,1,5,1,286,765,118,23,96,Designated,0.052177858439201454,0.3335481099656357,,,404,788
132,132,5,1,14,1,5,2,413,765,102,18,96,Extension,0.07017543859649122,0.3324742268041237,,,515,783
133,133,5,1,14,1,5,3,524,765,72,18,96,States:,0.08469449485783424,0.3324742268041237,,,596,783
134,134,4,1,14,1,6,0,286,797,74,19,-1,,0.04885057471264368,0.34643470790378006,,,360,816
135,135,5,1,14,1,6,1,286,797,33,19,96,BA,0.04575015124016939,0.34643470790378006,,,319,816
136,136,5,1,14,1,6,2,327,797,33,19,96,ME,0.05195099818511797,0.34643470790378006,,,360,816
137,137,4,1,14,1,7,0,286,830,310,23,-1,,0.06669691470054447,0.36146907216494845,,,596,853
138,138,5,1,14,1,7,1,286,830,118,23,96,Designated,0.052177858439201454,0.36146907216494845,,,404,853
139,139,5,1,14,1,7,2,411,830,104,18,96,Validation,0.07002419842710224,0.3603951890034364,,,515,848
140,140,5,1,14,1,7,3,524,830,72,18,96,States:,0.08469449485783424,0.3603951890034364,,,596,848
141,141,4,1,14,1,8,0,286,863,78,18,-1,,0.04915305505142166,0.3745704467353952,,,364,881
142,142,5,1,14,1,8,1,286,863,35,18,93,MA,0.04590139140955838,0.3745704467353952,,,321,881
143,143,5,1,14,1,8,2,330,863,34,18,93,MD,0.05248033877797943,0.3745704467353952,,,364,881
144,144,2,1,15,0,0,0,225,927,492,118,-1,,0.07123411978221415,0.42353951890034364,,,717,1045
145,145,3,1,15,1,0,0,225,927,492,118,-1,,0.07123411978221415,0.42353951890034364,,,717,1045
146,146,4,1,15,1,1,0,225,927,491,26,-1,,0.07115849969751967,0.40378006872852235,,,716,953
147,147,5,1,15,1,1,1,225,927,45,26,96,(30),0.037431941923774956,0.40378006872852235,,,270,953
148,148,5,1,15,1,1,2,286,929,77,23,95,Priority:,0.04907743496672716,0.40399484536082475,,,363,952
149,149,5,1,15,1,1,3,384,929,117,18,96,18.05.2016,0.06692377495462795,0.4029209621993127,priority_date_eu,18.05.2016,501,947
150,150,5,1,15,1,1,4,520,929,30,18,96,US,0.0809134906231095,0.4029209621993127,,,550,947
151,151,5,1,15,1,1,5,559,929,157,18,96,201615158080,0.09641560798548095,0.4029209621993127,,,716,947
152,152,4,1,15,1,2,0,385,961,331,19,-1,,0.08325771324863884,0.4168814432989691,,,716,980
153,153,5,1,15,1,2,1,385,961,116,19,96,18.05.2016,0.06699939503932244,0.4168814432989691,,,501,980
154,154,5,1,15,1,2,2,520,961,30,19,96,US,0.0809134906231095,0.4168814432989691,,,550,980
155,155,5,1,15,1,2,3,559,961,157,19,96,201615158063,0.09641560798548095,0.4168814432989691,,,716,980
156,156,4,1,15,1,3,0,385,994,331,18,-1,,0.08325771324863884,0.43084192439862545,,,716,1012
157,157,5,1,15,1,3,1,385,994,116,18,96,18.05.2016,0.06699939503932244,0.43084192439862545,,,501,1012
158,158,5,1,15,1,3,2,520,994,30,18,96,US,0.0809134906231095,0.43084192439862545,,,550,1012
159,159,5,1,15,1,3,3,559,994,157,18,96,201615158090,0.09641560798548095,0.43084192439862545,,,716,1012
160,160,4,1,15,1,4,0,384,1027,333,18,-1,,0.08325771324863884,0.44501718213058417,,,717,1045
161,161,5,1,15,1,4,1,384,1027,117,18,92,18.05.2016,0.06692377495462795,0.44501718213058417,,,501,1045
162,162,5,1,15,1,4,2,520,1027,30,18,95,US,0.0809134906231095,0.44501718213058417,,,550,1045
163,163,5,1,15,1,4,3,559,1027,158,18,96,201615158104,0.09649122807017543,0.44501718213058417,,,717,1045
164,164,2,1,16,0,0,0,225,1090,596,86,-1,,0.07909860859044163,0.48668384879725085,,,821,1176
165,165,3,1,16,1,0,0,225,1090,596,86,-1,,0.07909860859044163,0.48668384879725085,,,821,1176
166,166,4,1,16,1,1,0,225,1090,596,26,-1,,0.07909860859044163,0.4737972508591065,,,821,1116
167,167,5,1,16,1,1,1,225,1090,45,26,96,(62),0.037431941923774956,0.4737972508591065,,,270,1116
168,168,5,1,16,1,1,2,286,1092,107,18,96,Document,0.05134603750756201,0.4729381443298969,,,393,1110
169,169,5,1,16,1,1,3,402,1092,105,23,96,number(s),0.06873865698729582,0.4740120274914089,,,507,1115
170,170,5,1,16,1,1,4,516,1092,20,18,96,of,0.07955232909860858,0.4729381443298969,,,536,1110
171,171,5,1,16,1,1,5,542,1092,32,18,96,the,0.08439201451905626,0.4729381443298969,,,574,1110
172,172,5,1,16,1,1,6,583,1092,65,18,96,earlier,0.09308832425892317,0.4729381443298969,,,648,1110
173,173,5,1,16,1,1,7,655,1092,140,23,96,application(s),0.10964912280701754,0.4740120274914089,,,795,1115
174,174,5,1,16,1,1,8,805,1092,16,18,96,in,0.12295825771324864,0.4729381443298969,,,821,1110
175,175,4,1,16,1,2,0,286,1125,308,19,-1,,0.06654567453115548,0.48732817869415807,,,594,1144
176,176,5,1,16,1,2,1,286,1125,109,19,96,accordance,0.051497277676950996,0.48732817869415807,,,395,1144
177,177,5,1,16,1,2,2,395,1125,60,19,96,with,0.06427707199032062,0.48732817869415807,,,455,1144
178,178,5,1,16,1,2,3,464,1125,35,19,96,Art.,0.07282214156079855,0.48732817869415807,,,499,1144
179,179,5,1,16,1,2,4,508,1125,25,19,96,76,0.07872050816696914,0.48732817869415807,,,533,1144
180,180,5,1,16,1,2,5,542,1125,52,19,96,EPC:,0.08590441621294616,0.48732817869415807,,,594,1144
181,181,4,1,16,1,3,0,287,1158,249,18,-1,,0.06223532970356927,0.5012886597938144,,,536,1176
182,182,5,1,16,1,3,1,287,1158,120,18,86,17727045.1,0.05248033877797943,0.5012886597938144,,,407,1176
183,183,5,1,16,1,3,2,417,1158,7,18,49,|,0.06359649122807018,0.5012886597938144,,,424,1176
184,184,5,1,16,1,3,3,432,1158,11,18,80,3,0.066167574107683,0.5012886597938144,,,443,1176
185,185,5,1,16,1,3,4,452,1158,37,18,83,377,0.07115849969751967,0.5012886597938144,,,489,1176
186,186,5,1,16,1,3,5,498,1158,38,18,93,994,0.07819116757410768,0.5012886597938144,,,536,1176
187,187,2,1,17,0,0,0,844,614,4,665,-1,,0.1279491833030853,0.4065721649484536,,,848,1279
188,188,3,1,17,1,0,0,844,614,4,665,-1,,0.1279491833030853,0.4065721649484536,,,848,1279
189,189,4,1,17,1,1,0,844,614,4,665,-1,,0.1279491833030853,0.4065721649484536,,,848,1279
190,190,5,1,17,1,1,1,844,614,4,665,95, ,0.1279491833030853,0.4065721649484536,,,848,1279
191,191,2,1,18,0,0,0,862,631,363,58,-1,,0.15781911675741075,0.28350515463917525,,,1225,689
192,192,3,1,18,1,0,0,862,631,363,58,-1,,0.15781911675741075,0.28350515463917525,,,1225,689
193,193,4,1,18,1,1,0,862,631,363,27,-1,,0.15781911675741075,0.2768470790378007,,,1225,658
194,194,5,1,18,1,1,1,862,631,44,27,96,(71),0.1336963097398669,0.2768470790378007,,,906,658
195,195,5,1,18,1,1,2,921,633,103,23,92,Applicant:,0.1470810647307925,0.2768470790378007,,,1024,656
196,196,5,1,18,1,1,3,1034,633,49,19,92,Rovi,0.1600877192982456,0.2759879725085911,applicant_line_1,Rovi,1083,652
197,197,5,1,18,1,1,4,1092,633,79,19,96,"Guides,",0.17112825166364187,0.2759879725085911,applicant_line_1,"Guides,",1171,652
198,198,5,1,18,1,1,5,1174,633,51,22,96,Inc.,0.18141258318209316,0.2766323024054983,applicant_line_1,Inc.,1225,655
199,199,4,1,18,1,2,0,922,666,279,23,-1,,0.16054143980641258,0.29102233676975947,,,1201,689
200,200,5,1,18,1,2,1,922,666,41,18,96,San,0.1425438596491228,0.28994845360824745,,,963,684
201,201,5,1,18,1,2,2,972,666,59,22,96,"Jose,",0.1514670296430732,0.29080756013745707,,,1031,688
202,202,5,1,18,1,2,3,1040,666,33,18,96,CA,0.15978523895946764,0.28994845360824745,,,1073,684
203,203,5,1,18,1,2,4,1080,666,66,18,96,95002,0.16833030852994554,0.28994845360824745,,,1146,684
204,204,5,1,18,1,2,5,1154,666,47,23,96,(US),0.1780852994555354,0.29102233676975947,,,1201,689
205,205,2,1,19,0,0,0,862,730,437,156,-1,,0.16341500302480338,0.3470790378006873,,,1299,886
206,206,3,1,19,1,0,0,862,730,437,156,-1,,0.16341500302480338,0.3470790378006873,,,1299,886
207,207,4,1,19,1,1,0,862,730,162,26,-1,,0.1426194797338173,0.31915807560137455,,,1024,756
208,208,5,1,19,1,1,1,862,730,44,26,92,(72),0.1336963097398669,0.31915807560137455,,,906,756
209,209,5,1,19,1,1,2,923,732,101,18,92,Inventors:,0.1472323049001815,0.31829896907216493,,,1024,750
210,210,4,1,19,1,2,0,898,765,174,21,-1,,0.14897156684815488,0.3331185567010309,,,1072,786
211,211,5,1,19,1,2,1,898,770,7,8,26,¬´,0.13634301270417423,0.3324742268041237,,,905,778
212,212,5,1,19,1,2,2,923,765,81,21,96,"PATEL,",0.14571990320629158,0.3331185567010309,inventor_line_1,"PATEL,",1004,786
213,213,5,1,19,1,2,3,1014,765,58,18,96,Milan,0.15774349667271628,0.3324742268041237,inventor_line_1,Milan,1072,783
214,214,4,1,19,1,3,0,923,797,327,23,-1,,0.16432244404113733,0.3472938144329897,,,1250,820
215,215,5,1,19,1,3,1,923,797,100,22,96,"Houston,",0.147156684815487,0.3470790378006873,,,1023,819
216,216,5,1,19,1,3,2,1031,797,30,19,96,TX,0.15819721718088325,0.34643470790378006,,,1061,816
217,217,5,1,19,1,3,3,1069,797,123,19,95,77094-3331,0.17097701149425287,0.34643470790378006,,,1192,816
218,218,5,1,19,1,3,4,1204,797,46,23,96,(US),0.18557168784029038,0.3472938144329897,,,1250,820
219,219,4,1,19,1,4,0,898,830,191,22,-1,,0.1502571082879613,0.36125429553264604,,,1089,852
220,220,5,1,19,1,4,1,898,835,7,8,44,¬´,0.13634301270417423,0.3603951890034364,,,905,843
221,221,5,1,19,1,4,2,923,830,89,20,90,"KHALIQ,",0.14632486388384755,0.36082474226804123,,,1012,850
222,222,5,1,19,1,4,3,1014,830,75,22,96,Imran,0.1590290381125227,0.36125429553264604,,,1089,852
223,223,4,1,19,1,5,0,923,863,376,23,-1,,0.16802782819116757,0.3756443298969072,,,1299,886
224,224,5,1,19,1,5,1,923,863,66,18,96,Menlo,0.14458560193587416,0.3745704467353952,,,989,881
225,225,5,1,19,1,5,2,998,863,55,21,95,"Park,",0.15509679370840895,0.3752147766323024,,,1053,884
226,226,5,1,19,1,5,3,1063,863,108,18,96,California,0.16893526920750151,0.3745704467353952,,,1171,881
227,227,5,1,19,1,5,4,1179,863,65,18,96,94025,0.18322746521476105,0.3745704467353952,,,1244,881
228,228,5,1,19,1,5,5,1253,863,46,23,96,(US),0.19298245614035087,0.3756443298969072,,,1299,886
229,229,2,1,20,0,0,0,862,927,496,155,-1,,0.16787658802177857,0.43148625429553267,,,1358,1082
230,230,3,1,20,1,0,0,862,927,496,155,-1,,0.16787658802177857,0.43148625429553267,,,1358,1082
231,231,4,1,20,1,1,0,862,927,496,26,-1,,0.16787658802177857,0.40378006872852235,,,1358,953
232,232,5,1,20,1,1,1,862,927,44,26,96,(74),0.1336963097398669,0.40378006872852235,,,906,953
233,233,5,1,20,1,1,2,923,929,163,23,96,Representative:,0.15192075015124018,0.40399484536082475,,,1086,952
234,234,5,1,20,1,1,3,1096,929,75,22,96,"Pisani,",0.17143073200241984,0.40378006872852235,representative_line_1_eu,"Pisani,",1171,951
235,235,5,1,20,1,1,4,1180,929,63,18,96,Diana,0.18322746521476105,0.4029209621993127,representative_line_1_eu,Diana,1243,947
236,236,5,1,20,1,1,5,1251,929,38,18,96,Jean,0.19207501512401695,0.4029209621993127,representative_line_1_eu,Jean,1289,947
237,237,5,1,20,1,1,6,1292,929,40,18,93,et,0.1984271022383545,0.4029209621993127,representative_line_1_eu,et,1332,947
238,238,5,1,20,1,1,7,1339,929,19,18,93,al,0.20394736842105263,0.4029209621993127,representative_line_1_eu,al,1358,947
239,239,4,1,20,1,2,0,923,961,364,23,-1,,0.16712038717483363,0.4177405498281787,,,1287,984
240,240,5,1,20,1,2,1,923,961,62,23,93,Haley,0.1442831215970962,0.4177405498281787,,,985,984
241,241,5,1,20,1,2,2,992,961,94,19,92,Guiliano,0.1571385359951603,0.4168814432989691,,,1086,980
242,242,5,1,20,1,2,3,1095,961,140,19,96,International,0.17619479733817303,0.4168814432989691,,,1235,980
243,243,5,1,20,1,2,4,1245,961,42,19,96,LLP,0.19147005444646098,0.4168814432989691,,,1287,980
244,244,4,1,20,1,3,0,922,994,151,18,-1,,0.15086206896551724,0.43084192439862545,,,1073,1012
245,245,5,1,20,1,3,1,922,994,80,18,96,Central,0.1454930429522081,0.43084192439862545,,,1002,1012
246,246,5,1,20,1,3,2,1011,994,62,18,96,Court,0.15759225650332728,0.43084192439862545,,,1073,1012
247,247,4,1,20,1,4,0,922,1027,300,23,-1,,0.16212946158499697,0.44609106529209624,,,1222,1050
248,248,5,1,20,1,4,1,922,1027,24,18,96,25,0.1412583182093164,0.44501718213058417,,,946,1045
249,249,5,1,20,1,4,2,955,1027,151,23,96,Southampton,0.1558529945553539,0.44609106529209624,,,1106,1050
250,250,5,1,20,1,4,3,1116,1027,106,23,96,Buildings,0.17679975801572897,0.44609106529209624,,,1222,1050
251,251,4,1,20,1,5,0,923,1059,271,23,-1,,0.1600877192982456,0.45983676975945015,,,1194,1082
252,252,5,1,20,1,5,1,923,1059,84,19,92,London,0.14594676346037508,0.45897766323024053,,,1007,1078
253,253,5,1,20,1,5,2,1015,1059,52,19,88,WC2A,0.15744101633393828,0.45897766323024053,,,1067,1078
254,254,5,1,20,1,5,3,1069,1059,53,19,91,1AL,0.16568360556563824,0.45897766323024053,,,1122,1078
255,255,5,1,20,1,5,4,1124,1059,70,23,96,(GB),0.1752873563218391,0.45983676975945015,,,1194,1082
256,256,2,1,21,0,0,0,862,1125,99,19,-1,,0.13785541439806412,0.48732817869415807,,,961,1144
257,257,3,1,21,1,0,0,862,1125,99,19,-1,,0.13785541439806412,0.48732817869415807,,,961,1144
258,258,4,1,21,1,1,0,862,1125,99,19,-1,,0.13785541439806412,0.48732817869415807,,,961,1144
259,259,5,1,21,1,1,1,862,1125,99,19,96,Remarks:,0.13785541439806412,0.48732817869415807,,,961,1144
260,260,2,1,22,0,0,0,922,1158,522,84,-1,,0.17891712038717483,0.5154639175257731,,,1444,1242
261,261,3,1,22,1,0,0,922,1158,522,84,-1,,0.17891712038717483,0.5154639175257731,,,1444,1242
262,262,4,1,22,1,1,0,922,1158,477,23,-1,,0.17551421657592256,0.5023625429553265,,,1399,1181
263,263,5,1,22,1,1,1,922,1158,43,18,97,This,0.1426950998185118,0.5012886597938144,,,965,1176
264,264,5,1,22,1,1,2,974,1158,111,23,96,application,0.15570175438596492,0.5023625429553265,,,1085,1181
265,265,5,1,22,1,1,3,1093,1163,42,13,96,was,0.16848154869933454,0.5023625429553265,,,1135,1176
266,266,5,1,22,1,1,4,1142,1158,43,18,96,filed,0.17596793708408953,0.5012886597938144,,,1185,1176
267,267,5,1,22,1,1,5,1193,1163,25,13,95,on,0.1823200241984271,0.5023625429553265,,,1218,1176
268,268,5,1,22,1,1,6,1226,1158,121,18,96,29-06-2018,0.19457047791893528,0.5012886597938144,,,1347,1176
269,269,5,1,22,1,1,7,1355,1163,24,13,95,as,0.20674531155474893,0.5023625429553265,,,1379,1176
270,270,5,1,22,1,1,8,1387,1163,12,13,95,a,0.21067755595886267,0.5023625429553265,,,1399,1176
271,271,4,1,22,1,2,0,922,1191,522,23,-1,,0.17891712038717483,0.5165378006872853,,,1444,1214
272,272,5,1,22,1,2,1,922,1191,96,18,96,divisional,0.14670296430732002,0.5154639175257731,,,1018,1209
273,273,5,1,22,1,2,2,1027,1191,111,23,96,application,0.16371748336358136,0.5165378006872853,,,1138,1214
274,274,5,1,22,1,2,3,1147,1191,19,18,96,to,0.17490925589836662,0.5154639175257731,,,1166,1209
275,275,5,1,22,1,2,4,1174,1191,31,18,96,the,0.17990018148820328,0.5154639175257731,,,1205,1209
276,276,5,1,22,1,2,5,1214,1191,112,23,96,application,0.19207501512401695,0.5165378006872853,,,1326,1214
277,277,5,1,22,1,2,6,1336,1191,108,18,96,mentioned,0.2102238354506957,0.5154639175257731,,,1444,1209
278,278,4,1,22,1,3,0,923,1224,209,18,-1,,0.15539927404718692,0.529639175257732,,,1132,1242
279,279,5,1,22,1,3,1,923,1224,59,18,92,under,0.1440562613430127,0.529639175257732,,,982,1242
280,280,5,1,22,1,3,2,991,1224,45,18,88,INID,0.15328191167574107,0.529639175257732,,,1036,1242
281,281,5,1,22,1,3,3,1044,1224,50,18,96,code,0.16167574107683,0.529639175257732,,,1094,1242
282,282,5,1,22,1,3,4,1103,1224,29,18,96,62.,0.16901088929219601,0.529639175257732,,,1132,1242
283,283,2,1,23,0,0,0,224,1275,1243,6,-1,,0.1278735632183908,0.5489690721649485,,,1467,1281
284,284,3,1,23,1,0,0,224,1275,1243,6,-1,,0.1278735632183908,0.5489690721649485,,,1467,1281
285,285,4,1,23,1,1,0,224,1275,1243,6,-1,,0.1278735632183908,0.5489690721649485,,,1467,1281
286,286,5,1,23,1,1,1,224,1275,1243,6,95, ,0.1278735632183908,0.5489690721649485,,,1467,1281
287,287,2,1,24,0,0,0,225,1296,45,26,-1,,0.037431941923774956,0.5622852233676976,,,270,1322
288,288,3,1,24,1,0,0,225,1296,45,26,-1,,0.037431941923774956,0.5622852233676976,,,270,1322
289,289,4,1,24,1,1,0,225,1296,45,26,-1,,0.037431941923774956,0.5622852233676976,,,270,1322
290,290,5,1,24,1,1,1,225,1296,45,26,96,(54),0.037431941923774956,0.5622852233676976,,,270,1322
291,291,2,1,25,0,0,0,225,1370,583,419,-1,,0.07811554748941318,0.678479381443299,,,808,1789
292,292,3,1,25,1,0,0,225,1370,583,419,-1,,0.07811554748941318,0.678479381443299,,,808,1789
293,293,4,1,25,1,1,0,226,1370,582,27,-1,,0.07819116757410768,0.594286941580756,,,808,1397
294,294,5,1,25,1,1,1,226,1370,44,27,89,(57),0.03750756200846945,0.594286941580756,,,270,1397
295,295,5,1,25,1,1,2,316,1372,89,23,96,Systems,0.05452208106473079,0.594286941580756,,,405,1395
296,296,5,1,25,1,1,3,413,1372,38,19,96,and,0.06533575317604355,0.5934278350515464,,,451,1391
297,297,5,1,25,1,1,4,461,1372,89,19,96,methods,0.0764519056261343,0.5934278350515464,,,550,1391
298,298,5,1,25,1,1,5,558,1377,32,14,96,are,0.0868118572292801,0.5945017182130584,,,590,1391
299,299,5,1,25,1,1,6,598,1372,101,19,96,described,0.09807924984875983,0.5934278350515464,,,699,1391
300,300,5,1,25,1,1,7,709,1372,63,19,96,herein,0.11199334543254688,0.5934278350515464,,,772,1391
301,301,5,1,25,1,1,8,780,1372,28,19,96,for,0.12008469449485784,0.5934278350515464,,,808,1391
302,302,4,1,25,1,2,0,225,1405,582,23,-1,,0.0780399274047187,0.6084621993127147,,,807,1428
303,303,5,1,25,1,2,1,225,1410,11,13,96,a,0.034860859044162126,0.6084621993127147,,,236,1423
304,304,5,1,25,1,2,2,248,1405,62,18,96,media,0.04219600725952813,0.6073883161512027,,,310,1423
305,305,5,1,25,1,2,3,320,1405,96,23,96,guidance,0.05565638233514821,0.6084621993127147,,,416,1428
306,306,5,1,25,1,2,4,426,1405,111,23,96,application,0.07282214156079855,0.6084621993127147,,,537,1428
307,307,5,1,25,1,2,5,549,1405,39,18,96,that,0.08598003629764066,0.6073883161512027,,,588,1423
308,308,5,1,25,1,2,6,598,1405,135,18,96,recommends,0.10065033272837265,0.6073883161512027,,,733,1423
309,309,5,1,25,1,2,7,744,1405,63,18,96,media,0.11728675136116153,0.6073883161512027,,,807,1423
310,310,4,1,25,1,3,0,225,1438,582,23,-1,,0.0780399274047187,0.6226374570446735,,,807,1461
311,311,5,1,25,1,3,1,225,1438,77,18,96,content,0.03985178463399879,0.6215635738831615,,,302,1456
312,312,5,1,25,1,3,2,308,1438,19,18,96,to,0.04801875378100424,0.6215635738831615,,,327,1456
313,313,5,1,25,1,3,3,334,1442,12,14,96,a,0.0514216575922565,0.6224226804123711,,,346,1456
314,314,5,1,25,1,3,4,353,1442,45,14,96,user,0.05679068360556564,0.6224226804123711,,,398,1456
315,315,5,1,25,1,3,5,405,1438,62,18,96,based,0.06594071385359952,0.6215635738831615,,,467,1456
316,316,5,1,25,1,3,6,474,1442,25,14,95,on,0.0735783424077435,0.6224226804123711,,,499,1456
317,317,5,1,25,1,3,7,506,1438,31,18,96,the,0.07887174833635814,0.6215635738831615,,,537,1456
318,318,5,1,25,1,3,8,545,1438,63,18,96,media,0.08718995765275257,0.6215635738831615,,,608,1456
319,319,5,1,25,1,3,9,616,1438,68,18,96,content,0.09830611010284332,0.6215635738831615,,,684,1456
320,320,5,1,25,1,3,10,686,1438,64,23,96,likely,0.10859044162129462,0.6226374570446735,,,750,1461
321,321,5,1,25,1,3,11,756,1438,19,18,96,to,0.11577434966727163,0.6215635738831615,,,775,1456
322,322,5,1,25,1,3,12,783,1438,24,18,97,be,0.12023593466424683,0.6215635738831615,,,807,1456
323,323,4,1,25,1,4,0,225,1470,581,23,-1,,0.0779643073200242,0.6363831615120275,,,806,1493
324,324,5,1,25,1,4,1,225,1470,92,19,96,available,0.040986085904416214,0.6355240549828178,,,317,1489
325,325,5,1,25,1,4,2,322,1471,19,18,85,to,0.05013611615245009,0.6357388316151202,,,341,1489
326,326,5,1,25,1,4,3,346,1475,11,14,85,a,0.05316091954022988,0.6365979381443299,,,357,1489
327,327,5,1,25,1,4,4,364,1475,36,14,96,user,0.05777374470659407,0.6365979381443299,,,400,1489
328,328,5,1,25,1,4,5,402,1471,30,18,92,at,0.06306715063520871,0.6357388316151202,,,432,1489
329,329,5,1,25,1,4,6,437,1475,11,14,92,a,0.06692377495462795,0.6365979381443299,,,448,1489
330,330,5,1,25,1,4,7,454,1470,55,23,96,given,0.07282214156079855,0.6363831615120275,,,509,1493
331,331,5,1,25,1,4,8,515,1470,79,19,96,location,0.0838626739261948,0.6355240549828178,,,594,1489
332,332,5,1,25,1,4,9,600,1475,21,14,93,or,0.09233212341197822,0.6365979381443299,,,621,1489
333,333,5,1,25,1,4,10,625,1475,42,14,46,ona,0.09770114942528736,0.6365979381443299,,,667,1489
334,334,5,1,25,1,4,11,672,1470,55,23,46,given,0.10579249848759831,0.6363831615120275,,,727,1493
335,335,5,1,25,1,4,12,733,1470,73,19,92,device.,0.11637931034482758,0.6355240549828178,,,806,1489
336,336,4,1,25,1,5,0,225,1503,583,23,-1,,0.07811554748941318,0.6505584192439863,,,808,1526
337,337,5,1,25,1,5,1,225,1503,40,18,97,The,0.03705384150030248,0.6494845360824743,,,265,1521
338,338,5,1,25,1,5,2,274,1503,62,18,96,media,0.046128251663641866,0.6494845360824743,,,336,1521
339,339,5,1,25,1,5,3,344,1503,95,23,96,guidance,0.05921052631578947,0.6505584192439863,,,439,1526
340,340,5,1,25,1,5,4,447,1503,112,23,96,application,0.07607380520266183,0.6505584192439863,,,559,1526
341,341,5,1,25,1,5,5,568,1508,44,18,96,may,0.08923169993950393,0.6516323024054983,,,612,1526
342,342,5,1,25,1,5,6,619,1503,42,18,96,also,0.09679370840895342,0.6494845360824743,,,661,1521
343,343,5,1,25,1,5,7,669,1503,139,23,96,automatically,0.11169086509376891,0.6505584192439863,,,808,1526
344,344,4,1,25,1,6,0,225,1536,582,23,-1,,0.0780399274047187,0.664733676975945,,,807,1559
345,345,5,1,25,1,6,1,225,1536,91,18,96,determine,0.04091046581972172,0.663659793814433,,,316,1554
346,346,5,1,25,1,6,2,318,1536,50,18,96,the,0.051875378100423475,0.663659793814433,,,368,1554
347,347,5,1,25,1,6,3,376,1536,55,23,96,given,0.06102540834845735,0.664733676975945,,,431,1559
348,348,5,1,25,1,6,4,440,1536,79,18,96,location,0.07251966122202057,0.663659793814433,,,519,1554
349,349,5,1,25,1,6,5,527,1540,21,14,96,or,0.08129159104658197,0.6645189003436426,,,548,1554
350,350,5,1,25,1,6,6,554,1536,55,23,96,given,0.08794615849969752,0.664733676975945,,,609,1559
351,351,5,1,25,1,6,7,617,1536,68,18,96,device,0.0984573502722323,0.663659793814433,,,685,1554
352,352,5,1,25,1,6,8,693,1536,62,18,96,based,0.10949788263762855,0.663659793814433,,,755,1554
353,353,5,1,25,1,6,9,763,1540,24,14,86,on,0.11721113127646703,0.6645189003436426,,,787,1554
354,354,5,1,25,1,6,10,796,1540,11,14,86,a,0.12121899576527526,0.6645189003436426,,,807,1554
355,355,4,1,25,1,7,0,225,1569,582,23,-1,,0.0780399274047187,0.6789089347079038,,,807,1592
356,356,5,1,25,1,7,1,225,1574,65,13,95,current,0.03894434361766485,0.6789089347079038,,,290,1587
357,357,5,1,25,1,7,2,292,1569,112,23,96,trajectory,0.05263157894736842,0.6789089347079038,,,404,1592
358,358,5,1,25,1,7,3,412,1569,20,18,96,of,0.06382335148215366,0.6778350515463918,,,432,1587
359,359,5,1,25,1,7,4,440,1569,32,18,96,the,0.06896551724137931,0.6778350515463918,,,472,1587
360,360,5,1,25,1,7,5,482,1574,49,16,96,"user,",0.0766031457955233,0.679553264604811,,,531,1590
361,361,5,1,25,1,7,6,542,1569,37,18,96,and,0.08477011494252873,0.6778350515463918,,,579,1587
362,362,5,1,25,1,7,7,589,1569,124,18,96,recommend,0.0984573502722323,0.6778350515463918,,,713,1587
363,363,5,1,25,1,7,8,723,1574,11,13,95,a,0.11017846339987901,0.6789089347079038,,,734,1587
364,364,5,1,25,1,7,9,744,1569,63,18,95,media,0.11728675136116153,0.6778350515463918,,,807,1587
365,365,4,1,25,1,8,0,225,1602,582,18,-1,,0.0780399274047187,0.6920103092783505,,,807,1620
366,366,5,1,25,1,8,1,225,1602,56,18,96,asset,0.0382637628554144,0.6920103092783505,,,281,1620
367,367,5,1,25,1,8,2,289,1602,46,18,96,from,0.047186932849364795,0.6920103092783505,,,335,1620
368,368,5,1,25,1,8,3,346,1602,32,18,96,the,0.054748941318814276,0.6920103092783505,,,378,1620
369,369,5,1,25,1,8,4,389,1602,62,18,96,media,0.06352087114337568,0.6920103092783505,,,451,1620
370,370,5,1,25,1,8,5,461,1602,69,18,96,content,0.0749395039322444,0.6920103092783505,,,530,1620
371,371,5,1,25,1,8,6,533,1602,107,18,96,available,0.08870235934664247,0.6920103092783505,,,640,1620
372,372,5,1,25,1,8,7,650,1602,19,18,96,at,0.09974289171203872,0.6920103092783505,,,669,1620
373,373,5,1,25,1,8,8,678,1602,39,18,96,that,0.10549001814882032,0.6920103092783505,,,717,1620
374,374,5,1,25,1,8,9,727,1602,80,18,96,location,0.11600120992135511,0.6920103092783505,,,807,1620
375,375,4,1,25,1,9,0,225,1634,582,22,-1,,0.0780399274047187,0.7066151202749141,,,807,1656
376,376,5,1,25,1,9,1,225,1639,20,14,87,or,0.035541439806412584,0.7070446735395189,,,245,1653
377,377,5,1,25,1,9,2,251,1639,24,14,87,on,0.03977616454930429,0.7070446735395189,,,275,1653
378,378,5,1,25,1,9,3,283,1634,39,19,95,that,0.04575015124016939,0.7059707903780069,,,322,1653
379,379,5,1,25,1,9,4,328,1634,73,19,95,device.,0.055127041742286755,0.7059707903780069,,,401,1653
380,380,5,1,25,1,9,5,410,1634,99,19,96,"Moreover,",0.06949485783424078,0.7059707903780069,,,509,1653
381,381,5,1,25,1,9,6,510,1634,27,22,96,in,0.07917422867513611,0.7066151202749141,,,537,1656
382,382,5,1,25,1,9,7,545,1634,55,19,96,order,0.08658499697519662,0.7059707903780069,,,600,1653
383,383,5,1,25,1,9,8,606,1635,18,18,95,to,0.09301270417422867,0.7061855670103093,,,624,1653
384,384,5,1,25,1,9,9,631,1634,124,19,93,recommend,0.10480943738656988,0.7059707903780069,,,755,1653
385,385,5,1,25,1,9,10,763,1639,44,14,92,con-,0.11872353297035693,0.7070446735395189,,,807,1653
386,386,4,1,25,1,10,0,225,1667,583,23,-1,,0.07811554748941318,0.7210051546391752,,,808,1690
387,387,5,1,25,1,10,1,225,1668,39,17,96,tent,0.036978221415607984,0.7201460481099656,,,264,1685
388,388,5,1,25,1,10,2,272,1667,67,23,96,having,0.04620387174833636,0.7210051546391752,,,339,1690
389,389,5,1,25,1,10,3,348,1667,31,18,97,the,0.05497580157289776,0.7199312714776632,,,379,1685
390,390,5,1,25,1,10,4,387,1668,79,22,96,greatest,0.06450393224440411,0.7212199312714777,,,466,1690
391,391,5,1,25,1,10,5,467,1667,91,18,96,interest,0.07751058681185723,0.7199312714776632,,,558,1685
392,392,5,1,25,1,10,6,565,1668,18,17,96,to,0.0868118572292801,0.7201460481099656,,,583,1685
393,393,5,1,25,1,10,7,592,1672,11,13,96,a,0.09036600120992136,0.7210051546391752,,,603,1685
394,394,5,1,25,1,10,8,612,1672,45,13,96,user,0.09596188747731398,0.7210051546391752,,,657,1685
395,395,5,1,25,1,10,9,665,1668,19,17,96,at,0.10201149425287356,0.7201460481099656,,,684,1685
396,396,5,1,25,1,10,10,690,1672,12,13,96,a,0.10526315789473684,0.7210051546391752,,,702,1685
397,397,5,1,25,1,10,11,711,1667,97,23,96,particular,0.11486690865093768,0.7210051546391752,,,808,1690
398,398,4,1,25,1,11,0,225,1700,582,23,-1,,0.0780399274047187,0.7351804123711341,,,807,1723
399,399,5,1,25,1,11,1,225,1700,49,21,96,"time,",0.037734422262552934,0.7347508591065293,,,274,1721
400,400,5,1,25,1,11,2,284,1700,32,18,96,the,0.045372050816696916,0.7341065292096219,,,316,1718
401,401,5,1,25,1,11,3,325,1700,63,18,96,media,0.05391712038717483,0.7341065292096219,,,388,1718
402,402,5,1,25,1,11,4,397,1700,95,23,96,guidance,0.06722625529340592,0.7351804123711341,,,492,1723
403,403,5,1,25,1,11,5,501,1700,112,23,96,application,0.08424077434966727,0.7351804123711341,,,613,1723
404,404,5,1,25,1,11,6,624,1700,61,18,96,bases,0.09898669086509376,0.7341065292096219,,,685,1718
405,405,5,1,25,1,11,7,693,1700,33,18,93,the,0.10730490018148821,0.7341065292096219,,,726,1718
406,406,5,1,25,1,11,8,735,1704,72,14,92,recom-,0.11660617059891107,0.7349656357388317,,,807,1718
407,407,4,1,25,1,12,0,226,1732,581,23,-1,,0.07811554748941318,0.748926116838488,,,807,1755
408,408,5,1,25,1,12,1,226,1732,108,19,95,mendations,0.04234724742891712,0.7480670103092784,,,334,1751
409,409,5,1,25,1,12,2,337,1732,28,19,95,it,0.05308529945553539,0.7480670103092784,,,365,1751
410,410,5,1,25,1,12,3,371,1732,15,19,95,is,0.057244404113732605,0.7480670103092784,,,386,1751
411,411,5,1,25,1,12,4,394,1732,93,23,96,providing,0.06662129461584997,0.748926116838488,,,487,1755
412,412,5,1,25,1,12,5,494,1737,25,14,96,on,0.0766031457955233,0.7491408934707904,,,519,1751
413,413,5,1,25,1,12,6,527,1733,69,18,96,content,0.08492135511191773,0.7482817869415808,,,596,1751
414,414,5,1,25,1,12,7,598,1732,94,23,96,recently,0.09754990925589836,0.748926116838488,,,692,1755
415,415,5,1,25,1,12,8,699,1732,108,19,96,consumed,0.11388384754990925,0.7480670103092784,,,807,1751
416,416,4,1,25,1,13,0,226,1766,295,23,-1,,0.05648820326678766,0.7635309278350515,,,521,1789
417,417,5,1,25,1,13,1,226,1766,23,23,96,by,0.035919540229885055,0.7635309278350515,,,249,1789
418,418,5,1,25,1,13,2,257,1766,31,18,96,the,0.0412129461584997,0.7624570446735395,,,288,1784
419,419,5,1,25,1,13,3,297,1770,36,14,95,user,0.04764065335753176,0.7633161512027491,,,333,1784
420,420,5,1,25,1,13,4,336,1770,38,14,95,on,0.05369026013309135,0.7633161512027491,,,374,1784
421,421,5,1,25,1,13,5,0,0,1653,2328,95,a,0.125,0.5,,,1653,2328
422,422,5,1,25,1,13,6,383,1766,58,18,96,first,0.062310949788263764,0.7624570446735395,,,441,1784
423,423,5,1,25,1,13,7,448,1766,73,18,96,device.,0.07327586206896551,0.7624570446735395,,,521,1784
424,424,2,1,26,0,0,0,316,1296,1033,21,-1,,0.12590744101633394,0.5612113402061856,,,1349,1317
425,425,3,1,26,1,0,0,316,1296,1033,21,-1,,0.12590744101633394,0.5612113402061856,,,1349,1317
426,426,4,1,26,1,1,0,316,1296,1033,21,-1,,0.12590744101633394,0.5612113402061856,,,1349,1317
427,427,5,1,26,1,1,1,316,1296,221,21,96,RECOMMENDING,0.06450393224440411,0.5612113402061856,title_line_1,RECOMMENDING,537,1317
428,428,5,1,26,1,1,2,548,1296,83,20,96,MEDIA,0.08915607985480943,0.5609965635738832,title_line_1,MEDIA,631,1316
429,429,5,1,26,1,1,3,640,1296,109,21,96,CONTENT,0.10503629764065336,0.5612113402061856,title_line_1,CONTENT,749,1317
430,430,5,1,26,1,1,4,752,1296,95,21,96,BASED,0.12091651542649728,0.5612113402061856,title_line_1,BASED,847,1317
431,431,5,1,26,1,1,5,850,1296,63,21,96,ON,0.13331820931639443,0.5612113402061856,title_line_1,ON,913,1317
432,432,5,1,26,1,1,6,923,1296,51,20,96,THE,0.14345130066545675,0.5609965635738832,title_line_1,THE,974,1316
433,433,5,1,26,1,1,7,984,1296,178,21,96,TRAJECTORY,0.16228070175438597,0.5612113402061856,title_line_1,TRAJECTORY,1162,1317
434,434,5,1,26,1,1,8,1172,1296,34,21,96,OF,0.17982456140350878,0.5612113402061856,title_line_1,OF,1206,1317
435,435,5,1,26,1,1,9,1215,1296,51,20,96,THE,0.18761343012704174,0.5609965635738832,title_line_1,THE,1266,1316
436,436,5,1,26,1,1,10,1277,1296,72,21,96,USER,0.1985783424077435,0.5612113402061856,title_line_1,USER,1349,1317
437,437,2,1,27,0,0,0,887,1434,27,13,-1,,0.13619177253478523,0.6187714776632303,,,914,1447
438,438,3,1,27,1,0,0,887,1434,27,13,-1,,0.13619177253478523,0.6187714776632303,,,914,1447
439,439,4,1,27,1,1,0,887,1434,27,13,-1,,0.13619177253478523,0.6187714776632303,,,914,1447
440,440,5,1,27,1,1,1,887,1434,27,13,76,802,0.13619177253478523,0.6187714776632303,,,914,1447
441,441,2,1,28,0,0,0,934,1458,485,41,-1,,0.1779340592861464,0.635094501718213,,,1419,1499
442,442,3,1,28,1,0,0,934,1458,485,41,-1,,0.1779340592861464,0.635094501718213,,,1419,1499
443,443,4,1,28,1,1,0,934,1458,485,20,-1,,0.1779340592861464,0.6305841924398625,,,1419,1478
444,444,5,1,28,1,1,1,934,1458,91,16,96,Determine,0.14813974591651544,0.6297250859106529,,,1025,1474
445,445,5,1,28,1,1,2,1032,1458,34,16,96,that,0.15865093768905023,0.6297250859106529,,,1066,1474
446,446,5,1,28,1,1,3,1072,1462,9,12,96,a,0.16281004234724744,0.6305841924398625,,,1081,1474
447,447,5,1,28,1,1,4,1089,1458,42,16,96,User,0.16787658802177857,0.6297250859106529,,,1131,1474
448,448,5,1,28,1,1,5,1137,1458,31,16,96,has,0.17430429522081065,0.6297250859106529,,,1168,1474
449,449,5,1,28,1,1,6,1175,1458,73,20,96,Stopped,0.18322746521476105,0.6305841924398625,,,1248,1478
450,450,5,1,28,1,1,7,1256,1458,89,16,96,Consuming,0.19668784029038114,0.6297250859106529,,,1345,1474
451,451,5,1,28,1,1,8,1346,1462,10,16,96,a,0.2043254688445251,0.6314432989690721,,,1356,1478
452,452,5,1,28,1,1,9,1364,1458,55,16,96,First,0.2104506957047792,0.6297250859106529,,,1419,1474
453,453,4,1,28,1,2,0,1043,1483,266,16,-1,,0.17785843920145192,0.6404639175257731,,,1309,1499
454,454,5,1,28,1,2,1,1043,1483,52,16,96,Media,0.16167574107683,0.6404639175257731,,,1095,1499
455,455,5,1,28,1,2,2,1102,1483,50,16,95,Asset,0.1704476709013914,0.6404639175257731,,,1152,1499
456,456,5,1,28,1,2,3,1159,1487,21,12,95,on,0.17687537810042347,0.6413230240549829,,,1180,1499
457,457,5,1,28,1,2,4,1187,1487,10,12,96,a,0.18027828191167575,0.6413230240549829,,,1197,1499
458,458,5,1,28,1,2,5,1204,1483,38,16,96,First,0.18496672716273443,0.6404639175257731,,,1242,1499
459,459,5,1,28,1,2,6,1249,1483,60,16,96,Device,0.19343617664851784,0.6404639175257731,,,1309,1499
460,460,2,1,29,0,0,0,884,1448,583,89,-1,,0.17778281911675742,0.6411082474226805,,,1467,1537
461,461,3,1,29,1,0,0,884,1448,583,89,-1,,0.17778281911675742,0.6411082474226805,,,1467,1537
462,462,4,1,29,1,1,0,884,1448,583,89,-1,,0.17778281911675742,0.6411082474226805,,,1467,1537
463,463,5,1,29,1,1,1,884,1448,583,89,95, ,0.17778281911675742,0.6411082474226805,,,1467,1537
464,464,2,1,30,0,0,0,887,1540,27,14,-1,,0.13619177253478523,0.6645189003436426,,,914,1554
465,465,3,1,30,1,0,0,887,1540,27,14,-1,,0.13619177253478523,0.6645189003436426,,,914,1554
466,466,4,1,30,1,1,0,887,1540,27,14,-1,,0.13619177253478523,0.6645189003436426,,,914,1554
467,467,5,1,30,1,1,1,887,1540,27,14,70,804,0.13619177253478523,0.6645189003436426,,,914,1554
468,468,2,1,31,0,0,0,888,1554,579,140,-1,,0.1780852994555354,0.697594501718213,,,1467,1694
469,469,3,1,31,1,0,0,888,1554,579,140,-1,,0.1780852994555354,0.697594501718213,,,1467,1694
470,470,4,1,31,1,1,0,1455,1554,12,45,-1,,0.22096188747731396,0.6771907216494846,,,1467,1599
471,471,5,1,31,1,1,1,1455,1554,12,45,95,  ,0.22096188747731396,0.6771907216494846,,,1467,1599
472,472,4,1,31,1,2,0,888,1599,579,95,-1,,0.1780852994555354,0.7072594501718213,,,1467,1694
473,473,5,1,31,1,2,1,888,1624,125,19,95, ,0.14375378100423472,0.7016752577319587,,,1013,1643
474,474,5,1,31,1,2,2,1166,1643,15,51,95, ,0.17748033877797942,0.7167096219931272,,,1181,1694
475,475,5,1,31,1,2,3,1338,1599,129,44,95,  ,0.2121143375680581,0.6963058419243986,,,1467,1643
476,476,2,1,32,0,0,0,886,1557,573,4,-1,,0.17732909860859045,0.6696735395189003,,,1459,1561
477,477,3,1,32,1,0,0,886,1557,573,4,-1,,0.17732909860859045,0.6696735395189003,,,1459,1561
478,478,4,1,32,1,1,0,886,1557,573,4,-1,,0.17732909860859045,0.6696735395189003,,,1459,1561
479,479,5,1,32,1,1,1,886,1557,573,4,95, ,0.17732909860859045,0.6696735395189003,,,1459,1561
480,480,2,1,33,0,0,0,931,1568,488,67,-1,,0.17770719903206292,0.6879295532646048,,,1419,1635
481,481,3,1,33,1,0,0,931,1568,488,67,-1,,0.17770719903206292,0.6879295532646048,,,1419,1635
482,482,4,1,33,1,1,0,931,1568,488,21,-1,,0.17770719903206292,0.6780498281786942,,,1419,1589
483,483,5,1,33,1,1,1,931,1568,14,16,91,In,0.14186327888687236,0.6769759450171822,,,945,1584
484,484,5,1,33,1,1,2,953,1568,89,21,96,Response,0.15086206896551724,0.6780498281786942,,,1042,1589
485,485,5,1,33,1,1,3,1048,1569,17,16,96,to,0.15978523895946764,0.677405498281787,,,1065,1585
486,486,5,1,33,1,1,4,1072,1568,106,21,96,Determining,0.17014519056261343,0.6780498281786942,,,1178,1589
487,487,5,1,33,1,1,5,1185,1568,34,17,96,that,0.18179068360556563,0.6771907216494846,,,1219,1585
488,488,5,1,33,1,1,6,1224,1568,28,17,96,the,0.18723532970356926,0.6771907216494846,,,1252,1585
489,489,5,1,33,1,1,7,1259,1568,42,17,96,User,0.19358741681790684,0.6771907216494846,,,1301,1585
490,490,5,1,33,1,1,8,1307,1569,31,16,96,has,0.2000151240169389,0.677405498281787,,,1338,1585
491,491,5,1,33,1,1,9,1346,1568,73,21,96,Stopped,0.20908953418027829,0.6780498281786942,,,1419,1589
492,492,4,1,33,1,2,0,936,1594,475,20,-1,,0.17748033877797942,0.6890034364261168,,,1411,1614
493,493,5,1,33,1,2,1,936,1594,101,20,96,Consuming,0.14919842710223835,0.6890034364261168,,,1037,1614
494,494,5,1,33,1,2,2,1044,1594,27,16,96,the,0.1599364791288566,0.6881443298969072,,,1071,1610
495,495,5,1,33,1,2,3,1079,1594,37,16,96,First,0.16598608590441621,0.6881443298969072,,,1116,1610
496,496,5,1,33,1,2,4,1123,1594,53,16,96,Media,0.17385057471264367,0.6881443298969072,,,1176,1610
497,497,5,1,33,1,2,5,1182,1594,51,16,96,Asset,0.18262250453720508,0.6881443298969072,,,1233,1610
498,498,5,1,33,1,2,6,1239,1598,10,12,96,on,0.1881427707199032,0.6890034364261168,,,1249,1610
499,499,5,1,33,1,2,7,1251,1594,43,16,96,the,0.19245311554748942,0.6881443298969072,,,1294,1610
500,500,5,1,33,1,2,8,1302,1594,38,16,96,First,0.1997882637628554,0.6881443298969072,,,1340,1610
501,501,5,1,33,1,2,9,1346,1594,65,18,96,"Device,",0.20848457350272231,0.688573883161512,,,1411,1612
502,502,4,1,33,1,3,0,1013,1619,325,16,-1,,0.17778281911675742,0.6988831615120275,,,1338,1635
503,503,5,1,33,1,3,1,1013,1619,95,16,96,Determining,0.16039019963702358,0.6988831615120275,,,1108,1635
504,504,5,1,33,1,3,2,1126,1623,10,12,96,a,0.17105263157894737,0.6997422680412371,,,1136,1635
505,505,5,1,33,1,3,3,1143,1619,72,16,95,Trajectory,0.17831215970961886,0.6988831615120275,,,1215,1635
506,506,5,1,33,1,3,4,1239,1619,17,16,96,of,0.18867211131276468,0.6988831615120275,,,1256,1635
507,507,5,1,33,1,3,5,1260,1619,28,16,95,the,0.1926799758015729,0.6988831615120275,,,1288,1635
508,508,5,1,33,1,3,6,1295,1619,43,16,95,User,0.19910768300060497,0.6988831615120275,,,1338,1635
509,509,2,1,34,0,0,0,887,1672,27,14,-1,,0.13619177253478523,0.7212199312714777,,,914,1686
510,510,3,1,34,1,0,0,887,1672,27,14,-1,,0.13619177253478523,0.7212199312714777,,,914,1686
511,511,4,1,34,1,1,0,887,1672,27,14,-1,,0.13619177253478523,0.7212199312714777,,,914,1686
512,512,5,1,34,1,1,1,887,1672,27,14,65,806:,0.13619177253478523,0.7212199312714777,,,914,1686
513,513,2,1,35,0,0,0,886,1689,573,4,-1,,0.17732909860859045,0.7263745704467354,,,1459,1693
514,514,3,1,35,1,0,0,886,1689,573,4,-1,,0.17732909860859045,0.7263745704467354,,,1459,1693
515,515,4,1,35,1,1,0,886,1689,573,4,-1,,0.17732909860859045,0.7263745704467354,,,1459,1693
516,516,5,1,35,1,1,1,886,1689,573,4,95, ,0.17732909860859045,0.7263745704467354,,,1459,1693
517,517,2,1,36,0,0,0,921,1717,507,20,-1,,0.17763157894736842,0.7418384879725086,,,1428,1737
518,518,3,1,36,1,0,0,921,1717,507,20,-1,,0.17763157894736842,0.7418384879725086,,,1428,1737
519,519,4,1,36,1,1,0,921,1717,507,20,-1,,0.17763157894736842,0.7418384879725086,,,1428,1737
520,520,5,1,36,1,1,1,921,1717,64,20,85,Identify,0.1441318814277072,0.7418384879725086,,,985,1737
521,521,5,1,36,1,1,2,991,1721,9,12,96,a,0.15055958862673927,0.7418384879725086,,,1000,1733
522,522,5,1,36,1,1,3,1007,1717,67,16,96,Second,0.1573653962492438,0.740979381443299,,,1074,1733
523,523,5,1,36,1,1,4,1082,1717,59,16,96,Device,0.16810344827586207,0.740979381443299,,,1141,1733
524,524,5,1,36,1,1,5,1148,1717,127,20,96,corresponding,0.18322746521476105,0.7418384879725086,,,1275,1737
525,525,5,1,36,1,1,6,1282,1718,16,15,96,to,0.19509981851179672,0.7411941580756014,,,1298,1733
526,526,5,1,36,1,1,7,1304,1717,27,16,96,the,0.19925892316999394,0.740979381443299,,,1331,1733
527,527,5,1,36,1,1,8,1338,1717,90,20,96,Trajectory,0.20916515426497279,0.7418384879725086,,,1428,1737
528,528,2,1,37,0,0,0,886,1821,573,4,-1,,0.17732909860859045,0.7830756013745704,,,1459,1825
529,529,3,1,37,1,0,0,886,1821,573,4,-1,,0.17732909860859045,0.7830756013745704,,,1459,1825
530,530,4,1,37,1,1,0,886,1821,573,4,-1,,0.17732909860859045,0.7830756013745704,,,1459,1825
531,531,5,1,37,1,1,1,886,1821,573,4,95, ,0.17732909860859045,0.7830756013745704,,,1459,1825
532,532,2,1,38,0,0,0,902,1827,528,43,-1,,0.176346037507562,0.7940292096219931,,,1430,1870
533,533,3,1,38,1,0,0,902,1827,528,43,-1,,0.176346037507562,0.7940292096219931,,,1430,1870
534,534,4,1,38,1,1,0,902,1827,528,21,-1,,0.176346037507562,0.7893041237113402,,,1430,1848
535,535,5,1,38,1,1,1,902,1828,91,16,96,Determine,0.14330006049606775,0.788659793814433,,,993,1844
536,536,5,1,38,1,1,2,1000,1832,10,12,93,a,0.15199637023593465,0.7895189003436426,,,1010,1844
537,537,5,1,38,1,1,3,1018,1828,70,20,92,Plurality,0.15925589836660617,0.7895189003436426,,,1088,1848
538,538,5,1,38,1,1,4,1094,1827,17,17,97,of,0.16674228675136116,0.7884450171821306,,,1111,1844
539,539,5,1,38,1,1,5,1117,1828,53,16,96,Media,0.17294313369630973,0.788659793814433,,,1170,1844
540,540,5,1,38,1,1,6,1177,1828,60,16,96,Assets,0.18254688445251058,0.788659793814433,,,1237,1844
541,541,5,1,38,1,1,7,1243,1828,81,16,96,Available,0.1941167574107683,0.788659793814433,,,1324,1844
542,542,5,1,38,1,1,8,1330,1829,17,15,96,to,0.20243496672716274,0.7888745704467354,,,1347,1844
543,543,5,1,38,1,1,9,1353,1828,28,16,96,the,0.20674531155474893,0.788659793814433,,,1381,1844
544,544,5,1,38,1,1,10,1388,1828,42,16,96,User,0.2130973986690865,0.788659793814433,,,1430,1844
545,545,4,1,38,1,2,0,1067,1853,196,17,-1,,0.17619479733817303,0.7996134020618557,,,1263,1870
546,546,5,1,38,1,2,1,1067,1857,20,13,96,on,0.1628856624319419,0.8004725085910653,,,1087,1870
547,547,5,1,38,1,2,2,1094,1853,28,17,96,the,0.1675741076830006,0.7996134020618557,,,1122,1870
548,548,5,1,38,1,2,3,1128,1853,67,17,96,Second,0.17566545674531156,0.7996134020618557,,,1195,1870
549,549,5,1,38,1,2,4,1204,1853,59,17,96,Device,0.18655474894131882,0.7996134020618557,,,1263,1870
550,550,2,1,39,0,0,0,883,1743,584,186,-1,,0.17770719903206292,0.788659793814433,,,1467,1929
551,551,3,1,39,1,0,0,883,1743,584,186,-1,,0.17770719903206292,0.788659793814433,,,1467,1929
552,552,4,1,39,1,1,0,883,1743,584,186,-1,,0.17770719903206292,0.788659793814433,,,1467,1929
553,553,5,1,39,1,1,1,883,1743,584,186,95, ,0.17770719903206292,0.788659793814433,,,1467,1929
554,554,2,1,40,0,0,0,886,1928,575,4,-1,,0.17748033877797942,0.8290378006872853,,,1461,1932
555,555,3,1,40,1,0,0,886,1928,575,4,-1,,0.17748033877797942,0.8290378006872853,,,1461,1932
556,556,4,1,40,1,1,0,886,1928,575,4,-1,,0.17748033877797942,0.8290378006872853,,,1461,1932
557,557,5,1,40,1,1,1,886,1928,575,4,95, ,0.17748033877797942,0.8290378006872853,,,1461,1932
558,558,2,1,41,0,0,0,965,1950,456,16,-1,,0.18042952208106472,0.8410652920962199,,,1421,1966
559,559,3,1,41,1,0,0,965,1950,456,16,-1,,0.18042952208106472,0.8410652920962199,,,1421,1966
560,560,4,1,41,1,1,0,965,1950,456,16,-1,,0.18042952208106472,0.8410652920962199,,,1421,1966
561,561,5,1,41,1,1,1,965,1951,92,15,95,Determine,0.1529038112522686,0.8412800687285223,,,1057,1966
562,562,5,1,41,1,1,2,1063,1955,10,11,95,a,0.16152450090744103,0.842139175257732,,,1073,1966
563,563,5,1,41,1,1,3,1080,1950,123,16,96,Characteristic,0.17264065335753176,0.8410652920962199,,,1203,1966
564,564,5,1,41,1,1,4,1209,1950,17,16,96,of,0.184134906231095,0.8410652920962199,,,1226,1966
565,565,5,1,41,1,1,5,1230,1951,28,15,96,the,0.1881427707199032,0.8412800687285223,,,1258,1966
566,566,5,1,41,1,1,6,1265,1951,39,15,96,First,0.19426799758015728,0.8412800687285223,,,1304,1966
567,567,5,1,41,1,1,7,1311,1951,52,15,96,Media,0.20220810647307924,0.8412800687285223,,,1363,1966
568,568,5,1,41,1,1,8,1370,1951,51,15,96,Asset,0.21105565638233514,0.8412800687285223,,,1421,1966
569,569,2,1,42,0,0,0,884,1979,583,12,-1,,0.17778281911675742,0.8526632302405498,,,1467,1991
570,570,3,1,42,1,0,0,884,1979,583,12,-1,,0.17778281911675742,0.8526632302405498,,,1467,1991
571,571,4,1,42,1,1,0,884,1979,583,12,-1,,0.17778281911675742,0.8526632302405498,,,1467,1991
572,572,5,1,42,1,1,1,884,1979,583,12,95, ,0.17778281911675742,0.8526632302405498,,,1467,1991
573,573,2,1,43,0,0,0,887,2019,27,13,-1,,0.13619177253478523,0.8700601374570447,,,914,2032
574,574,3,1,43,1,0,0,887,2019,27,13,-1,,0.13619177253478523,0.8700601374570447,,,914,2032
575,575,4,1,43,1,1,0,887,2019,27,13,-1,,0.13619177253478523,0.8700601374570447,,,914,2032
576,576,5,1,43,1,1,1,887,2019,27,13,72,812,0.13619177253478523,0.8700601374570447,,,914,2032
577,577,2,1,44,0,0,0,886,2035,575,4,-1,,0.17748033877797942,0.875,,,1461,2039
578,578,3,1,44,1,0,0,886,2035,575,4,-1,,0.17748033877797942,0.875,,,1461,2039
579,579,4,1,44,1,1,0,886,2035,575,4,-1,,0.17748033877797942,0.875,,,1461,2039
580,580,5,1,44,1,1,1,886,2035,575,4,95, ,0.17748033877797942,0.875,,,1461,2039
581,581,2,1,45,0,0,0,924,2043,528,67,-1,,0.17967332123411978,0.8919673539518901,,,1452,2110
582,582,3,1,45,1,0,0,924,2043,528,67,-1,,0.17967332123411978,0.8919673539518901,,,1452,2110
583,583,4,1,45,1,1,0,924,2043,528,21,-1,,0.17967332123411978,0.8820876288659794,,,1452,2064
584,584,5,1,45,1,1,1,924,2044,139,20,96,Recommending,0.1502571082879613,0.8823024054982818,,,1063,2064
585,585,5,1,45,1,1,2,1070,2048,10,12,96,a,0.16258318209316394,0.8823024054982818,,,1080,2060
586,586,5,1,45,1,1,3,1087,2043,66,17,96,Second,0.1693889897156685,0.8812285223367697,,,1153,2060
587,587,5,1,45,1,1,4,1161,2044,42,16,96,Media,0.17876588021778583,0.8814432989690721,,,1203,2060
588,588,5,1,45,1,1,5,1204,2044,60,16,96,Asset,0.18663036902601332,0.8814432989690721,,,1264,2060
589,589,5,1,45,1,1,6,1265,2043,51,17,96,from,0.19517543859649122,0.8812285223367697,,,1316,2060
590,590,5,1,45,1,1,7,1323,2044,27,16,93,the,0.20213248638838474,0.8814432989690721,,,1350,2060
591,591,5,1,45,1,1,8,1358,2044,70,20,92,Plurality,0.21067755595886267,0.8823024054982818,,,1428,2064
592,592,5,1,45,1,1,9,1434,2043,18,17,96,of,0.21823956442831216,0.8812285223367697,,,1452,2060
593,593,4,1,45,1,2,0,929,2069,515,16,-1,,0.1794464609800363,0.8921821305841925,,,1444,2085
594,594,5,1,45,1,2,1,929,2069,54,16,96,Media,0.14458560193587416,0.8921821305841925,,,983,2085
595,595,5,1,45,1,2,2,989,2069,61,16,96,Assets,0.154189352692075,0.8921821305841925,,,1050,2085
596,596,5,1,45,1,2,3,1055,2069,81,16,96,Available,0.16568360556563824,0.8921821305841925,,,1136,2085
597,597,5,1,45,1,2,4,1142,2070,17,15,96,to,0.17400181488203267,0.8923969072164949,,,1159,2085
598,598,5,1,45,1,2,5,1165,2069,27,16,95,the,0.1782365396249244,0.8921821305841925,,,1192,2085
599,599,5,1,45,1,2,6,1200,2069,42,16,95,User,0.18466424682395643,0.8921821305841925,,,1242,2085
600,600,5,1,45,1,2,7,1248,2073,20,12,96,on,0.19026013309134907,0.8930412371134021,,,1268,2085
601,601,5,1,45,1,2,8,1276,2069,27,16,96,the,0.19502419842710225,0.8921821305841925,,,1303,2085
602,602,5,1,45,1,2,9,1309,2069,67,16,96,Second,0.20303992740471868,0.8921821305841925,,,1376,2085
603,603,5,1,45,1,2,10,1384,2069,60,16,96,Device,0.21385359951603145,0.8921821305841925,,,1444,2085
604,604,4,1,45,1,3,0,1064,2094,246,16,-1,,0.1795220810647308,0.9029209621993127,,,1310,2110
605,605,5,1,45,1,3,1,1064,2095,54,15,96,Based,0.16500302480338777,0.9031357388316151,,,1118,2110
606,606,5,1,45,1,3,2,1126,2099,10,11,96,on,0.17105263157894737,0.9039948453608248,,,1136,2110
607,607,5,1,45,1,3,3,1137,2095,44,15,96,the,0.1752873563218391,0.9031357388316151,,,1181,2110
608,608,5,1,45,1,3,4,1188,2094,122,16,96,Characteristic,0.18889897156684815,0.9029209621993127,,,1310,2110
609,609,2,1,46,0,0,0,885,1451,4,666,-1,,0.13415003024803387,0.7663230240549829,,,889,2117
610,610,3,1,46,1,0,0,885,1451,4,666,-1,,0.13415003024803387,0.7663230240549829,,,889,2117
611,611,4,1,46,1,1,0,885,1451,4,666,-1,,0.13415003024803387,0.7663230240549829,,,889,2117
612,612,5,1,46,1,1,1,885,1451,4,666,95, ,0.13415003024803387,0.7663230240549829,,,889,2117
613,613,2,1,47,0,0,0,1145,2143,51,16,-1,,0.17702661826981247,0.9239690721649485,,,1196,2159
614,614,3,1,47,1,0,0,1145,2143,51,16,-1,,0.17702661826981247,0.9239690721649485,,,1196,2159
615,615,4,1,47,1,1,0,1145,2143,51,16,-1,,0.17702661826981247,0.9239690721649485,,,1196,2159
616,616,5,1,47,1,1,1,1145,2143,35,16,61,FIG.,0.17581669691470053,0.9239690721649485,,,1180,2159
617,617,5,1,47,1,1,2,1186,2143,10,16,61,8,0.18012704174228675,0.9239690721649485,,,1196,2159
618,618,2,1,48,0,0,0,716,2270,259,16,-1,,0.1278735632183908,0.9785223367697594,,,975,2286
619,619,3,1,48,1,0,0,716,2270,259,16,-1,,0.1278735632183908,0.9785223367697594,,,975,2286
620,620,4,1,48,1,1,0,716,2270,259,16,-1,,0.1278735632183908,0.9785223367697594,,,975,2286
621,621,5,1,48,1,1,1,716,2270,49,12,96,Printed,0.11199334543254688,0.9776632302405498,,,765,2282
622,622,5,1,48,1,1,2,771,2270,15,16,96,by,0.1177404718693285,0.9785223367697594,,,786,2286
623,623,5,1,48,1,1,3,792,2270,45,14,96,"Jouve,",0.12318511796733213,0.9780927835051546,,,837,2284
624,624,5,1,48,1,1,4,843,2270,41,12,96,75001,0.13059588626739263,0.9776632302405498,,,884,2282
625,625,5,1,48,1,1,5,893,2270,46,12,96,PARIS,0.1385359951603146,0.9776632302405498,,,939,2282
626,626,5,1,48,1,1,6,945,2270,30,16,95,(FR),0.14519056261343014,0.9785223367697594,,,975,2286
