,Unnamed: 0,level,page_num,block_num,par_num,line_num,word_num,left,top,width,height,conf,text,x,y,label,target,right,bottom
0,0,1,1,0,0,0,0,0,0,1653,2328,-1,,0.125,0.5,,,1653,2328
1,1,2,1,1,0,0,0,144,1905,31,328,-1,,0.02412280701754386,0.8887457044673539,,,175,2233
2,2,3,1,1,1,0,0,144,1905,31,328,-1,,0.02412280701754386,0.8887457044673539,,,175,2233
3,3,4,1,1,1,1,0,144,1905,31,328,-1,,0.02412280701754386,0.8887457044673539,,,175,2233
4,4,5,1,1,1,1,1,144,2179,30,54,95,EP,0.024047186932849365,0.947594501718213,,,174,2233
5,5,5,1,1,1,1,2,144,2142,31,21,95,3,0.02412280701754386,0.9246134020618557,,,175,2163
6,6,5,1,1,1,1,3,144,2055,31,71,95,386,0.02412280701754386,0.8979810996563574,,,175,2126
7,7,5,1,1,1,1,4,144,1967,31,71,89,154,0.02412280701754386,0.8601804123711341,,,175,2038
8,8,5,1,1,1,1,5,144,1905,30,50,89,A1,0.024047186932849365,0.8290378006872853,,,174,1955
9,9,2,1,2,0,0,0,429,153,88,28,-1,,0.07153660012099214,0.07173539518900343,,,517,181
10,10,3,1,2,1,0,0,429,153,88,28,-1,,0.07153660012099214,0.07173539518900343,,,517,181
11,11,4,1,2,1,1,0,429,153,88,16,-1,,0.07153660012099214,0.06915807560137457,,,517,169
12,12,5,1,2,1,1,1,429,153,88,16,84,Europaisches,0.07153660012099214,0.06915807560137457,,,517,169
13,13,4,1,2,1,2,0,429,170,71,11,-1,,0.07025105868118572,0.07538659793814433,,,500,181
14,14,5,1,2,1,2,1,429,170,71,11,96,Patentamt,0.07025105868118572,0.07538659793814433,,,500,181
15,15,2,1,3,0,0,0,429,196,63,15,-1,,0.06964609800362977,0.08741408934707903,,,492,211
16,16,3,1,3,1,0,0,429,196,63,15,-1,,0.06964609800362977,0.08741408934707903,,,492,211
17,17,4,1,3,1,1,0,429,196,63,15,-1,,0.06964609800362977,0.08741408934707903,,,492,211
18,18,5,1,3,1,1,1,429,196,63,15,95,European,0.06964609800362977,0.08741408934707903,,,492,211
19,19,2,1,4,0,0,0,429,212,89,12,-1,,0.07161222020568662,0.0936426116838488,,,518,224
20,20,3,1,4,1,0,0,429,212,89,12,-1,,0.07161222020568662,0.0936426116838488,,,518,224
21,21,4,1,4,1,1,0,429,212,89,12,-1,,0.07161222020568662,0.0936426116838488,,,518,224
22,22,5,1,4,1,1,1,429,213,43,11,97,Patent,0.06813369630973987,0.0938573883161512,,,472,224
23,23,5,1,4,1,1,2,478,212,40,12,96,Office,0.07531760435571688,0.0936426116838488,,,518,224
24,24,2,1,5,0,0,0,429,239,109,28,-1,,0.07312462189957653,0.10867697594501718,,,538,267
25,25,3,1,5,1,0,0,429,239,109,28,-1,,0.07312462189957653,0.10867697594501718,,,538,267
26,26,4,1,5,1,1,0,429,239,109,15,-1,,0.07312462189957653,0.10588487972508591,,,538,254
27,27,5,1,5,1,1,1,429,239,40,12,93,Office,0.06790683605565638,0.1052405498281787,,,469,251
28,28,5,1,5,1,1,2,474,239,64,15,93,europ√©en,0.0765275257108288,0.10588487972508591,,,538,254
29,29,4,1,5,1,2,0,429,255,77,12,-1,,0.0707047791893527,0.11211340206185567,,,506,267
30,30,5,1,5,1,2,1,429,255,22,12,95,des,0.06654567453115548,0.11211340206185567,,,451,267
31,31,5,1,5,1,2,2,457,255,49,12,82,brevets,0.07282214156079855,0.11211340206185567,,,506,267
32,32,2,1,6,0,0,0,281,136,274,150,-1,,0.06321839080459771,0.09063573883161512,,,555,286
33,33,3,1,6,1,0,0,281,136,274,150,-1,,0.06321839080459771,0.09063573883161512,,,555,286
34,34,4,1,6,1,1,0,281,136,274,150,-1,,0.06321839080459771,0.09063573883161512,,,555,286
35,35,5,1,6,1,1,1,281,136,274,150,95, ,0.06321839080459771,0.09063573883161512,,,555,286
36,36,2,1,7,0,0,0,225,324,45,26,-1,,0.037431941923774956,0.14475945017182132,,,270,350
37,37,3,1,7,1,0,0,225,324,45,26,-1,,0.037431941923774956,0.14475945017182132,,,270,350
38,38,4,1,7,1,1,0,225,324,45,26,-1,,0.037431941923774956,0.14475945017182132,,,270,350
39,39,5,1,7,1,1,1,225,324,45,26,96,(12),0.037431941923774956,0.14475945017182132,,,270,350
40,40,2,1,8,0,0,0,225,395,412,53,-1,,0.06518451300665457,0.18105670103092783,,,637,448
41,41,3,1,8,1,0,0,225,395,412,53,-1,,0.06518451300665457,0.18105670103092783,,,637,448
42,42,4,1,8,1,1,0,225,395,282,26,-1,,0.05535390199637023,0.17525773195876287,,,507,421
43,43,5,1,8,1,1,1,225,395,45,26,92,(43),0.037431941923774956,0.17525773195876287,,,270,421
44,44,5,1,8,1,1,2,285,397,222,23,90,Verdffentlichungstag:,0.05989110707803993,0.17547250859106528,,,507,420
45,45,4,1,8,1,2,0,287,430,350,18,-1,,0.06987295825771325,0.18857388316151202,,,637,448
46,46,5,1,8,1,2,1,287,430,116,18,91,10.10.2018,0.052177858439201454,0.18857388316151202,publication_date,10.10.2018,403,448
47,47,5,1,8,1,2,2,426,430,121,18,91,Patentblatt,0.0735783424077435,0.18857388316151202,,,547,448
48,48,5,1,8,1,2,3,555,430,82,18,96,2018/41,0.09013914095583787,0.18857388316151202,,,637,448
49,49,2,1,9,0,0,0,225,493,379,26,-1,,0.06268905021173624,0.21735395189003437,,,604,519
50,50,3,1,9,1,0,0,225,493,379,26,-1,,0.06268905021173624,0.21735395189003437,,,604,519
51,51,4,1,9,1,1,0,225,493,379,26,-1,,0.06268905021173624,0.21735395189003437,,,604,519
52,52,5,1,9,1,1,1,225,493,45,26,91,(21),0.037431941923774956,0.21735395189003437,,,270,519
53,53,5,1,9,1,1,2,285,495,186,18,91,Anmeldenummer:,0.05716878402903811,0.21649484536082475,,,471,513
54,54,5,1,9,1,1,3,481,495,123,18,92,18163297.7,0.08204779189352691,0.21649484536082475,application_number,18163297.7,604,513
55,55,2,1,10,0,0,0,225,559,319,26,-1,,0.05815184513006655,0.24570446735395188,,,544,585
56,56,3,1,10,1,0,0,225,559,319,26,-1,,0.05815184513006655,0.24570446735395188,,,544,585
57,57,4,1,10,1,1,0,225,559,319,26,-1,,0.05815184513006655,0.24570446735395188,,,544,585
58,58,5,1,10,1,1,1,225,559,45,26,93,(22),0.037431941923774956,0.24570446735395188,,,270,585
59,59,5,1,10,1,1,2,285,561,131,23,92,Anmeldetag:,0.0530096793708409,0.24591924398625428,,,416,584
60,60,5,1,10,1,1,3,426,561,118,18,96,22.03.2018,0.07335148215366001,0.24484536082474226,filing_date,22.03.2018,544,579
61,61,2,1,11,0,0,0,1002,245,458,38,-1,,0.18617664851784635,0.1134020618556701,,,1460,283
62,62,3,1,11,1,0,0,1002,245,458,38,-1,,0.18617664851784635,0.1134020618556701,,,1460,283
63,63,4,1,11,1,1,0,1002,245,458,38,-1,,0.18617664851784635,0.1134020618556701,,,1460,283
64,64,5,1,11,1,1,1,1002,256,44,27,74,(11),0.15486993345432548,0.11576460481099657,,,1046,283
65,65,5,1,11,1,1,2,1146,245,52,32,94,EP,0.17725347852389595,0.11211340206185567,number,EP,1198,277
66,66,5,1,11,1,1,3,1214,245,20,32,95,3,0.1851179673321234,0.11211340206185567,number,3,1234,277
67,67,5,1,11,1,1,4,1249,245,68,32,95,386,0.1940411373260738,0.11211340206185567,number,386,1317,277
68,68,5,1,11,1,1,5,1333,245,67,32,85,154,0.20666969147005446,0.11211340206185567,number,154,1400,277
69,69,5,1,11,1,1,6,1413,245,47,32,85,A1,0.21725650332728372,0.11211340206185567,number,A1,1460,277
70,70,2,1,12,0,0,0,559,314,573,31,-1,,0.1278735632183908,0.14153780068728522,,,1132,345
71,71,3,1,12,1,0,0,559,314,573,31,-1,,0.1278735632183908,0.14153780068728522,,,1132,345
72,72,4,1,12,1,1,0,559,314,573,31,-1,,0.1278735632183908,0.14153780068728522,,,1132,345
73,73,5,1,12,1,1,1,559,314,230,31,92,EUROPAISCHE,0.10193587416817906,0.14153780068728522,,,789,345
74,74,5,1,12,1,1,2,802,319,330,26,91,PATENTANMELDUNG,0.14624924379915305,0.14261168384879724,,,1132,345
75,75,2,1,13,0,0,0,862,395,256,81,-1,,0.14972776769509982,0.1870704467353952,,,1118,476
76,76,3,1,13,1,0,0,862,395,256,81,-1,,0.14972776769509982,0.1870704467353952,,,1118,476
77,77,4,1,13,1,1,0,862,395,126,26,-1,,0.13989715668481548,0.17525773195876287,,,988,421
78,78,5,1,13,1,1,1,862,395,44,26,67,(51),0.1336963097398669,0.17525773195876287,,,906,421
79,79,5,1,13,1,1,2,923,397,25,18,93,Int,0.1414851784633999,0.17439862542955326,,,948,415
80,80,5,1,13,1,1,3,955,397,33,18,65,Cl:,0.14692982456140352,0.17439862542955326,,,988,415
81,81,4,1,13,1,2,0,922,425,196,21,-1,,0.1542649727767695,0.1870704467353952,,,1118,446
82,82,5,1,13,1,2,1,922,428,57,18,70,HO4L,0.14375378100423472,0.1877147766323024,class_international,H04L,979,446
83,83,5,1,13,1,2,2,989,428,44,18,92,12/28,0.1529038112522686,0.1877147766323024,class_international,12/28,1033,446
84,84,5,1,13,1,2,3,1034,425,84,21,84,(2006.07),0.16273442226255294,0.1870704467353952,,,1118,446
85,85,4,1,13,1,3,0,922,455,196,21,-1,,0.1542649727767695,0.19995704467353953,,,1118,476
86,86,5,1,13,1,3,1,922,458,56,18,88,HO4L,0.14367816091954022,0.20060137457044674,,,978,476
87,87,5,1,13,1,3,2,987,458,46,18,93,29/06,0.15275257108287962,0.20060137457044674,,,1033,476
88,88,5,1,13,1,3,3,1034,455,84,21,78,(2006.07),0.16273442226255294,0.19995704467353953,,,1118,476
89,89,2,1,14,0,0,0,1193,425,204,51,-1,,0.1958560193587417,0.19351374570446736,,,1397,476
90,90,3,1,14,1,0,0,1193,425,204,51,-1,,0.1958560193587417,0.19351374570446736,,,1397,476
91,91,4,1,14,1,1,0,1193,425,197,21,-1,,0.19532667876588022,0.1870704467353952,,,1390,446
92,92,5,1,14,1,1,1,1193,428,57,18,44,HO4L,0.18473986690865093,0.1877147766323024,,,1250,446
93,93,5,1,14,1,1,2,1260,428,57,18,87,12/24,0.19487295825771325,0.1877147766323024,,,1317,446
94,94,5,1,14,1,1,3,1323,425,67,16,77,(2006.07),0.20515728977616454,0.18599656357388317,,,1390,441
95,95,4,1,14,1,2,0,1193,455,204,21,-1,,0.1958560193587417,0.19995704467353953,,,1397,476
96,96,5,1,14,1,2,1,1193,458,68,18,89,HO4W,0.18557168784029038,0.20060137457044674,,,1261,476
97,97,5,1,14,1,2,2,1268,458,57,18,76,12108,0.19608287961282517,0.20060137457044674,,,1325,476
98,98,5,1,14,1,2,3,1330,455,67,16,80,(2009.07),0.20621597096188748,0.19888316151202748,,,1397,471
99,99,2,1,15,0,0,0,224,611,1244,8,-1,,0.1279491833030853,0.26417525773195877,,,1468,619
100,100,3,1,15,1,0,0,224,611,1244,8,-1,,0.1279491833030853,0.26417525773195877,,,1468,619
101,101,4,1,15,1,1,0,224,611,1244,8,-1,,0.1279491833030853,0.26417525773195877,,,1468,619
102,102,5,1,15,1,1,1,224,611,1244,8,95, ,0.1279491833030853,0.26417525773195877,,,1468,619
103,103,2,1,16,0,0,0,225,631,599,250,-1,,0.07932546884452511,0.3247422680412371,,,824,881
104,104,3,1,16,1,0,0,225,631,599,250,-1,,0.07932546884452511,0.3247422680412371,,,824,881
105,105,4,1,16,1,1,0,225,631,342,27,-1,,0.05989110707803993,0.2768470790378007,,,567,658
106,106,5,1,16,1,1,1,225,631,45,27,93,(84),0.037431941923774956,0.2768470790378007,,,270,658
107,107,5,1,16,1,1,2,286,633,100,19,93,Benannte,0.050816696914700546,0.2759879725085911,,,386,652
108,108,5,1,16,1,1,3,393,633,174,23,92,Vertragsstaaten:,0.07259528130671507,0.2768470790378007,,,567,656
109,109,4,1,16,1,2,0,285,666,537,18,-1,,0.08371143375680581,0.28994845360824745,,,822,684
110,110,5,1,16,1,2,1,285,666,31,18,94,AL,0.04544767090139141,0.28994845360824745,,,316,684
111,111,5,1,16,1,2,2,323,666,31,18,94,AT,0.05119479733817302,0.28994845360824745,,,354,684
112,112,5,1,16,1,2,3,363,666,30,18,95,BE,0.05716878402903811,0.28994845360824745,,,393,684
113,113,5,1,16,1,2,4,403,666,32,18,95,BG,0.0633696309739867,0.28994845360824745,,,435,684
114,114,5,1,16,1,2,5,445,666,31,18,95,CH,0.06964609800362977,0.28994845360824745,,,476,684
115,115,5,1,16,1,2,6,486,666,32,18,96,CY,0.07592256503327284,0.28994845360824745,,,518,684
116,116,5,1,16,1,2,7,526,666,30,18,96,CZ,0.08182093163944344,0.28994845360824745,,,556,684
117,117,5,1,16,1,2,8,565,666,30,18,96,DE,0.08771929824561403,0.28994845360824745,,,595,684
118,118,5,1,16,1,2,9,605,666,32,18,93,DK,0.09392014519056262,0.28994845360824745,,,637,684
119,119,5,1,16,1,2,10,646,666,29,18,93,EE,0.0998941318814277,0.28994845360824745,,,675,684
120,120,5,1,16,1,2,11,684,666,29,18,93,ES,0.10564125831820932,0.28994845360824745,,,713,684
121,121,5,1,16,1,2,12,723,666,99,18,86,FIFRGB,0.11683303085299455,0.28994845360824745,,,822,684
122,122,4,1,16,1,3,0,285,699,539,18,-1,,0.0838626739261948,0.30412371134020616,,,824,717
123,123,5,1,16,1,3,1,285,699,35,18,94,GR,0.04575015124016939,0.30412371134020616,,,320,717
124,124,5,1,16,1,3,2,328,699,32,18,94,HR,0.05202661826981246,0.30412371134020616,,,360,717
125,125,5,1,16,1,3,3,368,699,14,18,41,HU,0.05671506352087114,0.30412371134020616,,,382,717
126,126,5,1,16,1,3,4,385,699,43,18,41,IE,0.06147912885662432,0.30412371134020616,,,428,717
127,127,5,1,16,1,3,5,436,699,20,18,47,IS,0.06745311554748941,0.30412371134020616,,,456,717
128,128,5,1,16,1,3,6,464,699,20,18,47,IT,0.07168784029038112,0.30412371134020616,,,484,717
129,129,5,1,16,1,3,7,492,699,54,18,83,LILT,0.07849364791288566,0.30412371134020616,,,546,717
130,130,5,1,16,1,3,8,554,699,28,18,75,LU,0.08590441621294616,0.30412371134020616,,,582,717
131,131,5,1,16,1,3,9,591,699,28,18,75,LV,0.09150030248033877,0.30412371134020616,,,619,717
132,132,5,1,16,1,3,10,627,699,35,18,95,MC,0.09747428917120388,0.30412371134020616,,,662,717
133,133,5,1,16,1,3,11,670,699,35,18,94,MK,0.10397761645493044,0.30412371134020616,,,705,717
134,134,5,1,16,1,3,12,713,699,32,18,93,MT,0.11025408348457351,0.30412371134020616,,,745,717
135,135,5,1,16,1,3,13,753,699,29,18,20,NL,0.11607683000604961,0.30412371134020616,,,782,717
136,136,5,1,16,1,3,14,791,699,33,18,20,NO,0.1221264367816092,0.30412371134020616,,,824,717
137,137,4,1,16,1,4,0,286,732,336,18,-1,,0.06866303690260134,0.31829896907216493,,,622,750
138,138,5,1,16,1,4,1,286,732,28,18,95,PL,0.045372050816696916,0.31829896907216493,,,314,750
139,139,5,1,16,1,4,2,323,732,29,18,92,PT,0.05104355716878403,0.31829896907216493,,,352,750
140,140,5,1,16,1,4,3,360,732,58,18,92,RORS,0.058832425892317,0.31829896907216493,,,418,750
141,141,5,1,16,1,4,4,420,732,52,18,96,SE,0.06745311554748941,0.31829896907216493,,,472,750
142,142,5,1,16,1,4,5,480,732,20,18,91,SI,0.07410768300060495,0.31829896907216493,,,500,750
143,143,5,1,16,1,4,6,510,732,31,18,91,SK,0.0794767090139141,0.31829896907216493,,,541,750
144,144,5,1,16,1,4,7,550,732,72,18,91,SMTR,0.08862673926194797,0.31829896907216493,,,622,750
145,145,4,1,16,1,5,0,286,765,330,23,-1,,0.06820931639443437,0.3335481099656357,,,616,788
146,146,5,1,16,1,5,1,286,765,100,18,92,Benannte,0.050816696914700546,0.3324742268041237,,,386,783
147,147,5,1,16,1,5,2,395,765,221,23,91,Erstreckungsstaaten:,0.0764519056261343,0.3335481099656357,,,616,788
148,148,4,1,16,1,6,0,286,797,74,19,-1,,0.04885057471264368,0.34643470790378006,,,360,816
149,149,5,1,16,1,6,1,286,797,33,19,96,BA,0.04575015124016939,0.34643470790378006,,,319,816
150,150,5,1,16,1,6,2,327,797,33,19,96,ME,0.05195099818511797,0.34643470790378006,,,360,816
151,151,4,1,16,1,7,0,286,830,322,23,-1,,0.06760435571687841,0.36146907216494845,,,608,853
152,152,5,1,16,1,7,1,286,830,100,18,92,Benannte,0.050816696914700546,0.3603951890034364,,,386,848
153,153,5,1,16,1,7,2,393,830,215,23,92,Validierungsstaaten:,0.07569570477918935,0.36146907216494845,,,608,853
154,154,4,1,16,1,8,0,286,863,157,18,-1,,0.055127041742286755,0.3745704467353952,,,443,881
155,155,5,1,16,1,8,1,286,863,31,18,95,KH,0.0455989110707804,0.3745704467353952,,,317,881
156,156,5,1,16,1,8,2,327,863,35,18,96,MA,0.052102238354506954,0.3745704467353952,,,362,881
157,157,5,1,16,1,8,3,371,863,34,18,95,MD,0.05868118572292801,0.3745704467353952,,,405,881
158,158,5,1,16,1,8,4,413,863,30,18,95,TN,0.0647307924984876,0.3745704467353952,,,443,881
159,159,2,1,17,0,0,0,225,927,491,26,-1,,0.07115849969751967,0.40378006872852235,,,716,953
160,160,3,1,17,1,0,0,225,927,491,26,-1,,0.07115849969751967,0.40378006872852235,,,716,953
161,161,4,1,17,1,1,0,225,927,491,26,-1,,0.07115849969751967,0.40378006872852235,,,716,953
162,162,5,1,17,1,1,1,225,927,45,26,91,(30),0.037431941923774956,0.40378006872852235,,,270,953
163,163,5,1,17,1,1,2,286,929,86,18,67,Prioritat:,0.04975801572897762,0.4029209621993127,,,372,947
164,164,5,1,17,1,1,3,383,929,118,18,93,03.04.2017,0.06684815486993345,0.4029209621993127,priority_date_eu,03.04.2017,501,947
165,165,5,1,17,1,1,4,520,929,30,18,93,DE,0.0809134906231095,0.4029209621993127,,,550,947
166,166,5,1,17,1,1,5,559,929,157,18,96,102017107088,0.09641560798548095,0.4029209621993127,,,716,947
167,167,2,1,18,0,0,0,844,614,4,402,-1,,0.1279491833030853,0.35008591065292094,,,848,1016
168,168,3,1,18,1,0,0,844,614,4,402,-1,,0.1279491833030853,0.35008591065292094,,,848,1016
169,169,4,1,18,1,1,0,844,614,4,402,-1,,0.1279491833030853,0.35008591065292094,,,848,1016
170,170,5,1,18,1,1,1,844,614,4,402,95, ,0.1279491833030853,0.35008591065292094,,,848,1016
171,171,2,1,19,0,0,0,862,631,559,58,-1,,0.17264065335753176,0.28350515463917525,,,1421,689
172,172,3,1,19,1,0,0,862,631,559,58,-1,,0.17264065335753176,0.28350515463917525,,,1421,689
173,173,4,1,19,1,1,0,862,631,559,27,-1,,0.17264065335753176,0.2768470790378007,,,1421,658
174,174,5,1,19,1,1,1,862,631,44,27,93,(71),0.1336963097398669,0.2768470790378007,,,906,658
175,175,5,1,19,1,1,2,921,633,107,19,92,Anmelder:,0.14738354506957047,0.2759879725085911,,,1028,652
176,176,5,1,19,1,1,3,1036,633,95,19,93,Vorwerk,0.16386872353297036,0.2759879725085911,applicant_line_1,Vorwerk,1131,652
177,177,5,1,19,1,1,4,1138,633,16,19,93,&,0.1733212341197822,0.2759879725085911,applicant_line_1,&,1154,652
178,178,5,1,19,1,1,5,1162,633,30,19,93,Co.,0.1780096793708409,0.2759879725085911,applicant_line_1,Co.,1192,652
179,179,5,1,19,1,1,6,1195,633,148,23,91,Interholding,0.19192377495462795,0.2768470790378007,applicant_line_1,Interholding,1343,656
180,180,5,1,19,1,1,7,1352,633,69,19,96,GmbH,0.20969449485783423,0.2759879725085911,applicant_line_1,GmbH,1421,652
181,181,4,1,19,1,2,0,922,666,243,23,-1,,0.15781911675741075,0.29102233676975947,,,1165,689
182,182,5,1,19,1,2,1,922,666,64,18,96,42275,0.1442831215970962,0.28994845360824745,,,986,684
183,183,5,1,19,1,2,2,994,666,116,23,95,Wuppertal,0.15910465819721717,0.29102233676975947,,,1110,689
184,184,5,1,19,1,2,3,1119,666,46,23,95,(DE),0.17271627344222626,0.29102233676975947,,,1165,689
185,185,2,1,20,0,0,0,862,730,312,58,-1,,0.15396249243799154,0.32603092783505155,,,1174,788
186,186,3,1,20,1,0,0,862,730,312,58,-1,,0.15396249243799154,0.32603092783505155,,,1174,788
187,187,4,1,20,1,1,0,862,730,312,26,-1,,0.15396249243799154,0.31915807560137455,,,1174,756
188,188,5,1,20,1,1,1,862,730,44,26,92,(72),0.1336963097398669,0.31915807560137455,,,906,756
189,189,5,1,20,1,1,2,923,732,86,18,92,Erfinder:,0.14609800362976408,0.31829896907216493,,,1009,750
190,190,5,1,20,1,1,3,1020,732,68,22,92,"Hillen,",0.15940713853599517,0.31915807560137455,inventor_line_1,"Hillen,",1088,754
191,191,5,1,20,1,1,4,1098,732,76,18,96,Lorenz,0.17180883242589232,0.31829896907216493,inventor_line_1,Lorenz,1174,750
192,192,4,1,20,1,2,0,922,765,243,23,-1,,0.15781911675741075,0.3335481099656357,,,1165,788
193,193,5,1,20,1,2,1,922,765,64,18,95,42287,0.1442831215970962,0.3324742268041237,,,986,783
194,194,5,1,20,1,2,2,994,765,116,23,95,Wuppertal,0.15910465819721717,0.3335481099656357,,,1110,788
195,195,5,1,20,1,2,3,1119,765,46,23,96,(DE),0.17271627344222626,0.3335481099656357,,,1165,788
196,196,2,1,21,0,0,0,862,828,395,156,-1,,0.1602389594676346,0.38917525773195877,,,1257,984
197,197,3,1,21,1,0,0,862,828,395,156,-1,,0.1602389594676346,0.38917525773195877,,,1257,984
198,198,4,1,21,1,1,0,862,828,362,26,-1,,0.15774349667271628,0.36125429553264604,,,1224,854
199,199,5,1,21,1,1,1,862,828,44,26,93,(74),0.1336963097398669,0.36125429553264604,,,906,854
200,200,5,1,21,1,1,2,921,830,97,18,92,Vertreter:,0.14662734422262552,0.3603951890034364,,,1018,848
201,201,5,1,21,1,1,3,1029,830,73,22,75,"Miller,",0.16114640048396855,0.36125429553264604,representative_line_1_eu,"M‚àö¬∫ller,",1102,852
202,202,5,1,21,1,1,4,1112,830,57,18,96,Enno,0.17248941318814276,0.3603951890034364,representative_line_1_eu,Enno,1169,848
203,203,5,1,21,1,1,5,1177,831,21,17,96,et,0.17959770114942528,0.3606099656357388,representative_line_1_eu,et,1198,848
204,204,5,1,21,1,1,6,1205,830,19,18,96,al,0.18368118572292802,0.3603951890034364,representative_line_1_eu,al,1224,848
205,205,4,1,21,1,2,0,923,863,245,18,-1,,0.15812159709618875,0.3745704467353952,,,1168,881
206,206,5,1,21,1,2,1,923,863,73,18,93,Rieder,0.14511494252873564,0.3745704467353952,,,996,881
207,207,5,1,21,1,2,2,1003,863,16,18,93,&,0.1529038112522686,0.3745704467353952,,,1019,881
208,208,5,1,21,1,2,3,1028,863,82,18,93,Partner,0.16167574107683,0.3745704467353952,,,1110,881
209,209,5,1,21,1,2,4,1117,863,51,18,92,mbB,0.17279189352692076,0.3745704467353952,,,1168,881
210,210,4,1,21,1,3,0,923,895,334,19,-1,,0.1648517846339988,0.38853092783505155,,,1257,914
211,211,5,1,21,1,3,1,923,895,158,19,89,Patentanwalte,0.1515426497277677,0.38853092783505155,,,1081,914
212,212,5,1,21,1,3,2,1089,905,6,4,93,-,0.16515426497277677,0.3896048109965636,,,1095,909
213,213,5,1,21,1,3,3,1105,895,152,19,95,Rechtsanwalt,0.17861464004839686,0.38853092783505155,,,1257,914
214,214,4,1,21,1,4,0,922,929,225,18,-1,,0.15645795523290987,0.4029209621993127,,,1147,947
215,215,5,1,21,1,4,1,922,929,192,18,92,Corneliusstrasse,0.15396249243799154,0.4029209621993127,,,1114,947
216,216,5,1,21,1,4,2,1122,929,25,18,96,45,0.17158197217180884,0.4029209621993127,,,1147,947
217,217,4,1,21,1,5,0,922,961,243,23,-1,,0.15781911675741075,0.4177405498281787,,,1165,984
218,218,5,1,21,1,5,1,922,961,64,19,96,42329,0.1442831215970962,0.4168814432989691,,,986,980
219,219,5,1,21,1,5,2,994,961,116,23,96,Wuppertal,0.15910465819721717,0.4177405498281787,,,1110,984
220,220,5,1,21,1,5,3,1119,961,46,23,96,(DE),0.17271627344222626,0.4177405498281787,,,1165,984
221,221,2,1,22,0,0,0,224,1012,1243,7,-1,,0.1278735632183908,0.43621134020618557,,,1467,1019
222,222,3,1,22,1,0,0,224,1012,1243,7,-1,,0.1278735632183908,0.43621134020618557,,,1467,1019
223,223,4,1,22,1,1,0,224,1012,1243,7,-1,,0.1278735632183908,0.43621134020618557,,,1467,1019
224,224,5,1,22,1,1,1,224,1012,1243,7,95, ,0.1278735632183908,0.43621134020618557,,,1467,1019
225,225,2,1,23,0,0,0,225,1033,306,53,-1,,0.05716878402903811,0.45511168384879724,,,531,1086
226,226,3,1,23,1,0,0,225,1033,306,53,-1,,0.05716878402903811,0.45511168384879724,,,531,1086
227,227,4,1,23,1,1,0,225,1033,45,27,-1,,0.037431941923774956,0.4495274914089347,,,270,1060
228,228,5,1,23,1,1,1,225,1033,45,27,92,(54),0.037431941923774956,0.4495274914089347,,,270,1060
229,229,4,1,23,1,2,0,316,1067,215,19,-1,,0.06405021173623715,0.46241408934707906,,,531,1086
230,230,5,1,23,1,2,1,316,1067,215,19,91,HEIMNETZWERK,0.06405021173623715,0.46241408934707906,,,531,1086
231,231,2,1,24,0,0,0,224,1140,584,288,-1,,0.0780399274047187,0.5515463917525774,,,808,1428
232,232,3,1,24,1,0,0,224,1140,584,288,-1,,0.0780399274047187,0.5515463917525774,,,808,1428
233,233,4,1,24,1,1,0,225,1140,582,26,-1,,0.0780399274047187,0.4952749140893471,,,807,1166
234,234,5,1,24,1,1,1,225,1140,45,26,91,(57),0.037431941923774956,0.4952749140893471,,,270,1166
235,235,5,1,24,1,1,2,316,1142,33,18,50,Die,0.05028735632183908,0.4944158075601375,,,349,1160
236,236,5,1,24,1,1,3,357,1142,85,18,88,Erfindung,0.06042044767090139,0.4944158075601375,,,442,1160
237,237,5,1,24,1,1,4,445,1142,84,23,56,betrifft,0.073653962492438,0.4954896907216495,,,529,1165
238,238,5,1,24,1,1,5,535,1142,29,18,94,ein,0.08310647307924984,0.4944158075601375,,,564,1160
239,239,5,1,24,1,1,6,571,1142,103,18,94,Verfahren,0.0941470054446461,0.4944158075601375,,,674,1160
240,240,5,1,24,1,1,7,681,1147,43,13,92,zum,0.10624621899576528,0.4954896907216495,,,724,1160
241,241,5,1,24,1,1,8,731,1142,76,18,92,Verbin-,0.1163036902601331,0.4944158075601375,,,807,1160
242,242,4,1,24,1,2,0,225,1175,582,24,-1,,0.0780399274047187,0.5098797250859106,,,807,1199
243,243,5,1,24,1,2,1,225,1175,38,19,96,den,0.03690260133091349,0.5088058419243986,,,263,1194
244,244,5,1,24,1,2,2,275,1175,56,19,93,eines,0.04582577132486389,0.5088058419243986,,,331,1194
245,245,5,1,24,1,2,3,344,1175,183,24,91,Haushaltsgerates,0.06586509376890502,0.5098797250859106,,,527,1199
246,246,5,1,24,1,2,4,540,1175,26,24,96,(1),0.08363581367211131,0.5098797250859106,,,566,1199
247,247,5,1,24,1,2,5,580,1175,30,19,96,mit,0.08998790078644887,0.5088058419243986,,,610,1194
248,248,5,1,24,1,2,6,621,1175,63,19,91,einem,0.09868421052631579,0.5088058419243986,,,684,1194
249,249,5,1,24,1,2,7,697,1175,110,19,93,drahtlosen,0.11373260738052027,0.5088058419243986,,,807,1194
250,250,4,1,24,1,3,0,226,1208,581,23,-1,,0.07811554748941318,0.523840206185567,,,807,1231
251,251,5,1,24,1,3,1,226,1208,137,19,90,Heimnetzwerk,0.04454022988505747,0.5229810996563574,,,363,1227
252,252,5,1,24,1,3,2,366,1208,47,23,93,"(2),",0.05890804597701149,0.523840206185567,,,413,1231
253,253,5,1,24,1,3,3,418,1208,62,19,93,wobei,0.06790683605565638,0.5229810996563574,,,480,1227
254,254,5,1,24,1,3,4,485,1208,38,19,91,das,0.07622504537205081,0.5229810996563574,,,523,1227
255,255,5,1,24,1,3,5,529,1208,159,23,85,Haushaltsgerat,0.09202964307320025,0.523840206185567,,,688,1231
256,256,5,1,24,1,3,6,693,1208,26,23,96,(1),0.10677555958862674,0.523840206185567,,,719,1231
257,257,5,1,24,1,3,7,725,1208,30,19,90,ein,0.1119177253478524,0.5229810996563574,,,755,1227
258,258,5,1,24,1,3,8,761,1209,46,18,92,tem-,0.11857229280096794,0.5231958762886598,,,807,1227
259,259,4,1,24,1,4,0,226,1241,581,23,-1,,0.07811554748941318,0.5380154639175257,,,807,1264
260,260,5,1,24,1,4,1,226,1242,78,22,91,porares,0.04007864488808228,0.5382302405498282,,,304,1264
261,261,5,1,24,1,4,2,313,1241,85,18,96,Netzwerk,0.05376588021778585,0.5369415807560137,,,398,1259
262,262,5,1,24,1,4,3,401,1241,43,23,97,(3),0.06389897156684815,0.5380154639175257,,,444,1264
263,263,5,1,24,1,4,4,454,1241,29,18,96,mit,0.07085601935874168,0.5369415807560137,,,483,1259
264,264,5,1,24,1,4,5,490,1241,53,18,93,einer,0.07811554748941318,0.5369415807560137,,,543,1259
265,265,5,1,24,1,4,6,550,1241,222,23,83,Hotspot-Identifikation,0.0999697519661222,0.5380154639175257,,,772,1264
266,266,5,1,24,1,4,7,780,1241,27,23,96,(4),0.12000907441016334,0.5380154639175257,,,807,1264
267,267,4,1,24,1,5,0,225,1274,583,23,-1,,0.07811554748941318,0.5521907216494846,,,808,1297
268,268,5,1,24,1,5,1,225,1278,33,14,93,zur,0.03652450090744102,0.5519759450171822,,,258,1292
269,269,5,1,24,1,5,2,264,1274,108,23,22,Verfligung,0.04809437386569873,0.5521907216494846,,,372,1297
270,270,5,1,24,1,5,3,381,1274,53,21,93,"stellt,",0.06163036902601331,0.5517611683848798,,,434,1295
271,271,5,1,24,1,5,4,441,1274,61,18,93,wobei,0.07130973986690865,0.5511168384879725,,,502,1292
272,272,5,1,24,1,5,5,511,1274,29,18,92,ein,0.0794767090139141,0.5511168384879725,,,540,1292
273,273,5,1,24,1,5,6,549,1274,163,23,80,Nutzerendgerat,0.09535692679975802,0.5521907216494846,,,712,1297
274,274,5,1,24,1,5,7,719,1274,27,23,96,(5),0.11078342407743497,0.5521907216494846,,,746,1297
275,275,5,1,24,1,5,8,755,1274,53,18,96,unter,0.11819419237749547,0.5511168384879725,,,808,1292
276,276,4,1,24,1,6,0,226,1306,581,23,-1,,0.07811554748941318,0.5659364261168385,,,807,1329
277,277,5,1,24,1,6,1,226,1306,86,23,96,Nutzung,0.040683605565638235,0.5659364261168385,,,312,1329
278,278,5,1,24,1,6,2,322,1306,33,19,93,der,0.05119479733817302,0.5650773195876289,,,355,1325
279,279,5,1,24,1,6,3,365,1306,221,23,66,Hotspot-Identifikation,0.07191470054446461,0.5659364261168385,,,586,1329
280,280,5,1,24,1,6,4,596,1306,27,23,96,(4),0.09218088324258923,0.5659364261168385,,,623,1329
281,281,5,1,24,1,6,5,633,1306,47,19,45,Uber,0.09928917120387175,0.5650773195876289,,,680,1325
282,282,5,1,24,1,6,6,688,1306,37,19,93,das,0.10685117967332124,0.5650773195876289,,,725,1325
283,283,5,1,24,1,6,7,734,1307,73,22,93,tempo-,0.11653055051421658,0.5661512027491409,,,807,1329
284,284,4,1,24,1,7,0,225,1339,582,23,-1,,0.0780399274047187,0.5801116838487973,,,807,1362
285,285,5,1,24,1,7,1,225,1340,41,17,96,rare,0.03712946158499698,0.5792525773195877,,,266,1357
286,286,5,1,24,1,7,2,273,1339,86,18,96,Netzwerk,0.04779189352692075,0.5790378006872853,,,359,1357
287,287,5,1,24,1,7,3,360,1339,43,23,96,(3),0.05769812462189958,0.5801116838487973,,,403,1362
288,288,5,1,24,1,7,4,411,1339,30,18,96,mit,0.06442831215970962,0.5790378006872853,,,441,1357
289,289,5,1,24,1,7,5,446,1339,44,18,93,dem,0.07078039927404718,0.5790378006872853,,,490,1357
290,290,5,1,24,1,7,6,498,1339,159,23,91,Haushaltsgerat,0.08734119782214156,0.5801116838487973,,,657,1362
291,291,5,1,24,1,7,7,663,1339,26,23,92,(1),0.10223835450695705,0.5801116838487973,,,689,1362
292,292,5,1,24,1,7,8,695,1339,112,18,92,verbunden,0.11358136721113128,0.5790378006872853,,,807,1357
293,293,4,1,24,1,8,0,224,1372,583,23,-1,,0.0779643073200242,0.594286941580756,,,807,1395
294,294,5,1,24,1,8,1,224,1372,49,22,92,"wird,",0.03758318209316394,0.5940721649484536,,,273,1394
295,295,5,1,24,1,8,2,283,1372,61,19,92,wobei,0.04741379310344827,0.5934278350515464,,,344,1391
296,296,5,1,24,1,8,3,354,1372,37,19,93,das,0.05633696309739867,0.5934278350515464,,,391,1391
297,297,5,1,24,1,8,4,402,1372,162,23,75,Nutzerendgerat,0.07304900181488204,0.594286941580756,,,564,1395
298,298,5,1,24,1,8,5,574,1372,27,23,92,(5),0.08885359951603146,0.594286941580756,,,601,1395
299,299,5,1,24,1,8,6,612,1372,195,23,91,Netzwerkzugangs-,0.10730490018148821,0.594286941580756,,,807,1395
300,300,4,1,24,1,9,0,226,1405,580,23,-1,,0.0780399274047187,0.6084621993127147,,,806,1428
301,301,5,1,24,1,9,1,226,1405,141,18,91,informationen,0.04484271022383545,0.6073883161512027,,,367,1423
302,302,5,1,24,1,9,2,374,1405,40,23,96,(16),0.05958862673926195,0.6084621993127147,,,414,1428
303,303,5,1,24,1,9,3,420,1410,24,13,96,an,0.06533575317604355,0.6084621993127147,,,444,1423
304,304,5,1,24,1,9,4,450,1405,37,18,93,das,0.07085601935874168,0.6073883161512027,,,487,1423
305,305,5,1,24,1,9,5,494,1405,151,23,92,Haushaltsgerat,0.08613127646702964,0.6084621993127147,,,645,1428
306,306,5,1,24,1,9,6,647,1405,38,23,93,(1),0.10072595281306715,0.6084621993127147,,,685,1428
307,307,5,1,24,1,9,7,691,1405,115,22,86,"Ubermittelt,",0.1132032667876588,0.6082474226804123,,,806,1427
308,308,2,1,25,0,0,0,549,1682,2,49,-1,,0.08318209316394434,0.7330326460481099,,,551,1731
309,309,3,1,25,1,0,0,549,1682,2,49,-1,,0.08318209316394434,0.7330326460481099,,,551,1731
310,310,4,1,25,1,1,0,549,1682,2,49,-1,,0.08318209316394434,0.7330326460481099,,,551,1731
311,311,5,1,25,1,1,1,549,1682,2,49,95, ,0.08318209316394434,0.7330326460481099,,,551,1731
312,312,2,1,26,0,0,0,693,1794,59,6,-1,,0.10927102238354507,0.7719072164948454,,,752,1800
313,313,3,1,26,1,0,0,693,1794,59,6,-1,,0.10927102238354507,0.7719072164948454,,,752,1800
314,314,4,1,26,1,1,0,693,1794,59,6,-1,,0.10927102238354507,0.7719072164948454,,,752,1800
315,315,5,1,26,1,1,1,693,1794,59,6,95, ,0.10927102238354507,0.7719072164948454,,,752,1800
316,316,2,1,27,0,0,0,695,1797,57,3,-1,,0.10942226255293407,0.7725515463917526,,,752,1800
317,317,3,1,27,1,0,0,695,1797,57,3,-1,,0.10942226255293407,0.7725515463917526,,,752,1800
318,318,4,1,27,1,1,0,695,1797,57,3,-1,,0.10942226255293407,0.7725515463917526,,,752,1800
319,319,5,1,27,1,1,1,695,1797,57,3,95, ,0.10942226255293407,0.7725515463917526,,,752,1800
320,320,2,1,28,0,0,0,694,1795,3,63,-1,,0.10518753781004235,0.7845790378006873,,,697,1858
321,321,3,1,28,1,0,0,694,1795,3,63,-1,,0.10518753781004235,0.7845790378006873,,,697,1858
322,322,4,1,28,1,1,0,694,1795,3,63,-1,,0.10518753781004235,0.7845790378006873,,,697,1858
323,323,5,1,28,1,1,1,694,1795,3,63,95, ,0.10518753781004235,0.7845790378006873,,,697,1858
324,324,2,1,29,0,0,0,695,1798,1,60,-1,,0.10518753781004235,0.7852233676975945,,,696,1858
325,325,3,1,29,1,0,0,695,1798,1,60,-1,,0.10518753781004235,0.7852233676975945,,,696,1858
326,326,4,1,29,1,1,0,695,1798,1,60,-1,,0.10518753781004235,0.7852233676975945,,,696,1858
327,327,5,1,29,1,1,1,695,1798,1,60,95, ,0.10518753781004235,0.7852233676975945,,,696,1858
328,328,2,1,30,0,0,0,693,1798,3,62,-1,,0.10503629764065336,0.7856529209621993,,,696,1860
329,329,3,1,30,1,0,0,693,1798,3,62,-1,,0.10503629764065336,0.7856529209621993,,,696,1860
330,330,4,1,30,1,1,0,693,1798,3,62,-1,,0.10503629764065336,0.7856529209621993,,,696,1860
331,331,5,1,30,1,1,1,693,1798,3,62,95, ,0.10503629764065336,0.7856529209621993,,,696,1860
332,332,2,1,31,0,0,0,752,1798,3,62,-1,,0.11395946763460375,0.7856529209621993,,,755,1860
333,333,3,1,31,1,0,0,752,1798,3,62,-1,,0.11395946763460375,0.7856529209621993,,,755,1860
334,334,4,1,31,1,1,0,752,1798,3,62,-1,,0.11395946763460375,0.7856529209621993,,,755,1860
335,335,5,1,31,1,1,1,752,1798,3,62,95, ,0.11395946763460375,0.7856529209621993,,,755,1860
336,336,2,1,32,0,0,0,695,1856,59,5,-1,,0.10957350272232305,0.7983247422680413,,,754,1861
337,337,3,1,32,1,0,0,695,1856,59,5,-1,,0.10957350272232305,0.7983247422680413,,,754,1861
338,338,4,1,32,1,1,0,695,1856,59,5,-1,,0.10957350272232305,0.7983247422680413,,,754,1861
339,339,5,1,32,1,1,1,695,1856,59,5,95, ,0.10957350272232305,0.7983247422680413,,,754,1861
340,340,2,1,33,0,0,0,305,1482,1078,698,-1,,0.12764670296430733,0.7865120274914089,,,1383,2180
341,341,3,1,33,1,0,0,305,1482,1078,698,-1,,0.12764670296430733,0.7865120274914089,,,1383,2180
342,342,4,1,33,1,1,0,305,1482,1078,698,-1,,0.12764670296430733,0.7865120274914089,,,1383,2180
343,343,5,1,33,1,1,1,305,1482,1078,698,95, ,0.12764670296430733,0.7865120274914089,,,1383,2180
344,344,2,1,34,0,0,0,315,1029,1114,25,-1,,0.13188142770719904,0.4473797250859107,,,1429,1054
345,345,3,1,34,1,0,0,315,1029,1114,25,-1,,0.13188142770719904,0.4473797250859107,,,1429,1054
346,346,4,1,34,1,1,0,315,1029,1114,25,-1,,0.13188142770719904,0.4473797250859107,,,1429,1054
347,347,5,1,34,1,1,1,315,1034,163,20,92,VERFAHREN,0.05996672716273442,0.4484536082474227,title_line_1,VERFAHREN,478,1054
348,348,5,1,34,1,1,2,487,1034,56,20,91,ZUM,0.0778886872353297,0.4484536082474227,title_line_1,ZUM,543,1054
349,349,5,1,34,1,1,3,552,1034,154,20,92,VERBINDEN,0.09513006654567453,0.4484536082474227,title_line_1,VERBINDEN,706,1054
350,350,5,1,34,1,1,4,718,1033,76,21,92,EINES,0.11433756805807622,0.4482388316151203,title_line_1,EINES,794,1054
351,351,5,1,34,1,1,5,805,1029,271,25,91,HAUSHALTSGERATES,0.14224137931034483,0.4473797250859107,title_line_1,HAUSHALTSGER‚àö√ëTES,1076,1054
352,352,5,1,34,1,1,6,1079,1033,69,21,96,MIT,0.16840592861464004,0.4482388316151203,title_line_1,MIT,1148,1054
353,353,5,1,34,1,1,7,1158,1034,80,20,92,EINEM,0.1811857229280097,0.4484536082474227,title_line_1,EINEM,1238,1054
354,354,5,1,34,1,1,8,1249,1033,180,21,91,DRAHTLOSEN,0.20251058681185724,0.4482388316151203,title_line_1,DRAHTLOSEN,1429,1054
355,355,2,1,35,0,0,0,883,1142,584,286,-1,,0.17770719903206292,0.5519759450171822,,,1467,1428
356,356,3,1,35,1,0,0,883,1142,584,286,-1,,0.17770719903206292,0.5519759450171822,,,1467,1428
357,357,4,1,35,1,1,0,885,1142,582,23,-1,,0.17785843920145192,0.4954896907216495,,,1467,1165
358,358,5,1,35,1,1,1,885,1142,36,18,93,und,0.1365698729582577,0.4944158075601375,,,921,1160
359,359,5,1,35,1,1,2,933,1142,62,18,92,wobei,0.14579552329098608,0.4944158075601375,,,995,1160
360,360,5,1,35,1,1,3,1006,1142,37,18,92,das,0.15494555353901995,0.4944158075601375,,,1043,1160
361,361,5,1,35,1,1,4,1056,1142,159,23,91,Haushaltsgerat,0.17173321234119782,0.4954896907216495,,,1215,1165
362,362,5,1,35,1,1,5,1226,1142,27,23,95,(1),0.18746218995765276,0.4954896907216495,,,1253,1165
363,363,5,1,35,1,1,6,1267,1142,48,18,93,nach,0.19525105868118572,0.4944158075601375,,,1315,1160
364,364,5,1,35,1,1,7,1329,1142,92,23,92,Empfang,0.20795523290986087,0.4954896907216495,,,1421,1165
365,365,5,1,35,1,1,8,1433,1142,34,18,96,der,0.21929824561403508,0.4944158075601375,,,1467,1160
366,366,4,1,35,1,2,0,885,1175,581,24,-1,,0.17778281911675742,0.5098797250859106,,,1466,1199
367,367,5,1,35,1,2,1,885,1175,331,24,91,Netzwerkzugangsinformationen,0.1588777979431337,0.5098797250859106,,,1216,1199
368,368,5,1,35,1,2,2,1239,1175,40,24,96,(16),0.19041137326073806,0.5098797250859106,,,1279,1199
369,369,5,1,35,1,2,3,1300,1175,37,19,71,das,0.19941016333938294,0.5088058419243986,,,1337,1194
370,370,5,1,35,1,2,4,1359,1176,107,23,14,temporare,0.21362673926194797,0.510094501718213,,,1466,1199
371,371,4,1,35,1,3,0,885,1208,581,23,-1,,0.17778281911675742,0.523840206185567,,,1466,1231
372,372,5,1,35,1,3,1,885,1208,98,19,96,Netzwerk,0.1412583182093164,0.5229810996563574,,,983,1227
373,373,5,1,35,1,3,2,991,1208,27,23,93,(3),0.15192075015124018,0.523840206185567,,,1018,1231
374,374,5,1,35,1,3,3,1027,1208,82,19,71,schlie&t,0.16152450090744103,0.5229810996563574,,,1109,1227
375,375,5,1,35,1,3,4,1118,1208,36,19,96,und,0.17180883242589232,0.5229810996563574,,,1154,1227
376,376,5,1,35,1,3,5,1164,1208,40,19,96,sich,0.17906836055656383,0.5229810996563574,,,1204,1227
377,377,5,1,35,1,3,6,1214,1209,53,18,96,unter,0.18761343012704174,0.5231958762886598,,,1267,1227
378,378,5,1,35,1,3,7,1276,1208,86,23,96,Nutzung,0.19948578342407744,0.523840206185567,,,1362,1231
379,379,5,1,35,1,3,8,1371,1208,34,19,93,der,0.20992135511191773,0.5229810996563574,,,1405,1227
380,380,5,1,35,1,3,9,1413,1213,53,18,93,emp-,0.2177102238354507,0.5249140893470791,,,1466,1231
381,381,4,1,35,1,4,0,883,1241,582,23,-1,,0.17755595886267392,0.5380154639175257,,,1465,1264
382,382,5,1,35,1,4,1,883,1241,98,23,91,fangenen,0.14095583787053842,0.5380154639175257,,,981,1264
383,383,5,1,35,1,4,2,993,1241,331,23,91,Netzwerkzugangsinformationen,0.1752117362371446,0.5380154639175257,,,1324,1264
384,384,5,1,35,1,4,3,1336,1241,39,23,96,(16),0.20500604960677557,0.5380154639175257,,,1375,1264
385,385,5,1,35,1,4,4,1386,1246,25,13,94,an,0.21150937689050212,0.5380154639175257,,,1411,1259
386,386,5,1,35,1,4,5,1421,1241,44,18,94,dem,0.21823956442831216,0.5369415807560137,,,1465,1259
387,387,4,1,35,1,5,0,885,1274,580,23,-1,,0.17770719903206292,0.5521907216494846,,,1465,1297
388,388,5,1,35,1,5,1,885,1274,149,18,91,Heimnetzwerk,0.14511494252873564,0.5511168384879725,,,1034,1292
389,389,5,1,35,1,5,2,1040,1274,27,23,93,(2),0.15933151845130067,0.5521907216494846,,,1067,1297
390,390,5,1,35,1,5,3,1074,1274,102,18,91,anmeldet.,0.17014519056261343,0.5511168384879725,,,1176,1292
391,391,5,1,35,1,5,4,1183,1274,32,18,93,Als,0.18133696309739866,0.5511168384879725,,,1215,1292
392,392,5,1,35,1,5,5,1221,1274,131,18,93,Weiterbildung,0.19457047791893528,0.5511168384879725,,,1352,1292
393,393,5,1,35,1,5,6,1355,1274,45,23,95,fiir,0.20833333333333334,0.5521907216494846,,,1400,1297
394,394,5,1,35,1,5,7,1406,1274,30,18,92,die,0.2149122807017544,0.5511168384879725,,,1436,1292
395,395,5,1,35,1,5,8,1443,1274,22,18,92,im,0.21990320629159105,0.5511168384879725,,,1465,1292
396,396,4,1,35,1,6,0,885,1306,581,23,-1,,0.17778281911675742,0.5659364261168385,,,1466,1329
397,397,5,1,35,1,6,1,885,1306,59,19,96,Stand,0.1383091349062311,0.5650773195876289,,,944,1325
398,398,5,1,35,1,6,2,957,1306,35,19,96,der,0.14738354506957047,0.5650773195876289,,,992,1325
399,399,5,1,35,1,6,3,1003,1306,84,19,93,Technik,0.15804597701149425,0.5650773195876289,,,1087,1325
400,400,5,1,35,1,6,4,1100,1306,108,19,90,bekannten,0.17453115547489415,0.5650773195876289,,,1208,1325
401,401,5,1,35,1,6,5,1221,1306,110,22,96,"Verfahren,",0.19298245614035087,0.5657216494845361,,,1331,1328
402,402,5,1,35,1,6,6,1344,1306,42,19,93,wird,0.20644283121597096,0.5650773195876289,,,1386,1325
403,403,5,1,35,1,6,7,1400,1311,66,18,93,vorge-,0.21672716273442227,0.5670103092783505,,,1466,1329
404,404,4,1,35,1,7,0,884,1339,582,23,-1,,0.17770719903206292,0.5801116838487973,,,1466,1362
405,405,5,1,35,1,7,1,884,1339,99,23,91,"schlagen,",0.1411826981246219,0.5801116838487973,,,983,1362
406,406,5,1,35,1,7,2,991,1339,50,18,96,dass,0.15366001209921354,0.5790378006872853,,,1041,1357
407,407,5,1,35,1,7,3,1047,1339,31,18,93,die,0.16069267997580158,0.5790378006872853,,,1078,1357
408,408,5,1,35,1,7,4,1086,1339,221,23,64,Hotspot-Identifikation,0.1809588626739262,0.5801116838487973,,,1307,1362
409,409,5,1,35,1,7,5,1315,1339,27,23,96,(4),0.20092256503327283,0.5801116838487973,,,1342,1362
410,410,5,1,35,1,7,6,1349,1339,37,18,93,des,0.20682093163944343,0.5790378006872853,,,1386,1357
411,411,5,1,35,1,7,7,1393,1340,73,22,92,tempo-,0.2161978221415608,0.5803264604810997,,,1466,1362
412,412,4,1,35,1,8,0,885,1372,581,23,-1,,0.17778281911675742,0.594286941580756,,,1466,1395
413,413,5,1,35,1,8,1,885,1373,52,18,91,raren,0.13777979431336962,0.5936426116838488,,,937,1391
414,414,5,1,35,1,8,2,952,1372,122,19,91,Netzwerkes,0.1532062915910466,0.5934278350515464,,,1074,1391
415,415,5,1,35,1,8,3,1086,1372,27,23,93,(3),0.16628856624319419,0.594286941580756,,,1113,1395
416,416,5,1,35,1,8,4,1126,1372,72,23,88,zufallig,0.17574107683000606,0.594286941580756,,,1198,1395
417,417,5,1,35,1,8,5,1212,1372,67,19,92,mittels,0.18836963097398668,0.5934278350515464,,,1279,1391
418,418,5,1,35,1,8,6,1291,1372,56,19,93,eines,0.19948578342407744,0.5934278350515464,,,1347,1391
419,419,5,1,35,1,8,7,1359,1372,107,19,91,Zufallszei-,0.21362673926194797,0.5934278350515464,,,1466,1391
420,420,4,1,35,1,9,0,885,1405,356,23,-1,,0.16076830006049606,0.6084621993127147,,,1241,1428
421,421,5,1,35,1,9,1,885,1405,163,23,92,chengenerators,0.14617362371445855,0.6084621993127147,,,1048,1428
422,422,5,1,35,1,9,2,1057,1405,26,23,93,(6),0.161826981246219,0.6084621993127147,,,1083,1428
423,423,5,1,35,1,9,3,1092,1405,94,23,93,generiert,0.1722625529340593,0.6084621993127147,,,1186,1428
424,424,5,1,35,1,9,4,1193,1405,48,18,95,wird.,0.1840592861464005,0.6073883161512027,,,1241,1423
425,425,2,1,36,0,0,0,1035,1625,42,1,-1,,0.15970961887477314,0.6982388316151202,,,1077,1626
426,426,3,1,36,1,0,0,1035,1625,42,1,-1,,0.15970961887477314,0.6982388316151202,,,1077,1626
427,427,4,1,36,1,1,0,1035,1625,42,1,-1,,0.15970961887477314,0.6982388316151202,,,1077,1626
428,428,5,1,36,1,1,1,1035,1625,42,1,95, ,0.15970961887477314,0.6982388316151202,,,1077,1626
429,429,2,1,37,0,0,0,1076,1625,2,42,-1,,0.1628856624319419,0.7070446735395189,,,1078,1667
430,430,3,1,37,1,0,0,1076,1625,2,42,-1,,0.1628856624319419,0.7070446735395189,,,1078,1667
431,431,4,1,37,1,1,0,1076,1625,2,42,-1,,0.1628856624319419,0.7070446735395189,,,1078,1667
432,432,5,1,37,1,1,1,1076,1625,2,42,95, ,0.1628856624319419,0.7070446735395189,,,1078,1667
433,433,2,1,38,0,0,0,1035,1664,43,3,-1,,0.15978523895946764,0.7154209621993127,,,1078,1667
434,434,3,1,38,1,0,0,1035,1664,43,3,-1,,0.15978523895946764,0.7154209621993127,,,1078,1667
435,435,4,1,38,1,1,0,1035,1664,43,3,-1,,0.15978523895946764,0.7154209621993127,,,1078,1667
436,436,5,1,38,1,1,1,1035,1664,43,3,95, ,0.15978523895946764,0.7154209621993127,,,1078,1667
437,437,2,1,39,0,0,0,873,1674,5,108,-1,,0.1324107683000605,0.7422680412371134,,,878,1782
438,438,3,1,39,1,0,0,873,1674,5,108,-1,,0.1324107683000605,0.7422680412371134,,,878,1782
439,439,4,1,39,1,1,0,873,1674,5,108,-1,,0.1324107683000605,0.7422680412371134,,,878,1782
440,440,5,1,39,1,1,1,873,1674,5,108,95, ,0.1324107683000605,0.7422680412371134,,,878,1782
441,441,2,1,40,0,0,0,1035,1625,5,216,-1,,0.15691167574107684,0.7444158075601375,,,1040,1841
442,442,3,1,40,1,0,0,1035,1625,5,216,-1,,0.15691167574107684,0.7444158075601375,,,1040,1841
443,443,4,1,40,1,1,0,1035,1625,5,216,-1,,0.15691167574107684,0.7444158075601375,,,1040,1841
444,444,5,1,40,1,1,1,1035,1625,5,216,95, ,0.15691167574107684,0.7444158075601375,,,1040,1841
445,445,2,1,41,0,0,0,716,2270,259,16,-1,,0.1278735632183908,0.9785223367697594,,,975,2286
446,446,3,1,41,1,0,0,716,2270,259,16,-1,,0.1278735632183908,0.9785223367697594,,,975,2286
447,447,4,1,41,1,1,0,716,2270,259,16,-1,,0.1278735632183908,0.9785223367697594,,,975,2286
448,448,5,1,41,1,1,1,716,2270,49,12,96,Printed,0.11199334543254688,0.9776632302405498,,,765,2282
449,449,5,1,41,1,1,2,771,2270,15,16,96,by,0.1177404718693285,0.9785223367697594,,,786,2286
450,450,5,1,41,1,1,3,792,2270,45,14,96,"Jouve,",0.12318511796733213,0.9780927835051546,,,837,2284
451,451,5,1,41,1,1,4,843,2270,41,12,96,75001,0.13059588626739263,0.9776632302405498,,,884,2282
452,452,5,1,41,1,1,5,893,2270,46,12,96,PARIS,0.1385359951603146,0.9776632302405498,,,939,2282
453,453,5,1,41,1,1,6,945,2270,30,16,95,(FR),0.14519056261343014,0.9785223367697594,,,975,2286
