,Unnamed: 0,level,page_num,block_num,par_num,line_num,word_num,left,top,width,height,conf,text,x,y,label,target,right,bottom
0,0,1,1,0,0,0,0,0,0,1653,2328,-1,,0.125,0.5,,,1653,2328
1,1,2,1,1,0,0,0,144,1905,31,328,-1,,0.02412280701754386,0.8887457044673539,,,175,2233
2,2,3,1,1,1,0,0,144,1905,31,328,-1,,0.02412280701754386,0.8887457044673539,,,175,2233
3,3,4,1,1,1,1,0,144,1905,31,328,-1,,0.02412280701754386,0.8887457044673539,,,175,2233
4,4,5,1,1,1,1,1,144,2179,30,54,96,EP,0.024047186932849365,0.947594501718213,,,174,2233
5,5,5,1,1,1,1,2,144,2142,31,21,96,3,0.02412280701754386,0.9246134020618557,,,175,2163
6,6,5,1,1,1,1,3,144,2055,31,71,94,402,0.02412280701754386,0.8979810996563574,,,175,2126
7,7,5,1,1,1,1,4,144,1974,31,65,92,301,0.02412280701754386,0.8618986254295533,,,175,2039
8,8,5,1,1,1,1,5,144,1905,30,50,90,A1,0.024047186932849365,0.8290378006872853,,,174,1955
9,9,2,1,2,0,0,0,429,170,71,41,-1,,0.07025105868118572,0.0818298969072165,,,500,211
10,10,3,1,2,1,0,0,429,170,71,41,-1,,0.07025105868118572,0.0818298969072165,,,500,211
11,11,4,1,2,1,1,0,429,170,71,11,-1,,0.07025105868118572,0.07538659793814433,,,500,181
12,12,5,1,2,1,1,1,429,170,71,11,96,Patentamt,0.07025105868118572,0.07538659793814433,,,500,181
13,13,4,1,2,1,2,0,429,196,63,15,-1,,0.06964609800362977,0.08741408934707903,,,492,211
14,14,5,1,2,1,2,1,429,196,63,15,95,European,0.06964609800362977,0.08741408934707903,,,492,211
15,15,2,1,3,0,0,0,429,212,89,12,-1,,0.07161222020568662,0.0936426116838488,,,518,224
16,16,3,1,3,1,0,0,429,212,89,12,-1,,0.07161222020568662,0.0936426116838488,,,518,224
17,17,4,1,3,1,1,0,429,212,89,12,-1,,0.07161222020568662,0.0936426116838488,,,518,224
18,18,5,1,3,1,1,1,429,213,43,11,97,Patent,0.06813369630973987,0.0938573883161512,,,472,224
19,19,5,1,3,1,1,2,478,212,40,12,96,Office,0.07531760435571688,0.0936426116838488,,,518,224
20,20,2,1,4,0,0,0,429,239,1031,44,-1,,0.14284633998790078,0.11211340206185567,,,1460,283
21,21,3,1,4,1,0,0,429,239,1031,44,-1,,0.14284633998790078,0.11211340206185567,,,1460,283
22,22,4,1,4,1,1,0,429,239,1031,44,-1,,0.14284633998790078,0.11211340206185567,,,1460,283
23,23,5,1,4,1,1,1,429,239,109,28,21,sateen,0.07312462189957653,0.10867697594501718,,,538,267
24,24,5,1,4,1,1,2,1002,256,44,27,87,(11),0.15486993345432548,0.11576460481099657,,,1046,283
25,25,5,1,4,1,1,3,1146,245,52,32,95,EP,0.17725347852389595,0.11211340206185567,number,EP,1198,277
26,26,5,1,4,1,1,4,1214,245,20,32,96,3,0.1851179673321234,0.11211340206185567,number,3,1234,277
27,27,5,1,4,1,1,5,1248,245,69,32,94,402,0.1939655172413793,0.11211340206185567,number,402,1317,277
28,28,5,1,4,1,1,6,1332,245,62,32,85,301,0.20614035087719298,0.11211340206185567,number,301,1394,277
29,29,5,1,4,1,1,7,1413,245,47,32,85,A1,0.21725650332728372,0.11211340206185567,number,A1,1460,277
30,30,2,1,5,0,0,0,281,136,274,150,-1,,0.06321839080459771,0.09063573883161512,,,555,286
31,31,3,1,5,1,0,0,281,136,274,150,-1,,0.06321839080459771,0.09063573883161512,,,555,286
32,32,4,1,5,1,1,0,281,136,274,150,-1,,0.06321839080459771,0.09063573883161512,,,555,286
33,33,5,1,5,1,1,1,281,136,274,150,95, ,0.06321839080459771,0.09063573883161512,,,555,286
34,34,2,1,6,0,0,0,225,319,1172,157,-1,,0.12265577737447066,0.17074742268041238,,,1397,476
35,35,3,1,6,1,0,0,225,319,1172,157,-1,,0.12265577737447066,0.17074742268041238,,,1397,476
36,36,4,1,6,1,1,0,225,319,889,31,-1,,0.10125529340592862,0.14368556701030927,,,1114,350
37,37,5,1,6,1,1,1,225,324,45,26,96,(12),0.037431941923774956,0.14475945017182132,,,270,350
38,38,5,1,6,1,1,2,577,319,156,26,95,EUROPEAN,0.09906231094978826,0.14261168384879724,,,733,345
39,39,5,1,6,1,1,3,735,320,135,24,95,PATENT,0.12137023593466424,0.14261168384879724,,,870,344
40,40,5,1,6,1,1,4,873,319,241,26,96,APPLICATION,0.1502571082879613,0.14261168384879724,,,1114,345
41,41,4,1,6,1,2,0,225,395,763,26,-1,,0.09172716273442226,0.17525773195876287,,,988,421
42,42,5,1,6,1,2,1,225,395,45,26,95,(43),0.037431941923774956,0.17525773195876287,,,270,421
43,43,5,1,6,1,2,2,286,397,48,18,95,Date,0.04688445251058681,0.17439862542955326,,,334,415
44,44,5,1,6,1,2,3,342,397,20,18,96,of,0.05323653962492438,0.17439862542955326,,,362,415
45,45,5,1,6,1,2,4,370,397,117,23,96,publication:,0.0648064125831821,0.17547250859106528,,,487,420
46,46,5,1,6,1,2,5,862,395,44,26,78,(61),0.1336963097398669,0.17525773195876287,,,906,421
47,47,5,1,6,1,2,6,923,397,25,18,91,Int,0.1414851784633999,0.17439862542955326,,,948,415
48,48,5,1,6,1,2,7,955,397,33,18,73,CL:,0.14692982456140352,0.17439862542955326,,,988,415
49,49,4,1,6,1,3,0,287,425,1110,23,-1,,0.12734422262552933,0.1875,,,1397,448
50,50,5,1,6,1,3,1,287,430,116,18,96,14.11.2018,0.052177858439201454,0.18857388316151202,publication_date,14.11.2018,403,448
51,51,5,1,6,1,3,2,426,430,84,18,96,Bulletin,0.07078039927404718,0.18857388316151202,,,510,448
52,52,5,1,6,1,3,3,519,430,84,18,96,2018/46,0.08484573502722323,0.18857388316151202,,,603,448
53,53,5,1,6,1,3,4,922,428,68,18,78,HO4W,0.14458560193587416,0.1877147766323024,class_international,H04W,990,446
54,54,5,1,6,1,3,5,996,428,57,18,91,76/11,0.15494555353901995,0.1877147766323024,class_international,76/11,1053,446
55,55,5,1,6,1,3,6,1059,425,67,16,76,(2018.0),0.16522988505747127,0.18599656357388317,,,1126,441
56,56,5,1,6,1,3,7,1193,428,67,18,81,HO4W,0.18549606775559588,0.1877147766323024,,,1260,446
57,57,5,1,6,1,3,8,1268,428,57,18,89,74/08,0.19608287961282517,0.1877147766323024,,,1325,446
58,58,5,1,6,1,3,9,1330,425,67,16,86,(2009.01),0.20621597096188748,0.18599656357388317,,,1397,441
59,59,4,1,6,1,4,0,922,455,204,21,-1,,0.15486993345432548,0.19995704467353953,,,1126,476
60,60,5,1,6,1,4,1,922,458,68,18,90,HO4W,0.14458560193587416,0.20060137457044674,,,990,476
61,61,5,1,6,1,4,2,997,458,56,18,93,72/04,0.15502117362371445,0.20060137457044674,,,1053,476
62,62,5,1,6,1,4,3,1059,455,67,16,87,(2008.01),0.16522988505747127,0.19888316151202748,,,1126,471
63,63,2,1,7,0,0,0,225,493,402,26,-1,,0.06442831215970962,0.21735395189003437,,,627,519
64,64,3,1,7,1,0,0,225,493,402,26,-1,,0.06442831215970962,0.21735395189003437,,,627,519
65,65,4,1,7,1,1,0,225,493,402,26,-1,,0.06442831215970962,0.21735395189003437,,,627,519
66,66,5,1,7,1,1,1,225,493,45,26,96,(21),0.037431941923774956,0.21735395189003437,,,270,519
67,67,5,1,7,1,1,2,285,495,115,23,96,Application,0.051799758015728975,0.21756872852233677,,,400,518
68,68,5,1,7,1,1,3,410,495,83,18,93,number:,0.06828493647912885,0.21649484536082475,,,493,513
69,69,5,1,7,1,1,4,505,495,122,18,92,18181829.5,0.08560193587416817,0.21649484536082475,application_number,18181829.5,627,513
70,70,2,1,8,0,0,0,225,559,325,26,-1,,0.05860556563823351,0.24570446735395188,,,550,585
71,71,3,1,8,1,0,0,225,559,325,26,-1,,0.05860556563823351,0.24570446735395188,,,550,585
72,72,4,1,8,1,1,0,225,559,325,26,-1,,0.05860556563823351,0.24570446735395188,,,550,585
73,73,5,1,8,1,1,1,225,559,45,26,96,(22),0.037431941923774956,0.24570446735395188,,,270,585
74,74,5,1,8,1,1,2,286,561,48,18,96,Date,0.04688445251058681,0.24484536082474226,,,334,579
75,75,5,1,8,1,1,3,342,566,12,13,96,of,0.05263157894736842,0.24591924398625428,,,354,579
76,76,5,1,8,1,1,4,355,561,67,23,96,filing:,0.058756805807622506,0.24591924398625428,,,422,584
77,77,5,1,8,1,1,5,433,561,117,18,96,13.05.2016,0.07433454325468844,0.24484536082474226,filing_date,13.05.2016,550,579
78,78,2,1,9,0,0,0,224,613,1243,4,-1,,0.1278735632183908,0.26417525773195877,,,1467,617
79,79,3,1,9,1,0,0,224,613,1243,4,-1,,0.1278735632183908,0.26417525773195877,,,1467,617
80,80,4,1,9,1,1,0,224,613,1243,4,-1,,0.1278735632183908,0.26417525773195877,,,1467,617
81,81,5,1,9,1,1,1,224,613,1243,4,95, ,0.1278735632183908,0.26417525773195877,,,1467,617
82,82,2,1,10,0,0,0,225,629,1219,580,-1,,0.12620992135511191,0.3947594501718213,,,1444,1209
83,83,3,1,10,1,0,0,225,629,1219,580,-1,,0.12620992135511191,0.3947594501718213,,,1444,1209
84,84,4,1,10,1,1,0,225,629,907,29,-1,,0.10261645493042952,0.2764175257731959,,,1132,658
85,85,5,1,10,1,1,1,225,631,45,27,96,(84),0.037431941923774956,0.2768470790378007,,,270,658
86,86,5,1,10,1,1,2,286,633,118,23,96,Designated,0.052177858439201454,0.2768470790378007,,,404,656
87,87,5,1,10,1,1,3,413,633,119,23,96,Contracting,0.07146098003629764,0.2768470790378007,,,532,656
88,88,5,1,10,1,1,4,542,633,71,19,96,States:,0.08734119782214156,0.2759879725085911,,,613,652
89,89,5,1,10,1,1,5,898,639,7,7,64,Â«,0.13634301270417423,0.2759879725085911,,,905,646
90,90,5,1,10,1,1,6,923,629,133,23,92,"HOFSTROM,",0.14965214761040532,0.27512886597938147,,,1056,652
91,91,5,1,10,1,1,7,1059,633,73,23,82,Bjorn,0.16568360556563824,0.2768470790378007,,,1132,656
92,92,4,1,10,1,2,0,285,666,883,23,-1,,0.10987598306110102,0.29102233676975947,,,1168,689
93,93,5,1,10,1,2,1,285,666,31,18,94,AL,0.04544767090139141,0.28994845360824745,,,316,684
94,94,5,1,10,1,2,2,323,666,31,18,95,AT,0.05119479733817302,0.28994845360824745,,,354,684
95,95,5,1,10,1,2,3,363,666,30,18,95,BE,0.05716878402903811,0.28994845360824745,,,393,684
96,96,5,1,10,1,2,4,403,666,32,18,94,BG,0.0633696309739867,0.28994845360824745,,,435,684
97,97,5,1,10,1,2,5,445,666,31,18,95,CH,0.06964609800362977,0.28994845360824745,,,476,684
98,98,5,1,10,1,2,6,486,666,32,18,96,CY,0.07592256503327284,0.28994845360824745,,,518,684
99,99,5,1,10,1,2,7,526,666,30,18,95,CZ,0.08182093163944344,0.28994845360824745,,,556,684
100,100,5,1,10,1,2,8,565,666,30,18,94,DE,0.08771929824561403,0.28994845360824745,,,595,684
101,101,5,1,10,1,2,9,605,666,32,18,69,DK,0.09392014519056262,0.28994845360824745,,,637,684
102,102,5,1,10,1,2,10,646,666,29,18,69,EE,0.0998941318814277,0.28994845360824745,,,675,684
103,103,5,1,10,1,2,11,684,666,29,18,95,ES,0.10564125831820932,0.28994845360824745,,,713,684
104,104,5,1,10,1,2,12,723,666,18,18,30,FI,0.11070780399274047,0.28994845360824745,,,741,684
105,105,5,1,10,1,2,13,751,666,29,18,30,FR,0.11577434966727163,0.28994845360824745,,,780,684
106,106,5,1,10,1,2,14,788,666,34,18,90,GB,0.12174833635813673,0.28994845360824745,,,822,684
107,107,5,1,10,1,2,15,922,666,38,18,96,589,0.14231699939503933,0.28994845360824745,,,960,684
108,108,5,1,10,1,2,16,968,666,22,18,93,41,0.14806412583182094,0.28994845360824745,,,990,684
109,109,5,1,10,1,2,17,1003,666,110,23,47,Linkdping,0.1600120992135511,0.29102233676975947,,,1113,689
110,110,5,1,10,1,2,18,1123,666,45,23,96,(SE),0.17324561403508773,0.29102233676975947,,,1168,689
111,111,4,1,10,1,3,0,285,699,844,21,-1,,0.10692679975801572,0.30476804123711343,,,1129,720
112,112,5,1,10,1,3,1,285,699,35,18,94,GR,0.04575015124016939,0.30412371134020616,,,320,717
113,113,5,1,10,1,3,2,328,699,32,18,94,HR,0.05202661826981246,0.30412371134020616,,,360,717
114,114,5,1,10,1,3,3,368,699,14,18,41,HU,0.05671506352087114,0.30412371134020616,,,382,717
115,115,5,1,10,1,3,4,385,699,43,18,41,IE,0.06147912885662432,0.30412371134020616,,,428,717
116,116,5,1,10,1,3,5,436,699,20,18,47,IS,0.06745311554748941,0.30412371134020616,,,456,717
117,117,5,1,10,1,3,6,464,699,20,18,47,IT,0.07168784029038112,0.30412371134020616,,,484,717
118,118,5,1,10,1,3,7,492,699,54,18,83,LILT,0.07849364791288566,0.30412371134020616,,,546,717
119,119,5,1,10,1,3,8,554,699,28,18,75,LU,0.08590441621294616,0.30412371134020616,,,582,717
120,120,5,1,10,1,3,9,591,699,28,18,75,LV,0.09150030248033877,0.30412371134020616,,,619,717
121,121,5,1,10,1,3,10,627,699,35,18,95,MC,0.09747428917120388,0.30412371134020616,,,662,717
122,122,5,1,10,1,3,11,670,699,35,18,94,MK,0.10397761645493044,0.30412371134020616,,,705,717
123,123,5,1,10,1,3,12,713,699,32,18,93,MT,0.11025408348457351,0.30412371134020616,,,745,717
124,124,5,1,10,1,3,13,753,699,29,18,20,NL,0.11607683000604961,0.30412371134020616,,,782,717
125,125,5,1,10,1,3,14,791,699,33,18,20,NO,0.1221264367816092,0.30412371134020616,,,824,717
126,126,5,1,10,1,3,15,898,704,7,8,31,Â«,0.13634301270417423,0.30412371134020616,,,905,712
127,127,5,1,10,1,3,16,923,699,138,19,53,"BERGQVIST,",0.1500302480338778,0.30433848797250856,,,1061,718
128,128,5,1,10,1,3,17,1063,699,66,21,95,Jens,0.16575922565033274,0.30476804123711343,,,1129,720
129,129,4,1,10,1,4,0,286,732,882,23,-1,,0.10995160314579552,0.31937285223367695,,,1168,755
130,130,5,1,10,1,4,1,286,732,28,18,96,PL,0.045372050816696916,0.31829896907216493,,,314,750
131,131,5,1,10,1,4,2,323,732,29,18,95,PT,0.05104355716878403,0.31829896907216493,,,352,750
132,132,5,1,10,1,4,3,360,732,33,18,95,RO,0.05694192377495463,0.31829896907216493,,,393,750
133,133,5,1,10,1,4,4,403,732,31,18,95,RS,0.0632940108892922,0.31829896907216493,,,434,750
134,134,5,1,10,1,4,5,442,732,30,18,96,SE,0.0691167574107683,0.31829896907216493,,,472,750
135,135,5,1,10,1,4,6,480,732,61,18,90,SISK,0.07720810647307925,0.31829896907216493,,,541,750
136,136,5,1,10,1,4,7,550,732,72,18,91,SMTR,0.08862673926194797,0.31829896907216493,,,622,750
137,137,5,1,10,1,4,8,922,732,38,18,96,587,0.14231699939503933,0.31829896907216493,,,960,750
138,138,5,1,10,1,4,9,968,732,25,18,93,37,0.1482909860859044,0.31829896907216493,,,993,750
139,139,5,1,10,1,4,10,1003,732,110,23,58,LinkÃ©ping,0.1600120992135511,0.31937285223367695,,,1113,755
140,140,5,1,10,1,4,11,1123,732,45,23,96,(SE),0.17324561403508773,0.31937285223367695,,,1168,755
141,141,4,1,10,1,5,0,898,765,270,21,-1,,0.15623109497882637,0.3331185567010309,,,1168,786
142,142,5,1,10,1,5,1,898,770,7,8,68,Â«,0.13634301270417423,0.3324742268041237,,,905,778
143,143,5,1,10,1,5,2,922,765,149,18,96,"JOHANSSON,",0.15071082879612824,0.3324742268041237,,,1071,783
144,144,5,1,10,1,5,3,1074,765,94,21,95,Nicklas,0.16954022988505746,0.3331185567010309,,,1168,786
145,145,4,1,10,1,6,0,225,795,919,27,-1,,0.10352389594676346,0.3472938144329897,,,1144,822
146,146,5,1,10,1,6,1,225,795,45,27,96,(30),0.037431941923774956,0.3472938144329897,,,270,822
147,147,5,1,10,1,6,2,286,797,77,23,95,Priority:,0.04907743496672716,0.3472938144329897,,,363,820
148,148,5,1,10,1,6,3,384,797,117,19,95,19.05.2015,0.06692377495462795,0.34643470790378006,priority_date_eu,19.05.2015,501,816
149,149,5,1,10,1,6,4,520,797,30,19,96,US,0.0809134906231095,0.34643470790378006,,,550,816
150,150,5,1,10,1,6,5,559,797,157,19,90,201562163417,0.09641560798548095,0.34643470790378006,,,716,816
151,151,5,1,10,1,6,6,725,797,13,19,90,P,0.11063218390804598,0.34643470790378006,,,738,816
152,152,5,1,10,1,6,7,922,797,38,19,96,590,0.14231699939503933,0.34643470790378006,,,960,816
153,153,5,1,10,1,6,8,968,797,25,19,93,45,0.1482909860859044,0.34643470790378006,,,993,816
154,154,5,1,10,1,6,9,1003,797,86,19,92,Brokind,0.15819721718088325,0.34643470790378006,,,1089,816
155,155,5,1,10,1,6,10,1098,797,46,23,96,(SE),0.16954022988505746,0.3472938144329897,,,1144,820
156,156,4,1,10,1,7,0,898,830,290,22,-1,,0.15774349667271628,0.36125429553264604,,,1188,852
157,157,5,1,10,1,7,1,898,835,7,8,41,Â«,0.13634301270417423,0.3603951890034364,,,905,843
158,158,5,1,10,1,7,2,923,830,114,18,91,"DIACHINA,",0.1482153660012099,0.3603951890034364,,,1037,848
159,159,5,1,10,1,7,3,1040,830,66,22,95,John,0.16228070175438597,0.36125429553264604,,,1106,852
160,160,5,1,10,1,7,4,1114,830,74,18,95,Walter,0.17407743496672717,0.3603951890034364,,,1188,848
161,161,4,1,10,1,8,0,225,861,1081,26,-1,,0.11577434966727163,0.3754295532646048,,,1306,887
162,162,5,1,10,1,8,1,225,861,45,26,96,(62),0.037431941923774956,0.3754295532646048,,,270,887
163,163,5,1,10,1,8,2,286,863,107,18,96,Document,0.05134603750756201,0.3745704467353952,,,393,881
164,164,5,1,10,1,8,3,402,863,105,23,96,number(s),0.06873865698729582,0.3756443298969072,,,507,886
165,165,5,1,10,1,8,4,516,863,20,18,96,of,0.07955232909860858,0.3745704467353952,,,536,881
166,166,5,1,10,1,8,5,542,863,32,18,96,the,0.08439201451905626,0.3745704467353952,,,574,881
167,167,5,1,10,1,8,6,583,863,65,18,96,earlier,0.09308832425892317,0.3745704467353952,,,648,881
168,168,5,1,10,1,8,7,655,863,140,23,94,application(s),0.10964912280701754,0.3756443298969072,,,795,886
169,169,5,1,10,1,8,8,805,863,16,18,96,in,0.12295825771324864,0.3745704467353952,,,821,881
170,170,5,1,10,1,8,9,922,863,82,22,96,"Garner,",0.1456442831215971,0.3754295532646048,,,1004,885
171,171,5,1,10,1,8,10,1014,863,60,18,96,North,0.15789473684210525,0.3745704467353952,,,1074,881
172,172,5,1,10,1,8,11,1084,863,93,18,96,Carolina,0.17097701149425287,0.3745704467353952,,,1177,881
173,173,5,1,10,1,8,12,1186,863,64,18,96,27529,0.18421052631578946,0.3745704467353952,,,1250,881
174,174,5,1,10,1,8,13,1259,863,47,23,96,(US),0.1939655172413793,0.3756443298969072,,,1306,886
175,175,4,1,10,1,9,0,286,895,308,19,-1,,0.06654567453115548,0.38853092783505155,,,594,914
176,176,5,1,10,1,9,1,286,895,109,19,96,accordance,0.051497277676950996,0.38853092783505155,,,395,914
177,177,5,1,10,1,9,2,395,895,60,19,96,with,0.06427707199032062,0.38853092783505155,,,455,914
178,178,5,1,10,1,9,3,464,895,35,19,96,Art.,0.07282214156079855,0.38853092783505155,,,499,914
179,179,5,1,10,1,9,4,508,895,25,19,96,76,0.07872050816696914,0.38853092783505155,,,533,914
180,180,5,1,10,1,9,5,542,895,52,19,96,EPC:,0.08590441621294616,0.38853092783505155,,,594,914
181,181,4,1,10,1,10,0,286,927,908,26,-1,,0.1119177253478524,0.40378006872852235,,,1194,953
182,182,5,1,10,1,10,1,286,929,124,18,86,16727858.9,0.05263157894736842,0.4029209621993127,,,410,947
183,183,5,1,10,1,10,2,417,929,7,18,86,/,0.06359649122807018,0.4029209621993127,,,424,947
184,184,5,1,10,1,10,3,432,929,11,18,92,3,0.066167574107683,0.4029209621993127,,,443,947
185,185,5,1,10,1,10,4,452,929,37,18,92,298,0.07115849969751967,0.4029209621993127,,,489,947
186,186,5,1,10,1,10,5,498,929,38,18,91,855,0.07819116757410768,0.4029209621993127,,,536,947
187,187,5,1,10,1,10,6,862,927,44,26,94,(74),0.1336963097398669,0.40378006872852235,,,906,953
188,188,5,1,10,1,10,7,923,929,163,23,96,Representative:,0.15192075015124018,0.40399484536082475,,,1086,952
189,189,5,1,10,1,10,8,1096,929,98,18,96,Ericsson,0.17316999395039323,0.4029209621993127,representative_line_1_eu,Ericsson,1194,947
190,190,4,1,10,1,11,0,923,961,227,23,-1,,0.15676043557168784,0.4177405498281787,,,1150,984
191,191,5,1,10,1,11,1,923,961,71,19,95,Patent,0.14496370235934664,0.4168814432989691,,,994,980
192,192,5,1,10,1,11,2,1002,961,148,23,95,Development,0.16273442226255294,0.4177405498281787,,,1150,984
193,193,4,1,10,1,12,0,225,992,955,26,-1,,0.10624621899576528,0.43170103092783507,,,1180,1018
194,194,5,1,10,1,12,1,225,992,45,26,96,(71),0.037431941923774956,0.43170103092783507,,,270,1018
195,195,5,1,10,1,12,2,285,994,103,23,93,Applicant:,0.05089231699939504,0.4319158075601375,,,388,1017
196,196,5,1,10,1,12,3,394,994,223,23,92,Telefonaktiebolaget,0.0764519056261343,0.4319158075601375,applicant_line_1,Telefonaktiebolaget,617,1017
197,197,5,1,10,1,12,4,623,994,31,18,96,LM,0.09656684815486993,0.43084192439862545,applicant_line_1,LM,654,1012
198,198,5,1,10,1,12,5,661,994,84,18,96,Ericsson,0.10632183908045977,0.43084192439862545,applicant_line_1,Ericsson,745,1012
199,199,5,1,10,1,12,6,748,994,81,23,96,(publ),0.11925287356321838,0.4319158075601375,applicant_line_1,(publ),829,1017
200,200,5,1,10,1,12,7,922,994,189,23,91,Torshamnsgatan,0.15373563218390804,0.4319158075601375,,,1111,1017
201,201,5,1,10,1,12,8,1121,994,59,18,96,21-23,0.17400181488203267,0.43084192439862545,,,1180,1012
202,202,4,1,10,1,13,0,286,1027,890,23,-1,,0.11055656382335148,0.44609106529209624,,,1176,1050
203,203,5,1,10,1,13,1,286,1027,38,18,96,164,0.046128251663641866,0.44501718213058417,,,324,1045
204,204,5,1,10,1,13,2,332,1027,24,18,96,83,0.05202661826981246,0.44501718213058417,,,356,1045
205,205,5,1,10,1,13,3,365,1027,120,18,96,Stockholm,0.06427707199032062,0.44501718213058417,,,485,1045
206,206,5,1,10,1,13,4,494,1027,45,23,96,(SE),0.07811554748941318,0.44609106529209624,,,539,1050
207,207,5,1,10,1,13,5,923,1027,37,18,96,164,0.1423926194797338,0.44501718213058417,,,960,1045
208,208,5,1,10,1,13,6,968,1027,25,18,96,80,0.1482909860859044,0.44501718213058417,,,993,1045
209,209,5,1,10,1,13,7,1002,1027,120,18,96,Stockholm,0.16061705989110708,0.44501718213058417,,,1122,1045
210,210,5,1,10,1,13,8,1130,1027,46,23,96,(SE),0.17437991530550515,0.44609106529209624,,,1176,1050
211,211,4,1,10,1,14,0,225,1090,736,26,-1,,0.0896854204476709,0.4737972508591065,,,961,1116
212,212,5,1,10,1,14,1,225,1090,45,26,96,(72),0.037431941923774956,0.4737972508591065,,,270,1116
213,213,5,1,10,1,14,2,287,1092,101,18,96,Inventors:,0.05104355716878403,0.4729381443298969,,,388,1110
214,214,5,1,10,1,14,3,862,1092,99,18,96,Remarks:,0.13785541439806412,0.4729381443298969,,,961,1110
215,215,4,1,10,1,15,0,262,1125,1137,23,-1,,0.12560496067755597,0.4881872852233677,,,1399,1148
216,216,5,1,10,1,15,1,262,1131,7,7,5,Â¢,0.04015426497277677,0.48732817869415807,,,269,1138
217,217,5,1,10,1,15,2,286,1125,133,19,91,"SUNDBERG,",0.053312159709618875,0.48732817869415807,inventor_line_1,"SUNDBERG,",419,1144
218,218,5,1,10,1,15,3,423,1125,88,23,96,Marten,0.0706291591046582,0.4881872852233677,inventor_line_1,MâÃÂ¬â¢rten,511,1148
219,219,5,1,10,1,15,4,922,1125,43,19,96,This,0.1426950998185118,0.48732817869415807,,,965,1144
220,220,5,1,10,1,15,5,973,1125,112,23,96,application,0.15562613430127042,0.4881872852233677,,,1085,1148
221,221,5,1,10,1,15,6,1093,1130,42,14,96,was,0.16848154869933454,0.4884020618556701,,,1135,1144
222,222,5,1,10,1,15,7,1142,1125,43,19,96,filed,0.17596793708408953,0.48732817869415807,,,1185,1144
223,223,5,1,10,1,15,8,1193,1130,25,14,96,on,0.1823200241984271,0.4884020618556701,,,1218,1144
224,224,5,1,10,1,15,9,1227,1125,120,19,96,05-07-2018,0.19464609800362975,0.48732817869415807,,,1347,1144
225,225,5,1,10,1,15,10,1356,1130,23,14,95,as,0.20682093163944343,0.4884020618556701,,,1379,1144
226,226,5,1,10,1,15,11,1388,1130,11,14,95,a,0.21075317604355717,0.4884020618556701,,,1399,1144
227,227,4,1,10,1,16,0,287,1153,1157,28,-1,,0.1308983666061706,0.5012886597938144,,,1444,1181
228,228,5,1,10,1,16,1,287,1158,36,18,94,120,0.046128251663641866,0.5012886597938144,,,323,1176
229,229,5,1,10,1,16,2,332,1158,24,18,93,53,0.05202661826981246,0.5012886597938144,,,356,1176
230,230,5,1,10,1,16,3,364,1153,60,23,93,Arsta,0.05958862673926195,0.5002147766323024,,,424,1176
231,231,5,1,10,1,16,4,433,1158,45,23,96,(SE),0.06888989715668481,0.5023625429553265,,,478,1181
232,232,5,1,10,1,16,5,922,1158,96,18,96,divisional,0.14670296430732002,0.5012886597938144,,,1018,1176
233,233,5,1,10,1,16,6,1027,1158,111,23,96,application,0.16371748336358136,0.5023625429553265,,,1138,1181
234,234,5,1,10,1,16,7,1147,1159,19,17,96,to,0.17490925589836662,0.5015034364261168,,,1166,1176
235,235,5,1,10,1,16,8,1174,1158,31,18,96,the,0.17990018148820328,0.5012886597938144,,,1205,1176
236,236,5,1,10,1,16,9,1214,1158,112,23,96,application,0.19207501512401695,0.5023625429553265,,,1326,1181
237,237,5,1,10,1,16,10,1336,1158,108,18,96,mentioned,0.2102238354506957,0.5012886597938144,,,1444,1176
238,238,4,1,10,1,17,0,923,1191,209,18,-1,,0.15539927404718692,0.5154639175257731,,,1132,1209
239,239,5,1,10,1,17,1,923,1191,59,18,91,under,0.1440562613430127,0.5154639175257731,,,982,1209
240,240,5,1,10,1,17,2,991,1191,45,18,89,INID,0.15328191167574107,0.5154639175257731,,,1036,1209
241,241,5,1,10,1,17,3,1044,1191,50,18,96,code,0.16167574107683,0.5154639175257731,,,1094,1209
242,242,5,1,10,1,17,4,1103,1191,29,18,96,62.,0.16901088929219601,0.5154639175257731,,,1132,1209
243,243,2,1,11,0,0,0,845,614,2,632,-1,,0.1279491833030853,0.39948453608247425,,,847,1246
244,244,3,1,11,1,0,0,845,614,2,632,-1,,0.1279491833030853,0.39948453608247425,,,847,1246
245,245,4,1,11,1,1,0,845,614,2,632,-1,,0.1279491833030853,0.39948453608247425,,,847,1246
246,246,5,1,11,1,1,1,845,614,2,632,95, ,0.1279491833030853,0.39948453608247425,,,847,1246
247,247,2,1,12,0,0,0,224,1243,1243,4,-1,,0.1278735632183908,0.5347938144329897,,,1467,1247
248,248,3,1,12,1,0,0,224,1243,1243,4,-1,,0.1278735632183908,0.5347938144329897,,,1467,1247
249,249,4,1,12,1,1,0,224,1243,1243,4,-1,,0.1278735632183908,0.5347938144329897,,,1467,1247
250,250,5,1,12,1,1,1,224,1243,1243,4,95, ,0.1278735632183908,0.5347938144329897,,,1467,1247
251,251,2,1,13,0,0,0,225,1263,1171,54,-1,,0.12258015728977617,0.5541237113402062,,,1396,1317
252,252,3,1,13,1,0,0,225,1263,1171,54,-1,,0.12258015728977617,0.5541237113402062,,,1396,1317
253,253,4,1,13,1,1,0,225,1263,1171,26,-1,,0.12258015728977617,0.5481099656357389,,,1396,1289
254,254,5,1,13,1,1,1,225,1263,45,26,88,(54),0.037431941923774956,0.5481099656357389,,,270,1289
255,255,5,1,13,1,1,2,316,1263,137,24,88,"METHODS,",0.05815184513006655,0.5476804123711341,title_line_1,"METHODS,",453,1287
256,256,5,1,13,1,1,3,462,1263,137,21,95,WIRELESS,0.08023290986085904,0.5470360824742269,title_line_1,WIRELESS,599,1284
257,257,5,1,13,1,1,4,609,1263,228,21,96,COMMUNICATION,0.10934664246823957,0.5470360824742269,title_line_1,COMMUNICATION,837,1284
258,258,5,1,13,1,1,5,849,1263,95,21,96,DEVICE,0.1355868118572293,0.5470360824742269,title_line_1,DEVICE,944,1284
259,259,5,1,13,1,1,6,954,1264,56,19,96,AND,0.1485178463399879,0.5470360824742269,title_line_1,AND,1010,1283
260,260,5,1,13,1,1,7,1020,1263,82,21,96,RADIO,0.16046581972171808,0.5470360824742269,title_line_1,RADIO,1102,1284
261,261,5,1,13,1,1,8,1113,1263,135,21,96,NETWORK,0.17853901996370236,0.5470360824742269,title_line_1,NETWORK,1248,1284
262,262,5,1,13,1,1,9,1258,1263,73,21,95,NODE,0.1957803992740472,0.5470360824742269,title_line_1,NODE,1331,1284
263,263,5,1,13,1,1,10,1342,1263,54,21,96,FOR,0.20704779189352693,0.5470360824742269,title_line_1,FOR,1396,1284
264,264,4,1,13,1,2,0,316,1296,508,21,-1,,0.08620689655172414,0.5612113402061856,,,824,1317
265,265,5,1,13,1,2,1,316,1296,144,21,96,MANAGING,0.05868118572292801,0.5612113402061856,,,460,1317
266,266,5,1,13,1,2,2,471,1296,172,21,96,CONTENTION,0.08424077434966727,0.5612113402061856,,,643,1317
267,267,5,1,13,1,2,3,654,1296,170,21,96,RESOLUTION,0.1117664851784634,0.5612113402061856,,,824,1317
268,268,2,1,14,0,0,0,224,1370,1088,189,-1,,0.1161524500907441,0.6290807560137457,,,1312,1559
269,269,3,1,14,1,0,0,224,1370,1088,189,-1,,0.1161524500907441,0.6290807560137457,,,1312,1559
270,270,4,1,14,1,1,0,226,1370,581,27,-1,,0.07811554748941318,0.594286941580756,,,807,1397
271,271,5,1,14,1,1,1,226,1370,44,27,95,(57),0.03750756200846945,0.594286941580756,,,270,1397
272,272,5,1,14,1,1,2,0,0,1653,2328,12,|,0.125,0.5,,,1653,2328
273,273,5,1,14,1,1,3,316,1372,89,19,91,Methods,0.05452208106473079,0.5934278350515464,,,405,1391
274,274,5,1,14,1,1,4,410,1372,38,19,87,and,0.0648820326678766,0.5934278350515464,,,448,1391
275,275,5,1,14,1,1,5,453,1373,146,22,87,arrangements,0.07955232909860858,0.5945017182130584,,,599,1395
276,276,5,1,14,1,1,6,603,1372,28,19,91,for,0.09331518451300666,0.5934278350515464,,,631,1391
277,277,5,1,14,1,1,7,636,1372,87,23,93,enabling,0.1027676950998185,0.594286941580756,,,723,1395
278,278,5,1,14,1,1,8,730,1373,77,18,92,conten-,0.1162280701754386,0.5936426116838488,,,807,1391
279,279,4,1,14,1,2,0,225,1405,1087,24,-1,,0.1162280701754386,0.6086769759450171,,,1312,1429
280,280,5,1,14,1,2,1,225,1405,36,18,96,tion,0.0367513611615245,0.6073883161512027,,,261,1423
281,281,5,1,14,1,2,2,269,1405,101,18,96,resolution,0.048321234119782216,0.6073883161512027,,,370,1423
282,282,5,1,14,1,2,3,378,1405,20,18,96,of,0.05868118572292801,0.6073883161512027,,,398,1423
283,283,5,1,14,1,2,4,404,1405,61,23,96,uplink,0.06571385359951604,0.6084621993127147,,,465,1428
284,284,5,1,14,1,2,5,471,1405,132,18,96,transmissions,0.08121597096188747,0.6073883161512027,,,603,1423
285,285,5,1,14,1,2,6,605,1406,36,17,96,at,0.09422262552934059,0.6076030927835051,,,641,1423
286,286,5,1,14,1,2,7,648,1410,11,13,96,a,0.09883545069570478,0.6084621993127147,,,659,1423
287,287,5,1,14,1,2,8,667,1405,51,18,96,radio,0.10473381730187538,0.6073883161512027,,,718,1423
288,288,5,1,14,1,2,9,726,1405,82,18,96,network,0.11600120992135511,0.6073883161512027,,,808,1423
289,289,5,1,14,1,2,10,1294,1411,18,18,55,at,0.1970659407138536,0.6099656357388317,,,1312,1429
290,290,4,1,14,1,3,0,226,1438,581,23,-1,,0.07811554748941318,0.6226374570446735,,,807,1461
291,291,5,1,14,1,3,1,226,1438,51,18,96,node,0.03803690260133091,0.6215635738831615,,,277,1456
292,292,5,1,14,1,3,2,292,1438,59,23,96,(120).,0.048623714458560195,0.6226374570446735,,,351,1461
293,293,5,1,14,1,3,3,366,1438,17,18,96,A,0.05663944343617665,0.6215635738831615,,,383,1456
294,294,5,1,14,1,3,4,396,1438,85,18,96,wireless,0.066318814277072,0.6215635738831615,,,481,1456
295,295,5,1,14,1,3,5,497,1438,158,18,96,communication,0.08711433756805807,0.6215635738831615,,,655,1456
296,296,5,1,14,1,3,6,670,1438,68,18,96,device,0.10647307924984876,0.6215635738831615,,,738,1456
297,297,5,1,14,1,3,7,753,1438,54,23,96,(110),0.11796733212341198,0.6226374570446735,,,807,1461
298,298,4,1,14,1,4,0,225,1470,582,23,-1,,0.0780399274047187,0.6363831615120275,,,807,1493
299,299,5,1,14,1,4,1,225,1470,62,19,96,sends,0.03871748336358137,0.6355240549828178,,,287,1489
300,300,5,1,14,1,4,2,296,1470,65,23,96,(3010;,0.049682395644283124,0.6363831615120275,,,361,1493
301,301,5,1,14,1,4,3,370,1470,59,23,96,4010),0.06042044767090139,0.6363831615120275,,,429,1493
302,302,5,1,14,1,4,4,439,1475,24,14,96,an,0.06820931639443437,0.6365979381443299,,,463,1489
303,303,5,1,14,1,4,5,472,1475,73,14,96,access,0.07690562613430127,0.6365979381443299,,,545,1489
304,304,5,1,14,1,4,6,554,1475,71,18,95,request,0.08915607985480943,0.6374570446735395,,,625,1493
305,305,5,1,14,1,4,7,626,1471,33,18,95,to,0.09717180883242589,0.6357388316151202,,,659,1489
306,306,5,1,14,1,4,8,667,1470,32,19,96,the,0.10329703569267998,0.6355240549828178,,,699,1489
307,307,5,1,14,1,4,9,708,1470,51,19,93,radio,0.11093466424682395,0.6355240549828178,,,759,1489
308,308,5,1,14,1,4,10,769,1471,38,18,92,net-,0.1191772534785239,0.6357388316151202,,,807,1489
309,309,4,1,14,1,5,0,224,1503,583,23,-1,,0.0779643073200242,0.6505584192439863,,,807,1526
310,310,5,1,14,1,5,1,224,1503,50,18,96,work,0.03765880217785844,0.6494845360824743,,,274,1521
311,311,5,1,14,1,5,2,286,1503,51,18,96,node,0.047111312764670295,0.6494845360824743,,,337,1521
312,312,5,1,14,1,5,3,349,1503,60,23,96,(120).,0.057320024198427105,0.6505584192439863,,,409,1526
313,313,5,1,14,1,5,4,421,1503,40,18,96,The,0.06669691470054447,0.6494845360824743,,,461,1521
314,314,5,1,14,1,5,5,471,1503,86,18,96,wireless,0.07773744706594071,0.6494845360824743,,,557,1521
315,315,5,1,14,1,5,6,569,1503,158,18,96,communication,0.09800362976406533,0.6494845360824743,,,727,1521
316,316,5,1,14,1,5,7,739,1503,68,18,96,device,0.11690865093768905,0.6494845360824743,,,807,1521
317,317,4,1,14,1,6,0,225,1536,582,23,-1,,0.0780399274047187,0.664733676975945,,,807,1559
318,318,5,1,14,1,6,1,225,1536,54,23,96,(110),0.038112522686025406,0.664733676975945,,,279,1559
319,319,5,1,14,1,6,2,290,1536,87,18,96,receives,0.05043859649122807,0.663659793814433,,,377,1554
320,320,5,1,14,1,6,3,389,1536,64,23,96,(3040;,0.06367211131276466,0.664733676975945,,,453,1559
321,321,5,1,14,1,6,4,464,1536,60,23,96,4040),0.07471264367816093,0.664733676975945,,,524,1559
322,322,5,1,14,1,6,5,536,1540,24,14,96,an,0.08287961282516637,0.6645189003436426,,,560,1554
323,323,5,1,14,1,6,6,571,1540,73,14,96,access,0.09187840290381125,0.6645189003436426,,,644,1554
324,324,5,1,14,1,6,7,654,1537,54,22,96,grant,0.10299455535390199,0.6649484536082474,,,708,1559
325,325,5,1,14,1,6,8,718,1536,46,18,95,from,0.11206896551724138,0.663659793814433,,,764,1554
326,326,5,1,14,1,6,9,775,1536,32,18,96,the,0.11963097398669087,0.663659793814433,,,807,1554
327,327,2,1,15,0,0,0,976,1436,55,99,-1,,0.15176950998185118,0.6381013745704467,,,1031,1535
328,328,3,1,15,1,0,0,976,1436,55,99,-1,,0.15176950998185118,0.6381013745704467,,,1031,1535
329,329,4,1,15,1,1,0,976,1436,55,99,-1,,0.15176950998185118,0.6381013745704467,,,1031,1535
330,330,5,1,15,1,1,1,976,1436,55,99,95, ,0.15176950998185118,0.6381013745704467,,,1031,1535
331,331,2,1,16,0,0,0,888,1567,584,150,-1,,0.17846339987900786,0.7053264604810997,,,1472,1717
332,332,3,1,16,1,0,0,888,1567,584,150,-1,,0.17846339987900786,0.7053264604810997,,,1472,1717
333,333,4,1,16,1,1,0,888,1567,584,84,-1,,0.17846339987900786,0.6911512027491409,,,1472,1651
334,334,5,1,16,1,1,1,888,1614,242,35,95, ,0.15260133091349062,0.7008161512027491,,,1130,1649
335,335,5,1,16,1,1,2,1215,1567,257,84,95,  ,0.20319116757410768,0.6911512027491409,,,1472,1651
336,336,4,1,16,1,2,0,1032,1649,393,49,-1,,0.18579854809437388,0.7188573883161512,,,1425,1698
337,337,5,1,16,1,2,1,1032,1649,73,13,95, ,0.1616001209921355,0.7111254295532646,,,1105,1662
338,338,5,1,16,1,2,2,1350,1651,75,47,95,  ,0.20984573502722323,0.719286941580756,,,1425,1698
339,339,4,1,16,1,3,0,1366,1698,56,19,-1,,0.21082879612825167,0.7334621993127147,,,1422,1717
340,340,5,1,16,1,3,1,1366,1698,56,19,95, ,0.21082879612825167,0.7334621993127147,,,1422,1717
341,341,2,1,17,0,0,0,224,1565,1182,158,-1,,0.12326073805202661,0.7061855670103093,,,1406,1723
342,342,3,1,17,1,0,0,224,1565,1182,96,-1,,0.12326073805202661,0.6928694158075601,,,1406,1661
343,343,4,1,17,1,1,0,225,1565,1096,38,-1,,0.11690865093768905,0.6804123711340206,,,1321,1603
344,344,5,1,17,1,1,1,225,1569,51,18,96,radio,0.03788566243194193,0.6778350515463918,,,276,1587
345,345,5,1,17,1,1,2,288,1569,81,18,96,network,0.049682395644283124,0.6778350515463918,,,369,1587
346,346,5,1,17,1,1,3,380,1569,50,18,96,node,0.061252268602540835,0.6778350515463918,,,430,1587
347,347,5,1,17,1,1,4,441,1569,53,23,96,(120),0.0707047791893527,0.6789089347079038,,,494,1592
348,348,5,1,17,1,1,5,505,1569,37,18,96,and,0.07917422867513611,0.6778350515463918,,,542,1587
349,349,5,1,17,1,1,6,552,1569,45,18,96,then,0.08688747731397459,0.6778350515463918,,,597,1587
350,350,5,1,17,1,1,7,607,1569,62,18,96,sends,0.09649122807017543,0.6778350515463918,,,669,1587
351,351,5,1,17,1,1,8,681,1569,125,23,96,(3050-3110;,0.11244706594071385,0.6789089347079038,,,806,1592
352,352,5,1,17,1,1,9,888,1574,47,25,0,âJor0,0.13785541439806412,0.6814862542955327,,,935,1599
353,353,5,1,17,1,1,10,935,1574,48,25,59,Sond,0.14503932244404114,0.6814862542955327,,,983,1599
354,354,5,1,17,1,1,11,982,1565,66,34,7,acvess,0.15350877192982457,0.679553264604811,,,1048,1599
355,355,5,1,17,1,1,12,1050,1574,60,29,81,request,0.16333938294010888,0.6823453608247423,,,1110,1603
356,356,5,1,17,1,1,13,1112,1574,14,21,15,7,0.1692377495462795,0.680627147766323,,,1126,1595
357,357,5,1,17,1,1,14,1318,1596,3,3,65,-,0.19956140350877194,0.6862113402061856,,,1321,1599
358,358,4,1,17,1,2,0,224,1596,1182,29,-1,,0.12326073805202661,0.6917955326460481,,,1406,1625
359,359,5,1,17,1,2,1,224,1602,121,23,94,"4050-4110),",0.04302782819116757,0.6930841924398625,,,345,1625
360,360,5,1,17,1,2,2,348,1602,29,21,96,to,0.05482456140350877,0.6926546391752577,,,377,1623
361,361,5,1,17,1,2,3,383,1602,31,18,96,the,0.0602692075015124,0.6920103092783505,,,414,1620
362,362,5,1,17,1,2,4,421,1602,51,18,96,radio,0.06752873563218391,0.6920103092783505,,,472,1620
363,363,5,1,17,1,2,5,480,1602,81,18,96,network,0.07872050816696914,0.6920103092783505,,,561,1620
364,364,5,1,17,1,2,6,568,1602,50,18,96,node,0.0896854204476709,0.6920103092783505,,,618,1620
365,365,5,1,17,1,2,7,625,1602,53,23,96,"(120),",0.0985329703569268,0.6930841924398625,,,678,1625
366,366,5,1,17,1,2,8,681,1602,30,21,96,at,0.10526315789473684,0.6926546391752577,,,711,1623
367,367,5,1,17,1,2,9,718,1602,48,18,96,least,0.11222020568663037,0.6920103092783505,,,766,1620
368,368,5,1,17,1,2,10,771,1602,36,18,96,two,0.11932849364791288,0.6920103092783505,,,807,1620
369,369,5,1,17,1,2,11,897,1611,18,11,95,on,0.13702359346642468,0.694372852233677,,,915,1622
370,370,5,1,17,1,2,12,922,1608,49,14,96,RACH,0.14314882032667878,0.6937285223367697,,,971,1622
371,371,5,1,17,1,2,13,1124,1597,104,24,37,+7,0.17785843920145192,0.6911512027491409,,,1228,1621
372,372,5,1,17,1,2,14,1230,1596,40,25,75,3020,0.18905021173623715,0.6909364261168385,,,1270,1621
373,373,5,1,17,1,2,15,1277,1596,63,15,79,Receive,0.19789776164549305,0.6887886597938144,,,1340,1611
374,374,5,1,17,1,2,16,1346,1597,60,18,96,request,0.20810647307924984,0.6898625429553265,,,1406,1615
375,375,4,1,17,1,3,0,225,1634,693,27,-1,,0.08643375680580763,0.7076890034364262,,,918,1661
376,376,5,1,17,1,3,1,225,1634,45,19,96,data,0.037431941923774956,0.7059707903780069,,,270,1653
377,377,5,1,17,1,3,2,280,1634,71,19,96,blocks.,0.04771627344222625,0.7059707903780069,,,351,1653
378,378,5,1,17,1,3,3,360,1634,23,19,96,At,0.056185722928009676,0.7059707903780069,,,383,1653
379,379,5,1,17,1,3,4,392,1634,49,19,96,least,0.06299153055051422,0.7059707903780069,,,441,1653
380,380,5,1,17,1,3,5,448,1635,36,18,96,two,0.07047791893526921,0.7061855670103093,,,484,1653
381,381,5,1,17,1,3,6,493,1634,45,19,96,data,0.0779643073200242,0.7059707903780069,,,538,1653
382,382,5,1,17,1,3,7,549,1634,64,19,96,blocks,0.08787053841500303,0.7059707903780069,,,613,1653
383,383,5,1,17,1,3,8,623,1634,85,19,96,includes,0.10065033272837265,0.7059707903780069,,,708,1653
384,384,5,1,17,1,3,9,718,1634,42,23,96,only,0.1117664851784634,0.7068298969072165,,,760,1657
385,385,5,1,17,1,3,10,769,1639,38,14,96,one,0.1191772534785239,0.7070446735395189,,,807,1653
386,386,5,1,17,1,3,11,913,1659,5,2,0,-,0.1384603750756201,0.7130584192439863,,,918,1661
387,387,3,1,17,2,0,0,225,1662,1141,61,-1,,0.12031155474894131,0.7270189003436426,,,1366,1723
388,388,4,1,17,2,1,0,225,1662,1125,33,-1,,0.1191016333938294,0.7210051546391752,,,1350,1695
389,389,5,1,17,2,1,1,225,1672,116,13,95,occurrence,0.042800967937084086,0.7210051546391752,,,341,1685
390,390,5,1,17,2,1,2,350,1667,20,18,96,of,0.0544464609800363,0.7199312714776632,,,370,1685
391,391,5,1,17,2,1,3,378,1672,11,13,96,a,0.058000604960677556,0.7210051546391752,,,389,1685
392,392,5,1,17,2,1,4,399,1667,69,23,96,unique,0.06556261343012704,0.7210051546391752,,,468,1690
393,393,5,1,17,2,1,5,477,1667,67,18,96,device,0.07720810647307925,0.7199312714776632,,,544,1685
394,394,5,1,17,2,1,6,555,1667,73,23,96,identity,0.08945856019358742,0.7210051546391752,,,628,1690
395,395,5,1,17,2,1,7,637,1667,37,18,96,and,0.09913793103448276,0.7199312714776632,,,674,1685
396,396,5,1,17,2,1,8,684,1668,19,17,96,at,0.10488505747126436,0.7201460481099656,,,703,1685
397,397,5,1,17,2,1,9,712,1667,49,18,96,least,0.11138838475499092,0.7199312714776632,,,761,1685
398,398,5,1,17,2,1,10,769,1672,38,13,96,one,0.1191772534785239,0.7210051546391752,,,807,1685
399,399,5,1,17,2,1,11,911,1662,2,33,48,i,0.13793103448275862,0.7210051546391752,,,913,1695
400,400,5,1,17,2,1,12,922,1670,39,15,96,3040,0.1423926194797338,0.7205756013745704,,,961,1685
401,401,5,1,17,2,1,13,968,1670,64,15,96,Receive,0.1512401693889897,0.7205756013745704,,,1032,1685
402,402,5,1,17,2,1,14,1099,1664,2,19,78,i,0.16636418632788869,0.7188573883161512,,,1101,1683
403,403,5,1,17,2,1,15,1253,1662,2,33,44,i,0.1896551724137931,0.7210051546391752,,,1255,1695
404,404,5,1,17,2,1,16,1263,1670,40,15,95,3030,0.1940411373260738,0.7205756013745704,,,1303,1685
405,405,5,1,17,2,1,17,1309,1669,41,16,96,Send,0.20107380520266183,0.720360824742268,,,1350,1685
406,406,4,1,17,2,2,0,225,1694,1141,29,-1,,0.12031155474894131,0.7338917525773195,,,1366,1723
407,407,5,1,17,2,2,1,225,1704,116,14,96,occurrence,0.042800967937084086,0.7349656357388317,,,341,1718
408,408,5,1,17,2,2,2,349,1700,20,18,88,of,0.05429522081064731,0.7341065292096219,,,369,1718
409,409,5,1,17,2,2,3,375,1704,11,14,88,a,0.057546884452510584,0.7349656357388317,,,386,1718
410,410,5,1,17,2,2,4,395,1700,70,18,96,reduced,0.06503327283726558,0.7341065292096219,,,465,1718
411,411,5,1,17,2,2,5,467,1700,42,18,96,ID,0.07380520266182698,0.7341065292096219,,,509,1718
412,412,5,1,17,2,2,6,516,1700,32,18,96,that,0.08045977011494253,0.7341065292096219,,,548,1718
413,413,5,1,17,2,2,7,549,1700,29,18,96,is,0.0852238354506957,0.7341065292096219,,,578,1718
414,414,5,1,17,2,2,8,586,1700,125,23,95,represented,0.09807924984875983,0.7351804123711341,,,711,1723
415,415,5,1,17,2,2,9,720,1700,23,23,95,by,0.11063218390804598,0.7351804123711341,,,743,1723
416,416,5,1,17,2,2,10,749,1700,59,18,96,fewer,0.1177404718693285,0.7341065292096219,,,808,1718
417,417,5,1,17,2,2,11,911,1696,67,13,60,access,0.14284633998790078,0.7313144329896907,,,978,1709
418,418,5,1,17,2,2,12,983,1694,41,17,96,grant,0.15176950998185118,0.7313144329896907,,,1024,1711
419,419,5,1,17,2,2,13,1099,1700,2,5,69,!,0.16636418632788869,0.7313144329896907,,,1101,1705
420,420,5,1,17,2,2,14,1253,1696,66,13,34,access,0.19449485783424078,0.7313144329896907,,,1319,1709
421,421,5,1,17,2,2,15,1325,1694,41,23,96,grant,0.20349364791288566,0.7326030927835051,,,1366,1717
422,422,2,1,18,0,0,0,1099,1698,2,13,-1,,0.16636418632788869,0.7321735395189003,,,1101,1711
423,423,3,1,18,1,0,0,1099,1698,2,13,-1,,0.16636418632788869,0.7321735395189003,,,1101,1711
424,424,4,1,18,1,1,0,1099,1698,2,13,-1,,0.16636418632788869,0.7321735395189003,,,1101,1711
425,425,5,1,18,1,1,1,1099,1698,2,13,95, ,0.16636418632788869,0.7321735395189003,,,1101,1711
426,426,2,1,19,0,0,0,911,1712,420,5,-1,,0.16954022988505746,0.7364690721649485,,,1331,1717
427,427,3,1,19,1,0,0,911,1712,420,5,-1,,0.16954022988505746,0.7364690721649485,,,1331,1717
428,428,4,1,19,1,1,0,911,1712,420,5,-1,,0.16954022988505746,0.7364690721649485,,,1331,1717
429,429,5,1,19,1,1,1,911,1712,420,5,95, ,0.16954022988505746,0.7364690721649485,,,1331,1717
430,430,2,1,20,0,0,0,226,1732,1225,46,-1,,0.12681488203266789,0.7538659793814433,,,1451,1778
431,431,3,1,20,1,0,0,226,1732,1225,46,-1,,0.12681488203266789,0.7538659793814433,,,1451,1778
432,432,4,1,20,1,1,0,226,1732,1225,24,-1,,0.12681488203266789,0.7491408934707904,,,1451,1756
433,433,5,1,20,1,1,1,226,1732,35,19,96,bits,0.036826981246219,0.7480670103092784,,,261,1751
434,434,5,1,20,1,1,2,269,1732,44,19,96,than,0.04401088929219601,0.7480670103092784,,,313,1751
435,435,5,1,20,1,1,3,322,1732,31,19,96,the,0.05104355716878403,0.7480670103092784,,,353,1751
436,436,5,1,20,1,1,4,362,1732,70,23,96,unique,0.06004234724742892,0.748926116838488,,,432,1755
437,437,5,1,20,1,1,5,440,1732,67,19,96,device,0.07161222020568662,0.7480670103092784,,,507,1751
438,438,5,1,20,1,1,6,517,1732,26,19,95,ID.,0.08015728977616456,0.7480670103092784,,,543,1751
439,439,5,1,20,1,1,7,1108,1748,3,3,0,;,0.1678009679370841,0.7515034364261168,,,1111,1751
440,440,5,1,20,1,1,8,1219,1748,22,5,0,a,0.18602540834845735,0.7519329896907216,,,1241,1753
441,441,5,1,20,1,1,9,1447,1748,4,8,0,;,0.2191470054446461,0.7525773195876289,,,1451,1756
442,442,4,1,20,1,2,0,921,1756,530,22,-1,,0.1793708408953418,0.759020618556701,,,1451,1778
443,443,5,1,20,1,2,1,921,1758,29,15,84,050,0.1414851784633999,0.7583762886597938,,,950,1773
444,444,5,1,20,1,2,2,956,1758,42,15,95,Send,0.14776164549304296,0.7583762886597938,,,998,1773
445,445,5,1,20,1,2,3,1004,1758,35,15,96,data,0.15449183303085298,0.7583762886597938,,,1039,1773
446,446,5,1,20,1,2,4,1043,1758,43,15,81,block,0.16099516031457956,0.7583762886597938,,,1086,1773
447,447,5,1,20,1,2,5,1110,1756,112,19,16,+ââââ>,0.176346037507562,0.7583762886597938,,,1222,1775
448,448,5,1,20,1,2,6,1230,1758,40,15,95,3060,0.18905021173623715,0.7583762886597938,,,1270,1773
449,449,5,1,20,1,2,7,1277,1758,53,15,94,Receive,0.19714156079854808,0.7583762886597938,,,1330,1773
450,450,5,1,20,1,2,8,1330,1758,51,15,96,data,0.20500604960677557,0.7583762886597938,,,1381,1773
451,451,5,1,20,1,2,9,1387,1758,41,15,71,block,0.21287053841500303,0.7583762886597938,,,1428,1773
452,452,5,1,20,1,2,10,1450,1759,1,19,55,|,0.21937386569872958,0.7596649484536082,,,1451,1778
453,453,2,1,21,0,0,0,921,1859,530,25,-1,,0.1793708408953418,0.8039089347079038,,,1451,1884
454,454,3,1,21,1,0,0,921,1859,530,25,-1,,0.1793708408953418,0.8039089347079038,,,1451,1884
455,455,4,1,21,1,1,0,921,1859,530,25,-1,,0.1793708408953418,0.8039089347079038,,,1451,1884
456,456,5,1,21,1,1,1,921,1870,29,14,86,090,0.1414851784633999,0.8062714776632303,,,950,1884
457,457,5,1,21,1,1,2,956,1869,42,15,94,Send,0.14776164549304296,0.8060567010309279,,,998,1884
458,458,5,1,21,1,1,3,1004,1869,35,15,94,data,0.15449183303085298,0.8060567010309279,,,1039,1884
459,459,5,1,21,1,1,4,1043,1869,43,15,81,block,0.16099516031457956,0.8060567010309279,,,1086,1884
460,460,5,1,21,1,1,5,1110,1871,112,11,14,/ââ>!,0.176346037507562,0.8060567010309279,,,1222,1882
461,461,5,1,21,1,1,6,1241,1870,29,14,91,3100,0.1898820326678766,0.8062714776632303,,,1270,1884
462,462,5,1,21,1,1,7,1277,1869,63,15,95,Receive,0.19789776164549305,0.8060567010309279,,,1340,1884
463,463,5,1,21,1,1,8,1346,1869,35,15,96,data,0.20621597096188748,0.8060567010309279,,,1381,1884
464,464,5,1,21,1,1,9,1387,1869,40,15,86,block,0.21279491833030853,0.8060567010309279,,,1427,1884
465,465,5,1,21,1,1,10,1447,1859,4,9,73,|,0.2191470054446461,0.8004725085910653,,,1451,1868
466,466,2,1,22,0,0,0,897,1738,575,209,-1,,0.1791439806412583,0.7914518900343642,,,1472,1947
467,467,3,1,22,1,0,0,897,1738,575,209,-1,,0.1791439806412583,0.7914518900343642,,,1472,1947
468,468,4,1,22,1,1,0,897,1738,575,209,-1,,0.1791439806412583,0.7914518900343642,,,1472,1947
469,469,5,1,22,1,1,1,897,1738,575,209,95, ,0.1791439806412583,0.7914518900343642,,,1472,1947
470,470,2,1,23,0,0,0,922,1913,529,34,-1,,0.1794464609800363,0.8290378006872853,,,1451,1947
471,471,3,1,23,1,0,0,922,1913,529,34,-1,,0.1794464609800363,0.8290378006872853,,,1451,1947
472,472,4,1,23,1,1,0,922,1913,529,34,-1,,0.1794464609800363,0.8290378006872853,,,1451,1947
473,473,5,1,23,1,1,1,922,1923,27,15,87,110,0.1414851784633999,0.8292525773195877,,,949,1938
474,474,5,1,23,1,1,2,955,1923,42,15,88,Send,0.14761040532365396,0.8292525773195877,,,997,1938
475,475,5,1,23,1,1,3,1002,1923,35,15,85,data,0.154189352692075,0.8292525773195877,,,1037,1938
476,476,5,1,23,1,1,4,1043,1923,42,15,43,block,0.16091954022988506,0.8292525773195877,,,1085,1938
477,477,5,1,23,1,1,5,1106,1925,116,22,37,+!,0.17604355716878403,0.8316151202749141,,,1222,1947
478,478,5,1,23,1,1,6,1223,1923,47,24,89,3120,0.18852087114337568,0.8311855670103093,,,1270,1947
479,479,5,1,23,1,1,7,1271,1923,69,24,92,Receive,0.19744404113732608,0.8311855670103093,,,1340,1947
480,480,5,1,23,1,1,8,1339,1923,42,24,96,data,0.205686630369026,0.8311855670103093,,,1381,1947
481,481,5,1,23,1,1,9,1380,1923,48,24,86,block,0.21234119782214156,0.8311855670103093,,,1428,1947
482,482,5,1,23,1,1,10,1427,1913,24,34,35,|,0.2176346037507562,0.8290378006872853,,,1451,1947
483,483,2,1,24,0,0,0,897,1956,555,147,-1,,0.17763157894736842,0.8717783505154639,,,1452,2103
484,484,3,1,24,1,0,0,897,1956,555,147,-1,,0.17763157894736842,0.8717783505154639,,,1452,2103
485,485,4,1,24,1,1,0,911,1956,535,20,-1,,0.1782365396249244,0.8445017182130584,,,1446,1976
486,486,5,1,24,1,1,1,911,1956,535,20,95, ,0.1782365396249244,0.8445017182130584,,,1446,1976
487,487,4,1,24,1,2,0,1032,1976,420,50,-1,,0.18784029038112524,0.8595360824742269,,,1452,2026
488,488,5,1,24,1,2,1,1032,1976,420,50,95,  ,0.18784029038112524,0.8595360824742269,,,1452,2026
489,489,4,1,24,1,3,0,897,2049,229,54,-1,,0.1529794313369631,0.8917525773195877,,,1126,2103
490,490,5,1,24,1,3,1,897,2049,229,54,95,    ,0.1529794313369631,0.8917525773195877,,,1126,2103
491,491,2,1,25,0,0,0,911,1985,121,49,-1,,0.14692982456140352,0.8631872852233677,,,1032,2034
492,492,3,1,25,1,0,0,911,1985,121,49,-1,,0.14692982456140352,0.8631872852233677,,,1032,2034
493,493,4,1,25,1,1,0,911,1985,121,19,-1,,0.14692982456140352,0.8567439862542955,,,1032,2004
494,494,5,1,25,1,1,1,911,1985,2,19,0,:,0.13793103448275862,0.8567439862542955,,,913,2004
495,495,5,1,25,1,1,2,922,1987,39,14,93,3140,0.1423926194797338,0.8565292096219931,,,961,2001
496,496,5,1,25,1,1,3,968,1986,64,15,96,Receive,0.1512401693889897,0.8563144329896907,,,1032,2001
497,497,4,1,25,1,2,0,911,2007,92,27,-1,,0.14473684210526316,0.8679123711340206,,,1003,2034
498,498,5,1,25,1,2,1,911,2007,7,27,45,L,0.1383091349062311,0.8679123711340206,,,918,2034
499,499,5,1,25,1,2,2,923,2009,80,18,95,Response,0.1456442831215971,0.8668384879725086,,,1003,2027
500,500,2,1,26,0,0,0,920,2031,181,3,-1,,0.1528281911675741,0.8730670103092784,,,1101,2034
501,501,3,1,26,1,0,0,920,2031,181,3,-1,,0.1528281911675741,0.8730670103092784,,,1101,2034
502,502,4,1,26,1,1,0,920,2031,181,3,-1,,0.1528281911675741,0.8730670103092784,,,1101,2034
503,503,5,1,26,1,1,1,920,2031,181,3,95, ,0.1528281911675741,0.8730670103092784,,,1101,2034
504,504,2,1,27,0,0,0,1335,1555,4,514,-1,,0.20220810647307924,0.7783505154639175,,,1339,2069
505,505,3,1,27,1,0,0,1335,1555,4,514,-1,,0.20220810647307924,0.7783505154639175,,,1339,2069
506,506,4,1,27,1,1,0,1335,1555,4,514,-1,,0.20220810647307924,0.7783505154639175,,,1339,2069
507,507,5,1,27,1,1,1,1335,1555,4,514,95, ,0.20220810647307924,0.7783505154639175,,,1339,2069
508,508,2,1,28,0,0,0,922,2068,189,25,-1,,0.15373563218390804,0.8936855670103093,,,1111,2093
509,509,3,1,28,1,0,0,922,2068,189,25,-1,,0.15373563218390804,0.8936855670103093,,,1111,2093
510,510,4,1,28,1,1,0,922,2068,189,25,-1,,0.15373563218390804,0.8936855670103093,,,1111,2093
511,511,5,1,28,1,1,1,922,2079,28,14,87,150,0.14156079854809436,0.8960481099656358,,,950,2093
512,512,5,1,28,1,1,2,956,2078,42,15,94,Send,0.14776164549304296,0.8958333333333334,,,998,2093
513,513,5,1,28,1,1,3,1004,2078,35,15,94,data,0.15449183303085298,0.8958333333333334,,,1039,2093
514,514,5,1,28,1,1,4,1044,2078,42,15,90,block,0.16107078039927405,0.8958333333333334,,,1086,2093
515,515,5,1,28,1,1,5,1108,2068,3,3,53,|,0.1678009679370841,0.8889604810996563,,,1111,2071
516,516,2,1,29,0,0,0,1004,1547,5,585,-1,,0.15222323049001815,0.7901632302405498,,,1009,2132
517,517,3,1,29,1,0,0,1004,1547,5,585,-1,,0.15222323049001815,0.7901632302405498,,,1009,2132
518,518,4,1,29,1,1,0,1004,1547,5,585,-1,,0.15222323049001815,0.7901632302405498,,,1009,2132
519,519,5,1,29,1,1,1,1004,1547,5,585,95, ,0.15222323049001815,0.7901632302405498,,,1009,2132
520,520,2,1,30,0,0,0,716,2270,259,16,-1,,0.1278735632183908,0.9785223367697594,,,975,2286
521,521,3,1,30,1,0,0,716,2270,259,16,-1,,0.1278735632183908,0.9785223367697594,,,975,2286
522,522,4,1,30,1,1,0,716,2270,259,16,-1,,0.1278735632183908,0.9785223367697594,,,975,2286
523,523,5,1,30,1,1,1,716,2270,49,12,96,Printed,0.11199334543254688,0.9776632302405498,,,765,2282
524,524,5,1,30,1,1,2,771,2270,15,16,96,by,0.1177404718693285,0.9785223367697594,,,786,2286
525,525,5,1,30,1,1,3,792,2270,45,14,96,"Jouve,",0.12318511796733213,0.9780927835051546,,,837,2284
526,526,5,1,30,1,1,4,843,2270,41,12,96,75001,0.13059588626739263,0.9776632302405498,,,884,2282
527,527,5,1,30,1,1,5,893,2270,46,12,96,PARIS,0.1385359951603146,0.9776632302405498,,,939,2282
528,528,5,1,30,1,1,6,945,2270,30,16,95,(FR),0.14519056261343014,0.9785223367697594,,,975,2286
