,Unnamed: 0,level,page_num,block_num,par_num,line_num,word_num,left,top,width,height,conf,text,x,y,label,target,right,bottom
0,0,1,1,0,0,0,0,0,0,1653,2328,-1,,0.125,0.5,,,1653,2328
1,1,2,1,1,0,0,0,144,1905,31,328,-1,,0.02412280701754386,0.8887457044673539,,,175,2233
2,2,3,1,1,1,0,0,144,1905,31,328,-1,,0.02412280701754386,0.8887457044673539,,,175,2233
3,3,4,1,1,1,1,0,144,1905,31,328,-1,,0.02412280701754386,0.8887457044673539,,,175,2233
4,4,5,1,1,1,1,1,144,2179,30,54,96,EP,0.024047186932849365,0.947594501718213,,,174,2233
5,5,5,1,1,1,1,2,144,2142,31,21,96,3,0.02412280701754386,0.9246134020618557,,,175,2163
6,6,5,1,1,1,1,3,144,2055,31,71,96,399,0.02412280701754386,0.8979810996563574,,,175,2126
7,7,5,1,1,1,1,4,144,1969,31,70,89,799,0.02412280701754386,0.8608247422680413,,,175,2039
8,8,5,1,1,1,1,5,144,1905,30,50,89,A1,0.024047186932849365,0.8290378006872853,,,174,1955
9,9,2,1,2,0,0,0,429,153,88,28,-1,,0.07153660012099214,0.07173539518900343,,,517,181
10,10,3,1,2,1,0,0,429,153,88,28,-1,,0.07153660012099214,0.07173539518900343,,,517,181
11,11,4,1,2,1,1,0,429,153,88,16,-1,,0.07153660012099214,0.06915807560137457,,,517,169
12,12,5,1,2,1,1,1,429,153,88,16,84,Europaisches,0.07153660012099214,0.06915807560137457,,,517,169
13,13,4,1,2,1,2,0,429,170,71,11,-1,,0.07025105868118572,0.07538659793814433,,,500,181
14,14,5,1,2,1,2,1,429,170,71,11,96,Patentamt,0.07025105868118572,0.07538659793814433,,,500,181
15,15,2,1,3,0,0,0,429,196,89,28,-1,,0.07161222020568662,0.09020618556701031,,,518,224
16,16,3,1,3,1,0,0,429,196,89,28,-1,,0.07161222020568662,0.09020618556701031,,,518,224
17,17,4,1,3,1,1,0,429,196,63,15,-1,,0.06964609800362977,0.08741408934707903,,,492,211
18,18,5,1,3,1,1,1,429,196,63,15,95,European,0.06964609800362977,0.08741408934707903,,,492,211
19,19,4,1,3,1,2,0,429,212,89,12,-1,,0.07161222020568662,0.0936426116838488,,,518,224
20,20,5,1,3,1,2,1,429,213,43,11,96,Patent,0.06813369630973987,0.0938573883161512,,,472,224
21,21,5,1,3,1,2,2,478,212,40,12,90,Office,0.07531760435571688,0.0936426116838488,,,518,224
22,22,2,1,4,0,0,0,429,239,109,28,-1,,0.07312462189957653,0.10867697594501718,,,538,267
23,23,3,1,4,1,0,0,429,239,109,28,-1,,0.07312462189957653,0.10867697594501718,,,538,267
24,24,4,1,4,1,1,0,429,239,109,15,-1,,0.07312462189957653,0.10588487972508591,,,538,254
25,25,5,1,4,1,1,1,429,239,40,12,93,Office,0.06790683605565638,0.1052405498281787,,,469,251
26,26,5,1,4,1,1,2,474,239,64,15,93,europ√©en,0.0765275257108288,0.10588487972508591,,,538,254
27,27,4,1,4,1,2,0,429,255,77,12,-1,,0.0707047791893527,0.11211340206185567,,,506,267
28,28,5,1,4,1,2,1,429,255,22,12,95,des,0.06654567453115548,0.11211340206185567,,,451,267
29,29,5,1,4,1,2,2,457,255,49,12,82,brevets,0.07282214156079855,0.11211340206185567,,,506,267
30,30,2,1,5,0,0,0,281,136,274,150,-1,,0.06321839080459771,0.09063573883161512,,,555,286
31,31,3,1,5,1,0,0,281,136,274,150,-1,,0.06321839080459771,0.09063573883161512,,,555,286
32,32,4,1,5,1,1,0,281,136,274,150,-1,,0.06321839080459771,0.09063573883161512,,,555,286
33,33,5,1,5,1,1,1,281,136,274,150,95, ,0.06321839080459771,0.09063573883161512,,,555,286
34,34,2,1,6,0,0,0,225,324,45,26,-1,,0.037431941923774956,0.14475945017182132,,,270,350
35,35,3,1,6,1,0,0,225,324,45,26,-1,,0.037431941923774956,0.14475945017182132,,,270,350
36,36,4,1,6,1,1,0,225,324,45,26,-1,,0.037431941923774956,0.14475945017182132,,,270,350
37,37,5,1,6,1,1,1,225,324,45,26,96,(12),0.037431941923774956,0.14475945017182132,,,270,350
38,38,2,1,7,0,0,0,225,395,378,53,-1,,0.06261343012704174,0.18105670103092783,,,603,448
39,39,3,1,7,1,0,0,225,395,378,53,-1,,0.06261343012704174,0.18105670103092783,,,603,448
40,40,4,1,7,1,1,0,225,395,262,26,-1,,0.05384150030248034,0.17525773195876287,,,487,421
41,41,5,1,7,1,1,1,225,395,45,26,95,(43),0.037431941923774956,0.17525773195876287,,,270,421
42,42,5,1,7,1,1,2,286,397,48,18,95,Date,0.04688445251058681,0.17439862542955326,,,334,415
43,43,5,1,7,1,1,3,342,397,20,18,96,of,0.05323653962492438,0.17439862542955326,,,362,415
44,44,5,1,7,1,1,4,370,397,117,23,96,publication:,0.0648064125831821,0.17547250859106528,,,487,420
45,45,4,1,7,1,2,0,286,430,317,18,-1,,0.06722625529340592,0.18857388316151202,,,603,448
46,46,5,1,7,1,2,1,286,430,117,18,96,07.11.2018,0.052102238354506954,0.18857388316151202,publication_date,07.11.2018,403,448
47,47,5,1,7,1,2,2,426,430,84,18,95,Bulletin,0.07078039927404718,0.18857388316151202,,,510,448
48,48,5,1,7,1,2,3,519,430,84,18,95,2018/45,0.08484573502722323,0.18857388316151202,,,603,448
49,49,2,1,8,0,0,0,225,493,402,26,-1,,0.06442831215970962,0.21735395189003437,,,627,519
50,50,3,1,8,1,0,0,225,493,402,26,-1,,0.06442831215970962,0.21735395189003437,,,627,519
51,51,4,1,8,1,1,0,225,493,402,26,-1,,0.06442831215970962,0.21735395189003437,,,627,519
52,52,5,1,8,1,1,1,225,493,45,26,96,(21),0.037431941923774956,0.21735395189003437,,,270,519
53,53,5,1,8,1,1,2,285,495,115,23,96,Application,0.051799758015728975,0.21756872852233677,,,400,518
54,54,5,1,8,1,1,3,410,495,83,18,93,number:,0.06828493647912885,0.21649484536082475,,,493,513
55,55,5,1,8,1,1,4,505,495,122,18,92,18178774.8,0.08560193587416817,0.21649484536082475,application_number,18178774.8,627,513
56,56,2,1,9,0,0,0,225,559,325,26,-1,,0.05860556563823351,0.24570446735395188,,,550,585
57,57,3,1,9,1,0,0,225,559,325,26,-1,,0.05860556563823351,0.24570446735395188,,,550,585
58,58,4,1,9,1,1,0,225,559,325,26,-1,,0.05860556563823351,0.24570446735395188,,,550,585
59,59,5,1,9,1,1,1,225,559,45,26,96,(22),0.037431941923774956,0.24570446735395188,,,270,585
60,60,5,1,9,1,1,2,286,561,48,18,96,Date,0.04688445251058681,0.24484536082474226,,,334,579
61,61,5,1,9,1,1,3,342,566,12,13,96,of,0.05263157894736842,0.24591924398625428,,,354,579
62,62,5,1,9,1,1,4,355,561,67,23,96,filing:,0.058756805807622506,0.24591924398625428,,,422,584
63,63,5,1,9,1,1,5,433,561,117,18,96,18.12.2013,0.07433454325468844,0.24484536082474226,filing_date,18.12.2013,550,579
64,64,2,1,10,0,0,0,1002,245,458,38,-1,,0.18617664851784635,0.1134020618556701,,,1460,283
65,65,3,1,10,1,0,0,1002,245,458,38,-1,,0.18617664851784635,0.1134020618556701,,,1460,283
66,66,4,1,10,1,1,0,1002,245,458,38,-1,,0.18617664851784635,0.1134020618556701,,,1460,283
67,67,5,1,10,1,1,1,1002,256,44,27,74,(11),0.15486993345432548,0.11576460481099657,,,1046,283
68,68,5,1,10,1,1,2,1146,245,52,32,95,EP,0.17725347852389595,0.11211340206185567,number,EP,1198,277
69,69,5,1,10,1,1,3,1214,245,20,32,94,3,0.1851179673321234,0.11211340206185567,number,3,1234,277
70,70,5,1,10,1,1,4,1249,245,68,32,94,399,0.1940411373260738,0.11211340206185567,number,399,1317,277
71,71,5,1,10,1,1,5,1332,245,67,32,93,799,0.20651845130066546,0.11211340206185567,number,799,1399,277
72,72,5,1,10,1,1,6,1413,245,47,32,89,A1,0.21725650332728372,0.11211340206185567,number,A1,1460,277
73,73,2,1,11,0,0,0,577,319,537,26,-1,,0.1278735632183908,0.14261168384879724,,,1114,345
74,74,3,1,11,1,0,0,577,319,537,26,-1,,0.1278735632183908,0.14261168384879724,,,1114,345
75,75,4,1,11,1,1,0,577,319,537,26,-1,,0.1278735632183908,0.14261168384879724,,,1114,345
76,76,5,1,11,1,1,1,577,319,156,26,95,EUROPEAN,0.09906231094978826,0.14261168384879724,,,733,345
77,77,5,1,11,1,1,2,735,320,135,24,95,PATENT,0.12137023593466424,0.14261168384879724,,,870,344
78,78,5,1,11,1,1,3,873,319,241,26,96,APPLICATION,0.1502571082879613,0.14261168384879724,,,1114,345
79,79,2,1,12,0,0,0,862,395,264,51,-1,,0.15033272837265577,0.18062714776632302,,,1126,446
80,80,3,1,12,1,0,0,862,395,264,51,-1,,0.15033272837265577,0.18062714776632302,,,1126,446
81,81,4,1,12,1,1,0,862,395,126,26,-1,,0.13989715668481548,0.17525773195876287,,,988,421
82,82,5,1,12,1,1,1,862,395,44,26,67,(51),0.1336963097398669,0.17525773195876287,,,906,421
83,83,5,1,12,1,1,2,923,397,25,18,93,Int,0.1414851784633999,0.17439862542955326,,,948,415
84,84,5,1,12,1,1,3,955,397,33,18,65,Cl:,0.14692982456140352,0.17439862542955326,,,988,415
85,85,4,1,12,1,2,0,922,425,204,21,-1,,0.15486993345432548,0.1870704467353952,,,1126,446
86,86,5,1,12,1,2,1,922,428,68,18,65,HO4W,0.14458560193587416,0.1877147766323024,class_international,H04W,990,446
87,87,5,1,12,1,2,2,994,428,60,18,89,48/14,0.15486993345432548,0.1877147766323024,class_international,48/14,1054,446
88,88,5,1,12,1,2,3,1059,425,67,16,85,(2009.01),0.16522988505747127,0.18599656357388317,,,1126,441
89,89,2,1,13,0,0,0,224,613,1243,4,-1,,0.1278735632183908,0.26417525773195877,,,1467,617
90,90,3,1,13,1,0,0,224,613,1243,4,-1,,0.1278735632183908,0.26417525773195877,,,1467,617
91,91,4,1,13,1,1,0,224,613,1243,4,-1,,0.1278735632183908,0.26417525773195877,,,1467,617
92,92,5,1,13,1,1,1,224,613,1243,4,95, ,0.1278735632183908,0.26417525773195877,,,1467,617
93,93,2,1,14,0,0,0,225,631,599,119,-1,,0.07932546884452511,0.296606529209622,,,824,750
94,94,3,1,14,1,0,0,225,631,599,119,-1,,0.07932546884452511,0.296606529209622,,,824,750
95,95,4,1,14,1,1,0,225,631,388,27,-1,,0.0633696309739867,0.2768470790378007,,,613,658
96,96,5,1,14,1,1,1,225,631,45,27,96,(84),0.037431941923774956,0.2768470790378007,,,270,658
97,97,5,1,14,1,1,2,286,633,118,23,96,Designated,0.052177858439201454,0.2768470790378007,,,404,656
98,98,5,1,14,1,1,3,413,633,119,23,96,Contracting,0.07146098003629764,0.2768470790378007,,,532,656
99,99,5,1,14,1,1,4,542,633,71,19,96,States:,0.08734119782214156,0.2759879725085911,,,613,652
100,100,4,1,14,1,2,0,285,666,537,18,-1,,0.08371143375680581,0.28994845360824745,,,822,684
101,101,5,1,14,1,2,1,285,666,31,18,94,AL,0.04544767090139141,0.28994845360824745,,,316,684
102,102,5,1,14,1,2,2,323,666,31,18,94,AT,0.05119479733817302,0.28994845360824745,,,354,684
103,103,5,1,14,1,2,3,363,666,30,18,96,BE,0.05716878402903811,0.28994845360824745,,,393,684
104,104,5,1,14,1,2,4,403,666,32,18,96,BG,0.0633696309739867,0.28994845360824745,,,435,684
105,105,5,1,14,1,2,5,445,666,31,18,96,CH,0.06964609800362977,0.28994845360824745,,,476,684
106,106,5,1,14,1,2,6,486,666,32,18,95,CY,0.07592256503327284,0.28994845360824745,,,518,684
107,107,5,1,14,1,2,7,526,666,30,18,93,CZ,0.08182093163944344,0.28994845360824745,,,556,684
108,108,5,1,14,1,2,8,565,666,30,18,93,DE,0.08771929824561403,0.28994845360824745,,,595,684
109,109,5,1,14,1,2,9,605,666,32,18,95,DK,0.09392014519056262,0.28994845360824745,,,637,684
110,110,5,1,14,1,2,10,646,666,29,18,95,EE,0.0998941318814277,0.28994845360824745,,,675,684
111,111,5,1,14,1,2,11,684,666,29,18,93,ES,0.10564125831820932,0.28994845360824745,,,713,684
112,112,5,1,14,1,2,12,723,666,57,18,90,FIFR,0.11365698729582577,0.28994845360824745,,,780,684
113,113,5,1,14,1,2,13,788,666,34,18,95,GB,0.12174833635813673,0.28994845360824745,,,822,684
114,114,4,1,14,1,3,0,285,699,539,18,-1,,0.0838626739261948,0.30412371134020616,,,824,717
115,115,5,1,14,1,3,1,285,699,297,18,83,GRHRHUIEISITLILTLU,0.06556261343012704,0.30412371134020616,,,582,717
116,116,5,1,14,1,3,2,591,699,28,18,85,LV,0.09150030248033877,0.30412371134020616,,,619,717
117,117,5,1,14,1,3,3,627,699,35,18,85,MC,0.09747428917120388,0.30412371134020616,,,662,717
118,118,5,1,14,1,3,4,670,699,35,18,94,MK,0.10397761645493044,0.30412371134020616,,,705,717
119,119,5,1,14,1,3,5,713,699,32,18,91,MT,0.11025408348457351,0.30412371134020616,,,745,717
120,120,5,1,14,1,3,6,753,699,29,18,49,NL,0.11607683000604961,0.30412371134020616,,,782,717
121,121,5,1,14,1,3,7,791,699,33,18,49,NO,0.1221264367816092,0.30412371134020616,,,824,717
122,122,4,1,14,1,4,0,286,732,336,18,-1,,0.06866303690260134,0.31829896907216493,,,622,750
123,123,5,1,14,1,4,1,286,732,28,18,93,PL,0.045372050816696916,0.31829896907216493,,,314,750
124,124,5,1,14,1,4,2,323,732,29,18,92,PT,0.05104355716878403,0.31829896907216493,,,352,750
125,125,5,1,14,1,4,3,360,732,58,18,92,RORS,0.058832425892317,0.31829896907216493,,,418,750
126,126,5,1,14,1,4,4,420,732,52,18,92,SE,0.06745311554748941,0.31829896907216493,,,472,750
127,127,5,1,14,1,4,5,480,732,20,18,95,SI,0.07410768300060495,0.31829896907216493,,,500,750
128,128,5,1,14,1,4,6,510,732,31,18,93,SK,0.0794767090139141,0.31829896907216493,,,541,750
129,129,5,1,14,1,4,7,550,732,72,18,90,SMTR,0.08862673926194797,0.31829896907216493,,,622,750
130,130,2,1,15,0,0,0,225,795,513,27,-1,,0.07282214156079855,0.3472938144329897,,,738,822
131,131,3,1,15,1,0,0,225,795,513,27,-1,,0.07282214156079855,0.3472938144329897,,,738,822
132,132,4,1,15,1,1,0,225,795,513,27,-1,,0.07282214156079855,0.3472938144329897,,,738,822
133,133,5,1,15,1,1,1,225,795,45,27,96,(30),0.037431941923774956,0.3472938144329897,,,270,822
134,134,5,1,15,1,1,2,286,797,77,23,96,Priority:,0.04907743496672716,0.3472938144329897,,,363,820
135,135,5,1,15,1,1,3,383,797,118,19,96,06.05.2013,0.06684815486993345,0.34643470790378006,priority_date_eu,06.05.2013,501,816
136,136,5,1,15,1,1,4,520,797,30,19,96,US,0.0809134906231095,0.34643470790378006,,,550,816
137,137,5,1,15,1,1,5,559,797,154,19,92,201361820021,0.09618874773139746,0.34643470790378006,,,713,816
138,138,5,1,15,1,1,6,725,797,13,19,92,P,0.11063218390804598,0.34643470790378006,,,738,816
139,139,2,1,16,0,0,0,225,861,596,86,-1,,0.07909860859044163,0.38831615120274915,,,821,947
140,140,3,1,16,1,0,0,225,861,596,86,-1,,0.07909860859044163,0.38831615120274915,,,821,947
141,141,4,1,16,1,1,0,225,861,596,26,-1,,0.07909860859044163,0.3754295532646048,,,821,887
142,142,5,1,16,1,1,1,225,861,45,26,96,(62),0.037431941923774956,0.3754295532646048,,,270,887
143,143,5,1,16,1,1,2,286,863,107,18,96,Document,0.05134603750756201,0.3745704467353952,,,393,881
144,144,5,1,16,1,1,3,402,863,105,23,96,number(s),0.06873865698729582,0.3756443298969072,,,507,886
145,145,5,1,16,1,1,4,516,863,20,18,96,of,0.07955232909860858,0.3745704467353952,,,536,881
146,146,5,1,16,1,1,5,542,863,32,18,96,the,0.08439201451905626,0.3745704467353952,,,574,881
147,147,5,1,16,1,1,6,583,863,65,18,96,earlier,0.09308832425892317,0.3745704467353952,,,648,881
148,148,5,1,16,1,1,7,655,863,140,23,94,application(s),0.10964912280701754,0.3756443298969072,,,795,886
149,149,5,1,16,1,1,8,805,863,16,18,96,in,0.12295825771324864,0.3745704467353952,,,821,881
150,150,4,1,16,1,2,0,286,895,308,19,-1,,0.06654567453115548,0.38853092783505155,,,594,914
151,151,5,1,16,1,2,1,286,895,109,19,96,accordance,0.051497277676950996,0.38853092783505155,,,395,914
152,152,5,1,16,1,2,2,395,895,60,19,96,with,0.06427707199032062,0.38853092783505155,,,455,914
153,153,5,1,16,1,2,3,464,895,35,19,96,Art.,0.07282214156079855,0.38853092783505155,,,499,914
154,154,5,1,16,1,2,4,508,895,25,19,96,76,0.07872050816696914,0.38853092783505155,,,533,914
155,155,5,1,16,1,2,5,542,895,52,19,96,EPC:,0.08590441621294616,0.38853092783505155,,,594,914
156,156,4,1,16,1,3,0,286,929,250,18,-1,,0.06215970961887477,0.4029209621993127,,,536,947
157,157,5,1,16,1,3,1,286,929,124,18,89,13884245.5,0.05263157894736842,0.4029209621993127,,,410,947
158,158,5,1,16,1,3,2,417,929,7,18,87,/,0.06359649122807018,0.4029209621993127,,,424,947
159,159,5,1,16,1,3,3,432,929,11,18,82,2,0.066167574107683,0.4029209621993127,,,443,947
160,160,5,1,16,1,3,4,451,929,38,18,82,995,0.07108287961282517,0.4029209621993127,,,489,947
161,161,5,1,16,1,3,5,499,929,37,18,96,133,0.07826678765880218,0.4029209621993127,,,536,947
162,162,2,1,17,0,0,0,225,992,391,58,-1,,0.06359649122807018,0.438573883161512,,,616,1050
163,163,3,1,17,1,0,0,225,992,391,58,-1,,0.06359649122807018,0.438573883161512,,,616,1050
164,164,4,1,17,1,1,0,225,992,391,26,-1,,0.06359649122807018,0.43170103092783507,,,616,1018
165,165,5,1,17,1,1,1,225,992,45,26,96,(71),0.037431941923774956,0.43170103092783507,,,270,1018
166,166,5,1,17,1,1,2,285,994,103,23,96,Applicant:,0.05089231699939504,0.4319158075601375,,,388,1017
167,167,5,1,17,1,1,3,397,994,47,18,96,Intel,0.06359649122807018,0.43084192439862545,applicant_line_1,Intel,444,1012
168,168,5,1,17,1,1,4,454,994,19,18,96,IP,0.07009981851179674,0.43084192439862545,applicant_line_1,IP,473,1012
169,169,5,1,17,1,1,5,482,994,134,23,96,Corporation,0.08303085299455536,0.4319158075601375,applicant_line_1,Corporation,616,1017
170,170,4,1,17,1,2,0,286,1027,305,23,-1,,0.066318814277072,0.44609106529209624,,,591,1050
171,171,5,1,17,1,2,1,286,1027,63,18,95,Santa,0.04801875378100424,0.44501718213058417,,,349,1045
172,172,5,1,17,1,2,2,357,1027,64,21,95,"Clara,",0.058832425892317,0.44566151202749144,,,421,1048
173,173,5,1,17,1,2,3,430,1027,33,18,96,CA,0.06752873563218391,0.44501718213058417,,,463,1045
174,174,5,1,17,1,2,4,471,1027,65,18,96,95054,0.07614942528735633,0.44501718213058417,,,536,1045
175,175,5,1,17,1,2,5,544,1027,47,23,96,(US),0.08582879612825166,0.44609106529209624,,,591,1050
176,176,2,1,18,0,0,0,225,1090,348,91,-1,,0.0603448275862069,0.4877577319587629,,,573,1181
177,177,3,1,18,1,0,0,225,1090,348,91,-1,,0.0603448275862069,0.4877577319587629,,,573,1181
178,178,4,1,18,1,1,0,225,1090,163,26,-1,,0.046355111917725345,0.4737972508591065,,,388,1116
179,179,5,1,18,1,1,1,225,1090,45,26,96,(72),0.037431941923774956,0.4737972508591065,,,270,1116
180,180,5,1,18,1,1,2,287,1092,101,18,96,Inventors:,0.05104355716878403,0.4729381443298969,,,388,1110
181,181,4,1,18,1,2,0,262,1125,266,22,-1,,0.059739866908650935,0.4879725085910653,,,528,1147
182,182,5,1,18,1,2,1,262,1131,7,7,75,*,0.04015426497277677,0.48732817869415807,,,269,1138
183,183,5,1,18,1,2,2,286,1125,118,22,92,"SIROTKIN,",0.052177858439201454,0.4879725085910653,inventor_line_1,"SIROTKIN,",404,1147
184,184,5,1,18,1,2,3,412,1125,116,19,96,Alexander,0.07108287961282517,0.48732817869415807,inventor_line_1,Alexander,528,1144
185,185,4,1,18,1,3,0,285,1158,288,23,-1,,0.0648820326678766,0.5023625429553265,,,573,1181
186,186,5,1,18,1,3,1,285,1158,65,18,93,49527,0.04801875378100424,0.5012886597938144,,,350,1176
187,187,5,1,18,1,3,2,359,1158,75,18,92,Petach,0.05996672716273442,0.5012886597938144,,,434,1176
188,188,5,1,18,1,3,3,443,1158,59,18,93,Tikva,0.07146098003629764,0.5012886597938144,,,502,1176
189,189,5,1,18,1,3,4,512,1158,16,18,93,M,0.07864488808227466,0.5012886597938144,,,528,1176
190,190,5,1,18,1,3,5,538,1158,35,23,96,(IL),0.08401391409558379,0.5023625429553265,,,573,1181
191,191,2,1,19,0,0,0,844,614,4,599,-1,,0.1279491833030853,0.39239690721649484,,,848,1213
192,192,3,1,19,1,0,0,844,614,4,599,-1,,0.1279491833030853,0.39239690721649484,,,848,1213
193,193,4,1,19,1,1,0,844,614,4,599,-1,,0.1279491833030853,0.39239690721649484,,,848,1213
194,194,5,1,19,1,1,1,844,614,4,599,95, ,0.1279491833030853,0.39239690721649484,,,848,1213
195,195,2,1,20,0,0,0,898,633,410,122,-1,,0.16681790683605566,0.2981099656357388,,,1308,755
196,196,3,1,20,1,0,0,898,633,410,122,-1,,0.16681790683605566,0.2981099656357388,,,1308,755
197,197,4,1,20,1,1,0,898,633,229,23,-1,,0.1531306715063521,0.2768470790378007,,,1127,656
198,198,5,1,20,1,1,1,898,639,7,7,53,*,0.13634301270417423,0.2759879725085911,,,905,646
199,199,5,1,20,1,1,2,923,633,112,23,91,"HIMAYAT,",0.14806412583182094,0.2768470790378007,,,1035,656
200,200,5,1,20,1,1,3,1045,633,82,23,91,Nageen,0.16424682395644283,0.2768470790378007,,,1127,656
201,201,4,1,20,1,2,0,923,666,385,23,-1,,0.16870840895341802,0.29102233676975947,,,1308,689
202,202,5,1,20,1,2,1,923,666,99,22,96,"Fremont,",0.1470810647307925,0.29080756013745707,,,1022,688
203,203,5,1,20,1,2,2,1031,666,33,18,96,CA,0.15842407743496673,0.28994845360824745,,,1064,684
204,204,5,1,20,1,2,3,1072,666,108,18,96,California,0.17029643073200243,0.28994845360824745,,,1180,684
205,205,5,1,20,1,2,4,1188,666,65,18,96,94539,0.18458862673926194,0.28994845360824745,,,1253,684
206,206,5,1,20,1,2,5,1262,666,46,23,96,(US),0.19434361766485178,0.29102233676975947,,,1308,689
207,207,4,1,20,1,3,0,898,699,293,23,-1,,0.15797035692679975,0.30519759450171824,,,1191,722
208,208,5,1,20,1,3,1,898,704,7,8,31,¬´,0.13634301270417423,0.30412371134020616,,,905,712
209,209,5,1,20,1,3,2,923,699,134,18,92,"BANGOLAE,",0.14972776769509982,0.30412371134020616,,,1057,717
210,210,5,1,20,1,3,3,1059,699,132,23,96,Sangeetha,0.17014519056261343,0.30519759450171824,,,1191,722
211,211,4,1,20,1,4,0,923,732,249,23,-1,,0.15842407743496673,0.31937285223367695,,,1172,755
212,212,5,1,20,1,4,1,923,732,120,22,96,"Beaverton,",0.14866908650937688,0.31915807560137455,,,1043,754
213,213,5,1,20,1,4,2,1052,732,65,18,96,97007,0.16401996370235936,0.31829896907216493,,,1117,750
214,214,5,1,20,1,4,3,1125,732,47,23,96,(US),0.1736993345432547,0.31937285223367695,,,1172,755
215,215,2,1,21,0,0,0,862,795,457,123,-1,,0.16492740471869327,0.36791237113402064,,,1319,918
216,216,3,1,21,1,0,0,862,795,457,123,-1,,0.16492740471869327,0.36791237113402064,,,1319,918
217,217,4,1,21,1,1,0,862,795,457,27,-1,,0.16492740471869327,0.3472938144329897,,,1319,822
218,218,5,1,21,1,1,1,862,795,44,27,96,(74),0.1336963097398669,0.3472938144329897,,,906,822
219,219,5,1,21,1,1,2,923,797,163,23,93,Representative:,0.15192075015124018,0.3472938144329897,,,1086,820
220,220,5,1,21,1,1,3,1096,797,103,19,92,"Rummler,",0.1735480943738657,0.34643470790378006,representative_line_1_eu,"Rummler,",1199,816
221,221,5,1,21,1,1,4,1200,797,65,23,96,Felix,0.18640350877192982,0.3472938144329897,representative_line_1_eu,Felix,1265,820
222,222,5,1,21,1,1,5,1273,798,21,18,96,et,0.1941167574107683,0.34664948453608246,representative_line_1_eu,et,1294,816
223,223,5,1,21,1,1,6,1301,797,18,19,96,al,0.19812462189957653,0.34643470790378006,representative_line_1_eu,al,1319,816
224,224,4,1,21,1,2,0,923,830,191,18,-1,,0.15403811252268604,0.3603951890034364,,,1114,848
225,225,5,1,21,1,2,1,923,830,86,18,91,Maucher,0.14609800362976408,0.3603951890034364,,,1009,848
226,226,5,1,21,1,2,2,1012,830,102,18,95,Jenkins,0.16076830006049606,0.3603951890034364,,,1114,848
227,227,4,1,21,1,3,0,922,863,188,18,-1,,0.15366001209921354,0.3745704467353952,,,1110,881
228,228,5,1,21,1,3,1,922,863,24,18,96,26,0.1412583182093164,0.3745704467353952,,,946,881
229,229,5,1,21,1,3,2,955,863,79,18,96,Caxton,0.15040834845735027,0.3745704467353952,,,1034,881
230,230,5,1,21,1,3,3,1043,863,67,18,96,Street,0.16281004234724744,0.3745704467353952,,,1110,881
231,231,4,1,21,1,4,0,923,895,269,23,-1,,0.1599364791288566,0.3893900343642612,,,1192,918
232,232,5,1,21,1,4,1,923,895,84,19,91,London,0.14594676346037508,0.38853092783505155,,,1007,914
233,233,5,1,21,1,4,2,1016,895,66,19,91,SW1H,0.15865093768905023,0.38853092783505155,,,1082,914
234,234,5,1,21,1,4,3,1092,895,40,19,89,ORJ,0.16817906836055657,0.38853092783505155,,,1132,914
235,235,5,1,21,1,4,4,1142,895,50,23,96,(GB),0.176497277676951,0.3893900343642612,,,1192,918
236,236,2,1,22,0,0,0,862,961,99,19,-1,,0.13785541439806412,0.4168814432989691,,,961,980
237,237,3,1,22,1,0,0,862,961,99,19,-1,,0.13785541439806412,0.4168814432989691,,,961,980
238,238,4,1,22,1,1,0,862,961,99,19,-1,,0.13785541439806412,0.4168814432989691,,,961,980
239,239,5,1,22,1,1,1,862,961,99,19,96,Remarks:,0.13785541439806412,0.4168814432989691,,,961,980
240,240,2,1,23,0,0,0,922,994,522,84,-1,,0.17891712038717483,0.44501718213058417,,,1444,1078
241,241,3,1,23,1,0,0,922,994,522,84,-1,,0.17891712038717483,0.44501718213058417,,,1444,1078
242,242,4,1,23,1,1,0,922,994,477,23,-1,,0.17551421657592256,0.4319158075601375,,,1399,1017
243,243,5,1,23,1,1,1,922,994,43,18,97,This,0.1426950998185118,0.43084192439862545,,,965,1012
244,244,5,1,23,1,1,2,974,994,111,23,96,application,0.15570175438596492,0.4319158075601375,,,1085,1017
245,245,5,1,23,1,1,3,1093,999,42,13,96,was,0.16848154869933454,0.4319158075601375,,,1135,1012
246,246,5,1,23,1,1,4,1142,994,43,18,96,filed,0.17596793708408953,0.43084192439862545,,,1185,1012
247,247,5,1,23,1,1,5,1193,999,25,13,96,on,0.1823200241984271,0.4319158075601375,,,1218,1012
248,248,5,1,23,1,1,6,1226,994,121,18,96,20-06-2018,0.19457047791893528,0.43084192439862545,,,1347,1012
249,249,5,1,23,1,1,7,1355,999,24,13,96,as,0.20674531155474893,0.4319158075601375,,,1379,1012
250,250,5,1,23,1,1,8,1387,999,12,13,96,a,0.21067755595886267,0.4319158075601375,,,1399,1012
251,251,4,1,23,1,2,0,922,1027,522,23,-1,,0.17891712038717483,0.44609106529209624,,,1444,1050
252,252,5,1,23,1,2,1,922,1027,96,18,95,divisional,0.14670296430732002,0.44501718213058417,,,1018,1045
253,253,5,1,23,1,2,2,1027,1027,111,23,96,application,0.16371748336358136,0.44609106529209624,,,1138,1050
254,254,5,1,23,1,2,3,1147,1027,19,18,96,to,0.17490925589836662,0.44501718213058417,,,1166,1045
255,255,5,1,23,1,2,4,1174,1027,31,18,96,the,0.17990018148820328,0.44501718213058417,,,1205,1045
256,256,5,1,23,1,2,5,1214,1027,112,23,96,application,0.19207501512401695,0.44609106529209624,,,1326,1050
257,257,5,1,23,1,2,6,1336,1027,108,18,96,mentioned,0.2102238354506957,0.44501718213058417,,,1444,1045
258,258,4,1,23,1,3,0,923,1059,209,19,-1,,0.15539927404718692,0.45897766323024053,,,1132,1078
259,259,5,1,23,1,3,1,923,1059,59,19,93,under,0.1440562613430127,0.45897766323024053,,,982,1078
260,260,5,1,23,1,3,2,991,1059,45,19,91,INID,0.15328191167574107,0.45897766323024053,,,1036,1078
261,261,5,1,23,1,3,3,1044,1059,50,19,96,code,0.16167574107683,0.45897766323024053,,,1094,1078
262,262,5,1,23,1,3,4,1103,1059,29,19,96,62.,0.16901088929219601,0.45897766323024053,,,1132,1078
263,263,2,1,24,0,0,0,224,1210,1243,5,-1,,0.1278735632183908,0.5208333333333334,,,1467,1215
264,264,3,1,24,1,0,0,224,1210,1243,5,-1,,0.1278735632183908,0.5208333333333334,,,1467,1215
265,265,4,1,24,1,1,0,224,1210,1243,5,-1,,0.1278735632183908,0.5208333333333334,,,1467,1215
266,266,5,1,24,1,1,1,224,1210,1243,5,95, ,0.1278735632183908,0.5208333333333334,,,1467,1215
267,267,2,1,25,0,0,0,225,1230,45,27,-1,,0.037431941923774956,0.5341494845360825,,,270,1257
268,268,3,1,25,1,0,0,225,1230,45,27,-1,,0.037431941923774956,0.5341494845360825,,,270,1257
269,269,4,1,25,1,1,0,225,1230,45,27,-1,,0.037431941923774956,0.5341494845360825,,,270,1257
270,270,5,1,25,1,1,1,225,1230,45,27,96,(54),0.037431941923774956,0.5341494845360825,,,270,1257
271,271,2,1,26,0,0,0,224,1304,584,288,-1,,0.0780399274047187,0.6219931271477663,,,808,1592
272,272,3,1,26,1,0,0,224,1304,584,288,-1,,0.0780399274047187,0.6219931271477663,,,808,1592
273,273,4,1,26,1,1,0,225,1304,582,27,-1,,0.0780399274047187,0.5659364261168385,,,807,1331
274,274,5,1,26,1,1,1,225,1304,45,27,93,(57),0.037431941923774956,0.5659364261168385,,,270,1331
275,275,5,1,26,1,1,2,316,1306,133,19,35,Embodiments,0.05784936479128856,0.5650773195876289,,,449,1325
276,276,5,1,26,1,1,3,450,1306,39,19,96,of,0.07100725952813067,0.5650773195876289,,,489,1325
277,277,5,1,26,1,1,4,496,1306,32,19,96,the,0.07743496672716274,0.5650773195876289,,,528,1325
278,278,5,1,26,1,1,5,538,1311,70,18,96,present,0.0866606170598911,0.5670103092783505,,,608,1329
279,279,5,1,26,1,1,6,610,1306,121,19,95,disclosure,0.1014065335753176,0.5650773195876289,,,731,1325
280,280,5,1,26,1,1,7,740,1311,33,14,93,are,0.11441318814277072,0.5661512027491409,,,773,1325
281,281,5,1,26,1,1,8,782,1306,25,19,92,di-,0.12016031457955233,0.5650773195876289,,,807,1325
282,282,4,1,26,1,2,0,225,1339,582,23,-1,,0.0780399274047187,0.5801116838487973,,,807,1362
283,283,5,1,26,1,2,1,225,1339,64,18,95,rected,0.038868723532970356,0.5790378006872853,,,289,1357
284,284,5,1,26,1,2,2,297,1339,82,18,96,towards,0.051119177253478525,0.5790378006872853,,,379,1357
285,285,5,1,26,1,2,3,387,1339,80,18,96,devices,0.06457955232909861,0.5790378006872853,,,467,1357
286,286,5,1,26,1,2,4,474,1339,38,18,96,and,0.07456140350877193,0.5790378006872853,,,512,1357
287,287,5,1,26,1,2,5,522,1339,76,18,96,methods,0.08469449485783424,0.5790378006872853,,,598,1357
288,288,5,1,26,1,2,6,600,1339,45,18,96,for,0.0941470054446461,0.5790378006872853,,,645,1357
289,289,5,1,26,1,2,7,653,1339,104,23,93,identifying,0.10662431941923775,0.5801116838487973,,,757,1362
290,290,5,1,26,1,2,8,767,1344,40,18,93,pre-,0.11902601330913491,0.5811855670103093,,,807,1362
291,291,4,1,26,1,3,0,224,1372,583,23,-1,,0.0779643073200242,0.594286941580756,,,807,1395
292,292,5,1,26,1,3,1,224,1372,61,19,96,ferred,0.038490623109497885,0.5934278350515464,,,285,1391
293,293,5,1,26,1,3,2,293,1377,73,14,96,access,0.04983363581367211,0.5945017182130584,,,366,1391
294,294,5,1,26,1,3,3,375,1372,93,19,96,networks,0.06374773139745916,0.5934278350515464,,,468,1391
295,295,5,1,26,1,3,4,477,1372,49,19,96,based,0.07584694494857834,0.5934278350515464,,,526,1391
296,296,5,1,26,1,3,5,527,1372,31,19,95,at,0.08204779189352691,0.5934278350515464,,,558,1391
297,297,5,1,26,1,3,6,560,1372,62,19,96,least,0.08938294010889292,0.5934278350515464,,,622,1391
298,298,5,1,26,1,3,7,631,1372,15,19,96,in,0.09656684815486993,0.5934278350515464,,,646,1391
299,299,5,1,26,1,3,8,655,1373,39,22,96,part,0.10201149425287356,0.5945017182130584,,,694,1395
300,300,5,1,26,1,3,9,702,1377,24,14,95,on,0.10798548094373865,0.5945017182130584,,,726,1391
301,301,5,1,26,1,3,10,735,1377,72,14,95,access,0.11660617059891107,0.5945017182130584,,,807,1391
302,302,4,1,26,1,4,0,226,1405,581,23,-1,,0.07811554748941318,0.6084621993127147,,,807,1428
303,303,5,1,26,1,4,1,226,1406,70,17,96,network,0.039473684210526314,0.6076030927835051,,,296,1423
304,304,5,1,26,1,4,2,297,1405,131,18,96,information,0.05482456140350877,0.6073883161512027,,,428,1423
305,305,5,1,26,1,4,3,434,1405,91,23,96,including,0.07251966122202057,0.6084621993127147,,,525,1428
306,306,5,1,26,1,4,4,531,1410,73,13,96,access,0.08582879612825166,0.6084621993127147,,,604,1423
307,307,5,1,26,1,4,5,610,1405,81,18,96,network,0.0983817301875378,0.6073883161512027,,,691,1423
308,308,5,1,26,1,4,6,697,1405,110,18,96,assistance,0.11373260738052027,0.6073883161512027,,,807,1423
309,309,4,1,26,1,5,0,226,1438,581,23,-1,,0.07811554748941318,0.6226374570446735,,,807,1461
310,310,5,1,26,1,5,1,226,1438,121,21,96,"information,",0.04333030852994555,0.6222079037800687,,,347,1459
311,311,5,1,26,1,5,2,358,1438,83,23,96,steering,0.06042044767090139,0.6226374570446735,,,441,1461
312,312,5,1,26,1,5,3,452,1438,82,23,96,"policies,",0.07456140350877193,0.6226374570446735,,,534,1461
313,313,5,1,26,1,5,4,545,1442,21,14,96,or,0.08401391409558379,0.6224226804123711,,,566,1456
314,314,5,1,26,1,5,5,575,1442,72,14,96,access,0.09240774349667272,0.6224226804123711,,,647,1456
315,315,5,1,26,1,5,6,658,1438,114,18,96,commands.,0.10813672111312765,0.6215635738831615,,,772,1456
316,316,5,1,26,1,5,7,775,1438,32,18,95,In,0.11963097398669087,0.6215635738831615,,,807,1456
317,317,4,1,26,1,6,0,225,1470,583,22,-1,,0.07811554748941318,0.636168384879725,,,808,1492
318,318,5,1,26,1,6,1,225,1475,57,14,96,some,0.03833938294010889,0.6365979381443299,,,282,1489
319,319,5,1,26,1,6,2,291,1470,142,19,96,"embodiments,",0.054748941318814276,0.6355240549828178,,,433,1489
320,320,5,1,26,1,6,3,436,1470,98,22,96,conflicts,0.07335148215366001,0.636168384879725,,,534,1492
321,321,5,1,26,1,6,4,545,1470,87,19,96,between,0.08900483968542044,0.6355240549828178,,,632,1489
322,322,5,1,26,1,6,5,643,1475,72,14,96,access,0.10269207501512402,0.6365979381443299,,,715,1489
323,323,5,1,26,1,6,6,726,1470,82,19,96,network,0.11600120992135511,0.6355240549828178,,,808,1489
324,324,4,1,26,1,7,0,226,1503,581,23,-1,,0.07811554748941318,0.6505584192439863,,,807,1526
325,325,5,1,26,1,7,1,226,1503,114,18,96,information,0.042800967937084086,0.6494845360824743,,,340,1521
326,326,5,1,26,1,7,2,348,1503,38,18,96,and,0.055505142165759226,0.6494845360824743,,,386,1521
327,327,5,1,26,1,7,3,394,1508,73,13,96,access,0.06510889292196008,0.6505584192439863,,,467,1521
328,328,5,1,26,1,7,4,475,1504,69,17,96,network,0.07705686630369026,0.6496993127147767,,,544,1521
329,329,5,1,26,1,7,5,546,1503,116,23,96,discovery,0.09134906231094979,0.6505584192439863,,,662,1526
330,330,5,1,26,1,7,6,669,1503,37,18,96,and,0.10397761645493044,0.6494845360824743,,,706,1521
331,331,5,1,26,1,7,7,714,1503,93,18,96,selection,0.11501814882032668,0.6494845360824743,,,807,1521
332,332,4,1,26,1,8,0,224,1536,583,23,-1,,0.0779643073200242,0.664733676975945,,,807,1559
333,333,5,1,26,1,8,1,224,1536,82,18,92,function,0.04007864488808228,0.663659793814433,,,306,1554
334,334,5,1,26,1,8,2,315,1536,87,23,92,(ANDSF),0.05421960072595281,0.664733676975945,,,402,1559
335,335,5,1,26,1,8,3,404,1536,91,23,96,policies,0.06798245614035088,0.664733676975945,,,495,1559
336,336,5,1,26,1,8,4,504,1540,31,14,95,may,0.07856926799758016,0.6645189003436426,,,535,1554
337,337,5,1,26,1,8,5,536,1536,30,23,96,be,0.08333333333333333,0.664733676975945,,,566,1559
338,338,5,1,26,1,8,6,567,1536,101,18,96,rectified,0.09339080459770115,0.663659793814433,,,668,1554
339,339,5,1,26,1,8,7,677,1536,16,18,96,in,0.10359951603145795,0.663659793814433,,,693,1554
340,340,5,1,26,1,8,8,702,1536,105,23,94,identifying,0.11411070780399274,0.664733676975945,,,807,1559
341,341,4,1,26,1,9,0,225,1569,292,23,-1,,0.056110102843315184,0.6789089347079038,,,517,1592
342,342,5,1,26,1,9,1,225,1574,11,13,95,a,0.034860859044162126,0.6789089347079038,,,236,1587
343,343,5,1,26,1,9,2,246,1569,93,23,95,preferred,0.044237749546279494,0.6789089347079038,,,339,1592
344,344,5,1,26,1,9,3,348,1574,73,13,96,access,0.05815184513006655,0.6789089347079038,,,421,1587
345,345,5,1,26,1,9,4,431,1569,86,18,96,network.,0.07168784029038112,0.6778350515463918,,,517,1587
346,346,2,1,27,0,0,0,315,1230,641,21,-1,,0.09611312764670296,0.532860824742268,,,956,1251
347,347,3,1,27,1,0,0,315,1230,641,21,-1,,0.09611312764670296,0.532860824742268,,,956,1251
348,348,4,1,27,1,1,0,315,1230,641,21,-1,,0.09611312764670296,0.532860824742268,,,956,1251
349,349,5,1,27,1,1,1,315,1230,110,21,96,ACCESS,0.0559588626739262,0.532860824742268,title_line_1,ACCESS,425,1251
350,350,5,1,27,1,1,2,434,1230,116,21,96,NETWORK,0.07441016333938294,0.532860824742268,title_line_1,NETWORK,550,1251
351,351,5,1,27,1,1,3,552,1230,181,21,96,DISCOVERY,0.09717180883242589,0.532860824742268,title_line_1,DISCOVERY,733,1251
352,352,5,1,27,1,1,4,741,1231,57,20,96,AND,0.11637931034482758,0.5330756013745704,title_line_1,AND,798,1251
353,353,5,1,27,1,1,5,807,1230,149,21,96,SELECTION,0.13331820931639443,0.532860824742268,title_line_1,SELECTION,956,1251
354,354,2,1,28,0,0,0,1042,1336,266,1,-1,,0.17770719903206292,0.5740979381443299,,,1308,1337
355,355,3,1,28,1,0,0,1042,1336,266,1,-1,,0.17770719903206292,0.5740979381443299,,,1308,1337
356,356,4,1,28,1,1,0,1042,1336,266,1,-1,,0.17770719903206292,0.5740979381443299,,,1308,1337
357,357,5,1,28,1,1,1,1042,1336,266,1,95, ,0.17770719903206292,0.5740979381443299,,,1308,1337
358,358,2,1,29,0,0,0,1042,1474,266,2,-1,,0.17770719903206292,0.6335910652920962,,,1308,1476
359,359,3,1,29,1,0,0,1042,1474,266,2,-1,,0.17770719903206292,0.6335910652920962,,,1308,1476
360,360,4,1,29,1,1,0,1042,1474,266,2,-1,,0.17770719903206292,0.6335910652920962,,,1308,1476
361,361,5,1,29,1,1,1,1042,1474,266,2,95, ,0.17770719903206292,0.6335910652920962,,,1308,1476
362,362,2,1,30,0,0,0,1042,1336,1,220,-1,,0.15766787658802178,0.6211340206185567,,,1043,1556
363,363,3,1,30,1,0,0,1042,1336,1,220,-1,,0.15766787658802178,0.6211340206185567,,,1043,1556
364,364,4,1,30,1,1,0,1042,1336,1,220,-1,,0.15766787658802178,0.6211340206185567,,,1043,1556
365,365,5,1,30,1,1,1,1042,1336,1,220,95, ,0.15766787658802178,0.6211340206185567,,,1043,1556
366,366,2,1,31,0,0,0,1306,1336,2,220,-1,,0.19767090139140955,0.6211340206185567,,,1308,1556
367,367,3,1,31,1,0,0,1306,1336,2,220,-1,,0.19767090139140955,0.6211340206185567,,,1308,1556
368,368,4,1,31,1,1,0,1306,1336,2,220,-1,,0.19767090139140955,0.6211340206185567,,,1308,1556
369,369,5,1,31,1,1,1,1306,1336,2,220,95, ,0.19767090139140955,0.6211340206185567,,,1308,1556
370,370,2,1,32,0,0,0,1197,1752,267,4,-1,,0.20122504537205083,0.7534364261168385,,,1464,1756
371,371,3,1,32,1,0,0,1197,1752,267,4,-1,,0.20122504537205083,0.7534364261168385,,,1464,1756
372,372,4,1,32,1,1,0,1197,1752,267,4,-1,,0.20122504537205083,0.7534364261168385,,,1464,1756
373,373,5,1,32,1,1,1,1197,1752,267,4,95, ,0.20122504537205083,0.7534364261168385,,,1464,1756
374,374,2,1,33,0,0,0,887,1757,266,2,-1,,0.1542649727767695,0.7551546391752577,,,1153,1759
375,375,3,1,33,1,0,0,887,1757,266,2,-1,,0.1542649727767695,0.7551546391752577,,,1153,1759
376,376,4,1,33,1,1,0,887,1757,266,2,-1,,0.1542649727767695,0.7551546391752577,,,1153,1759
377,377,5,1,33,1,1,1,887,1757,266,2,95, ,0.1542649727767695,0.7551546391752577,,,1153,1759
378,378,2,1,34,0,0,0,918,1348,517,500,-1,,0.1779340592861464,0.686426116838488,,,1435,1848
379,379,3,1,34,1,0,0,918,1348,517,500,-1,,0.1779340592861464,0.686426116838488,,,1435,1848
380,380,4,1,34,1,1,0,1081,1348,189,14,-1,,0.17778281911675742,0.5820446735395189,,,1270,1362
381,381,5,1,34,1,1,1,1081,1348,62,14,96,Receive,0.16817906836055657,0.5820446735395189,,,1143,1362
382,382,5,1,34,1,1,2,1149,1352,54,10,96,access,0.17785843920145192,0.5829037800687286,,,1203,1362
383,383,5,1,34,1,1,3,1209,1348,61,14,93,network,0.18746218995765276,0.5820446735395189,,,1270,1362
384,384,4,1,34,1,2,0,1087,1370,175,14,-1,,0.17763157894736842,0.5914948453608248,,,1262,1384
385,385,5,1,34,1,2,1,1087,1370,83,14,0,assistance,0.1706745311554749,0.5914948453608248,,,1170,1384
386,386,5,1,34,1,2,2,1176,1370,86,14,96,information,0.18436176648517846,0.5914948453608248,,,1262,1384
387,387,4,1,34,1,3,0,1160,1392,30,17,-1,,0.17770719903206292,0.6015893470790378,,,1190,1409
388,388,5,1,34,1,3,1,1160,1392,30,17,81,500,0.17770719903206292,0.6015893470790378,,,1190,1409
389,389,4,1,34,1,4,0,1071,1486,208,15,-1,,0.17770719903206292,0.6415378006872853,,,1279,1501
390,390,5,1,34,1,4,1,1071,1486,61,14,95,Receive,0.16659104658197219,0.6413230240549829,,,1132,1500
391,391,5,1,34,1,4,2,1138,1486,77,15,93,enhanced,0.1779340592861464,0.6415378006872853,,,1215,1501
392,392,5,1,34,1,4,3,1220,1486,59,15,92,ANDSF,0.18897459165154265,0.6415378006872853,,,1279,1501
393,393,4,1,34,1,5,0,1153,1508,44,18,-1,,0.17770719903206292,0.6516323024054983,,,1197,1526
394,394,5,1,34,1,5,1,1153,1508,44,18,58,policy,0.17770719903206292,0.6516323024054983,,,1197,1526
395,395,4,1,34,1,6,0,1160,1530,30,17,-1,,0.17770719903206292,0.6608676975945017,,,1190,1547
396,396,5,1,34,1,6,1,1160,1530,30,17,77,505,0.17770719903206292,0.6608676975945017,,,1190,1547
397,397,4,1,34,1,7,0,1134,1614,92,21,-1,,0.17846339987900786,0.6978092783505154,,,1226,1635
398,398,5,1,34,1,7,1,1134,1614,92,21,38,a,0.17846339987900786,0.6978092783505154,,,1226,1635
399,399,4,1,34,1,8,0,1070,1630,210,28,-1,,0.17770719903206292,0.7061855670103093,,,1280,1658
400,400,5,1,34,1,8,1,1070,1647,25,11,32,ae,0.16371748336358136,0.7098367697594502,,,1095,1658
401,401,5,1,34,1,8,2,1096,1630,37,17,43,a‚Äú,0.16855716878402904,0.7038230240549829,,,1133,1647
402,402,5,1,34,1,8,3,1227,1635,53,23,7,oe,0.18957955232909862,0.7072594501718213,,,1280,1658
403,403,4,1,34,1,9,0,1025,1658,296,19,-1,,0.17740471869328495,0.7162800687285223,,,1321,1677
404,404,5,1,34,1,9,1,1025,1658,42,19,48,_-~~,0.15819721718088325,0.7162800687285223,,,1067,1677
405,405,5,1,34,1,9,2,1070,1660,61,14,81,Overide,0.16643980641258319,0.7160652920962199,,,1131,1674
406,406,5,1,34,1,9,3,1137,1660,69,13,95,condition,0.17717785843920145,0.7158505154639175,,,1206,1673
407,407,5,1,34,1,9,4,1212,1658,74,19,88,present?,0.18889897156684815,0.7162800687285223,,,1286,1677
408,408,5,1,34,1,9,5,1287,1660,34,15,48,‚Äî~_,0.19721718088324258,0.7162800687285223,,,1321,1675
409,409,4,1,34,1,10,0,1018,1676,314,35,-1,,0.17770719903206292,0.7274484536082474,,,1332,1711
410,410,5,1,34,1,10,1,1018,1676,71,35,26,i,0.15933151845130067,0.7274484536082474,,,1089,1711
411,411,5,1,34,1,10,2,1160,1682,30,16,50,510,0.17770719903206292,0.7259450171821306,,,1190,1698
412,412,5,1,34,1,10,3,1260,1676,72,33,17,a],0.19600725952813067,0.7270189003436426,,,1332,1709
413,413,4,1,34,1,11,0,1013,1710,328,21,-1,,0.1780096793708409,0.7390463917525774,,,1341,1731
414,414,5,1,34,1,11,1,1013,1712,14,10,74,No,0.1542649727767695,0.7375429553264605,,,1027,1722
415,415,5,1,34,1,11,2,1208,1710,47,21,48,aT,0.18625226860254082,0.7390463917525774,,,1255,1731
416,416,5,1,34,1,11,3,1322,1711,19,9,95,Yes,0.2013762855414398,0.7368986254295533,,,1341,1720
417,417,4,1,34,1,12,0,1120,1720,217,35,-1,,0.18579854809437388,0.7463487972508591,,,1337,1755
418,418,5,1,34,1,12,1,1120,1720,87,24,24,a,0.17596793708408953,0.7439862542955327,,,1207,1744
419,419,5,1,34,1,12,2,1326,1724,11,31,65,|,0.2013762855414398,0.7472079037800687,,,1337,1755
420,420,4,1,34,1,13,0,925,1762,501,21,-1,,0.17778281911675742,0.7613831615120275,,,1426,1783
421,421,5,1,34,1,13,1,925,1765,54,18,77,identify,0.14398064125831822,0.7620274914089347,,,979,1783
422,422,5,1,34,1,13,2,985,1765,70,18,92,preferred,0.1542649727767695,0.7620274914089347,,,1055,1783
423,423,5,1,34,1,13,3,1061,1768,54,12,83,access,0.1645493042952208,0.7620274914089347,,,1115,1780
424,424,5,1,34,1,13,4,1235,1762,56,18,87,identify,0.191016333938294,0.7607388316151202,,,1291,1780
425,425,5,1,34,1,13,5,1297,1762,70,17,96,preferred,0.2014519056261343,0.7605240549828178,,,1367,1779
426,426,5,1,34,1,13,6,1373,1765,53,11,92,access,0.21166061705989112,0.7605240549828178,,,1426,1776
427,427,4,1,34,1,14,0,918,1784,517,18,-1,,0.1779340592861464,0.7701890034364262,,,1435,1802
428,428,5,1,34,1,14,1,918,1787,61,15,96,network,0.14345130066545675,0.7708333333333334,,,979,1802
429,429,5,1,34,1,14,2,985,1787,46,15,96,based,0.15245009074410162,0.7708333333333334,,,1031,1802
430,430,5,1,34,1,14,3,1038,1791,17,10,93,on,0.15827283726557773,0.7714776632302406,,,1055,1801
431,431,5,1,34,1,14,4,1061,1787,60,15,91,ANDSF,0.16500302480338777,0.7708333333333334,,,1121,1802
432,432,5,1,34,1,14,5,1226,1784,61,14,58,network,0.19003327283726557,0.7693298969072165,,,1287,1798
433,433,5,1,34,1,14,6,1293,1784,46,14,96,based,0.19903206291591047,0.7693298969072165,,,1339,1798
434,434,5,1,34,1,14,7,1346,1788,18,10,95,on,0.20493042952208107,0.7701890034364262,,,1364,1798
435,435,5,1,34,1,14,8,1371,1784,34,14,72,local,0.20992135511191773,0.7693298969072165,,,1405,1798
436,436,5,1,34,1,14,9,1412,1784,23,14,93,UE,0.21529038112522686,0.7693298969072165,,,1435,1798
437,437,4,1,34,1,15,0,998,1806,358,21,-1,,0.1780096793708409,0.7802835051546392,,,1356,1827
438,438,5,1,34,1,15,1,998,1809,44,18,77,policy,0.1542649727767695,0.7809278350515464,,,1042,1827
439,439,5,1,34,1,15,2,1304,1806,52,14,95,criteria,0.20114942528735633,0.7787800687285223,,,1356,1820
440,440,4,1,34,1,16,0,1005,1829,340,19,-1,,0.17770719903206292,0.789733676975945,,,1345,1848
441,441,5,1,34,1,16,1,1005,1832,30,16,46,S15,0.1542649727767695,0.7903780068728522,,,1035,1848
442,442,5,1,34,1,16,2,1316,1829,29,16,65,520,0.20122504537205083,0.7890893470790378,,,1345,1845
443,443,2,1,35,0,0,0,1197,1753,2,99,-1,,0.1811857229280097,0.7742697594501718,,,1199,1852
444,444,3,1,35,1,0,0,1197,1753,2,99,-1,,0.1811857229280097,0.7742697594501718,,,1199,1852
445,445,4,1,35,1,1,0,1197,1753,2,99,-1,,0.1811857229280097,0.7742697594501718,,,1199,1852
446,446,5,1,35,1,1,1,1197,1753,2,99,95, ,0.1811857229280097,0.7742697594501718,,,1199,1852
447,447,2,1,36,0,0,0,1462,1753,2,99,-1,,0.22126436781609196,0.7742697594501718,,,1464,1852
448,448,3,1,36,1,0,0,1462,1753,2,99,-1,,0.22126436781609196,0.7742697594501718,,,1464,1852
449,449,4,1,36,1,1,0,1462,1753,2,99,-1,,0.22126436781609196,0.7742697594501718,,,1464,1852
450,450,5,1,36,1,1,1,1462,1753,2,99,95, ,0.22126436781609196,0.7742697594501718,,,1464,1852
451,451,2,1,37,0,0,0,887,1757,2,99,-1,,0.13430127041742287,0.7759879725085911,,,889,1856
452,452,3,1,37,1,0,0,887,1757,2,99,-1,,0.13430127041742287,0.7759879725085911,,,889,1856
453,453,4,1,37,1,1,0,887,1757,2,99,-1,,0.13430127041742287,0.7759879725085911,,,889,1856
454,454,5,1,37,1,1,1,887,1757,2,99,95, ,0.13430127041742287,0.7759879725085911,,,889,1856
455,455,2,1,38,0,0,0,1151,1757,2,99,-1,,0.17422867513611615,0.7759879725085911,,,1153,1856
456,456,3,1,38,1,0,0,1151,1757,2,99,-1,,0.17422867513611615,0.7759879725085911,,,1153,1856
457,457,4,1,38,1,1,0,1151,1757,2,99,-1,,0.17422867513611615,0.7759879725085911,,,1153,1856
458,458,5,1,38,1,1,1,1151,1757,2,99,95, ,0.17422867513611615,0.7759879725085911,,,1153,1856
459,459,2,1,39,0,0,0,1197,1850,267,3,-1,,0.20122504537205083,0.7953178694158075,,,1464,1853
460,460,3,1,39,1,0,0,1197,1850,267,3,-1,,0.20122504537205083,0.7953178694158075,,,1464,1853
461,461,4,1,39,1,1,0,1197,1850,267,3,-1,,0.20122504537205083,0.7953178694158075,,,1464,1853
462,462,5,1,39,1,1,1,1197,1850,267,3,95, ,0.20122504537205083,0.7953178694158075,,,1464,1853
463,463,2,1,40,0,0,0,887,1854,266,2,-1,,0.1542649727767695,0.7968213058419243,,,1153,1856
464,464,3,1,40,1,0,0,887,1854,266,2,-1,,0.1542649727767695,0.7968213058419243,,,1153,1856
465,465,4,1,40,1,1,0,887,1854,266,2,-1,,0.1542649727767695,0.7968213058419243,,,1153,1856
466,466,5,1,40,1,1,1,887,1854,266,2,95, ,0.1542649727767695,0.7968213058419243,,,1153,1856
467,467,2,1,41,0,0,0,1019,1907,311,51,-1,,0.17763157894736842,0.8301116838487973,,,1330,1958
468,468,3,1,41,1,0,0,1019,1907,311,51,-1,,0.17763157894736842,0.8301116838487973,,,1330,1958
469,469,4,1,41,1,1,0,1019,1907,311,51,-1,,0.17763157894736842,0.8301116838487973,,,1330,1958
470,470,5,1,41,1,1,1,1019,1907,311,51,23,‚Äî‚Äî,0.17763157894736842,0.8301116838487973,,,1330,1958
471,471,2,1,42,0,0,0,1066,1970,230,61,-1,,0.17861464004839686,0.8593213058419243,,,1296,2031
472,472,3,1,42,1,0,0,1066,1970,230,61,-1,,0.17861464004839686,0.8593213058419243,,,1296,2031
473,473,4,1,42,1,1,0,1066,1970,230,18,-1,,0.17861464004839686,0.8500859106529209,,,1296,1988
474,474,5,1,42,1,1,1,1066,1970,68,14,96,Transmit,0.16636418632788869,0.8492268041237113,,,1134,1984
475,475,5,1,42,1,1,2,1140,1970,33,14,96,data,0.17490925589836662,0.8492268041237113,,,1173,1984
476,476,5,1,42,1,1,3,1179,1970,41,18,96,using,0.18141258318209316,0.8500859106529209,,,1220,1988
477,477,5,1,42,1,1,4,1226,1970,70,18,96,preferred,0.19071385359951604,0.8500859106529209,,,1296,1988
478,478,4,1,42,1,2,0,1121,1992,121,14,-1,,0.17869026013309136,0.8586769759450171,,,1242,2006
479,479,5,1,42,1,2,1,1121,1996,54,10,69,access,0.1736237144585602,0.8595360824742269,,,1175,2006
480,480,5,1,42,1,2,2,1181,1992,61,14,71,network,0.18322746521476105,0.8586769759450171,,,1242,2006
481,481,4,1,42,1,3,0,1167,2015,30,16,-1,,0.17876588021778583,0.8689862542955327,,,1197,2031
482,482,5,1,42,1,3,1,1167,2015,30,16,82,525,0.17876588021778583,0.8689862542955327,,,1197,2031
483,483,2,1,43,0,0,0,1330,1851,1,58,-1,,0.20122504537205083,0.8075601374570447,,,1331,1909
484,484,3,1,43,1,0,0,1330,1851,1,58,-1,,0.20122504537205083,0.8075601374570447,,,1331,1909
485,485,4,1,43,1,1,0,1330,1851,1,58,-1,,0.20122504537205083,0.8075601374570447,,,1331,1909
486,486,5,1,43,1,1,1,1330,1851,1,58,95, ,0.20122504537205083,0.8075601374570447,,,1331,1909
487,487,2,1,44,0,0,0,1048,1958,267,2,-1,,0.17869026013309136,0.8414948453608248,,,1315,1960
488,488,3,1,44,1,0,0,1048,1958,267,2,-1,,0.17869026013309136,0.8414948453608248,,,1315,1960
489,489,4,1,44,1,1,0,1048,1958,267,2,-1,,0.17869026013309136,0.8414948453608248,,,1315,1960
490,490,5,1,44,1,1,1,1048,1958,267,2,95, ,0.17869026013309136,0.8414948453608248,,,1315,1960
491,491,2,1,45,0,0,0,1048,1958,2,85,-1,,0.15865093768905023,0.8593213058419243,,,1050,2043
492,492,3,1,45,1,0,0,1048,1958,2,85,-1,,0.15865093768905023,0.8593213058419243,,,1050,2043
493,493,4,1,45,1,1,0,1048,1958,2,85,-1,,0.15865093768905023,0.8593213058419243,,,1050,2043
494,494,5,1,45,1,1,1,1048,1958,2,85,95, ,0.15865093768905023,0.8593213058419243,,,1050,2043
495,495,2,1,46,0,0,0,1313,1958,2,85,-1,,0.1987295825771325,0.8593213058419243,,,1315,2043
496,496,3,1,46,1,0,0,1313,1958,2,85,-1,,0.1987295825771325,0.8593213058419243,,,1315,2043
497,497,4,1,46,1,1,0,1313,1958,2,85,-1,,0.1987295825771325,0.8593213058419243,,,1315,2043
498,498,5,1,46,1,1,1,1313,1958,2,85,95, ,0.1987295825771325,0.8593213058419243,,,1315,2043
499,499,2,1,47,0,0,0,1048,2041,267,1,-1,,0.17869026013309136,0.8769329896907216,,,1315,2042
500,500,3,1,47,1,0,0,1048,2041,267,1,-1,,0.17869026013309136,0.8769329896907216,,,1315,2042
501,501,4,1,47,1,1,0,1048,2041,267,1,-1,,0.17869026013309136,0.8769329896907216,,,1315,2042
502,502,5,1,47,1,1,1,1048,2041,267,1,95, ,0.17869026013309136,0.8769329896907216,,,1315,2042
503,503,2,1,48,0,0,0,1128,2061,101,27,-1,,0.1782365396249244,0.8911082474226805,,,1229,2088
504,504,3,1,48,1,0,0,1128,2061,101,27,-1,,0.1782365396249244,0.8911082474226805,,,1229,2088
505,505,4,1,48,1,1,0,1128,2061,101,27,-1,,0.1782365396249244,0.8911082474226805,,,1229,2088
506,506,5,1,48,1,1,1,1128,2061,79,27,95,Figure,0.1765728977616455,0.8911082474226805,,,1207,2088
507,507,5,1,48,1,1,2,1216,2061,13,21,95,5,0.18489110707803993,0.8898195876288659,,,1229,2082
508,508,2,1,49,0,0,0,716,2270,259,16,-1,,0.1278735632183908,0.9785223367697594,,,975,2286
509,509,3,1,49,1,0,0,716,2270,259,16,-1,,0.1278735632183908,0.9785223367697594,,,975,2286
510,510,4,1,49,1,1,0,716,2270,259,16,-1,,0.1278735632183908,0.9785223367697594,,,975,2286
511,511,5,1,49,1,1,1,716,2270,49,12,96,Printed,0.11199334543254688,0.9776632302405498,,,765,2282
512,512,5,1,49,1,1,2,771,2270,15,16,96,by,0.1177404718693285,0.9785223367697594,,,786,2286
513,513,5,1,49,1,1,3,792,2270,45,14,96,"Jouve,",0.12318511796733213,0.9780927835051546,,,837,2284
514,514,5,1,49,1,1,4,843,2270,41,12,96,75001,0.13059588626739263,0.9776632302405498,,,884,2282
515,515,5,1,49,1,1,5,893,2270,46,12,96,PARIS,0.1385359951603146,0.9776632302405498,,,939,2282
516,516,5,1,49,1,1,6,945,2270,30,16,95,(FR),0.14519056261343014,0.9785223367697594,,,975,2286
