,Unnamed: 0,level,page_num,block_num,par_num,line_num,word_num,left,top,width,height,conf,text,x,y,label,target,right,bottom
0,0,1,1,0,0,0,0,0,0,1653,2328,-1,,0.125,0.5,,,1653,2328
1,1,2,1,1,0,0,0,144,1905,31,328,-1,,0.02412280701754386,0.8887457044673539,,,175,2233
2,2,3,1,1,1,0,0,144,1905,31,328,-1,,0.02412280701754386,0.8887457044673539,,,175,2233
3,3,4,1,1,1,1,0,144,1905,31,328,-1,,0.02412280701754386,0.8887457044673539,,,175,2233
4,4,5,1,1,1,1,1,144,2179,30,54,95,EP,0.024047186932849365,0.947594501718213,,,174,2233
5,5,5,1,1,1,1,2,144,2142,31,21,95,3,0.02412280701754386,0.9246134020618557,,,175,2163
6,6,5,1,1,1,1,3,144,2061,31,65,94,381,0.02412280701754386,0.8992697594501718,,,175,2126
7,7,5,1,1,1,1,4,144,1974,31,66,92,251,0.02412280701754386,0.8621134020618557,,,175,2040
8,8,5,1,1,1,1,5,144,1905,30,50,86,A1,0.024047186932849365,0.8290378006872853,,,174,1955
9,9,2,1,2,0,0,0,429,153,88,28,-1,,0.07153660012099214,0.07173539518900343,,,517,181
10,10,3,1,2,1,0,0,429,153,88,28,-1,,0.07153660012099214,0.07173539518900343,,,517,181
11,11,4,1,2,1,1,0,429,153,88,16,-1,,0.07153660012099214,0.06915807560137457,,,517,169
12,12,5,1,2,1,1,1,429,153,88,16,84,Europaisches,0.07153660012099214,0.06915807560137457,,,517,169
13,13,4,1,2,1,2,0,429,170,71,11,-1,,0.07025105868118572,0.07538659793814433,,,500,181
14,14,5,1,2,1,2,1,429,170,71,11,96,Patentamt,0.07025105868118572,0.07538659793814433,,,500,181
15,15,2,1,3,0,0,0,429,196,89,28,-1,,0.07161222020568662,0.09020618556701031,,,518,224
16,16,3,1,3,1,0,0,429,196,89,28,-1,,0.07161222020568662,0.09020618556701031,,,518,224
17,17,4,1,3,1,1,0,429,196,63,15,-1,,0.06964609800362977,0.08741408934707903,,,492,211
18,18,5,1,3,1,1,1,429,196,63,15,95,European,0.06964609800362977,0.08741408934707903,,,492,211
19,19,4,1,3,1,2,0,429,212,89,12,-1,,0.07161222020568662,0.0936426116838488,,,518,224
20,20,5,1,3,1,2,1,429,213,43,11,96,Patent,0.06813369630973987,0.0938573883161512,,,472,224
21,21,5,1,3,1,2,2,478,212,40,12,90,Office,0.07531760435571688,0.0936426116838488,,,518,224
22,22,2,1,4,0,0,0,429,239,109,28,-1,,0.07312462189957653,0.10867697594501718,,,538,267
23,23,3,1,4,1,0,0,429,239,109,28,-1,,0.07312462189957653,0.10867697594501718,,,538,267
24,24,4,1,4,1,1,0,429,239,109,15,-1,,0.07312462189957653,0.10588487972508591,,,538,254
25,25,5,1,4,1,1,1,429,239,40,12,93,Office,0.06790683605565638,0.1052405498281787,,,469,251
26,26,5,1,4,1,1,2,474,239,64,15,93,europ√©en,0.0765275257108288,0.10588487972508591,,,538,254
27,27,4,1,4,1,2,0,429,255,77,12,-1,,0.0707047791893527,0.11211340206185567,,,506,267
28,28,5,1,4,1,2,1,429,255,22,12,95,des,0.06654567453115548,0.11211340206185567,,,451,267
29,29,5,1,4,1,2,2,457,255,49,12,82,brevets,0.07282214156079855,0.11211340206185567,,,506,267
30,30,2,1,5,0,0,0,281,136,274,150,-1,,0.06321839080459771,0.09063573883161512,,,555,286
31,31,3,1,5,1,0,0,281,136,274,150,-1,,0.06321839080459771,0.09063573883161512,,,555,286
32,32,4,1,5,1,1,0,281,136,274,150,-1,,0.06321839080459771,0.09063573883161512,,,555,286
33,33,5,1,5,1,1,1,281,136,274,150,95, ,0.06321839080459771,0.09063573883161512,,,555,286
34,34,2,1,6,0,0,0,225,324,45,26,-1,,0.037431941923774956,0.14475945017182132,,,270,350
35,35,3,1,6,1,0,0,225,324,45,26,-1,,0.037431941923774956,0.14475945017182132,,,270,350
36,36,4,1,6,1,1,0,225,324,45,26,-1,,0.037431941923774956,0.14475945017182132,,,270,350
37,37,5,1,6,1,1,1,225,324,45,26,96,(12),0.037431941923774956,0.14475945017182132,,,270,350
38,38,2,1,7,0,0,0,225,395,415,53,-1,,0.06541137326073805,0.18105670103092783,,,640,448
39,39,3,1,7,1,0,0,225,395,415,53,-1,,0.06541137326073805,0.18105670103092783,,,640,448
40,40,4,1,7,1,1,0,225,395,282,26,-1,,0.05535390199637023,0.17525773195876287,,,507,421
41,41,5,1,7,1,1,1,225,395,45,26,92,(43),0.037431941923774956,0.17525773195876287,,,270,421
42,42,5,1,7,1,1,2,285,397,222,23,90,Verdffentlichungstag:,0.05989110707803993,0.17547250859106528,,,507,420
43,43,4,1,7,1,2,0,286,430,354,18,-1,,0.07002419842710224,0.18857388316151202,,,640,448
44,44,5,1,7,1,2,1,286,430,117,18,92,03.10.2018,0.052102238354506954,0.18857388316151202,publication_date,03.10.2018,403,448
45,45,5,1,7,1,2,2,426,430,121,18,90,Patentblatt,0.0735783424077435,0.18857388316151202,,,547,448
46,46,5,1,7,1,2,3,555,430,85,18,96,2018/40,0.09036600120992136,0.18857388316151202,,,640,448
47,47,2,1,8,0,0,0,225,493,379,26,-1,,0.06268905021173624,0.21735395189003437,,,604,519
48,48,3,1,8,1,0,0,225,493,379,26,-1,,0.06268905021173624,0.21735395189003437,,,604,519
49,49,4,1,8,1,1,0,225,493,379,26,-1,,0.06268905021173624,0.21735395189003437,,,604,519
50,50,5,1,8,1,1,1,225,493,45,26,91,(21),0.037431941923774956,0.21735395189003437,,,270,519
51,51,5,1,8,1,1,2,285,495,186,18,91,Anmeldenummer:,0.05716878402903811,0.21649484536082475,,,471,513
52,52,5,1,8,1,1,3,481,495,123,18,92,18020110.5,0.08204779189352691,0.21649484536082475,application_number,18020110.5,604,513
53,53,2,1,9,0,0,0,225,559,319,26,-1,,0.05815184513006655,0.24570446735395188,,,544,585
54,54,3,1,9,1,0,0,225,559,319,26,-1,,0.05815184513006655,0.24570446735395188,,,544,585
55,55,4,1,9,1,1,0,225,559,319,26,-1,,0.05815184513006655,0.24570446735395188,,,544,585
56,56,5,1,9,1,1,1,225,559,45,26,93,(22),0.037431941923774956,0.24570446735395188,,,270,585
57,57,5,1,9,1,1,2,285,561,131,23,92,Anmeldetag:,0.0530096793708409,0.24591924398625428,,,416,584
58,58,5,1,9,1,1,3,426,561,118,18,96,22.03.2018,0.07335148215366001,0.24484536082474226,filing_date,22.03.2018,544,579
59,59,2,1,10,0,0,0,1146,245,314,32,-1,,0.1970659407138536,0.11211340206185567,,,1460,277
60,60,3,1,10,1,0,0,1146,245,314,32,-1,,0.1970659407138536,0.11211340206185567,,,1460,277
61,61,4,1,10,1,1,0,1146,245,314,32,-1,,0.1970659407138536,0.11211340206185567,,,1460,277
62,62,5,1,10,1,1,1,1146,245,52,32,96,EP,0.17725347852389595,0.11211340206185567,number,EP,1198,277
63,63,5,1,10,1,1,2,1214,245,20,32,96,3,0.1851179673321234,0.11211340206185567,number,3,1234,277
64,64,5,1,10,1,1,3,1249,245,63,32,96,381,0.19366303690260134,0.11211340206185567,number,381,1312,277
65,65,5,1,10,1,1,4,1331,245,63,32,92,251,0.20606473079249849,0.11211340206185567,number,251,1394,277
66,66,5,1,10,1,1,5,1413,245,47,32,86,A1,0.21725650332728372,0.11211340206185567,number,A1,1460,277
67,67,2,1,11,0,0,0,1288,142,20,67,-1,,0.19630973986690864,0.07538659793814433,,,1308,209
68,68,3,1,11,1,0,0,1288,142,20,67,-1,,0.19630973986690864,0.07538659793814433,,,1308,209
69,69,4,1,11,1,1,0,1288,142,20,67,-1,,0.19630973986690864,0.07538659793814433,,,1308,209
70,70,5,1,11,1,1,1,1288,142,20,67,95, ,0.19630973986690864,0.07538659793814433,,,1308,209
71,71,2,1,12,0,0,0,1002,256,44,27,-1,,0.15486993345432548,0.11576460481099657,,,1046,283
72,72,3,1,12,1,0,0,1002,256,44,27,-1,,0.15486993345432548,0.11576460481099657,,,1046,283
73,73,4,1,12,1,1,0,1002,256,44,27,-1,,0.15486993345432548,0.11576460481099657,,,1046,283
74,74,5,1,12,1,1,1,1002,256,44,27,80,(11),0.15486993345432548,0.11576460481099657,,,1046,283
75,75,2,1,13,0,0,0,559,314,573,31,-1,,0.1278735632183908,0.14153780068728522,,,1132,345
76,76,3,1,13,1,0,0,559,314,573,31,-1,,0.1278735632183908,0.14153780068728522,,,1132,345
77,77,4,1,13,1,1,0,559,314,573,31,-1,,0.1278735632183908,0.14153780068728522,,,1132,345
78,78,5,1,13,1,1,1,559,314,230,31,92,EUROPAISCHE,0.10193587416817906,0.14153780068728522,,,789,345
79,79,5,1,13,1,1,2,802,319,330,26,91,PATENTANMELDUNG,0.14624924379915305,0.14261168384879724,,,1132,345
80,80,2,1,14,0,0,0,862,395,246,51,-1,,0.14897156684815488,0.18062714776632302,,,1108,446
81,81,3,1,14,1,0,0,862,395,246,51,-1,,0.14897156684815488,0.18062714776632302,,,1108,446
82,82,4,1,14,1,1,0,862,395,126,26,-1,,0.13989715668481548,0.17525773195876287,,,988,421
83,83,5,1,14,1,1,1,862,395,44,26,67,(51),0.1336963097398669,0.17525773195876287,,,906,421
84,84,5,1,14,1,1,2,923,397,25,18,93,Int,0.1414851784633999,0.17439862542955326,,,948,415
85,85,5,1,14,1,1,3,955,397,33,18,65,Cl:,0.14692982456140352,0.17439862542955326,,,988,415
86,86,4,1,14,1,2,0,921,425,187,21,-1,,0.15343315184513007,0.1870704467353952,,,1108,446
87,87,5,1,14,1,2,1,921,428,61,18,90,A01B,0.14390502117362372,0.1877147766323024,class_international,A01B,982,446
88,88,5,1,14,1,2,2,992,428,44,18,93,1102,0.15335753176043557,0.1877147766323024,class_international,1/02,1036,446
89,89,5,1,14,1,2,3,1041,425,67,16,76,(2006.01),0.16250756200846944,0.18599656357388317,,,1108,441
90,90,2,1,15,0,0,0,224,612,1243,6,-1,,0.1278735632183908,0.26417525773195877,,,1467,618
91,91,3,1,15,1,0,0,224,612,1243,6,-1,,0.1278735632183908,0.26417525773195877,,,1467,618
92,92,4,1,15,1,1,0,224,612,1243,6,-1,,0.1278735632183908,0.26417525773195877,,,1467,618
93,93,5,1,15,1,1,1,224,612,1243,6,95, ,0.1278735632183908,0.26417525773195877,,,1467,618
94,94,2,1,16,0,0,0,225,631,599,250,-1,,0.07932546884452511,0.3247422680412371,,,824,881
95,95,3,1,16,1,0,0,225,631,599,250,-1,,0.07932546884452511,0.3247422680412371,,,824,881
96,96,4,1,16,1,1,0,225,631,342,27,-1,,0.05989110707803993,0.2768470790378007,,,567,658
97,97,5,1,16,1,1,1,225,631,45,27,93,(84),0.037431941923774956,0.2768470790378007,,,270,658
98,98,5,1,16,1,1,2,286,633,100,19,93,Benannte,0.050816696914700546,0.2759879725085911,,,386,652
99,99,5,1,16,1,1,3,393,633,174,23,92,Vertragsstaaten:,0.07259528130671507,0.2768470790378007,,,567,656
100,100,4,1,16,1,2,0,285,666,537,18,-1,,0.08371143375680581,0.28994845360824745,,,822,684
101,101,5,1,16,1,2,1,285,666,31,18,94,AL,0.04544767090139141,0.28994845360824745,,,316,684
102,102,5,1,16,1,2,2,323,666,31,18,94,AT,0.05119479733817302,0.28994845360824745,,,354,684
103,103,5,1,16,1,2,3,363,666,30,18,95,BE,0.05716878402903811,0.28994845360824745,,,393,684
104,104,5,1,16,1,2,4,403,666,32,18,95,BG,0.0633696309739867,0.28994845360824745,,,435,684
105,105,5,1,16,1,2,5,445,666,31,18,95,CH,0.06964609800362977,0.28994845360824745,,,476,684
106,106,5,1,16,1,2,6,486,666,32,18,96,CY,0.07592256503327284,0.28994845360824745,,,518,684
107,107,5,1,16,1,2,7,526,666,30,18,96,CZ,0.08182093163944344,0.28994845360824745,,,556,684
108,108,5,1,16,1,2,8,565,666,30,18,96,DE,0.08771929824561403,0.28994845360824745,,,595,684
109,109,5,1,16,1,2,9,605,666,32,18,93,DK,0.09392014519056262,0.28994845360824745,,,637,684
110,110,5,1,16,1,2,10,646,666,29,18,93,EE,0.0998941318814277,0.28994845360824745,,,675,684
111,111,5,1,16,1,2,11,684,666,29,18,93,ES,0.10564125831820932,0.28994845360824745,,,713,684
112,112,5,1,16,1,2,12,723,666,99,18,86,FIFRGB,0.11683303085299455,0.28994845360824745,,,822,684
113,113,4,1,16,1,3,0,285,699,539,18,-1,,0.0838626739261948,0.30412371134020616,,,824,717
114,114,5,1,16,1,3,1,285,699,35,18,94,GR,0.04575015124016939,0.30412371134020616,,,320,717
115,115,5,1,16,1,3,2,328,699,32,18,94,HR,0.05202661826981246,0.30412371134020616,,,360,717
116,116,5,1,16,1,3,3,368,699,14,18,41,HU,0.05671506352087114,0.30412371134020616,,,382,717
117,117,5,1,16,1,3,4,385,699,43,18,41,IE,0.06147912885662432,0.30412371134020616,,,428,717
118,118,5,1,16,1,3,5,436,699,20,18,47,IS,0.06745311554748941,0.30412371134020616,,,456,717
119,119,5,1,16,1,3,6,464,699,20,18,47,IT,0.07168784029038112,0.30412371134020616,,,484,717
120,120,5,1,16,1,3,7,492,699,54,18,83,LILT,0.07849364791288566,0.30412371134020616,,,546,717
121,121,5,1,16,1,3,8,554,699,28,18,75,LU,0.08590441621294616,0.30412371134020616,,,582,717
122,122,5,1,16,1,3,9,591,699,28,18,75,LV,0.09150030248033877,0.30412371134020616,,,619,717
123,123,5,1,16,1,3,10,627,699,35,18,95,MC,0.09747428917120388,0.30412371134020616,,,662,717
124,124,5,1,16,1,3,11,670,699,35,18,94,MK,0.10397761645493044,0.30412371134020616,,,705,717
125,125,5,1,16,1,3,12,713,699,32,18,93,MT,0.11025408348457351,0.30412371134020616,,,745,717
126,126,5,1,16,1,3,13,753,699,29,18,20,NL,0.11607683000604961,0.30412371134020616,,,782,717
127,127,5,1,16,1,3,14,791,699,33,18,20,NO,0.1221264367816092,0.30412371134020616,,,824,717
128,128,4,1,16,1,4,0,286,732,336,18,-1,,0.06866303690260134,0.31829896907216493,,,622,750
129,129,5,1,16,1,4,1,286,732,28,18,95,PL,0.045372050816696916,0.31829896907216493,,,314,750
130,130,5,1,16,1,4,2,323,732,29,18,92,PT,0.05104355716878403,0.31829896907216493,,,352,750
131,131,5,1,16,1,4,3,360,732,58,18,92,RORS,0.058832425892317,0.31829896907216493,,,418,750
132,132,5,1,16,1,4,4,420,732,52,18,96,SE,0.06745311554748941,0.31829896907216493,,,472,750
133,133,5,1,16,1,4,5,480,732,20,18,91,SI,0.07410768300060495,0.31829896907216493,,,500,750
134,134,5,1,16,1,4,6,510,732,31,18,91,SK,0.0794767090139141,0.31829896907216493,,,541,750
135,135,5,1,16,1,4,7,550,732,72,18,91,SMTR,0.08862673926194797,0.31829896907216493,,,622,750
136,136,4,1,16,1,5,0,286,765,330,23,-1,,0.06820931639443437,0.3335481099656357,,,616,788
137,137,5,1,16,1,5,1,286,765,100,18,92,Benannte,0.050816696914700546,0.3324742268041237,,,386,783
138,138,5,1,16,1,5,2,395,765,221,23,91,Erstreckungsstaaten:,0.0764519056261343,0.3335481099656357,,,616,788
139,139,4,1,16,1,6,0,286,797,74,19,-1,,0.04885057471264368,0.34643470790378006,,,360,816
140,140,5,1,16,1,6,1,286,797,33,19,96,BA,0.04575015124016939,0.34643470790378006,,,319,816
141,141,5,1,16,1,6,2,327,797,33,19,96,ME,0.05195099818511797,0.34643470790378006,,,360,816
142,142,4,1,16,1,7,0,286,830,322,23,-1,,0.06760435571687841,0.36146907216494845,,,608,853
143,143,5,1,16,1,7,1,286,830,100,18,92,Benannte,0.050816696914700546,0.3603951890034364,,,386,848
144,144,5,1,16,1,7,2,393,830,215,23,92,Validierungsstaaten:,0.07569570477918935,0.36146907216494845,,,608,853
145,145,4,1,16,1,8,0,286,863,157,18,-1,,0.055127041742286755,0.3745704467353952,,,443,881
146,146,5,1,16,1,8,1,286,863,31,18,95,KH,0.0455989110707804,0.3745704467353952,,,317,881
147,147,5,1,16,1,8,2,327,863,35,18,96,MA,0.052102238354506954,0.3745704467353952,,,362,881
148,148,5,1,16,1,8,3,371,863,34,18,95,MD,0.05868118572292801,0.3745704467353952,,,405,881
149,149,5,1,16,1,8,4,413,863,30,18,95,TN,0.0647307924984876,0.3745704467353952,,,443,881
150,150,2,1,17,0,0,0,225,927,492,26,-1,,0.07123411978221415,0.40378006872852235,,,717,953
151,151,3,1,17,1,0,0,225,927,492,26,-1,,0.07123411978221415,0.40378006872852235,,,717,953
152,152,4,1,17,1,1,0,225,927,492,26,-1,,0.07123411978221415,0.40378006872852235,,,717,953
153,153,5,1,17,1,1,1,225,927,45,26,91,(30),0.037431941923774956,0.40378006872852235,,,270,953
154,154,5,1,17,1,1,2,286,929,86,18,65,Prioritat:,0.04975801572897762,0.4029209621993127,,,372,947
155,155,5,1,17,1,1,3,383,929,118,18,93,31.03.2017,0.06684815486993345,0.4029209621993127,priority_date_eu,31.03.2017,501,947
156,156,5,1,17,1,1,4,520,929,30,18,93,DE,0.0809134906231095,0.4029209621993127,,,550,947
157,157,5,1,17,1,1,5,559,929,158,18,96,102017003134,0.09649122807017543,0.4029209621993127,,,717,947
158,158,2,1,18,0,0,0,845,614,2,402,-1,,0.1279491833030853,0.35008591065292094,,,847,1016
159,159,3,1,18,1,0,0,845,614,2,402,-1,,0.1279491833030853,0.35008591065292094,,,847,1016
160,160,4,1,18,1,1,0,845,614,2,402,-1,,0.1279491833030853,0.35008591065292094,,,847,1016
161,161,5,1,18,1,1,1,845,614,2,402,95, ,0.1279491833030853,0.35008591065292094,,,847,1016
162,162,2,1,19,0,0,0,862,631,485,91,-1,,0.16704476709013913,0.29059278350515466,,,1347,722
163,163,3,1,19,1,0,0,862,631,485,91,-1,,0.16704476709013913,0.29059278350515466,,,1347,722
164,164,4,1,19,1,1,0,862,631,485,27,-1,,0.16704476709013913,0.2768470790378007,,,1347,658
165,165,5,1,19,1,1,1,862,631,44,27,93,(71),0.1336963097398669,0.2768470790378007,,,906,658
166,166,5,1,19,1,1,2,921,633,107,19,93,Anmelder:,0.14738354506957047,0.2759879725085911,,,1028,652
167,167,5,1,19,1,1,3,1038,633,124,23,92,Scheppach,0.16636418632788869,0.2768470790378007,applicant_line_1,Scheppach,1162,656
168,168,5,1,19,1,1,4,1172,633,126,19,92,Fabrikation,0.1867816091954023,0.2759879725085911,applicant_line_1,Fabrikation,1298,652
169,169,5,1,19,1,1,5,1306,638,41,14,96,von,0.20062008469449485,0.2770618556701031,applicant_line_1,von,1347,652
170,170,4,1,19,1,2,0,923,666,400,23,-1,,0.16984271022383546,0.29102233676975947,,,1323,689
171,171,5,1,19,1,2,1,923,666,322,23,91,Holzbearbeitungsmaschinen,0.16394434361766486,0.29102233676975947,applicant_line_1,Holzbearbeitungsmaschinen,1245,689
172,172,5,1,19,1,2,2,1254,666,69,18,96,GmbH,0.19487295825771325,0.28994845360824745,applicant_line_1,GmbH,1323,684
173,173,4,1,19,1,3,0,922,699,272,23,-1,,0.1600120992135511,0.30519759450171824,,,1194,722
174,174,5,1,19,1,3,1,922,699,64,18,91,89335,0.1442831215970962,0.30412371134020616,,,986,717
175,175,5,1,19,1,3,2,996,699,142,18,89,Ichenhausen,0.16137326073805203,0.30412371134020616,,,1138,717
176,176,5,1,19,1,3,3,1147,699,47,23,96,(DE),0.17702661826981247,0.30519759450171824,,,1194,722
177,177,2,1,20,0,0,0,862,763,398,57,-1,,0.16046581972171808,0.3399914089347079,,,1260,820
178,178,3,1,20,1,0,0,862,763,398,57,-1,,0.16046581972171808,0.3399914089347079,,,1260,820
179,179,4,1,20,1,1,0,862,763,398,26,-1,,0.16046581972171808,0.3333333333333333,,,1260,789
180,180,5,1,20,1,1,1,862,763,44,26,91,(72),0.1336963097398669,0.3333333333333333,,,906,789
181,181,5,1,20,1,1,2,923,765,86,18,91,Erfinder:,0.14609800362976408,0.3324742268041237,,,1009,783
182,182,5,1,20,1,1,3,1020,765,149,21,92,"Bindhammer,",0.16553236539624924,0.3331185567010309,inventor_line_1,"Bindhammer,",1169,786
183,183,5,1,20,1,1,4,1179,765,81,18,96,Markus,0.18443738656987296,0.3324742268041237,inventor_line_1,Markus,1260,783
184,184,4,1,20,1,2,0,922,797,237,23,-1,,0.1573653962492438,0.3472938144329897,,,1159,820
185,185,5,1,20,1,2,1,922,797,64,19,96,86316,0.1442831215970962,0.34643470790378006,,,986,816
186,186,5,1,20,1,2,2,996,797,106,23,96,Friedberg,0.15865093768905023,0.3472938144329897,,,1102,820
187,187,5,1,20,1,2,3,1112,797,47,23,96,(DE),0.17173321234119782,0.3472938144329897,,,1159,820
188,188,2,1,21,0,0,0,862,861,323,123,-1,,0.15479431336963098,0.3962628865979381,,,1185,984
189,189,3,1,21,1,0,0,862,861,323,123,-1,,0.15479431336963098,0.3962628865979381,,,1185,984
190,190,4,1,21,1,1,0,862,861,323,26,-1,,0.15479431336963098,0.3754295532646048,,,1185,887
191,191,5,1,21,1,1,1,862,861,44,26,91,(74),0.1336963097398669,0.3754295532646048,,,906,887
192,192,5,1,21,1,1,2,921,863,97,18,90,Vertreter:,0.14662734422262552,0.3745704467353952,,,1018,881
193,193,5,1,21,1,1,3,1029,863,66,22,96,"Munk,",0.16061705989110708,0.3754295532646048,representative_line_1_eu,"Munk,",1095,885
194,194,5,1,21,1,1,4,1105,863,80,23,96,Ludwig,0.17316999395039323,0.3756443298969072,representative_line_1_eu,Ludwig,1185,886
195,195,4,1,21,1,2,0,923,895,227,19,-1,,0.15676043557168784,0.38853092783505155,,,1150,914
196,196,5,1,21,1,2,1,923,895,158,19,91,Patentanwalte,0.1515426497277677,0.38853092783505155,,,1081,914
197,197,5,1,21,1,2,2,1090,895,60,19,95,Munk,0.1693889897156685,0.38853092783505155,,,1150,914
198,198,4,1,21,1,3,0,923,929,248,23,-1,,0.15834845735027223,0.40399484536082475,,,1171,952
199,199,5,1,21,1,3,1,923,929,228,23,40,PrinzregentenstraRe,0.15683605565638234,0.40399484536082475,,,1151,952
200,200,5,1,21,1,3,2,1160,929,11,18,95,3,0.1762704174228675,0.4029209621993127,,,1171,947
201,201,4,1,21,1,4,0,922,961,239,23,-1,,0.15751663641863278,0.4177405498281787,,,1161,984
202,202,5,1,21,1,4,1,922,961,64,19,96,86150,0.1442831215970962,0.4168814432989691,,,986,980
203,203,5,1,21,1,4,2,994,961,111,23,96,Augsburg,0.1587265577737447,0.4177405498281787,,,1105,984
204,204,5,1,21,1,4,3,1114,961,47,23,96,(DE),0.1720356926799758,0.4177405498281787,,,1161,984
205,205,2,1,22,0,0,0,224,1013,1243,5,-1,,0.1278735632183908,0.43621134020618557,,,1467,1018
206,206,3,1,22,1,0,0,224,1013,1243,5,-1,,0.1278735632183908,0.43621134020618557,,,1467,1018
207,207,4,1,22,1,1,0,224,1013,1243,5,-1,,0.1278735632183908,0.43621134020618557,,,1467,1018
208,208,5,1,22,1,1,1,224,1013,1243,5,95, ,0.1278735632183908,0.43621134020618557,,,1467,1018
209,209,2,1,23,0,0,0,225,1033,45,27,-1,,0.037431941923774956,0.4495274914089347,,,270,1060
210,210,3,1,23,1,0,0,225,1033,45,27,-1,,0.037431941923774956,0.4495274914089347,,,270,1060
211,211,4,1,23,1,1,0,225,1033,45,27,-1,,0.037431941923774956,0.4495274914089347,,,270,1060
212,212,5,1,23,1,1,1,225,1033,45,27,96,(54),0.037431941923774956,0.4495274914089347,,,270,1060
213,213,2,1,24,0,0,0,225,1140,583,583,-1,,0.07811554748941318,0.614905498281787,,,808,1723
214,214,3,1,24,1,0,0,225,1140,583,452,-1,,0.07811554748941318,0.5867697594501718,,,808,1592
215,215,4,1,24,1,1,0,225,1140,582,26,-1,,0.0780399274047187,0.4952749140893471,,,807,1166
216,216,5,1,24,1,1,1,225,1140,45,26,94,(57),0.037431941923774956,0.4952749140893471,,,270,1166
217,217,5,1,24,1,1,2,316,1142,33,18,30,Die,0.05028735632183908,0.4944158075601375,,,349,1160
218,218,5,1,24,1,1,3,362,1142,99,23,92,Erfindung,0.06223532970356927,0.4954896907216495,,,461,1165
219,219,5,1,24,1,1,4,474,1142,65,18,78,betrifft,0.0766031457955233,0.4944158075601375,,,539,1160
220,220,5,1,24,1,1,5,549,1142,30,18,93,ein,0.0852994555353902,0.4944158075601375,,,579,1160
221,221,5,1,24,1,1,6,591,1142,127,23,92,Gartengerat,0.09898669086509376,0.4954896907216495,,,718,1165
222,222,5,1,24,1,1,7,728,1147,33,13,93,zur,0.11259830611010284,0.4954896907216495,,,761,1160
223,223,5,1,24,1,1,8,772,1142,35,18,92,Bo-,0.11940411373260738,0.4944158075601375,,,807,1160
224,224,4,1,24,1,2,0,225,1175,581,24,-1,,0.0779643073200242,0.5098797250859106,,,806,1199
225,225,5,1,24,1,2,1,225,1175,170,24,92,"denbearbeitung,",0.04688445251058681,0.5098797250859106,,,395,1199
226,226,5,1,24,1,2,2,411,1175,30,19,96,mit,0.06442831215970962,0.5088058419243986,,,441,1194
227,227,5,1,24,1,2,3,455,1175,62,19,93,einem,0.073502722323049,0.5088058419243986,,,517,1194
228,228,5,1,24,1,2,4,533,1175,195,24,90,"Handgriffabschnitt,",0.09535692679975802,0.5098797250859106,,,728,1199
229,229,5,1,24,1,2,5,743,1175,63,19,96,einem,0.11713551119177254,0.5088058419243986,,,806,1194
230,230,4,1,24,1,3,0,225,1208,583,23,-1,,0.07811554748941318,0.523840206185567,,,808,1231
231,231,5,1,24,1,3,1,225,1208,59,19,61,daran,0.038490623109497885,0.5229810996563574,,,284,1227
232,232,5,1,24,1,3,2,311,1208,144,23,61,angebrachten,0.05792498487598306,0.523840206185567,,,455,1231
233,233,5,1,24,1,3,3,484,1208,244,22,91,"Bodenkontaktabschnitt,",0.09165154264972777,0.5236254295532646,,,728,1230
234,234,5,1,24,1,3,4,755,1208,53,19,94,einer,0.11819419237749547,0.5229810996563574,,,808,1227
235,235,4,1,24,1,4,0,225,1241,582,23,-1,,0.0780399274047187,0.5380154639175257,,,807,1264
236,236,5,1,24,1,4,1,225,1241,187,23,91,"Stromversorgung,",0.048169993950393224,0.5380154639175257,,,412,1264
237,237,5,1,24,1,4,2,436,1241,53,18,93,einer,0.06994857834240774,0.5369415807560137,,,489,1259
238,238,5,1,24,1,4,3,512,1241,295,23,91,Feuchtigkeitserfassungsein-,0.09974289171203872,0.5380154639175257,,,807,1264
239,239,4,1,24,1,5,0,225,1274,582,23,-1,,0.0780399274047187,0.5521907216494846,,,807,1297
240,240,5,1,24,1,5,1,225,1274,82,23,91,richtung,0.040229885057471264,0.5521907216494846,,,307,1297
241,241,5,1,24,1,5,2,317,1278,32,14,93,zur,0.050362976406533574,0.5519759450171822,,,349,1292
242,242,5,1,24,1,5,3,359,1274,104,23,92,Erfassung,0.06215970961887477,0.5521907216494846,,,463,1297
243,243,5,1,24,1,5,4,472,1274,53,18,95,einer,0.07539322444041137,0.5511168384879725,,,525,1292
244,244,5,1,24,1,5,5,532,1274,72,18,92,Anzahl,0.08590441621294616,0.5511168384879725,,,604,1292
245,245,5,1,24,1,5,6,613,1274,52,18,93,einer,0.09664246823956443,0.5511168384879725,,,665,1292
246,246,5,1,24,1,5,7,674,1274,133,18,92,Bodenfeuch-,0.11199334543254688,0.5511168384879725,,,807,1292
247,247,4,1,24,1,6,0,225,1306,582,23,-1,,0.0780399274047187,0.5659364261168385,,,807,1329
248,248,5,1,24,1,6,1,225,1306,61,23,92,tigkeit,0.03864186327888687,0.5659364261168385,,,286,1329
249,249,5,1,24,1,6,2,301,1306,166,23,90,entsprechender,0.05807622504537205,0.5659364261168385,,,467,1329
250,250,5,1,24,1,6,3,482,1306,85,22,23,"Grdfen,",0.07932546884452511,0.5657216494845361,,,567,1328
251,251,5,1,24,1,6,4,583,1306,53,19,93,einer,0.09218088324258923,0.5650773195876289,,,636,1325
252,252,5,1,24,1,6,5,652,1306,155,19,69,Nahrstofferfas-,0.110329703569268,0.5650773195876289,,,807,1325
253,253,4,1,24,1,7,0,225,1339,581,23,-1,,0.0779643073200242,0.5801116838487973,,,806,1362
254,254,5,1,24,1,7,1,225,1339,178,23,91,sungseinrichtung,0.04748941318814277,0.5801116838487973,,,403,1362
255,255,5,1,24,1,7,2,420,1344,32,13,93,zur,0.06594071385359952,0.5801116838487973,,,452,1357
256,256,5,1,24,1,7,3,468,1339,105,23,92,Erfassung,0.07872050816696914,0.5801116838487973,,,573,1362
257,257,5,1,24,1,7,4,589,1339,52,18,96,einer,0.09301270417422867,0.5790378006872853,,,641,1357
258,258,5,1,24,1,7,5,656,1339,72,18,96,Anzahl,0.10465819721718088,0.5790378006872853,,,728,1357
259,259,5,1,24,1,7,6,743,1339,63,18,96,einem,0.11713551119177254,0.5790378006872853,,,806,1357
260,260,4,1,24,1,8,0,226,1372,582,23,-1,,0.07819116757410768,0.594286941580756,,,808,1395
261,261,5,1,24,1,8,1,226,1372,160,23,37,Nahrstoffgehalt,0.04627949183303085,0.594286941580756,,,386,1395
262,262,5,1,24,1,8,2,392,1372,22,19,96,im,0.06094978826376286,0.5934278350515464,,,414,1391
263,263,5,1,24,1,8,3,422,1372,65,19,92,Boden,0.06873865698729582,0.5934278350515464,,,487,1391
264,264,5,1,24,1,8,4,494,1372,165,23,92,entsprechender,0.08718995765275257,0.594286941580756,,,659,1395
265,265,5,1,24,1,8,5,664,1372,78,19,9,"Grdofen,",0.10632183908045977,0.5934278350515464,,,742,1391
266,266,5,1,24,1,8,6,746,1372,62,22,96,einer,0.11751361161524501,0.5940721649484536,,,808,1394
267,267,4,1,24,1,9,0,226,1405,582,23,-1,,0.07819116757410768,0.6084621993127147,,,808,1428
268,268,5,1,24,1,9,1,226,1405,151,18,91,Recheneinheit,0.0455989110707804,0.6073883161512027,,,377,1423
269,269,5,1,24,1,9,2,389,1410,32,13,93,zur,0.061252268602540835,0.6084621993127147,,,421,1423
270,270,5,1,24,1,9,3,434,1405,126,23,91,Berechnung,0.07516636418632788,0.6084621993127147,,,560,1428
271,271,5,1,24,1,9,4,573,1405,34,18,93,der,0.08923169993950393,0.6073883161512027,,,607,1423
272,272,5,1,24,1,9,5,620,1405,188,23,92,Bodenfeuchtigkeit,0.10798548094373865,0.6084621993127147,,,808,1428
273,273,4,1,24,1,10,0,225,1438,582,23,-1,,0.0780399274047187,0.6226374570446735,,,807,1461
274,274,5,1,24,1,10,1,225,1442,37,14,96,aus,0.036826981246219,0.6224226804123711,,,262,1456
275,275,5,1,24,1,10,2,272,1438,33,18,95,der,0.043632788868723536,0.6215635738831615,,,305,1456
276,276,5,1,24,1,10,3,315,1438,34,18,93,der,0.05021173623714459,0.6215635738831615,,,349,1456
277,277,5,1,24,1,10,4,358,1438,189,23,92,Bodenfeuchtigkeit,0.06843617664851785,0.6226374570446735,,,547,1461
278,278,5,1,24,1,10,5,556,1438,169,23,92,entsprechenden,0.09686932849364792,0.6226374570446735,,,725,1461
279,279,5,1,24,1,10,6,735,1438,72,18,96,Anzahl,0.11660617059891107,0.6215635738831615,,,807,1456
280,280,4,1,24,1,11,0,225,1470,582,23,-1,,0.0780399274047187,0.6363831615120275,,,807,1493
281,281,5,1,24,1,11,1,225,1475,36,14,96,von,0.0367513611615245,0.6365979381443299,,,261,1489
282,282,5,1,24,1,11,2,268,1470,78,19,57,Groen,0.046430732002419844,0.6355240549828178,,,346,1489
283,283,5,1,24,1,11,3,353,1470,37,19,96,und,0.056185722928009676,0.6355240549828178,,,390,1489
284,284,5,1,24,1,11,4,396,1470,38,19,91,des,0.06276467029643074,0.6355240549828178,,,434,1489
285,285,5,1,24,1,11,5,440,1470,171,23,91,Nahrstoffgehalts,0.0794767090139141,0.6363831615120275,,,611,1493
286,286,5,1,24,1,11,6,617,1475,37,14,96,aus,0.09611312764670296,0.6365979381443299,,,654,1489
287,287,5,1,24,1,11,7,660,1470,34,19,96,der,0.10238959467634604,0.6355240549828178,,,694,1489
288,288,5,1,24,1,11,8,698,1470,44,19,93,dem,0.1088929219600726,0.6355240549828178,,,742,1489
289,289,5,1,24,1,11,9,750,1470,57,19,91,Nahr-,0.1177404718693285,0.6355240549828178,,,807,1489
290,290,4,1,24,1,12,0,225,1503,582,23,-1,,0.0780399274047187,0.6505584192439863,,,807,1526
291,291,5,1,24,1,12,1,225,1503,109,23,91,stoffgehalt,0.04227162734422263,0.6505584192439863,,,334,1526
292,292,5,1,24,1,12,2,340,1503,169,23,92,entsprechenden,0.06420145190562614,0.6505584192439863,,,509,1526
293,293,5,1,24,1,12,3,517,1503,84,22,36,"Gr√©fen,",0.08454325468844526,0.6503436426116839,,,601,1525
294,294,5,1,24,1,12,4,609,1503,59,18,95,sowie,0.09656684815486993,0.6494845360824743,,,668,1521
295,295,5,1,24,1,12,5,675,1503,53,18,93,einer,0.10609497882637628,0.6494845360824743,,,728,1521
296,296,5,1,24,1,12,6,733,1503,74,23,92,Ausga-,0.11645493042952208,0.6505584192439863,,,807,1526
297,297,4,1,24,1,13,0,226,1536,581,23,-1,,0.07811554748941318,0.664733676975945,,,807,1559
298,298,5,1,24,1,13,1,226,1536,140,23,91,beeinrichtung,0.04476709013914096,0.664733676975945,,,366,1559
299,299,5,1,24,1,13,2,378,1540,33,14,96,zur,0.05966424682395644,0.6645189003436426,,,411,1554
300,300,5,1,24,1,13,3,420,1536,93,23,96,Ausgabe,0.0705535390199637,0.664733676975945,,,513,1559
301,301,5,1,24,1,13,4,525,1536,34,18,93,der,0.08197217180883243,0.663659793814433,,,559,1554
302,302,5,1,24,1,13,5,570,1536,188,23,91,Bodenfeuchtigkeit,0.10042347247428918,0.664733676975945,,,758,1559
303,303,5,1,24,1,13,6,770,1536,37,18,96,und,0.11925287356321838,0.663659793814433,,,807,1554
304,304,4,1,24,1,14,0,225,1569,330,23,-1,,0.05898366606170599,0.6789089347079038,,,555,1592
305,305,5,1,24,1,14,1,225,1569,37,18,93,des,0.036826981246219,0.6778350515463918,,,262,1587
306,306,5,1,24,1,14,2,271,1569,171,23,91,Nahrstoffgehalts,0.05391712038717483,0.6789089347079038,,,442,1592
307,307,5,1,24,1,14,3,452,1569,21,18,96,im,0.06994857834240774,0.6778350515463918,,,473,1587
308,308,5,1,24,1,14,4,483,1569,72,18,96,Boden.,0.07849364791288566,0.6778350515463918,,,555,1587
309,309,3,1,24,2,0,0,225,1602,582,121,-1,,0.0780399274047187,0.7141323024054983,,,807,1723
310,310,4,1,24,2,1,0,271,1602,536,23,-1,,0.08151845130066546,0.6930841924398625,,,807,1625
311,311,5,1,24,2,1,1,271,1602,33,18,93,Die,0.043481548699334543,0.6920103092783505,,,304,1620
312,312,5,1,24,2,1,2,315,1602,99,23,92,Erfindung,0.055127041742286755,0.6930841924398625,,,414,1625
313,313,5,1,24,2,1,3,424,1602,88,18,91,zeichnet,0.07078039927404718,0.6920103092783505,,,512,1620
314,314,5,1,24,2,1,4,521,1602,40,18,93,sich,0.08182093163944344,0.6920103092783505,,,561,1620
315,315,5,1,24,2,1,5,571,1602,84,18,92,dadurch,0.09271022383545069,0.6920103092783505,,,655,1620
316,316,5,1,24,2,1,6,666,1606,42,17,96,"aus,",0.10390199637023594,0.6935137457044673,,,708,1623
317,317,5,1,24,2,1,7,718,1602,49,18,96,dass,0.11229582577132487,0.6920103092783505,,,767,1620
318,318,5,1,24,2,1,8,776,1602,31,18,96,die,0.11970659407138536,0.6920103092783505,,,807,1620
319,319,4,1,24,2,2,0,226,1634,581,23,-1,,0.07811554748941318,0.7068298969072165,,,807,1657
320,320,5,1,24,2,2,1,226,1634,371,23,76,Feuchtigkeitserfassungseinrichtung,0.06223532970356927,0.7068298969072165,,,597,1657
321,321,5,1,24,2,2,2,625,1634,109,19,76,zumindest,0.1027676950998185,0.7059707903780069,,,734,1653
322,322,5,1,24,2,2,3,761,1634,46,19,95,zwei,0.11857229280096794,0.7059707903780069,,,807,1653
323,323,4,1,24,2,3,0,226,1667,581,18,-1,,0.07811554748941318,0.7199312714776632,,,807,1685
324,324,5,1,24,2,3,1,226,1667,48,18,96,nach,0.03781004234724743,0.7199312714776632,,,274,1685
325,325,5,1,24,2,3,2,283,1667,30,18,96,Art,0.04506957047791894,0.7199312714776632,,,313,1685
326,326,5,1,24,2,3,3,321,1667,55,18,93,eines,0.05270719903206292,0.7199312714776632,,,376,1685
327,327,5,1,24,2,3,4,386,1667,215,18,91,Plattenkondensators,0.07463702359346643,0.7199312714776632,,,601,1685
328,328,5,1,24,2,3,5,609,1667,131,18,91,voneinander,0.10201149425287356,0.7199312714776632,,,740,1685
329,329,5,1,24,2,3,6,749,1667,58,18,91,beab-,0.117664851784634,0.7199312714776632,,,807,1685
330,330,4,1,24,2,4,0,225,1700,581,23,-1,,0.0779643073200242,0.7351804123711341,,,806,1723
331,331,5,1,24,2,4,1,225,1700,77,18,91,standet,0.03985178463399879,0.7341065292096219,,,302,1718
332,332,5,1,24,2,4,2,314,1700,33,18,96,auf,0.0499848759830611,0.7341065292096219,,,347,1718
333,333,5,1,24,2,4,3,359,1700,44,18,93,dem,0.057622504537205084,0.7341065292096219,,,403,1718
334,334,5,1,24,2,4,4,417,1700,240,18,91,Bodenkontaktabschnitt,0.08121597096188747,0.7341065292096219,,,657,1718
335,335,5,1,24,2,4,5,669,1700,137,23,93,"angebrachte,",0.11153962492437991,0.7351804123711341,,,806,1723
336,336,2,1,25,0,0,0,530,1783,39,17,-1,,0.08310647307924984,0.7695446735395189,,,569,1800
337,337,3,1,25,1,0,0,530,1783,39,17,-1,,0.08310647307924984,0.7695446735395189,,,569,1800
338,338,4,1,25,1,1,0,530,1783,39,17,-1,,0.08310647307924984,0.7695446735395189,,,569,1800
339,339,5,1,25,1,1,1,530,1783,27,17,88,Fig.,0.08219903206291591,0.7695446735395189,,,557,1800
340,340,5,1,25,1,1,2,564,1783,5,13,88,1,0.08567755595886267,0.7686855670103093,,,569,1796
341,341,2,1,26,0,0,0,316,1029,1146,58,-1,,0.13445251058681185,0.45446735395189003,,,1462,1087
342,342,3,1,26,1,0,0,316,1029,1146,58,-1,,0.13445251058681185,0.45446735395189003,,,1462,1087
343,343,4,1,26,1,1,0,316,1029,1146,36,-1,,0.13445251058681185,0.4497422680412371,,,1462,1065
344,344,5,1,26,1,1,1,316,1029,187,25,91,GARTENGERAT,0.061932849364791286,0.4473797250859107,title_line_1,GARTENGER‚àö√ëT,503,1054
345,345,5,1,26,1,1,2,504,1034,75,20,96,ZUR,0.08189655172413793,0.4484536082474227,title_line_1,ZUR,579,1054
346,346,5,1,26,1,1,3,587,1033,266,32,91,BODENBEARBEITUNG,0.1088929219600726,0.45060137457044674,title_line_1,BODENBEARBEITUNG,853,1065
347,347,5,1,26,1,1,4,856,1033,61,21,93,UND,0.13407441016333937,0.4482388316151203,title_line_1,UND,917,1054
348,348,5,1,26,1,1,5,921,1033,103,21,90,SAAT-,0.1470810647307925,0.4482388316151203,title_line_1,SAAT-,1024,1054
349,349,5,1,26,1,1,6,1032,1034,65,20,89,BZW.,0.16099516031457956,0.4484536082474227,title_line_1,BZW.,1097,1054
350,350,5,1,26,1,1,7,1105,1034,285,20,91,PFLANZENVERFAHREN,0.18867211131276468,0.4484536082474227,title_line_1,PFLANZENVERFAHREN,1390,1054
351,351,5,1,26,1,1,8,1393,1034,69,20,96,MIT,0.21589534180278283,0.4484536082474227,title_line_1,MIT,1462,1054
352,352,4,1,26,1,2,0,316,1066,529,21,-1,,0.08779491833030853,0.46241408934707906,,,845,1087
353,353,5,1,26,1,2,1,316,1067,74,19,96,HILFE,0.05338777979431337,0.46241408934707906,,,390,1086
354,354,5,1,26,1,2,2,401,1066,77,21,92,EINES,0.06647005444646098,0.46241408934707906,,,478,1087
355,355,5,1,26,1,2,3,487,1066,126,21,91,SOLCHEN,0.08318209316394434,0.46241408934707906,,,613,1087
356,356,5,1,26,1,2,4,624,1066,221,21,91,GARTENGERATS,0.11108590441621295,0.46241408934707906,,,845,1087
357,357,2,1,27,0,0,0,884,1142,583,576,-1,,0.17778281911675742,0.6142611683848798,,,1467,1718
358,358,3,1,27,1,0,0,884,1142,583,576,-1,,0.17778281911675742,0.6142611683848798,,,1467,1718
359,359,4,1,27,1,1,0,884,1142,583,23,-1,,0.17778281911675742,0.4954896907216495,,,1467,1165
360,360,5,1,27,1,1,1,884,1143,51,17,93,erste,0.13755293405928615,0.4946305841924399,,,935,1160
361,361,5,1,27,1,1,2,948,1142,110,18,91,Elektroden,0.15169388989715668,0.4944158075601375,,,1058,1160
362,362,5,1,27,1,1,3,1070,1142,25,23,96,"(3,",0.16371748336358136,0.4954896907216495,,,1095,1165
363,363,5,1,27,1,1,4,1107,1142,20,23,92,4),0.16893526920750151,0.4954896907216495,,,1127,1165
364,364,5,1,27,1,1,5,1138,1142,91,22,92,"aufweist,",0.17899274047186933,0.4952749140893471,,,1229,1164
365,365,5,1,27,1,1,6,1241,1142,61,18,92,wobei,0.19230187537810042,0.4944158075601375,,,1302,1160
366,366,5,1,27,1,1,7,1313,1142,44,18,93,eine,0.20190562613430127,0.4944158075601375,,,1357,1160
367,367,5,1,27,1,1,8,1369,1142,98,23,92,Kapazitat,0.21445856019358742,0.4954896907216495,,,1467,1165
368,368,4,1,27,1,2,0,884,1175,582,19,-1,,0.17770719903206292,0.5088058419243986,,,1466,1194
369,369,5,1,27,1,2,1,884,1175,37,19,93,des,0.13649425287356323,0.5088058419243986,,,921,1194
370,370,5,1,27,1,2,2,932,1175,215,19,92,Plattenkondensators,0.1572141560798548,0.5088058419243986,,,1147,1194
371,371,5,1,27,1,2,3,1158,1175,29,19,97,mit,0.17732909860859045,0.5088058419243986,,,1187,1194
372,372,5,1,27,1,2,4,1198,1175,47,19,96,Erde,0.18473986690865093,0.5088058419243986,,,1245,1194
373,373,5,1,27,1,2,5,1255,1175,29,19,93,als,0.19199939503932245,0.5088058419243986,,,1284,1194
374,374,5,1,27,1,2,6,1295,1175,128,19,87,Dielektrikum,0.205535390199637,0.5088058419243986,,,1423,1194
375,375,5,1,27,1,2,7,1434,1175,32,19,92,be-,0.21929824561403508,0.5088058419243986,,,1466,1194
376,376,4,1,27,1,3,0,884,1208,582,22,-1,,0.17770719903206292,0.5236254295532646,,,1466,1230
377,377,5,1,27,1,3,1,884,1208,86,19,92,einflusst,0.14019963702359348,0.5229810996563574,,,970,1227
378,378,5,1,27,1,3,2,978,1208,48,22,96,"wird,",0.1515426497277677,0.5236254295532646,,,1026,1230
379,379,5,1,27,1,3,3,1035,1213,55,14,96,wenn,0.16069267997580158,0.5240549828178694,,,1090,1227
380,380,5,1,27,1,3,4,1099,1208,31,19,96,die,0.16855716878402904,0.5229810996563574,,,1130,1227
381,381,5,1,27,1,3,5,1139,1208,48,19,96,Erde,0.17589231699939503,0.5229810996563574,,,1187,1227
382,382,5,1,27,1,3,6,1197,1208,29,19,96,mit,0.18322746521476105,0.5229810996563574,,,1226,1227
383,383,5,1,27,1,3,7,1234,1208,44,19,93,dem,0.1899576527525711,0.5229810996563574,,,1278,1227
384,384,5,1,27,1,3,8,1288,1208,178,19,92,Bodenkontaktab-,0.20825771324863884,0.5229810996563574,,,1466,1227
385,385,4,1,27,1,4,0,884,1241,582,23,-1,,0.17770719903206292,0.5380154639175257,,,1466,1264
386,386,5,1,27,1,4,1,884,1241,68,18,91,schnitt,0.13883847549909256,0.5369415807560137,,,952,1259
387,387,5,1,27,1,4,2,962,1241,21,18,96,im,0.1470810647307925,0.5369415807560137,,,983,1259
388,388,5,1,27,1,4,3,994,1241,78,18,96,Bereich,0.15623109497882637,0.5369415807560137,,,1072,1259
389,389,5,1,27,1,4,4,1082,1241,96,18,96,zwischen,0.17090139140955837,0.5369415807560137,,,1178,1259
390,390,5,1,27,1,4,5,1188,1241,38,18,93,den,0.18254688445251058,0.5369415807560137,,,1226,1259
391,391,5,1,27,1,4,6,1236,1241,111,18,92,Elektroden,0.19532667876588022,0.5369415807560137,,,1347,1259
392,392,5,1,27,1,4,7,1357,1241,25,23,97,"(3,",0.20712341197822143,0.5380154639175257,,,1382,1264
393,393,5,1,27,1,4,8,1392,1241,20,23,91,4),0.2120387174833636,0.5380154639175257,,,1412,1264
394,394,5,1,27,1,4,9,1422,1241,44,18,91,kon-,0.21839080459770116,0.5369415807560137,,,1466,1259
395,395,4,1,27,1,5,0,884,1274,582,23,-1,,0.17770719903206292,0.5521907216494846,,,1466,1297
396,396,5,1,27,1,5,1,884,1274,71,18,90,taktiert,0.13906533575317603,0.5511168384879725,,,955,1292
397,397,5,1,27,1,5,2,969,1274,49,21,93,"wird,",0.1502571082879613,0.5517611683848798,,,1018,1295
398,398,5,1,27,1,5,3,1033,1274,62,18,91,wobei,0.16091954022988506,0.5511168384879725,,,1095,1292
399,399,5,1,27,1,5,4,1110,1274,38,18,93,das,0.1707501512401694,0.5511168384879725,,,1148,1292
400,400,5,1,27,1,5,5,1164,1274,126,23,91,Gartengerat,0.18557168784029038,0.5521907216494846,,,1290,1297
401,401,5,1,27,1,5,6,1305,1274,44,18,93,eine,0.20069570477918935,0.5511168384879725,,,1349,1292
402,402,5,1,27,1,5,7,1366,1274,100,18,91,Benutzer-,0.21415607985480944,0.5511168384879725,,,1466,1292
403,403,4,1,27,1,6,0,884,1306,582,23,-1,,0.17770719903206292,0.5659364261168385,,,1466,1329
404,404,5,1,27,1,6,1,884,1306,123,19,89,schnittstelle,0.14299758015728978,0.5650773195876289,,,1007,1325
405,405,5,1,27,1,6,2,1014,1306,92,22,92,"aufweist,",0.1603145795523291,0.5657216494845361,,,1106,1328
406,406,5,1,27,1,6,3,1115,1306,30,19,93,ein,0.17090139140955837,0.5650773195876289,,,1145,1325
407,407,5,1,27,1,6,4,1152,1306,197,23,85,Auswahlprogramm,0.18912583182093165,0.5659364261168385,,,1349,1329
408,408,5,1,27,1,6,5,1358,1311,11,14,95,an,0.20621597096188748,0.5661512027491409,,,1369,1325
409,409,5,1,27,1,6,6,1372,1311,52,18,93,per,0.21143375680580762,0.5670103092783505,,,1424,1329
410,410,5,1,27,1,6,7,1432,1306,34,19,91,Be-,0.2191470054446461,0.5650773195876289,,,1466,1325
411,411,4,1,27,1,7,0,885,1339,580,23,-1,,0.17770719903206292,0.5801116838487973,,,1465,1362
412,412,5,1,27,1,7,1,885,1339,188,18,92,nutzerschnittstelle,0.14806412583182094,0.5790378006872853,,,1073,1357
413,413,5,1,27,1,7,2,0,0,1653,2328,11,|,0.125,0.5,,,1653,2328
414,414,5,1,27,1,7,3,1116,1339,146,18,51,auswahlbaren,0.17982456140350878,0.5790378006872853,,,1262,1357
415,415,5,1,27,1,7,4,1305,1339,160,23,51,Gartenpflanzen,0.20946763460375076,0.5801116838487973,,,1465,1362
416,416,4,1,27,1,8,0,885,1372,582,23,-1,,0.17785843920145192,0.594286941580756,,,1467,1395
417,417,5,1,27,1,8,1,885,1372,93,19,91,und/oder,0.14088021778584392,0.5934278350515464,,,978,1391
418,418,5,1,27,1,8,2,988,1372,148,22,26,"Gemlsearten,",0.16061705989110708,0.5940721649484536,,,1136,1394
419,419,5,1,27,1,8,3,1149,1372,16,19,96,in,0.1749848759830611,0.5934278350515464,,,1165,1391
420,420,5,1,27,1,8,4,1176,1372,44,19,93,dem,0.1811857229280097,0.5934278350515464,,,1220,1391
421,421,5,1,27,1,8,5,1232,1372,89,23,74,giinstige,0.19305807622504537,0.594286941580756,,,1321,1395
422,422,5,1,27,1,8,6,1332,1372,97,19,93,Sollwerte,0.20878705384150031,0.5934278350515464,,,1429,1391
423,423,5,1,27,1,8,7,1439,1372,28,19,78,fiir,0.21975196612220205,0.5934278350515464,,,1467,1391
424,424,4,1,27,1,9,0,884,1405,582,23,-1,,0.17770719903206292,0.6084621993127147,,,1466,1428
425,425,5,1,27,1,9,1,884,1405,30,18,93,die,0.13596491228070176,0.6073883161512027,,,914,1423
426,426,5,1,27,1,9,2,925,1405,188,23,92,Bodenfeuchtigkeit,0.1541137326073805,0.6084621993127147,,,1113,1428
427,427,5,1,27,1,9,3,1122,1405,47,18,96,oder,0.17324561403508773,0.6073883161512027,,,1169,1423
428,428,5,1,27,1,9,4,1178,1405,38,18,93,den,0.1810344827586207,0.6073883161512027,,,1216,1423
429,429,5,1,27,1,9,5,1228,1405,160,23,90,Nahrstoffgehalt,0.19782214156079855,0.6084621993127147,,,1388,1428
430,430,5,1,27,1,9,6,1398,1405,21,18,90,im,0.213021778584392,0.6073883161512027,,,1419,1423
431,431,5,1,27,1,9,7,1432,1405,34,18,90,Bo-,0.2191470054446461,0.6073883161512027,,,1466,1423
432,432,4,1,27,1,10,0,884,1438,582,23,-1,,0.17770719903206292,0.6226374570446735,,,1466,1461
433,433,5,1,27,1,10,1,884,1438,37,18,95,den,0.13649425287356323,0.6215635738831615,,,921,1456
434,434,5,1,27,1,10,2,930,1438,28,18,74,fur,0.14277071990320628,0.6215635738831615,,,958,1456
435,435,5,1,27,1,10,3,966,1438,30,18,92,die,0.1483666061705989,0.6215635738831615,,,996,1456
436,436,5,1,27,1,10,4,1005,1438,161,23,92,Gartenpflanzen,0.16417120387174833,0.6226374570446735,,,1166,1461
437,437,5,1,27,1,10,5,1176,1438,92,18,91,und/oder,0.18481548699334543,0.6215635738831615,,,1268,1456
438,438,5,1,27,1,10,6,1277,1438,142,18,9,Gemlsearten,0.20387174833635813,0.6215635738831615,,,1419,1456
439,439,5,1,27,1,10,7,1429,1438,37,18,93,hin-,0.2189201451905626,0.6215635738831615,,,1466,1456
440,440,4,1,27,1,11,0,884,1470,582,23,-1,,0.17770719903206292,0.6363831615120275,,,1466,1493
441,441,5,1,27,1,11,1,884,1470,65,23,92,terlegt,0.13861161524500906,0.6363831615120275,,,949,1493
442,442,5,1,27,1,11,2,959,1470,48,22,96,"sind,",0.14866908650937688,0.636168384879725,,,1007,1492
443,443,5,1,27,1,11,3,1018,1470,59,19,96,sowie,0.15842407743496673,0.6355240549828178,,,1077,1489
444,444,5,1,27,1,11,4,1087,1470,44,19,93,eine,0.1677253478523896,0.6355240549828178,,,1131,1489
445,445,5,1,27,1,11,5,1140,1470,242,23,91,"Vergleichereinrichtung,",0.19071385359951604,0.6363831615120275,,,1382,1493
446,446,5,1,27,1,11,6,1392,1470,74,19,96,welche,0.2161222020568663,0.6355240549828178,,,1466,1489
447,447,4,1,27,1,12,0,884,1503,582,23,-1,,0.17770719903206292,0.6505584192439863,,,1466,1526
448,448,5,1,27,1,12,1,884,1503,30,18,92,die,0.13596491228070176,0.6494845360824743,,,914,1521
449,449,5,1,27,1,12,2,926,1503,122,23,92,hinterlegten,0.14927404718693285,0.6505584192439863,,,1048,1526
450,450,5,1,27,1,12,3,1059,1503,96,18,93,Sollwerte,0.16742286751361163,0.6494845360824743,,,1155,1521
451,451,5,1,27,1,12,4,1165,1503,28,18,69,fiir,0.17831215970961886,0.6494845360824743,,,1193,1521
452,452,5,1,27,1,12,5,1202,1503,31,18,91,die,0.184134906231095,0.6494845360824743,,,1233,1521
453,453,5,1,27,1,12,6,1244,1503,132,23,89,ausgewahlte,0.19812462189957653,0.6505584192439863,,,1376,1526
454,454,5,1,27,1,12,7,1387,1503,79,18,92,Garten-,0.21574410163339383,0.6494845360824743,,,1466,1521
455,455,4,1,27,1,13,0,885,1536,582,23,-1,,0.17785843920145192,0.664733676975945,,,1467,1559
456,456,5,1,27,1,13,1,885,1536,74,23,92,pflanze,0.1394434361766485,0.664733676975945,,,959,1559
457,457,5,1,27,1,13,2,968,1536,46,18,93,oder,0.1498790078644888,0.663659793814433,,,1014,1554
458,458,5,1,27,1,13,3,1022,1536,117,18,79,Gemiseart,0.16341500302480338,0.663659793814433,,,1139,1554
459,459,5,1,27,1,13,4,1147,1536,31,18,96,mit,0.17581669691470053,0.663659793814433,,,1178,1554
460,460,5,1,27,1,13,5,1185,1536,37,18,93,den,0.18201754385964913,0.663659793814433,,,1222,1554
461,461,5,1,27,1,13,6,1232,1536,96,18,92,erfassten,0.19358741681790684,0.663659793814433,,,1328,1554
462,462,5,1,27,1,13,7,1337,1536,81,18,87,Istwerten,0.20833333333333334,0.663659793814433,,,1418,1554
463,463,5,1,27,1,13,8,1421,1536,46,18,70,fiir,0.21839080459770116,0.663659793814433,,,1467,1554
464,464,4,1,27,1,14,0,885,1569,580,23,-1,,0.17770719903206292,0.6789089347079038,,,1465,1592
465,465,5,1,27,1,14,1,885,1569,188,23,92,Bodenfeuchtigkeit,0.14806412583182094,0.6789089347079038,,,1073,1592
466,466,5,1,27,1,14,2,1086,1569,92,18,92,und/oder,0.17120387174833634,0.6778350515463918,,,1178,1587
467,467,5,1,27,1,14,3,1191,1569,160,23,90,Nahrstoffgehalt,0.19222625529340592,0.6789089347079038,,,1351,1592
468,468,5,1,27,1,14,4,1364,1569,21,18,96,im,0.20787961282516637,0.6778350515463918,,,1385,1587
469,469,5,1,27,1,14,5,1399,1569,66,18,96,Boden,0.21657592256503327,0.6778350515463918,,,1465,1587
470,470,4,1,27,1,15,0,884,1602,582,23,-1,,0.17770719903206292,0.6930841924398625,,,1466,1625
471,471,5,1,27,1,15,1,884,1602,101,23,92,vergleicht,0.1413339382940109,0.6930841924398625,,,985,1625
472,472,5,1,27,1,15,2,995,1602,37,18,96,und,0.15328191167574107,0.6920103092783505,,,1032,1620
473,473,5,1,27,1,15,3,1042,1602,37,18,96,das,0.16039019963702358,0.6920103092783505,,,1079,1620
474,474,5,1,27,1,15,4,1090,1602,92,23,96,Ergebnis,0.17180883242589232,0.6930841924398625,,,1182,1625
475,475,5,1,27,1,15,5,1191,1606,33,14,96,zur,0.18262250453720508,0.6928694158075601,,,1224,1620
476,476,5,1,27,1,15,6,1232,1602,93,23,96,Ausgabe,0.19336055656382334,0.6930841924398625,,,1325,1625
477,477,5,1,27,1,15,7,1335,1602,33,18,96,auf,0.2044010889292196,0.6920103092783505,,,1368,1620
478,478,5,1,27,1,15,8,1376,1602,34,18,92,der,0.21067755595886267,0.6920103092783505,,,1410,1620
479,479,5,1,27,1,15,9,1418,1602,48,18,92,Aus-,0.21808832425892316,0.6920103092783505,,,1466,1620
480,480,4,1,27,1,16,0,884,1634,581,23,-1,,0.17763157894736842,0.7068298969072165,,,1465,1657
481,481,5,1,27,1,16,1,884,1634,167,23,92,gabeeinrichtung,0.14632486388384755,0.7068298969072165,,,1051,1657
482,482,5,1,27,1,16,2,1351,1634,114,19,91,Ubermittelt.,0.21294615849969753,0.7059707903780069,,,1465,1653
483,483,4,1,27,1,17,0,930,1667,537,23,-1,,0.18126134301270416,0.7210051546391752,,,1467,1690
484,484,5,1,27,1,17,1,930,1667,33,18,93,Die,0.14314882032667878,0.7199312714776632,,,963,1685
485,485,5,1,27,1,17,2,971,1667,99,23,92,Erfindung,0.154340592861464,0.7210051546391752,,,1070,1690
486,486,5,1,27,1,17,3,1078,1667,65,18,91,betrifft,0.16795220810647307,0.7199312714776632,,,1143,1685
487,487,5,1,27,1,17,4,1147,1667,63,18,92,ferner,0.1782365396249244,0.7199312714776632,,,1210,1685
488,488,5,1,27,1,17,5,1215,1667,30,18,96,ein,0.18602540834845735,0.7199312714776632,,,1245,1685
489,489,5,1,27,1,17,6,1253,1667,31,18,96,mit,0.19184815486993345,0.7199312714776632,,,1284,1685
490,490,5,1,27,1,17,7,1289,1667,44,18,92,dem,0.19827586206896552,0.7199312714776632,,,1333,1685
491,491,5,1,27,1,17,8,1341,1667,126,23,92,Gartengerat,0.21234119782214156,0.7210051546391752,,,1467,1690
492,492,4,1,27,1,18,0,884,1700,488,18,-1,,0.1705989110707804,0.7341065292096219,,,1372,1718
493,493,5,1,27,1,18,1,884,1700,190,18,61,durchzufthrendes,0.14806412583182094,0.7341065292096219,,,1074,1718
494,494,5,1,27,1,18,2,1082,1700,56,18,92,Saat-,0.16787658802177857,0.7341065292096219,,,1138,1718
495,495,5,1,27,1,18,3,1147,1700,45,18,93,bzw.,0.17687537810042347,0.7341065292096219,,,1192,1718
496,496,5,1,27,1,18,4,1202,1700,170,18,91,Pflanzverfahren.,0.19464609800362975,0.7341065292096219,,,1372,1718
497,497,2,1,28,0,0,0,529,1779,643,381,-1,,0.12862976406533574,0.8460051546391752,,,1172,2160
498,498,3,1,28,1,0,0,529,1779,643,381,-1,,0.12862976406533574,0.8460051546391752,,,1172,2160
499,499,4,1,28,1,1,0,529,1779,643,381,-1,,0.12862976406533574,0.8460051546391752,,,1172,2160
500,500,5,1,28,1,1,1,529,1779,643,381,95,  ,0.12862976406533574,0.8460051546391752,,,1172,2160
501,501,2,1,29,0,0,0,716,2270,259,16,-1,,0.1278735632183908,0.9785223367697594,,,975,2286
502,502,3,1,29,1,0,0,716,2270,259,16,-1,,0.1278735632183908,0.9785223367697594,,,975,2286
503,503,4,1,29,1,1,0,716,2270,259,16,-1,,0.1278735632183908,0.9785223367697594,,,975,2286
504,504,5,1,29,1,1,1,716,2270,49,12,96,Printed,0.11199334543254688,0.9776632302405498,,,765,2282
505,505,5,1,29,1,1,2,771,2270,15,16,96,by,0.1177404718693285,0.9785223367697594,,,786,2286
506,506,5,1,29,1,1,3,792,2270,45,14,96,"Jouve,",0.12318511796733213,0.9780927835051546,,,837,2284
507,507,5,1,29,1,1,4,843,2270,41,12,96,75001,0.13059588626739263,0.9776632302405498,,,884,2282
508,508,5,1,29,1,1,5,893,2270,46,12,96,PARIS,0.1385359951603146,0.9776632302405498,,,939,2282
509,509,5,1,29,1,1,6,945,2270,30,16,95,(FR),0.14519056261343014,0.9785223367697594,,,975,2286
