,Unnamed: 0,level,page_num,block_num,par_num,line_num,word_num,left,top,width,height,conf,text,x,y,label,target,right,bottom
0,0,1,1,0,0,0,0,0,0,1653,2328,-1,,0.125,0.5,,,1653,2328
1,1,2,1,1,0,0,0,144,1905,31,328,-1,,0.02412280701754386,0.8887457044673539,,,175,2233
2,2,3,1,1,1,0,0,144,1905,31,328,-1,,0.02412280701754386,0.8887457044673539,,,175,2233
3,3,4,1,1,1,1,0,144,1905,31,328,-1,,0.02412280701754386,0.8887457044673539,,,175,2233
4,4,5,1,1,1,1,1,144,2179,30,54,96,EP,0.024047186932849365,0.947594501718213,,,174,2233
5,5,5,1,1,1,1,2,144,2142,31,21,96,3,0.02412280701754386,0.9246134020618557,,,175,2163
6,6,5,1,1,1,1,3,144,2055,31,71,96,369,0.02412280701754386,0.8979810996563574,,,175,2126
7,7,5,1,1,1,1,4,144,1969,31,70,92,510,0.02412280701754386,0.8608247422680413,,,175,2039
8,8,5,1,1,1,1,5,144,1905,30,50,91,A1,0.024047186932849365,0.8290378006872853,,,174,1955
9,9,2,1,2,0,0,0,429,153,88,28,-1,,0.07153660012099214,0.07173539518900343,,,517,181
10,10,3,1,2,1,0,0,429,153,88,28,-1,,0.07153660012099214,0.07173539518900343,,,517,181
11,11,4,1,2,1,1,0,429,153,88,16,-1,,0.07153660012099214,0.06915807560137457,,,517,169
12,12,5,1,2,1,1,1,429,153,88,16,84,Europaisches,0.07153660012099214,0.06915807560137457,,,517,169
13,13,4,1,2,1,2,0,429,170,71,11,-1,,0.07025105868118572,0.07538659793814433,,,500,181
14,14,5,1,2,1,2,1,429,170,71,11,96,Patentamt,0.07025105868118572,0.07538659793814433,,,500,181
15,15,2,1,3,0,0,0,429,196,89,28,-1,,0.07161222020568662,0.09020618556701031,,,518,224
16,16,3,1,3,1,0,0,429,196,89,28,-1,,0.07161222020568662,0.09020618556701031,,,518,224
17,17,4,1,3,1,1,0,429,196,63,15,-1,,0.06964609800362977,0.08741408934707903,,,492,211
18,18,5,1,3,1,1,1,429,196,63,15,95,European,0.06964609800362977,0.08741408934707903,,,492,211
19,19,4,1,3,1,2,0,429,212,89,12,-1,,0.07161222020568662,0.0936426116838488,,,518,224
20,20,5,1,3,1,2,1,429,213,43,11,96,Patent,0.06813369630973987,0.0938573883161512,,,472,224
21,21,5,1,3,1,2,2,478,212,40,12,90,Office,0.07531760435571688,0.0936426116838488,,,518,224
22,22,2,1,4,0,0,0,429,239,109,28,-1,,0.07312462189957653,0.10867697594501718,,,538,267
23,23,3,1,4,1,0,0,429,239,109,28,-1,,0.07312462189957653,0.10867697594501718,,,538,267
24,24,4,1,4,1,1,0,429,239,109,15,-1,,0.07312462189957653,0.10588487972508591,,,538,254
25,25,5,1,4,1,1,1,429,239,40,12,93,Office,0.06790683605565638,0.1052405498281787,,,469,251
26,26,5,1,4,1,1,2,474,239,64,15,93,europ√©en,0.0765275257108288,0.10588487972508591,,,538,254
27,27,4,1,4,1,2,0,429,255,77,12,-1,,0.0707047791893527,0.11211340206185567,,,506,267
28,28,5,1,4,1,2,1,429,255,22,12,95,des,0.06654567453115548,0.11211340206185567,,,451,267
29,29,5,1,4,1,2,2,457,255,49,12,82,brevets,0.07282214156079855,0.11211340206185567,,,506,267
30,30,2,1,5,0,0,0,281,136,274,150,-1,,0.06321839080459771,0.09063573883161512,,,555,286
31,31,3,1,5,1,0,0,281,136,274,150,-1,,0.06321839080459771,0.09063573883161512,,,555,286
32,32,4,1,5,1,1,0,281,136,274,150,-1,,0.06321839080459771,0.09063573883161512,,,555,286
33,33,5,1,5,1,1,1,281,136,274,150,95, ,0.06321839080459771,0.09063573883161512,,,555,286
34,34,2,1,6,0,0,0,225,324,45,26,-1,,0.037431941923774956,0.14475945017182132,,,270,350
35,35,3,1,6,1,0,0,225,324,45,26,-1,,0.037431941923774956,0.14475945017182132,,,270,350
36,36,4,1,6,1,1,0,225,324,45,26,-1,,0.037431941923774956,0.14475945017182132,,,270,350
37,37,5,1,6,1,1,1,225,324,45,26,96,(12),0.037431941923774956,0.14475945017182132,,,270,350
38,38,2,1,7,0,0,0,225,395,415,53,-1,,0.06541137326073805,0.18105670103092783,,,640,448
39,39,3,1,7,1,0,0,225,395,415,53,-1,,0.06541137326073805,0.18105670103092783,,,640,448
40,40,4,1,7,1,1,0,225,395,282,26,-1,,0.05535390199637023,0.17525773195876287,,,507,421
41,41,5,1,7,1,1,1,225,395,45,26,92,(43),0.037431941923774956,0.17525773195876287,,,270,421
42,42,5,1,7,1,1,2,285,397,222,23,90,Verdffentlichungstag:,0.05989110707803993,0.17547250859106528,,,507,420
43,43,4,1,7,1,2,0,286,430,354,18,-1,,0.07002419842710224,0.18857388316151202,,,640,448
44,44,5,1,7,1,2,1,286,430,117,18,89,05.09.2018,0.052102238354506954,0.18857388316151202,publication_date,05.09.2018,403,448
45,45,5,1,7,1,2,2,426,430,121,18,92,Patentblatt,0.0735783424077435,0.18857388316151202,,,547,448
46,46,5,1,7,1,2,3,555,430,85,18,96,2018/36,0.09036600120992136,0.18857388316151202,,,640,448
47,47,2,1,8,0,0,0,225,493,377,26,-1,,0.06253781004234725,0.21735395189003437,,,602,519
48,48,3,1,8,1,0,0,225,493,377,26,-1,,0.06253781004234725,0.21735395189003437,,,602,519
49,49,4,1,8,1,1,0,225,493,377,26,-1,,0.06253781004234725,0.21735395189003437,,,602,519
50,50,5,1,8,1,1,1,225,493,45,26,91,(21),0.037431941923774956,0.21735395189003437,,,270,519
51,51,5,1,8,1,1,2,285,495,186,18,91,Anmeldenummer:,0.05716878402903811,0.21649484536082475,,,471,513
52,52,5,1,8,1,1,3,481,495,121,18,92,18159496.1,0.08189655172413793,0.21649484536082475,application_number,18159496.1,602,513
53,53,2,1,9,0,0,0,225,559,319,26,-1,,0.05815184513006655,0.24570446735395188,,,544,585
54,54,3,1,9,1,0,0,225,559,319,26,-1,,0.05815184513006655,0.24570446735395188,,,544,585
55,55,4,1,9,1,1,0,225,559,319,26,-1,,0.05815184513006655,0.24570446735395188,,,544,585
56,56,5,1,9,1,1,1,225,559,45,26,93,(22),0.037431941923774956,0.24570446735395188,,,270,585
57,57,5,1,9,1,1,2,285,561,131,23,92,Anmeldetag:,0.0530096793708409,0.24591924398625428,,,416,584
58,58,5,1,9,1,1,3,426,561,118,18,96,01.03.2018,0.07335148215366001,0.24484536082474226,filing_date,01.03.2018,544,579
59,59,2,1,10,0,0,0,1002,245,458,38,-1,,0.18617664851784635,0.1134020618556701,,,1460,283
60,60,3,1,10,1,0,0,1002,245,458,38,-1,,0.18617664851784635,0.1134020618556701,,,1460,283
61,61,4,1,10,1,1,0,1002,245,458,38,-1,,0.18617664851784635,0.1134020618556701,,,1460,283
62,62,5,1,10,1,1,1,1002,256,44,27,74,(11),0.15486993345432548,0.11576460481099657,,,1046,283
63,63,5,1,10,1,1,2,1146,245,52,32,95,EP,0.17725347852389595,0.11211340206185567,number,EP,1198,277
64,64,5,1,10,1,1,3,1214,245,20,32,94,3,0.1851179673321234,0.11211340206185567,number,3,1234,277
65,65,5,1,10,1,1,4,1249,245,68,32,93,369,0.1940411373260738,0.11211340206185567,number,369,1317,277
66,66,5,1,10,1,1,5,1332,245,66,32,91,510,0.20644283121597096,0.11211340206185567,number,510,1398,277
67,67,5,1,10,1,1,6,1413,245,47,32,87,A1,0.21725650332728372,0.11211340206185567,number,A1,1460,277
68,68,2,1,11,0,0,0,559,314,573,31,-1,,0.1278735632183908,0.14153780068728522,,,1132,345
69,69,3,1,11,1,0,0,559,314,573,31,-1,,0.1278735632183908,0.14153780068728522,,,1132,345
70,70,4,1,11,1,1,0,559,314,573,31,-1,,0.1278735632183908,0.14153780068728522,,,1132,345
71,71,5,1,11,1,1,1,559,314,230,31,92,EUROPAISCHE,0.10193587416817906,0.14153780068728522,,,789,345
72,72,5,1,11,1,1,2,802,319,330,26,91,PATENTANMELDUNG,0.14624924379915305,0.14261168384879724,,,1132,345
73,73,2,1,12,0,0,0,862,395,531,112,-1,,0.1705232909860859,0.19372852233676977,,,1393,507
74,74,3,1,12,1,0,0,862,395,531,112,-1,,0.1705232909860859,0.19372852233676977,,,1393,507
75,75,4,1,12,1,1,0,862,395,126,26,-1,,0.13989715668481548,0.17525773195876287,,,988,421
76,76,5,1,12,1,1,1,862,395,44,26,93,(51),0.1336963097398669,0.17525773195876287,,,906,421
77,77,5,1,12,1,1,2,923,397,25,18,93,Int,0.1414851784633999,0.17439862542955326,,,948,415
78,78,5,1,12,1,1,3,955,397,33,18,78,Cl:,0.14692982456140352,0.17439862542955326,,,988,415
79,79,4,1,12,1,2,0,922,425,471,23,-1,,0.1750604960677556,0.1875,,,1393,448
80,80,5,1,12,1,2,1,922,428,60,18,93,B23D,0.14398064125831822,0.1877147766323024,class_international,B23D,982,446
81,81,5,1,12,1,2,2,991,428,58,18,80,77100,0.1542649727767695,0.1877147766323024,class_international,77/00,1049,446
82,82,5,1,12,1,2,3,1054,425,67,16,72,(2006.07),0.16447368421052633,0.18599656357388317,,,1121,441
83,83,5,1,12,1,2,4,1193,428,61,20,91,B23Q,0.1850423472474289,0.18814432989690721,,,1254,448
84,84,5,1,12,1,2,5,1264,428,44,18,88,16/00,0.19449485783424078,0.1877147766323024,,,1308,446
85,85,5,1,12,1,2,6,1309,425,84,21,56,(2096.01),0.2043254688445251,0.1870704467353952,,,1393,446
86,86,4,1,12,1,3,0,922,455,470,23,-1,,0.1749848759830611,0.20038659793814434,,,1392,478
87,87,5,1,12,1,3,1,922,458,61,20,90,B23Q,0.1440562613430127,0.20103092783505155,,,983,478
88,88,5,1,12,1,3,2,991,458,46,18,90,3/18,0.15335753176043557,0.20060137457044674,,,1037,476
89,89,5,1,12,1,3,3,1042,455,67,16,66,(2008.0),0.16265880217785844,0.19888316151202748,,,1109,471
90,90,5,1,12,1,3,4,1193,458,60,18,92,B23B,0.18496672716273443,0.20060137457044674,,,1253,476
91,91,5,1,12,1,3,5,1261,458,59,18,79,51/10,0.19517543859649122,0.20060137457044674,,,1320,476
92,92,5,1,12,1,3,6,1325,455,67,16,71,(2006.01),0.20545977011494254,0.19888316151202748,,,1392,471
93,93,4,1,12,1,4,0,922,486,470,21,-1,,0.1749848759830611,0.21327319587628865,,,1392,507
94,94,5,1,12,1,4,1,922,488,60,19,91,B23B,0.14398064125831822,0.21370274914089346,,,982,507
95,95,5,1,12,1,4,2,989,488,60,19,88,49/00,0.1541137326073805,0.21370274914089346,,,1049,507
96,96,5,1,12,1,4,3,1054,486,67,15,70,(2096.01),0.16447368421052633,0.21198453608247422,,,1121,501
97,97,5,1,12,1,4,4,1193,488,59,19,92,B23B,0.18489110707803993,0.21370274914089346,,,1252,507
98,98,5,1,12,1,4,5,1260,488,60,19,84,49102,0.19509981851179672,0.21370274914089346,,,1320,507
99,99,5,1,12,1,4,6,1325,486,67,15,71,(2006.01),0.20545977011494254,0.21198453608247422,,,1392,501
100,100,2,1,13,0,0,0,224,613,1243,4,-1,,0.1278735632183908,0.26417525773195877,,,1467,617
101,101,3,1,13,1,0,0,224,613,1243,4,-1,,0.1278735632183908,0.26417525773195877,,,1467,617
102,102,4,1,13,1,1,0,224,613,1243,4,-1,,0.1278735632183908,0.26417525773195877,,,1467,617
103,103,5,1,13,1,1,1,224,613,1243,4,95, ,0.1278735632183908,0.26417525773195877,,,1467,617
104,104,2,1,14,0,0,0,225,631,599,250,-1,,0.07932546884452511,0.3247422680412371,,,824,881
105,105,3,1,14,1,0,0,225,631,599,250,-1,,0.07932546884452511,0.3247422680412371,,,824,881
106,106,4,1,14,1,1,0,225,631,342,27,-1,,0.05989110707803993,0.2768470790378007,,,567,658
107,107,5,1,14,1,1,1,225,631,45,27,93,(84),0.037431941923774956,0.2768470790378007,,,270,658
108,108,5,1,14,1,1,2,286,633,100,19,93,Benannte,0.050816696914700546,0.2759879725085911,,,386,652
109,109,5,1,14,1,1,3,393,633,174,23,92,Vertragsstaaten:,0.07259528130671507,0.2768470790378007,,,567,656
110,110,4,1,14,1,2,0,285,666,537,18,-1,,0.08371143375680581,0.28994845360824745,,,822,684
111,111,5,1,14,1,2,1,285,666,31,18,94,AL,0.04544767090139141,0.28994845360824745,,,316,684
112,112,5,1,14,1,2,2,323,666,31,18,94,AT,0.05119479733817302,0.28994845360824745,,,354,684
113,113,5,1,14,1,2,3,363,666,30,18,95,BE,0.05716878402903811,0.28994845360824745,,,393,684
114,114,5,1,14,1,2,4,403,666,32,18,95,BG,0.0633696309739867,0.28994845360824745,,,435,684
115,115,5,1,14,1,2,5,445,666,31,18,95,CH,0.06964609800362977,0.28994845360824745,,,476,684
116,116,5,1,14,1,2,6,486,666,32,18,96,CY,0.07592256503327284,0.28994845360824745,,,518,684
117,117,5,1,14,1,2,7,526,666,30,18,96,CZ,0.08182093163944344,0.28994845360824745,,,556,684
118,118,5,1,14,1,2,8,565,666,30,18,96,DE,0.08771929824561403,0.28994845360824745,,,595,684
119,119,5,1,14,1,2,9,605,666,32,18,93,DK,0.09392014519056262,0.28994845360824745,,,637,684
120,120,5,1,14,1,2,10,646,666,29,18,93,EE,0.0998941318814277,0.28994845360824745,,,675,684
121,121,5,1,14,1,2,11,684,666,29,18,93,ES,0.10564125831820932,0.28994845360824745,,,713,684
122,122,5,1,14,1,2,12,723,666,99,18,86,FIFRGB,0.11683303085299455,0.28994845360824745,,,822,684
123,123,4,1,14,1,3,0,285,699,539,18,-1,,0.0838626739261948,0.30412371134020616,,,824,717
124,124,5,1,14,1,3,1,285,699,35,18,94,GR,0.04575015124016939,0.30412371134020616,,,320,717
125,125,5,1,14,1,3,2,328,699,32,18,94,HR,0.05202661826981246,0.30412371134020616,,,360,717
126,126,5,1,14,1,3,3,368,699,14,18,41,HU,0.05671506352087114,0.30412371134020616,,,382,717
127,127,5,1,14,1,3,4,385,699,43,18,41,IE,0.06147912885662432,0.30412371134020616,,,428,717
128,128,5,1,14,1,3,5,436,699,20,18,47,IS,0.06745311554748941,0.30412371134020616,,,456,717
129,129,5,1,14,1,3,6,464,699,20,18,47,IT,0.07168784029038112,0.30412371134020616,,,484,717
130,130,5,1,14,1,3,7,492,699,54,18,83,LILT,0.07849364791288566,0.30412371134020616,,,546,717
131,131,5,1,14,1,3,8,554,699,28,18,75,LU,0.08590441621294616,0.30412371134020616,,,582,717
132,132,5,1,14,1,3,9,591,699,28,18,75,LV,0.09150030248033877,0.30412371134020616,,,619,717
133,133,5,1,14,1,3,10,627,699,35,18,95,MC,0.09747428917120388,0.30412371134020616,,,662,717
134,134,5,1,14,1,3,11,670,699,35,18,94,MK,0.10397761645493044,0.30412371134020616,,,705,717
135,135,5,1,14,1,3,12,713,699,32,18,93,MT,0.11025408348457351,0.30412371134020616,,,745,717
136,136,5,1,14,1,3,13,753,699,29,18,20,NL,0.11607683000604961,0.30412371134020616,,,782,717
137,137,5,1,14,1,3,14,791,699,33,18,20,NO,0.1221264367816092,0.30412371134020616,,,824,717
138,138,4,1,14,1,4,0,286,732,336,18,-1,,0.06866303690260134,0.31829896907216493,,,622,750
139,139,5,1,14,1,4,1,286,732,28,18,95,PL,0.045372050816696916,0.31829896907216493,,,314,750
140,140,5,1,14,1,4,2,323,732,29,18,92,PT,0.05104355716878403,0.31829896907216493,,,352,750
141,141,5,1,14,1,4,3,360,732,58,18,92,RORS,0.058832425892317,0.31829896907216493,,,418,750
142,142,5,1,14,1,4,4,420,732,52,18,96,SE,0.06745311554748941,0.31829896907216493,,,472,750
143,143,5,1,14,1,4,5,480,732,20,18,91,SI,0.07410768300060495,0.31829896907216493,,,500,750
144,144,5,1,14,1,4,6,510,732,31,18,91,SK,0.0794767090139141,0.31829896907216493,,,541,750
145,145,5,1,14,1,4,7,550,732,72,18,91,SMTR,0.08862673926194797,0.31829896907216493,,,622,750
146,146,4,1,14,1,5,0,286,765,330,23,-1,,0.06820931639443437,0.3335481099656357,,,616,788
147,147,5,1,14,1,5,1,286,765,100,18,92,Benannte,0.050816696914700546,0.3324742268041237,,,386,783
148,148,5,1,14,1,5,2,395,765,221,23,91,Erstreckungsstaaten:,0.0764519056261343,0.3335481099656357,,,616,788
149,149,4,1,14,1,6,0,286,797,74,19,-1,,0.04885057471264368,0.34643470790378006,,,360,816
150,150,5,1,14,1,6,1,286,797,33,19,96,BA,0.04575015124016939,0.34643470790378006,,,319,816
151,151,5,1,14,1,6,2,327,797,33,19,96,ME,0.05195099818511797,0.34643470790378006,,,360,816
152,152,4,1,14,1,7,0,286,830,322,23,-1,,0.06760435571687841,0.36146907216494845,,,608,853
153,153,5,1,14,1,7,1,286,830,100,18,92,Benannte,0.050816696914700546,0.3603951890034364,,,386,848
154,154,5,1,14,1,7,2,393,830,215,23,92,Validierungsstaaten:,0.07569570477918935,0.36146907216494845,,,608,853
155,155,4,1,14,1,8,0,286,863,157,18,-1,,0.055127041742286755,0.3745704467353952,,,443,881
156,156,5,1,14,1,8,1,286,863,31,18,95,KH,0.0455989110707804,0.3745704467353952,,,317,881
157,157,5,1,14,1,8,2,327,863,35,18,96,MA,0.052102238354506954,0.3745704467353952,,,362,881
158,158,5,1,14,1,8,3,371,863,34,18,95,MD,0.05868118572292801,0.3745704467353952,,,405,881
159,159,5,1,14,1,8,4,413,863,30,18,95,TN,0.0647307924984876,0.3745704467353952,,,443,881
160,160,2,1,15,0,0,0,225,927,491,26,-1,,0.07115849969751967,0.40378006872852235,,,716,953
161,161,3,1,15,1,0,0,225,927,491,26,-1,,0.07115849969751967,0.40378006872852235,,,716,953
162,162,4,1,15,1,1,0,225,927,491,26,-1,,0.07115849969751967,0.40378006872852235,,,716,953
163,163,5,1,15,1,1,1,225,927,45,26,91,(30),0.037431941923774956,0.40378006872852235,,,270,953
164,164,5,1,15,1,1,2,286,929,86,18,61,Prioritat:,0.04975801572897762,0.4029209621993127,,,372,947
165,165,5,1,15,1,1,3,383,929,118,18,93,01.03.2017,0.06684815486993345,0.4029209621993127,priority_date_eu,01.03.2017,501,947
166,166,5,1,15,1,1,4,520,929,30,18,93,DE,0.0809134906231095,0.4029209621993127,,,550,947
167,167,5,1,15,1,1,5,559,929,157,18,94,102017104199,0.09641560798548095,0.4029209621993127,,,716,947
168,168,2,1,16,0,0,0,845,614,2,369,-1,,0.1279491833030853,0.3429982817869416,,,847,983
169,169,3,1,16,1,0,0,845,614,2,369,-1,,0.1279491833030853,0.3429982817869416,,,847,983
170,170,4,1,16,1,1,0,845,614,2,369,-1,,0.1279491833030853,0.3429982817869416,,,847,983
171,171,5,1,16,1,1,1,845,614,2,369,95, ,0.1279491833030853,0.3429982817869416,,,847,983
172,172,2,1,17,0,0,0,862,631,304,58,-1,,0.15335753176043557,0.28350515463917525,,,1166,689
173,173,3,1,17,1,0,0,862,631,304,58,-1,,0.15335753176043557,0.28350515463917525,,,1166,689
174,174,4,1,17,1,1,0,862,631,304,27,-1,,0.15335753176043557,0.2768470790378007,,,1166,658
175,175,5,1,17,1,1,1,862,631,44,27,93,(71),0.1336963097398669,0.2768470790378007,,,906,658
176,176,5,1,17,1,1,2,921,633,107,19,92,Anmelder:,0.14738354506957047,0.2759879725085911,,,1028,652
177,177,5,1,17,1,1,3,1037,633,90,23,69,Giihring,0.16364186327888688,0.2768470790378007,applicant_line_1,G‚àö¬∫hring,1127,656
178,178,5,1,17,1,1,4,1138,633,28,23,96,Kg,0.17422867513611615,0.2768470790378007,applicant_line_1,Kg,1166,656
179,179,4,1,17,1,2,0,922,666,222,23,-1,,0.15623109497882637,0.29102233676975947,,,1144,689
180,180,5,1,17,1,2,1,922,666,64,18,93,72458,0.1442831215970962,0.28994845360824745,,,986,684
181,181,5,1,17,1,2,2,994,666,95,18,91,Albstadt,0.15751663641863278,0.28994845360824745,,,1089,684
182,182,5,1,17,1,2,3,1097,666,47,23,96,(DE),0.169464609800363,0.29102233676975947,,,1144,689
183,183,2,1,18,0,0,0,862,730,427,58,-1,,0.16265880217785844,0.32603092783505155,,,1289,788
184,184,3,1,18,1,0,0,862,730,427,58,-1,,0.16265880217785844,0.32603092783505155,,,1289,788
185,185,4,1,18,1,1,0,862,730,427,26,-1,,0.16265880217785844,0.31915807560137455,,,1289,756
186,186,5,1,18,1,1,1,862,730,44,26,90,(72),0.1336963097398669,0.31915807560137455,,,906,756
187,187,5,1,18,1,1,2,923,732,86,18,86,Erfinder:,0.14609800362976408,0.31829896907216493,,,1009,750
188,188,5,1,18,1,1,3,1018,732,50,18,92,VON,0.15774349667271628,0.31829896907216493,inventor_line_1,VON,1068,750
189,189,5,1,18,1,1,4,1078,732,148,18,92,"PUTTKAMER,",0.17422867513611615,0.31829896907216493,inventor_line_1,"PUTTKAMER,",1226,750
190,190,5,1,18,1,1,5,1228,732,61,23,95,Ingo,0.19033575317604357,0.31937285223367695,inventor_line_1,Ingo,1289,755
191,191,4,1,18,1,2,0,922,765,222,23,-1,,0.15623109497882637,0.3335481099656357,,,1144,788
192,192,5,1,18,1,2,1,922,765,64,18,90,72458,0.1442831215970962,0.3324742268041237,,,986,783
193,193,5,1,18,1,2,2,994,765,95,18,90,Albstadt,0.15751663641863278,0.3324742268041237,,,1089,783
194,194,5,1,18,1,2,3,1097,765,47,23,96,(DE),0.169464609800363,0.3335481099656357,,,1144,788
195,195,2,1,19,0,0,0,862,828,432,124,-1,,0.1630369026013309,0.38230240549828176,,,1294,952
196,196,3,1,19,1,0,0,862,828,432,124,-1,,0.1630369026013309,0.38230240549828176,,,1294,952
197,197,4,1,19,1,1,0,862,828,390,26,-1,,0.15986085904416214,0.36125429553264604,,,1252,854
198,198,5,1,19,1,1,1,862,828,44,26,92,(74),0.1336963097398669,0.36125429553264604,,,906,854
199,199,5,1,19,1,1,2,921,830,97,18,91,Vertreter:,0.14662734422262552,0.3603951890034364,,,1018,848
200,200,5,1,19,1,1,3,1028,830,140,23,91,"Spachmann,",0.16606170598911071,0.36146907216494845,representative_line_1_eu,"Spachmann,",1168,853
201,201,5,1,19,1,1,4,1177,830,75,23,96,Holger,0.18368118572292802,0.36146907216494845,representative_line_1_eu,Holger,1252,853
202,202,4,1,19,1,2,0,922,863,372,23,-1,,0.1675741076830006,0.3756443298969072,,,1294,886
203,203,5,1,19,1,2,1,922,863,82,23,93,Stumpf,0.1456442831215971,0.3756443298969072,,,1004,886
204,204,5,1,19,1,2,2,1012,863,157,18,87,Patentanwalte,0.16492740471869327,0.3745704467353952,,,1169,881
205,205,5,1,19,1,2,3,1179,863,115,18,91,PartGmbB,0.1870084694494858,0.3745704467353952,,,1294,881
206,206,4,1,19,1,3,0,921,895,210,23,-1,,0.15517241379310345,0.3893900343642612,,,1131,918
207,207,5,1,19,1,3,1,921,895,44,19,93,Alte,0.1426194797338173,0.38853092783505155,,,965,914
208,208,5,1,19,1,3,2,973,895,125,23,92,Weinsteige,0.15660919540229884,0.3893900343642612,,,1098,918
209,209,5,1,19,1,3,3,1106,895,25,19,96,73,0.169162129461585,0.38853092783505155,,,1131,914
210,210,4,1,19,1,4,0,922,929,226,23,-1,,0.15653357531760437,0.40399484536082475,,,1148,952
211,211,5,1,19,1,4,1,922,929,64,18,96,70597,0.1442831215970962,0.4029209621993127,,,986,947
212,212,5,1,19,1,4,2,995,929,99,23,96,Stuttgart,0.15797035692679975,0.40399484536082475,,,1094,952
213,213,5,1,19,1,4,3,1101,929,47,23,96,(DE),0.17006957047791893,0.40399484536082475,,,1148,952
214,214,2,1,20,0,0,0,224,980,1243,4,-1,,0.1278735632183908,0.4218213058419244,,,1467,984
215,215,3,1,20,1,0,0,224,980,1243,4,-1,,0.1278735632183908,0.4218213058419244,,,1467,984
216,216,4,1,20,1,1,0,224,980,1243,4,-1,,0.1278735632183908,0.4218213058419244,,,1467,984
217,217,5,1,20,1,1,1,224,980,1243,4,95, ,0.1278735632183908,0.4218213058419244,,,1467,984
218,218,2,1,21,0,0,0,225,1001,45,26,-1,,0.037431941923774956,0.43556701030927836,,,270,1027
219,219,3,1,21,1,0,0,225,1001,45,26,-1,,0.037431941923774956,0.43556701030927836,,,270,1027
220,220,4,1,21,1,1,0,225,1001,45,26,-1,,0.037431941923774956,0.43556701030927836,,,270,1027
221,221,5,1,21,1,1,1,225,1001,45,26,96,(54),0.037431941923774956,0.43556701030927836,,,270,1027
222,222,2,1,22,0,0,0,224,1075,584,747,-1,,0.0780399274047187,0.6222079037800687,,,808,1822
223,223,3,1,22,1,0,0,224,1075,584,615,-1,,0.0780399274047187,0.5938573883161512,,,808,1690
224,224,4,1,22,1,1,0,225,1075,581,26,-1,,0.0779643073200242,0.46735395189003437,,,806,1101
225,225,5,1,22,1,1,1,225,1075,45,26,89,(57),0.037431941923774956,0.46735395189003437,,,270,1101
226,226,5,1,22,1,1,2,316,1077,33,18,14,Die,0.05028735632183908,0.46649484536082475,,,349,1095
227,227,5,1,22,1,1,3,360,1077,98,23,92,Erfindung,0.06185722928009679,0.4675687285223368,,,458,1100
228,228,5,1,22,1,1,4,470,1077,64,18,90,betrifft,0.07592256503327284,0.46649484536082475,,,534,1095
229,229,5,1,22,1,1,5,542,1077,30,18,93,ein,0.08424077434966727,0.46649484536082475,,,572,1095
230,230,5,1,22,1,1,6,582,1077,154,23,92,Senkwerkzeug,0.09966727162734422,0.4675687285223368,,,736,1100
231,231,5,1,22,1,1,7,747,1077,59,23,96,"(110),",0.11743799153055051,0.4675687285223368,,,806,1100
232,232,4,1,22,1,2,0,226,1109,581,23,-1,,0.07811554748941318,0.48131443298969073,,,807,1132
233,233,5,1,22,1,2,1,226,1109,141,19,92,insbesondere,0.04484271022383545,0.4804553264604811,,,367,1128
234,234,5,1,22,1,2,2,377,1109,210,23,92,Kegelsenkwerkzeug,0.07289776164549304,0.48131443298969073,,,587,1132
235,235,5,1,22,1,2,3,596,1109,48,19,93,oder,0.09376890502117362,0.4804553264604811,,,644,1128
236,236,5,1,22,1,2,4,653,1109,154,19,92,Plansenkwerk-,0.1104053236539625,0.4804553264604811,,,807,1128
237,237,4,1,22,1,3,0,225,1142,582,23,-1,,0.0780399274047187,0.4954896907216495,,,807,1165
238,238,5,1,22,1,3,1,225,1147,55,18,92,"zeug,",0.038188142770719906,0.4965635738831615,,,280,1165
239,239,5,1,22,1,3,2,288,1142,114,18,92,umfassend,0.052177858439201454,0.4944158075601375,,,402,1160
240,240,5,1,22,1,3,3,408,1142,57,18,90,einen,0.06601633393829401,0.4944158075601375,,,465,1160
241,241,5,1,22,1,3,4,470,1142,171,23,90,Werkzeugschaft,0.08401391409558379,0.4954896907216495,,,641,1165
242,242,5,1,22,1,3,5,647,1142,53,23,96,(128),0.10186025408348458,0.4954896907216495,,,700,1165
243,243,5,1,22,1,3,6,707,1142,36,18,96,und,0.10964912280701754,0.4944158075601375,,,743,1160
244,244,5,1,22,1,3,7,750,1142,57,18,96,einen,0.1177404718693285,0.4944158075601375,,,807,1160
245,245,4,1,22,1,4,0,224,1175,583,24,-1,,0.0779643073200242,0.5098797250859106,,,807,1199
246,246,5,1,22,1,4,1,224,1175,161,24,91,Werkzeug-kopf,0.046052631578947366,0.5098797250859106,,,385,1199
247,247,5,1,22,1,4,2,399,1175,59,23,93,"(130),",0.0648064125831821,0.5096649484536082,,,458,1198
248,248,5,1,22,1,4,3,473,1175,83,19,90,welcher,0.07781306715063521,0.5088058419243986,,,556,1194
249,249,5,1,22,1,4,4,571,1175,86,19,91,mehrere,0.09286146400483969,0.5088058419243986,,,657,1194
250,250,5,1,22,1,4,5,673,1175,134,24,92,Entgratungs-,0.1119177253478524,0.5098797250859106,,,807,1199
251,251,4,1,22,1,5,0,225,1208,582,23,-1,,0.0780399274047187,0.523840206185567,,,807,1231
252,252,5,1,22,1,5,1,225,1208,47,19,93,oder,0.03758318209316394,0.5229810996563574,,,272,1227
253,253,5,1,22,1,5,2,287,1208,161,19,90,Senkschneiden,0.05558076225045372,0.5229810996563574,,,448,1227
254,254,5,1,22,1,5,3,465,1208,53,23,95,(154),0.07433454325468844,0.523840206185567,,,518,1231
255,255,5,1,22,1,5,4,536,1208,36,19,95,und,0.0837870538415003,0.5229810996563574,,,572,1227
256,256,5,1,22,1,5,5,588,1208,57,19,92,einen,0.09323956442831216,0.5229810996563574,,,645,1227
257,257,5,1,22,1,5,6,662,1208,145,23,12,Einflhrzapfen,0.11108590441621295,0.523840206185567,,,807,1231
258,258,4,1,22,1,6,0,225,1241,582,23,-1,,0.0780399274047187,0.5380154639175257,,,807,1264
259,259,5,1,22,1,6,1,225,1241,54,23,93,(166),0.038112522686025406,0.5380154639175257,,,279,1264
260,260,5,1,22,1,6,2,291,1241,92,18,92,aufweist.,0.05096793708408953,0.5369415807560137,,,383,1259
261,261,5,1,22,1,6,3,397,1241,25,18,97,Es,0.061932849364791286,0.5369415807560137,,,422,1259
262,262,5,1,22,1,6,4,433,1241,43,18,93,wird,0.06873865698729582,0.5369415807560137,,,476,1259
263,263,5,1,22,1,6,5,488,1241,159,23,91,"vorgeschlagen,",0.08582879612825166,0.5380154639175257,,,647,1264
264,264,5,1,22,1,6,6,660,1241,49,18,96,dass,0.10352389594676346,0.5369415807560137,,,709,1259
265,265,5,1,22,1,6,7,721,1241,34,18,93,der,0.11161524500907441,0.5369415807560137,,,755,1259
266,266,5,1,22,1,6,8,767,1241,40,18,92,Ein-,0.11902601330913491,0.5369415807560137,,,807,1259
267,267,4,1,22,1,7,0,224,1274,583,23,-1,,0.0779643073200242,0.5521907216494846,,,807,1297
268,268,5,1,22,1,7,1,224,1274,111,23,45,filhrzapfen,0.04227162734422263,0.5521907216494846,,,335,1297
269,269,5,1,22,1,7,2,346,1274,54,23,93,(166),0.05641258318209316,0.5521907216494846,,,400,1297
270,270,5,1,22,1,7,3,410,1274,108,18,91,zumindest,0.07017543859649122,0.5511168384879725,,,518,1292
271,271,5,1,22,1,7,4,528,1274,43,18,96,eine,0.08310647307924984,0.5511168384879725,,,571,1292
272,272,5,1,22,1,7,5,582,1278,24,14,96,an,0.08983666061705989,0.5519759450171822,,,606,1292
273,273,5,1,22,1,7,6,616,1274,53,18,93,einer,0.09717180883242589,0.5511168384879725,,,669,1292
274,274,5,1,22,1,7,7,679,1274,82,18,91,radialen,0.1088929219600726,0.5511168384879725,,,761,1292
275,275,5,1,22,1,7,8,771,1274,36,18,92,Au-,0.11932849364791288,0.5511168384879725,,,807,1292
276,276,4,1,22,1,8,0,226,1306,581,23,-1,,0.07811554748941318,0.5659364261168385,,,807,1329
277,277,5,1,22,1,8,1,226,1306,89,19,92,Renseite,0.04091046581972172,0.5650773195876289,,,315,1325
278,278,5,1,22,1,8,2,323,1306,132,23,92,angeordnete,0.058832425892317,0.5659364261168385,,,455,1329
279,279,5,1,22,1,8,3,464,1306,142,19,92,Reibschneide,0.0809134906231095,0.5650773195876289,,,606,1325
280,280,5,1,22,1,8,4,614,1306,54,23,93,(168),0.0969449485783424,0.5659364261168385,,,668,1329
281,281,5,1,22,1,8,5,676,1306,92,22,92,"aufweist,",0.10919540229885058,0.5657216494845361,,,768,1328
282,282,5,1,22,1,8,6,776,1306,31,19,96,die,0.11970659407138536,0.5650773195876289,,,807,1325
283,283,4,1,22,1,9,0,225,1339,582,23,-1,,0.0780399274047187,0.5801116838487973,,,807,1362
284,284,5,1,22,1,9,1,225,1339,40,18,96,sich,0.03705384150030248,0.5790378006872853,,,265,1357
285,285,5,1,22,1,9,2,278,1339,46,18,90,Uber,0.0455232909860859,0.5790378006872853,,,324,1357
286,286,5,1,22,1,9,3,333,1339,83,23,96,weniger,0.05663944343617665,0.5801116838487973,,,416,1362
287,287,5,1,22,1,9,4,426,1339,29,18,96,als,0.06662129461584997,0.5790378006872853,,,455,1357
288,288,5,1,22,1,9,5,467,1339,44,19,94,33%,0.07395644283121597,0.5792525773195877,,,511,1358
289,289,5,1,22,1,9,6,523,1339,34,18,93,der,0.08166969147005444,0.5790378006872853,,,557,1357
290,290,5,1,22,1,9,7,568,1339,140,23,85,Gesamtlange,0.09649122807017543,0.5801116838487973,,,708,1362
291,291,5,1,22,1,9,8,718,1339,38,18,93,des,0.11146400483968542,0.5790378006872853,,,756,1357
292,292,5,1,22,1,9,9,767,1339,40,18,92,Ein-,0.11902601330913491,0.5790378006872853,,,807,1357
293,293,4,1,22,1,10,0,224,1372,583,23,-1,,0.0779643073200242,0.594286941580756,,,807,1395
294,294,5,1,22,1,10,1,224,1372,124,23,0,filhrzapfens,0.04325468844525106,0.594286941580756,,,348,1395
295,295,5,1,22,1,10,2,363,1372,53,23,91,(166),0.05890804597701149,0.594286941580756,,,416,1395
296,296,5,1,22,1,10,3,433,1372,94,22,91,"erstreckt,",0.07259528130671507,0.5940721649484536,,,527,1394
297,297,5,1,22,1,10,4,542,1372,62,19,92,wobei,0.0866606170598911,0.5934278350515464,,,604,1391
298,298,5,1,22,1,10,5,619,1372,30,19,93,die,0.09588626739261948,0.5934278350515464,,,649,1391
299,299,5,1,22,1,10,6,665,1372,142,19,91,Reibschneide,0.11131276467029642,0.5934278350515464,,,807,1391
300,300,4,1,22,1,11,0,225,1405,583,23,-1,,0.07811554748941318,0.6084621993127147,,,808,1428
301,301,5,1,22,1,11,1,225,1405,54,23,96,(168),0.038112522686025406,0.6084621993127147,,,279,1428
302,302,5,1,22,1,11,2,287,1405,15,18,96,in,0.04454022988505747,0.6073883161512027,,,302,1423
303,303,5,1,22,1,11,3,310,1405,44,18,93,eine,0.05021173623714459,0.6073883161512027,,,354,1423
304,304,5,1,22,1,11,4,362,1405,128,23,92,Rohbohrung,0.06442831215970962,0.6084621993127147,,,490,1428
305,305,5,1,22,1,11,5,498,1405,53,23,95,(184),0.07932546884452511,0.6084621993127147,,,551,1428
306,306,5,1,22,1,11,6,560,1405,30,18,96,mit,0.08696309739866909,0.6073883161512027,,,590,1423
307,307,5,1,22,1,11,7,596,1405,63,18,93,einem,0.09490320629159105,0.6073883161512027,,,659,1423
308,308,5,1,22,1,11,8,668,1405,140,18,91,Durchmesser,0.11161524500907441,0.6073883161512027,,,808,1423
309,309,4,1,22,1,12,0,225,1438,582,23,-1,,0.0780399274047187,0.6226374570446735,,,807,1461
310,310,5,1,22,1,12,1,225,1438,78,23,93,geringer,0.039927404718693285,0.6226374570446735,,,303,1461
311,311,5,1,22,1,12,2,305,1438,44,18,97,als,0.04945553539019964,0.6215635738831615,,,349,1456
312,312,5,1,22,1,12,3,358,1438,30,18,93,ein,0.05641258318209316,0.6215635738831615,,,388,1456
313,313,5,1,22,1,12,4,397,1438,190,18,91,Soll-Durchmesser,0.07441016333938294,0.6215635738831615,,,587,1456
314,314,5,1,22,1,12,5,595,1438,52,18,93,einer,0.09392014519056262,0.6215635738831615,,,647,1456
315,315,5,1,22,1,12,6,656,1438,87,23,91,Bohrung,0.10579249848759831,0.6226374570446735,,,743,1461
316,316,5,1,22,1,12,7,753,1438,54,23,96,(182),0.11796733212341198,0.6226374570446735,,,807,1461
317,317,4,1,22,1,13,0,225,1470,582,23,-1,,0.0780399274047187,0.6363831615120275,,,807,1493
318,318,5,1,22,1,13,1,225,1470,106,19,92,schneidend,0.04204476709013914,0.6355240549828178,,,331,1489
319,319,5,1,22,1,13,2,334,1470,115,19,25,einfulhrbar,0.05921052631578947,0.6355240549828178,,,449,1489
320,320,5,1,22,1,13,3,452,1470,40,22,93,"ist,",0.07138535995160314,0.636168384879725,,,492,1492
321,321,5,1,22,1,13,4,499,1470,61,19,93,wobei,0.08008166969147006,0.6355240549828178,,,560,1489
322,322,5,1,22,1,13,5,566,1470,31,19,93,die,0.08794615849969752,0.6355240549828178,,,597,1489
323,323,5,1,22,1,13,6,605,1470,142,19,90,Reibschneide,0.10223835450695705,0.6355240549828178,,,747,1489
324,324,5,1,22,1,13,7,753,1470,54,23,96,(168),0.11796733212341198,0.6363831615120275,,,807,1493
325,325,4,1,22,1,14,0,225,1503,582,23,-1,,0.0780399274047187,0.6505584192439863,,,807,1526
326,326,5,1,22,1,14,1,225,1503,77,18,92,ebenso,0.03985178463399879,0.6494845360824743,,,302,1521
327,327,5,1,22,1,14,2,313,1503,29,18,91,als,0.04953115547489413,0.6494845360824743,,,342,1521
328,328,5,1,22,1,14,3,355,1503,143,18,91,Bohrschneide,0.06450393224440411,0.6494845360824743,,,498,1521
329,329,5,1,22,1,14,4,508,1503,50,18,93,wirkt,0.08061101028433151,0.6494845360824743,,,558,1521
330,330,5,1,22,1,14,5,570,1503,36,18,96,und,0.08892921960072596,0.6494845360824743,,,606,1521
331,331,5,1,22,1,14,6,618,1508,31,13,92,am,0.09581064730792499,0.6505584192439863,,,649,1521
332,332,5,1,22,1,14,7,662,1503,145,23,26,Einfilhrzapfen,0.11108590441621295,0.6505584192439863,,,807,1526
333,333,4,1,22,1,15,0,225,1536,582,23,-1,,0.0780399274047187,0.664733676975945,,,807,1559
334,334,5,1,22,1,15,1,225,1536,54,23,96,(166),0.038112522686025406,0.664733676975945,,,279,1559
335,335,5,1,22,1,15,2,288,1536,15,18,96,in,0.04469147005444646,0.663659793814433,,,303,1554
336,336,5,1,22,1,15,3,312,1536,63,18,96,einem,0.05195099818511797,0.663659793814433,,,375,1554
337,337,5,1,22,1,15,4,385,1536,71,18,96,Radius,0.06359649122807018,0.663659793814433,,,456,1554
338,338,5,1,22,1,15,5,464,1536,34,18,94,der,0.07274652147610405,0.663659793814433,,,498,1554
339,339,5,1,22,1,15,6,506,1536,22,18,93,im,0.07819116757410768,0.663659793814433,,,528,1554
340,340,5,1,22,1,15,7,536,1536,137,18,91,wesentlichen,0.09142468239564429,0.663659793814433,,,673,1554
341,341,5,1,22,1,15,8,681,1536,45,18,96,dem,0.10639745916515427,0.663659793814433,,,726,1554
342,342,5,1,22,1,15,9,735,1536,72,18,96,Radius,0.11660617059891107,0.663659793814433,,,807,1554
343,343,4,1,22,1,16,0,225,1569,581,23,-1,,0.0779643073200242,0.6789089347079038,,,806,1592
344,344,5,1,22,1,16,1,225,1569,55,18,93,eines,0.038188142770719906,0.6778350515463918,,,280,1587
345,345,5,1,22,1,16,2,289,1569,200,18,91,Soll-Durchmessers,0.058832425892317,0.6778350515463918,,,489,1587
346,346,5,1,22,1,16,3,497,1569,34,18,93,der,0.07773744706594071,0.6778350515463918,,,531,1587
347,347,5,1,22,1,16,4,539,1569,88,23,91,Bohrung,0.088173018753781,0.6789089347079038,,,627,1592
348,348,5,1,22,1,16,5,637,1569,52,23,93,(182),0.10027223230490018,0.6789089347079038,,,689,1592
349,349,5,1,22,1,16,6,699,1569,107,23,91,"entspricht,",0.11380822746521477,0.6789089347079038,,,806,1592
350,350,4,1,22,1,17,0,225,1602,582,23,-1,,0.0780399274047187,0.6930841924398625,,,807,1625
351,351,5,1,22,1,17,1,225,1602,120,23,91,angeordnet,0.04310344827586207,0.6930841924398625,,,345,1625
352,352,5,1,22,1,17,2,366,1602,27,21,95,"ist,",0.0573956442831216,0.6926546391752577,,,393,1623
353,353,5,1,22,1,17,3,416,1602,36,18,96,und,0.06563823351482154,0.6920103092783505,,,452,1620
354,354,5,1,22,1,17,4,473,1602,34,18,93,der,0.07410768300060495,0.6920103092783505,,,507,1620
355,355,5,1,22,1,17,5,528,1602,145,23,37,Einflhrzapfen,0.09081972171808833,0.6930841924398625,,,673,1625
356,356,5,1,22,1,17,6,694,1602,53,23,96,(166),0.1089685420447671,0.6930841924398625,,,747,1625
357,357,5,1,22,1,17,7,769,1602,38,18,96,den,0.1191772534785239,0.6920103092783505,,,807,1620
358,358,4,1,22,1,18,0,225,1634,583,23,-1,,0.07811554748941318,0.7068298969072165,,,808,1657
359,359,5,1,22,1,18,1,225,1634,189,19,92,Soll-Durchmesser,0.048321234119782216,0.7059707903780069,,,414,1653
360,360,5,1,22,1,18,2,419,1634,34,19,93,der,0.06594071385359952,0.7059707903780069,,,453,1653
361,361,5,1,22,1,18,3,459,1634,87,23,91,Bohrung,0.07599818511796733,0.7068298969072165,,,546,1657
362,362,5,1,22,1,18,4,554,1634,53,23,93,(182),0.08779491833030853,0.7068298969072165,,,607,1657
363,363,5,1,22,1,18,5,614,1634,79,19,90,aufweist,0.09883545069570478,0.7059707903780069,,,693,1653
364,364,5,1,22,1,18,6,695,1634,49,19,96,und,0.1088173018753781,0.7059707903780069,,,744,1653
365,365,5,1,22,1,18,7,752,1634,15,19,96,in,0.11486690865093768,0.7059707903780069,,,767,1653
366,366,5,1,22,1,18,8,774,1634,34,19,96,der,0.11963097398669087,0.7059707903780069,,,808,1653
367,367,4,1,22,1,19,0,226,1667,357,23,-1,,0.06117664851784634,0.7210051546391752,,,583,1690
368,368,5,1,22,1,19,1,226,1667,87,23,92,Bohrung,0.04075922565033273,0.7210051546391752,,,313,1690
369,369,5,1,22,1,19,2,322,1667,53,23,93,(182),0.05270719903206292,0.7210051546391752,,,375,1690
370,370,5,1,22,1,19,3,384,1667,81,23,91,spielfrei,0.06420145190562614,0.7210051546391752,,,465,1690
371,371,5,1,22,1,19,4,472,1667,67,18,56,fUhrbar,0.0764519056261343,0.7199312714776632,,,539,1685
372,372,5,1,22,1,19,5,541,1667,42,18,96,ist.,0.08499697519661222,0.7199312714776632,,,583,1685
373,373,3,1,22,2,0,0,225,1700,582,122,-1,,0.0780399274047187,0.7564432989690721,,,807,1822
374,374,4,1,22,2,1,0,271,1700,536,23,-1,,0.08151845130066546,0.7351804123711341,,,807,1723
375,375,5,1,22,2,1,1,271,1700,40,18,93,Des,0.04401088929219601,0.7341065292096219,,,311,1718
376,376,5,1,22,2,1,2,320,1700,94,18,92,Weiteren,0.055505142165759226,0.7341065292096219,,,414,1718
377,377,5,1,22,2,1,3,427,1700,65,18,85,betrifft,0.06949485783424078,0.7341065292096219,,,492,1718
378,378,5,1,22,2,1,4,501,1700,30,18,93,die,0.0780399274047187,0.7341065292096219,,,531,1718
379,379,5,1,22,2,1,5,543,1700,98,23,90,Erfindung,0.08953418027828192,0.7351804123711341,,,641,1723
380,380,5,1,22,2,1,6,653,1700,43,18,93,eine,0.10201149425287356,0.7341065292096219,,,696,1718
381,381,5,1,22,2,1,7,705,1700,102,18,92,Werkzeu-,0.11433756805807622,0.7341065292096219,,,807,1718
382,382,4,1,22,2,2,0,225,1732,582,23,-1,,0.0780399274047187,0.748926116838488,,,807,1755
383,383,5,1,22,2,2,1,225,1732,125,23,92,ganordnung,0.043481548699334543,0.748926116838488,,,350,1755
384,384,5,1,22,2,2,2,358,1732,30,19,96,mit,0.05641258318209316,0.7480670103092784,,,388,1751
385,385,5,1,22,2,2,3,393,1732,62,19,93,einem,0.06412583182093164,0.7480670103092784,,,455,1751
386,386,5,1,22,2,2,4,462,1732,155,23,91,Senkwerkzeug,0.08159407138535996,0.748926116838488,,,617,1755
387,387,5,1,22,2,2,5,624,1732,37,19,96,und,0.09717180883242589,0.7480670103092784,,,661,1751
388,388,5,1,22,2,2,6,667,1732,30,19,96,ein,0.10314579552329099,0.7480670103092784,,,697,1751
389,389,5,1,22,2,2,7,703,1732,104,19,96,Verfahren,0.11418632788868724,0.7480670103092784,,,807,1751
390,390,4,1,22,2,3,0,225,1766,582,23,-1,,0.0780399274047187,0.7635309278350515,,,807,1789
391,391,5,1,22,2,3,1,225,1770,43,14,92,zum,0.03728070175438596,0.7633161512027491,,,268,1784
392,392,5,1,22,2,3,2,275,1766,104,18,92,Herstellen,0.04945553539019964,0.7624570446735395,,,379,1784
393,393,5,1,22,2,3,3,385,1766,53,18,93,einer,0.06223532970356927,0.7624570446735395,,,438,1784
394,394,5,1,22,2,3,4,443,1766,140,23,92,eingesenkten,0.07758620689655173,0.7635309278350515,,,583,1789
395,395,5,1,22,2,3,5,591,1766,83,18,91,und/oder,0.09565940713853599,0.7624570446735395,,,674,1784
396,396,5,1,22,2,3,6,676,1766,131,23,92,entgrateten,0.11214458560193588,0.7635309278350515,,,807,1789
397,397,4,1,22,2,4,0,225,1799,94,23,-1,,0.0411373260738052,0.7777061855670103,,,319,1822
398,398,5,1,22,2,4,1,225,1799,94,23,91,Bohrung.,0.0411373260738052,0.7777061855670103,,,319,1822
399,399,2,1,23,0,0,0,316,1001,808,24,-1,,0.1088929219600726,0.43513745704467355,,,1124,1025
400,400,3,1,23,1,0,0,316,1001,808,24,-1,,0.1088929219600726,0.43513745704467355,,,1124,1025
401,401,4,1,23,1,1,0,316,1001,808,24,-1,,0.1088929219600726,0.43513745704467355,,,1124,1025
402,402,5,1,23,1,1,1,316,1001,233,24,91,"SENKWERKZEUG,",0.06541137326073805,0.43513745704467355,title_line_1,"SENKWERKZEUG,",549,1025
403,403,5,1,23,1,1,2,558,1001,307,21,91,WERKZEUGANORDNUNG,0.10760738052026618,0.43449312714776633,title_line_1,WERKZEUGANORDNUNG,865,1022
404,404,5,1,23,1,1,3,869,1001,83,21,91,UND,0.13770417422867515,0.43449312714776633,title_line_1,UND,952,1022
405,405,5,1,23,1,1,4,961,1001,163,20,91,VERFAHREN,0.15766787658802178,0.43427835051546393,title_line_1,VERFAHREN,1124,1021
406,406,2,1,24,0,0,0,896,1129,552,679,-1,,0.17725347852389595,0.6307989690721649,,,1448,1808
407,407,3,1,24,1,0,0,896,1129,552,679,-1,,0.17725347852389595,0.6307989690721649,,,1448,1808
408,408,4,1,24,1,1,0,896,1129,552,679,-1,,0.17725347852389595,0.6307989690721649,,,1448,1808
409,409,5,1,24,1,1,1,896,1129,552,679,95, ,0.17725347852389595,0.6307989690721649,,,1448,1808
410,410,2,1,25,0,0,0,716,2270,259,16,-1,,0.1278735632183908,0.9785223367697594,,,975,2286
411,411,3,1,25,1,0,0,716,2270,259,16,-1,,0.1278735632183908,0.9785223367697594,,,975,2286
412,412,4,1,25,1,1,0,716,2270,259,16,-1,,0.1278735632183908,0.9785223367697594,,,975,2286
413,413,5,1,25,1,1,1,716,2270,49,12,96,Printed,0.11199334543254688,0.9776632302405498,,,765,2282
414,414,5,1,25,1,1,2,771,2270,15,16,96,by,0.1177404718693285,0.9785223367697594,,,786,2286
415,415,5,1,25,1,1,3,792,2270,45,14,96,"Jouve,",0.12318511796733213,0.9780927835051546,,,837,2284
416,416,5,1,25,1,1,4,843,2270,41,12,96,75001,0.13059588626739263,0.9776632302405498,,,884,2282
417,417,5,1,25,1,1,5,893,2270,46,12,96,PARIS,0.1385359951603146,0.9776632302405498,,,939,2282
418,418,5,1,25,1,1,6,945,2270,30,16,95,(FR),0.14519056261343014,0.9785223367697594,,,975,2286
