,Unnamed: 0,level,page_num,block_num,par_num,line_num,word_num,left,top,width,height,conf,text,x,y,label,target,right,bottom
0,0,1,1,0,0,0,0,0,0,1653,2328,-1,,0.125,0.5,,,1653,2328
1,1,2,1,1,0,0,0,144,1905,31,328,-1,,0.02412280701754386,0.8887457044673539,,,175,2233
2,2,3,1,1,1,0,0,144,1905,31,328,-1,,0.02412280701754386,0.8887457044673539,,,175,2233
3,3,4,1,1,1,1,0,144,1905,31,328,-1,,0.02412280701754386,0.8887457044673539,,,175,2233
4,4,5,1,1,1,1,1,144,2179,30,54,94,EP,0.024047186932849365,0.947594501718213,,,174,2233
5,5,5,1,1,1,1,2,144,2142,31,21,95,3,0.02412280701754386,0.9246134020618557,,,175,2163
6,6,5,1,1,1,1,3,144,2055,31,71,95,402,0.02412280701754386,0.8979810996563574,,,175,2126
7,7,5,1,1,1,1,4,144,1969,31,69,93,108,0.02412280701754386,0.8606099656357389,,,175,2038
8,8,5,1,1,1,1,5,144,1905,30,50,88,A1,0.024047186932849365,0.8290378006872853,,,174,1955
9,9,2,1,2,0,0,0,225,147,292,26,-1,,0.056110102843315184,0.06872852233676977,,,517,173
10,10,3,1,2,1,0,0,225,147,292,26,-1,,0.056110102843315184,0.06872852233676977,,,517,173
11,11,4,1,2,1,1,0,225,147,292,26,-1,,0.056110102843315184,0.06872852233676977,,,517,173
12,12,5,1,2,1,1,1,225,147,45,26,96,(19),0.037431941923774956,0.06872852233676977,,,270,173
13,13,5,1,2,1,1,2,429,153,88,16,82,Europaisches,0.07153660012099214,0.06915807560137457,,,517,169
14,14,2,1,3,0,0,0,429,170,71,11,-1,,0.07025105868118572,0.07538659793814433,,,500,181
15,15,3,1,3,1,0,0,429,170,71,11,-1,,0.07025105868118572,0.07538659793814433,,,500,181
16,16,4,1,3,1,1,0,429,170,71,11,-1,,0.07025105868118572,0.07538659793814433,,,500,181
17,17,5,1,3,1,1,1,429,170,71,11,94,Patentamt,0.07025105868118572,0.07538659793814433,,,500,181
18,18,2,1,4,0,0,0,429,196,89,28,-1,,0.07161222020568662,0.09020618556701031,,,518,224
19,19,3,1,4,1,0,0,429,196,89,28,-1,,0.07161222020568662,0.09020618556701031,,,518,224
20,20,4,1,4,1,1,0,429,196,63,15,-1,,0.06964609800362977,0.08741408934707903,,,492,211
21,21,5,1,4,1,1,1,429,196,63,15,95,European,0.06964609800362977,0.08741408934707903,,,492,211
22,22,4,1,4,1,2,0,429,212,89,12,-1,,0.07161222020568662,0.0936426116838488,,,518,224
23,23,5,1,4,1,2,1,429,213,43,11,96,Patent,0.06813369630973987,0.0938573883161512,,,472,224
24,24,5,1,4,1,2,2,478,212,40,12,90,Office,0.07531760435571688,0.0936426116838488,,,518,224
25,25,2,1,5,0,0,0,429,239,109,28,-1,,0.07312462189957653,0.10867697594501718,,,538,267
26,26,3,1,5,1,0,0,429,239,109,28,-1,,0.07312462189957653,0.10867697594501718,,,538,267
27,27,4,1,5,1,1,0,429,239,109,15,-1,,0.07312462189957653,0.10588487972508591,,,538,254
28,28,5,1,5,1,1,1,429,239,40,12,93,Office,0.06790683605565638,0.1052405498281787,,,469,251
29,29,5,1,5,1,1,2,474,239,64,15,93,europ√©en,0.0765275257108288,0.10588487972508591,,,538,254
30,30,4,1,5,1,2,0,429,255,77,12,-1,,0.0707047791893527,0.11211340206185567,,,506,267
31,31,5,1,5,1,2,1,429,255,22,12,95,des,0.06654567453115548,0.11211340206185567,,,451,267
32,32,5,1,5,1,2,2,457,255,49,12,82,brevets,0.07282214156079855,0.11211340206185567,,,506,267
33,33,2,1,6,0,0,0,281,136,274,150,-1,,0.06321839080459771,0.09063573883161512,,,555,286
34,34,3,1,6,1,0,0,281,136,274,150,-1,,0.06321839080459771,0.09063573883161512,,,555,286
35,35,4,1,6,1,1,0,281,136,274,150,-1,,0.06321839080459771,0.09063573883161512,,,555,286
36,36,5,1,6,1,1,1,281,136,274,150,95, ,0.06321839080459771,0.09063573883161512,,,555,286
37,37,2,1,7,0,0,0,1002,245,458,38,-1,,0.18617664851784635,0.1134020618556701,,,1460,283
38,38,3,1,7,1,0,0,1002,245,458,38,-1,,0.18617664851784635,0.1134020618556701,,,1460,283
39,39,4,1,7,1,1,0,1002,245,458,38,-1,,0.18617664851784635,0.1134020618556701,,,1460,283
40,40,5,1,7,1,1,1,1002,256,44,27,74,(11),0.15486993345432548,0.11576460481099657,,,1046,283
41,41,5,1,7,1,1,2,1146,245,52,32,95,EP,0.17725347852389595,0.11211340206185567,number,EP,1198,277
42,42,5,1,7,1,1,3,1214,245,20,32,95,3,0.1851179673321234,0.11211340206185567,number,3,1234,277
43,43,5,1,7,1,1,4,1248,245,69,32,94,402,0.1939655172413793,0.11211340206185567,number,402,1317,277
44,44,5,1,7,1,1,5,1333,245,66,32,90,108,0.20659407138535996,0.11211340206185567,number,108,1399,277
45,45,5,1,7,1,1,6,1413,245,47,32,89,A1,0.21725650332728372,0.11211340206185567,number,A1,1460,277
46,46,2,1,8,0,0,0,225,319,889,31,-1,,0.10125529340592862,0.14368556701030927,,,1114,350
47,47,3,1,8,1,0,0,225,319,889,31,-1,,0.10125529340592862,0.14368556701030927,,,1114,350
48,48,4,1,8,1,1,0,225,319,889,31,-1,,0.10125529340592862,0.14368556701030927,,,1114,350
49,49,5,1,8,1,1,1,225,324,45,26,95,(12),0.037431941923774956,0.14475945017182132,,,270,350
50,50,5,1,8,1,1,2,577,319,156,26,95,EUROPEAN,0.09906231094978826,0.14261168384879724,,,733,345
51,51,5,1,8,1,1,3,735,320,135,24,95,PATENT,0.12137023593466424,0.14261168384879724,,,870,344
52,52,5,1,8,1,1,4,873,319,241,26,96,APPLICATION,0.1502571082879613,0.14261168384879724,,,1114,345
53,53,2,1,9,0,0,0,225,395,378,53,-1,,0.06261343012704174,0.18105670103092783,,,603,448
54,54,3,1,9,1,0,0,225,395,378,53,-1,,0.06261343012704174,0.18105670103092783,,,603,448
55,55,4,1,9,1,1,0,225,395,262,26,-1,,0.05384150030248034,0.17525773195876287,,,487,421
56,56,5,1,9,1,1,1,225,395,45,26,95,(43),0.037431941923774956,0.17525773195876287,,,270,421
57,57,5,1,9,1,1,2,286,397,48,18,95,Date,0.04688445251058681,0.17439862542955326,,,334,415
58,58,5,1,9,1,1,3,342,397,20,18,96,of,0.05323653962492438,0.17439862542955326,,,362,415
59,59,5,1,9,1,1,4,370,397,117,23,96,publication:,0.0648064125831821,0.17547250859106528,,,487,420
60,60,4,1,9,1,2,0,287,430,316,18,-1,,0.06730187537810042,0.18857388316151202,,,603,448
61,61,5,1,9,1,2,1,287,430,116,18,95,14.11.2018,0.052177858439201454,0.18857388316151202,publication_date,14.11.2018,403,448
62,62,5,1,9,1,2,2,426,430,84,18,95,Bulletin,0.07078039927404718,0.18857388316151202,,,510,448
63,63,5,1,9,1,2,3,519,430,84,18,96,2018/46,0.08484573502722323,0.18857388316151202,,,603,448
64,64,2,1,10,0,0,0,225,493,400,26,-1,,0.06427707199032062,0.21735395189003437,,,625,519
65,65,3,1,10,1,0,0,225,493,400,26,-1,,0.06427707199032062,0.21735395189003437,,,625,519
66,66,4,1,10,1,1,0,225,493,400,26,-1,,0.06427707199032062,0.21735395189003437,,,625,519
67,67,5,1,10,1,1,1,225,493,45,26,96,(21),0.037431941923774956,0.21735395189003437,,,270,519
68,68,5,1,10,1,1,2,285,495,115,23,96,Application,0.051799758015728975,0.21756872852233677,,,400,518
69,69,5,1,10,1,1,3,410,495,83,18,93,number:,0.06828493647912885,0.21649484536082475,,,493,513
70,70,5,1,10,1,1,4,505,495,120,18,92,18181360.1,0.08545069570477919,0.21649484536082475,application_number,18181360.1,625,513
71,71,2,1,11,0,0,0,225,559,325,26,-1,,0.05860556563823351,0.24570446735395188,,,550,585
72,72,3,1,11,1,0,0,225,559,325,26,-1,,0.05860556563823351,0.24570446735395188,,,550,585
73,73,4,1,11,1,1,0,225,559,325,26,-1,,0.05860556563823351,0.24570446735395188,,,550,585
74,74,5,1,11,1,1,1,225,559,45,26,96,(22),0.037431941923774956,0.24570446735395188,,,270,585
75,75,5,1,11,1,1,2,286,561,48,18,96,Date,0.04688445251058681,0.24484536082474226,,,334,579
76,76,5,1,11,1,1,3,342,566,12,13,96,of,0.05263157894736842,0.24591924398625428,,,354,579
77,77,5,1,11,1,1,4,355,561,67,23,95,filing:,0.058756805807622506,0.24591924398625428,,,422,584
78,78,5,1,11,1,1,5,433,561,117,18,95,18.06.2010,0.07433454325468844,0.24484536082474226,filing_date,18.06.2010,550,579
79,79,2,1,12,0,0,0,862,395,243,51,-1,,0.14874470659407138,0.18062714776632302,,,1105,446
80,80,3,1,12,1,0,0,862,395,243,51,-1,,0.14874470659407138,0.18062714776632302,,,1105,446
81,81,4,1,12,1,1,0,862,395,126,26,-1,,0.13989715668481548,0.17525773195876287,,,988,421
82,82,5,1,12,1,1,1,862,395,44,26,67,(51),0.1336963097398669,0.17525773195876287,,,906,421
83,83,5,1,12,1,1,2,923,397,25,18,93,Int,0.1414851784633999,0.17439862542955326,,,948,415
84,84,5,1,12,1,1,3,955,397,33,18,65,Cl:,0.14692982456140352,0.17439862542955326,,,988,415
85,85,4,1,12,1,2,0,922,425,183,21,-1,,0.15328191167574107,0.1870704467353952,,,1105,446
86,86,5,1,12,1,2,1,922,428,57,18,34,HOAL,0.14375378100423472,0.1877147766323024,class_international,H04L,979,446
87,87,5,1,12,1,2,2,989,428,44,18,91,1116,0.1529038112522686,0.1877147766323024,class_international,1/16,1033,446
88,88,5,1,12,1,2,3,1038,425,67,16,62,(2006.0),0.16205384150030247,0.18599656357388317,,,1105,441
89,89,2,1,13,0,0,0,224,611,1243,8,-1,,0.1278735632183908,0.26417525773195877,,,1467,619
90,90,3,1,13,1,0,0,224,611,1243,8,-1,,0.1278735632183908,0.26417525773195877,,,1467,619
91,91,4,1,13,1,1,0,224,611,1243,8,-1,,0.1278735632183908,0.26417525773195877,,,1467,619
92,92,5,1,13,1,1,1,224,611,1243,8,95, ,0.1278735632183908,0.26417525773195877,,,1467,619
93,93,2,1,14,0,0,0,225,631,599,119,-1,,0.07932546884452511,0.296606529209622,,,824,750
94,94,3,1,14,1,0,0,225,631,599,119,-1,,0.07932546884452511,0.296606529209622,,,824,750
95,95,4,1,14,1,1,0,225,631,388,27,-1,,0.0633696309739867,0.2768470790378007,,,613,658
96,96,5,1,14,1,1,1,225,631,45,27,96,(84),0.037431941923774956,0.2768470790378007,,,270,658
97,97,5,1,14,1,1,2,286,633,118,23,96,Designated,0.052177858439201454,0.2768470790378007,,,404,656
98,98,5,1,14,1,1,3,413,633,119,23,96,Contracting,0.07146098003629764,0.2768470790378007,,,532,656
99,99,5,1,14,1,1,4,542,633,71,19,96,States:,0.08734119782214156,0.2759879725085911,,,613,652
100,100,4,1,14,1,2,0,285,666,537,18,-1,,0.08371143375680581,0.28994845360824745,,,822,684
101,101,5,1,14,1,2,1,285,666,31,18,94,AL,0.04544767090139141,0.28994845360824745,,,316,684
102,102,5,1,14,1,2,2,323,666,31,18,94,AT,0.05119479733817302,0.28994845360824745,,,354,684
103,103,5,1,14,1,2,3,363,666,30,18,96,BE,0.05716878402903811,0.28994845360824745,,,393,684
104,104,5,1,14,1,2,4,403,666,32,18,96,BG,0.0633696309739867,0.28994845360824745,,,435,684
105,105,5,1,14,1,2,5,445,666,31,18,96,CH,0.06964609800362977,0.28994845360824745,,,476,684
106,106,5,1,14,1,2,6,486,666,32,18,95,CY,0.07592256503327284,0.28994845360824745,,,518,684
107,107,5,1,14,1,2,7,526,666,30,18,93,CZ,0.08182093163944344,0.28994845360824745,,,556,684
108,108,5,1,14,1,2,8,565,666,30,18,93,DE,0.08771929824561403,0.28994845360824745,,,595,684
109,109,5,1,14,1,2,9,605,666,32,18,95,DK,0.09392014519056262,0.28994845360824745,,,637,684
110,110,5,1,14,1,2,10,646,666,29,18,95,EE,0.0998941318814277,0.28994845360824745,,,675,684
111,111,5,1,14,1,2,11,684,666,29,18,93,ES,0.10564125831820932,0.28994845360824745,,,713,684
112,112,5,1,14,1,2,12,723,666,57,18,90,FIFR,0.11365698729582577,0.28994845360824745,,,780,684
113,113,5,1,14,1,2,13,788,666,34,18,95,GB,0.12174833635813673,0.28994845360824745,,,822,684
114,114,4,1,14,1,3,0,285,699,539,18,-1,,0.0838626739261948,0.30412371134020616,,,824,717
115,115,5,1,14,1,3,1,285,699,297,18,83,GRHRHUIEISITLILTLU,0.06556261343012704,0.30412371134020616,,,582,717
116,116,5,1,14,1,3,2,591,699,28,18,85,LV,0.09150030248033877,0.30412371134020616,,,619,717
117,117,5,1,14,1,3,3,627,699,35,18,85,MC,0.09747428917120388,0.30412371134020616,,,662,717
118,118,5,1,14,1,3,4,670,699,35,18,94,MK,0.10397761645493044,0.30412371134020616,,,705,717
119,119,5,1,14,1,3,5,713,699,32,18,91,MT,0.11025408348457351,0.30412371134020616,,,745,717
120,120,5,1,14,1,3,6,753,699,29,18,49,NL,0.11607683000604961,0.30412371134020616,,,782,717
121,121,5,1,14,1,3,7,791,699,33,18,49,NO,0.1221264367816092,0.30412371134020616,,,824,717
122,122,4,1,14,1,4,0,286,732,297,18,-1,,0.06571385359951604,0.31829896907216493,,,583,750
123,123,5,1,14,1,4,1,286,732,28,18,96,PL,0.045372050816696916,0.31829896907216493,,,314,750
124,124,5,1,14,1,4,2,323,732,29,18,95,PT,0.05104355716878403,0.31829896907216493,,,352,750
125,125,5,1,14,1,4,3,360,732,33,18,95,RO,0.05694192377495463,0.31829896907216493,,,393,750
126,126,5,1,14,1,4,4,403,732,29,18,96,SE,0.06314277071990321,0.31829896907216493,,,432,750
127,127,5,1,14,1,4,5,441,732,61,18,95,SISK,0.07130973986690865,0.31829896907216493,,,502,750
128,128,5,1,14,1,4,6,510,732,33,18,0,SM,0.07962794918330308,0.31829896907216493,,,543,750
129,129,5,1,14,1,4,7,552,732,31,18,0,TR,0.08582879612825166,0.31829896907216493,,,583,750
130,130,2,1,15,0,0,0,225,795,460,53,-1,,0.06881427707199032,0.35287800687285226,,,685,848
131,131,3,1,15,1,0,0,225,795,460,53,-1,,0.06881427707199032,0.35287800687285226,,,685,848
132,132,4,1,15,1,1,0,225,795,460,27,-1,,0.06881427707199032,0.3472938144329897,,,685,822
133,133,5,1,15,1,1,1,225,795,45,27,96,(30),0.037431941923774956,0.3472938144329897,,,270,822
134,134,5,1,15,1,1,2,286,797,77,23,96,Priority:,0.04907743496672716,0.3472938144329897,,,363,820
135,135,5,1,15,1,1,3,384,797,117,19,96,19.06.2009,0.06692377495462795,0.34643470790378006,priority_date_eu,19.06.2009,501,816
136,136,5,1,15,1,1,4,519,797,27,19,96,JP,0.08053539019963703,0.34643470790378006,,,546,816
137,137,5,1,15,1,1,5,555,797,130,19,96,2009146592,0.09376890502117362,0.34643470790378006,,,685,816
138,138,4,1,15,1,2,0,383,830,300,18,-1,,0.08061101028433151,0.3603951890034364,,,683,848
139,139,5,1,15,1,2,1,383,830,118,18,96,02.11.2009,0.06684815486993345,0.3603951890034364,,,501,848
140,140,5,1,15,1,2,2,519,830,27,18,95,JP,0.08053539019963703,0.3603951890034364,,,546,848
141,141,5,1,15,1,2,3,555,830,128,18,95,2009252051,0.09361766485178463,0.3603951890034364,,,683,848
142,142,2,1,16,0,0,0,225,893,596,87,-1,,0.07909860859044163,0.4022766323024055,,,821,980
143,143,3,1,16,1,0,0,225,893,596,87,-1,,0.07909860859044163,0.4022766323024055,,,821,980
144,144,4,1,16,1,1,0,225,893,596,27,-1,,0.07909860859044163,0.3893900343642612,,,821,920
145,145,5,1,16,1,1,1,225,893,45,27,96,(62),0.037431941923774956,0.3893900343642612,,,270,920
146,146,5,1,16,1,1,2,286,895,107,19,96,Document,0.05134603750756201,0.38853092783505155,,,393,914
147,147,5,1,16,1,1,3,402,895,105,23,95,number(s),0.06873865698729582,0.3893900343642612,,,507,918
148,148,5,1,16,1,1,4,516,895,20,19,96,of,0.07955232909860858,0.38853092783505155,,,536,914
149,149,5,1,16,1,1,5,542,895,32,19,96,the,0.08439201451905626,0.38853092783505155,,,574,914
150,150,5,1,16,1,1,6,582,895,66,19,96,earlier,0.09301270417422867,0.38853092783505155,,,648,914
151,151,5,1,16,1,1,7,655,895,140,23,95,application(s),0.10964912280701754,0.3893900343642612,,,795,918
152,152,5,1,16,1,1,8,805,895,16,19,96,in,0.12295825771324864,0.38853092783505155,,,821,914
153,153,4,1,16,1,2,0,286,929,308,18,-1,,0.06654567453115548,0.4029209621993127,,,594,947
154,154,5,1,16,1,2,1,286,929,121,18,96,accordance,0.05240471869328494,0.4029209621993127,,,407,947
155,155,5,1,16,1,2,2,415,929,40,18,96,with,0.06578947368421052,0.4029209621993127,,,455,947
156,156,5,1,16,1,2,3,464,929,35,18,95,Art.,0.07282214156079855,0.4029209621993127,,,499,947
157,157,5,1,16,1,2,4,508,929,25,18,95,76,0.07872050816696914,0.4029209621993127,,,533,947
158,158,5,1,16,1,2,5,542,929,52,18,96,EPC:,0.08590441621294616,0.4029209621993127,,,594,947
159,159,4,1,16,1,3,0,286,961,250,19,-1,,0.06215970961887477,0.4168814432989691,,,536,980
160,160,5,1,16,1,3,1,286,961,124,19,71,10789258.0,0.05263157894736842,0.4168814432989691,,,410,980
161,161,5,1,16,1,3,2,417,961,7,19,71,/,0.06359649122807018,0.4168814432989691,,,424,980
162,162,5,1,16,1,3,3,432,961,11,19,94,2,0.066167574107683,0.4168814432989691,,,443,980
163,163,5,1,16,1,3,4,451,961,38,19,94,445,0.07108287961282517,0.4168814432989691,,,489,980
164,164,5,1,16,1,3,5,498,961,38,19,96,249,0.07819116757410768,0.4168814432989691,,,536,980
165,165,2,1,17,0,0,0,225,1025,446,57,-1,,0.0677555958862674,0.4525343642611684,,,671,1082
166,166,3,1,17,1,0,0,225,1025,446,57,-1,,0.0677555958862674,0.4525343642611684,,,671,1082
167,167,4,1,17,1,1,0,225,1025,446,26,-1,,0.0677555958862674,0.44587628865979384,,,671,1051
168,168,5,1,17,1,1,1,225,1025,45,26,96,(71),0.037431941923774956,0.44587628865979384,,,270,1051
169,169,5,1,17,1,1,2,285,1027,103,23,93,Applicant:,0.05089231699939504,0.44609106529209624,,,388,1050
170,170,5,1,17,1,1,3,397,1027,60,18,92,Godo,0.06457955232909861,0.44501718213058417,applicant_line_1,Godo,457,1045
171,171,5,1,17,1,1,4,467,1027,76,18,96,Kaisha,0.07637628554143981,0.44501718213058417,applicant_line_1,Kaisha,543,1045
172,172,5,1,17,1,1,5,552,1027,19,18,96,IP,0.08492135511191773,0.44501718213058417,applicant_line_1,IP,571,1045
173,173,5,1,17,1,1,6,581,1027,73,23,96,Bridge,0.09339080459770115,0.44609106529209624,applicant_line_1,Bridge,654,1050
174,174,5,1,17,1,1,7,664,1027,7,18,95,1,0.10095281306715063,0.44501718213058417,applicant_line_1,1,671,1045
175,175,4,1,17,1,2,0,285,1059,228,23,-1,,0.0603448275862069,0.45983676975945015,,,513,1082
176,176,5,1,17,1,2,1,285,1059,69,23,96,Tokyo,0.048321234119782216,0.45983676975945015,,,354,1082
177,177,5,1,17,1,2,2,363,1059,96,19,68,101-0051,0.06215970961887477,0.45897766323024053,,,459,1078
178,178,5,1,17,1,2,3,470,1059,43,23,96,(JP),0.07433454325468844,0.45983676975945015,,,513,1082
179,179,2,1,18,0,0,0,862,631,431,157,-1,,0.1629612825166364,0.30476804123711343,,,1293,788
180,180,3,1,18,1,0,0,862,631,431,157,-1,,0.1629612825166364,0.30476804123711343,,,1293,788
181,181,4,1,18,1,1,0,862,631,162,27,-1,,0.1426194797338173,0.2768470790378007,,,1024,658
182,182,5,1,18,1,1,1,862,631,44,27,94,(72),0.1336963097398669,0.2768470790378007,,,906,658
183,183,5,1,18,1,1,2,923,633,101,19,94,Inventors:,0.1472323049001815,0.2759879725085911,,,1024,652
184,184,4,1,18,1,2,0,898,666,188,23,-1,,0.1500302480338778,0.29102233676975947,,,1086,689
185,185,5,1,18,1,2,1,898,671,7,8,73,¬´,0.13634301270417423,0.28994845360824745,,,905,679
186,186,5,1,18,1,2,2,923,666,84,18,93,"NAKAO,",0.14594676346037508,0.28994845360824745,inventor_line_1,"NAKAO,",1007,684
187,187,5,1,18,1,2,3,1010,666,76,23,92,Seigo,0.15849969751966123,0.29102233676975947,inventor_line_1,Seigo,1086,689
188,188,4,1,18,1,3,0,922,699,371,23,-1,,0.1674984875983061,0.30519759450171824,,,1293,722
189,189,5,1,18,1,3,1,922,699,135,23,95,"Chiyoda-ku,",0.14965214761040532,0.30519759450171824,,,1057,722
190,190,5,1,18,1,3,2,1065,699,69,23,95,Tokyo,0.16628856624319419,0.30519759450171824,,,1134,722
191,191,5,1,18,1,3,3,1143,699,95,18,94,101-0051,0.18005142165759225,0.30412371134020616,,,1238,717
192,192,5,1,18,1,3,4,1250,699,43,23,96,(JP),0.19230187537810042,0.30519759450171824,,,1293,722
193,193,4,1,18,1,4,0,898,732,222,22,-1,,0.15260133091349062,0.31915807560137455,,,1120,754
194,194,5,1,18,1,4,1,898,737,7,8,44,¬´,0.13634301270417423,0.31829896907216493,,,905,745
195,195,5,1,18,1,4,2,923,732,113,18,90,"IMAMURA,",0.14813974591651544,0.31829896907216493,,,1036,750
196,196,5,1,18,1,4,3,1038,732,82,22,91,Daichi,0.1631881427707199,0.31915807560137455,,,1120,754
197,197,4,1,18,1,5,0,922,765,371,23,-1,,0.1674984875983061,0.3335481099656357,,,1293,788
198,198,5,1,18,1,5,1,922,765,135,23,96,"Chiyoda-ku,",0.14965214761040532,0.3335481099656357,,,1057,788
199,199,5,1,18,1,5,2,1065,765,69,23,96,Tokyo,0.16628856624319419,0.3335481099656357,,,1134,788
200,200,5,1,18,1,5,3,1144,765,94,18,95,101-0051,0.18012704174228675,0.3324742268041237,,,1238,783
201,201,5,1,18,1,5,4,1250,765,43,23,96,(JP),0.19230187537810042,0.3335481099656357,,,1293,788
202,202,2,1,19,0,0,0,862,828,489,156,-1,,0.16734724742891713,0.38917525773195877,,,1351,984
203,203,3,1,19,1,0,0,862,828,489,156,-1,,0.16734724742891713,0.38917525773195877,,,1351,984
204,204,4,1,19,1,1,0,862,828,489,26,-1,,0.16734724742891713,0.36125429553264604,,,1351,854
205,205,5,1,19,1,1,1,862,828,44,26,96,(74),0.1336963097398669,0.36125429553264604,,,906,854
206,206,5,1,19,1,1,2,923,830,163,23,93,Representative:,0.15192075015124018,0.36146907216494845,,,1086,853
207,207,5,1,19,1,1,3,1096,830,119,18,90,Griinecker,0.17475801572897762,0.3603951890034364,representative_line_1_eu,Grunecker,1215,848
208,208,5,1,19,1,1,4,1223,830,78,18,92,Patent-,0.190865093768905,0.3603951890034364,representative_line_1_eu,Patent-,1301,848
209,209,5,1,19,1,1,5,1310,830,41,18,96,und,0.20122504537205083,0.3603951890034364,representative_line_1_eu,und,1351,848
210,210,4,1,19,1,2,0,923,863,164,18,-1,,0.15199637023593465,0.3745704467353952,,,1087,881
211,211,5,1,19,1,2,1,923,863,164,18,84,Rechtsanwalte,0.15199637023593465,0.3745704467353952,,,1087,881
212,212,4,1,19,1,3,0,923,895,121,19,-1,,0.14874470659407138,0.38853092783505155,,,1044,914
213,213,5,1,19,1,3,1,923,895,61,19,92,PartG,0.1442075015124017,0.38853092783505155,,,984,914
214,214,5,1,19,1,3,2,994,895,50,19,93,mbB,0.1541137326073805,0.38853092783505155,,,1044,914
215,215,4,1,19,1,4,0,923,929,182,23,-1,,0.15335753176043557,0.40399484536082475,,,1105,952
216,216,5,1,19,1,4,1,923,929,162,23,62,LeopoldstraRe,0.15184513006654568,0.40399484536082475,,,1085,952
217,217,5,1,19,1,4,2,1093,929,12,18,97,4,0.16621294615849969,0.4029209621993127,,,1105,947
218,218,4,1,19,1,5,0,922,961,231,23,-1,,0.15691167574107684,0.4177405498281787,,,1153,984
219,219,5,1,19,1,5,1,922,961,64,19,93,80802,0.1442831215970962,0.4168814432989691,,,986,980
220,220,5,1,19,1,5,2,996,961,101,19,75,Miinchen,0.15827283726557773,0.4168814432989691,,,1097,980
221,221,5,1,19,1,5,3,1107,961,46,23,96,(DE),0.17090139140955837,0.4177405498281787,,,1153,984
222,222,2,1,20,0,0,0,862,1027,99,18,-1,,0.13785541439806412,0.44501718213058417,,,961,1045
223,223,3,1,20,1,0,0,862,1027,99,18,-1,,0.13785541439806412,0.44501718213058417,,,961,1045
224,224,4,1,20,1,1,0,862,1027,99,18,-1,,0.13785541439806412,0.44501718213058417,,,961,1045
225,225,5,1,20,1,1,1,862,1027,99,18,96,Remarks:,0.13785541439806412,0.44501718213058417,,,961,1045
226,226,2,1,21,0,0,0,922,1059,477,23,-1,,0.17551421657592256,0.45983676975945015,,,1399,1082
227,227,3,1,21,1,0,0,922,1059,477,23,-1,,0.17551421657592256,0.45983676975945015,,,1399,1082
228,228,4,1,21,1,1,0,922,1059,477,23,-1,,0.17551421657592256,0.45983676975945015,,,1399,1082
229,229,5,1,21,1,1,1,922,1059,43,19,96,This,0.1426950998185118,0.45897766323024053,,,965,1078
230,230,5,1,21,1,1,2,974,1059,111,23,96,application,0.15570175438596492,0.45983676975945015,,,1085,1082
231,231,5,1,21,1,1,3,1093,1064,42,14,96,was,0.16848154869933454,0.46005154639175255,,,1135,1078
232,232,5,1,21,1,1,4,1142,1059,43,19,96,filed,0.17596793708408953,0.45897766323024053,,,1185,1078
233,233,5,1,21,1,1,5,1193,1064,25,14,96,on,0.1823200241984271,0.46005154639175255,,,1218,1078
234,234,5,1,21,1,1,6,1227,1059,120,19,96,03-07-2018,0.19464609800362975,0.45897766323024053,,,1347,1078
235,235,5,1,21,1,1,7,1356,1064,23,14,95,as,0.20682093163944343,0.46005154639175255,,,1379,1078
236,236,5,1,21,1,1,8,1388,1064,11,14,96,a,0.21075317604355717,0.46005154639175255,,,1399,1078
237,237,2,1,22,0,0,0,922,1092,522,52,-1,,0.17891712038717483,0.4802405498281787,,,1444,1144
238,238,3,1,22,1,0,0,922,1092,522,52,-1,,0.17891712038717483,0.4802405498281787,,,1444,1144
239,239,4,1,22,1,1,0,922,1092,522,23,-1,,0.17891712038717483,0.4740120274914089,,,1444,1115
240,240,5,1,22,1,1,1,922,1092,96,18,96,divisional,0.14670296430732002,0.4729381443298969,,,1018,1110
241,241,5,1,22,1,1,2,1027,1092,111,23,96,application,0.16371748336358136,0.4740120274914089,,,1138,1115
242,242,5,1,22,1,1,3,1147,1093,19,17,96,to,0.17490925589836662,0.4731529209621993,,,1166,1110
243,243,5,1,22,1,1,4,1174,1092,31,18,96,the,0.17990018148820328,0.4729381443298969,,,1205,1110
244,244,5,1,22,1,1,5,1214,1092,112,23,96,application,0.19207501512401695,0.4740120274914089,,,1326,1115
245,245,5,1,22,1,1,6,1336,1092,108,18,96,mentioned,0.2102238354506957,0.4729381443298969,,,1444,1110
246,246,4,1,22,1,2,0,923,1125,209,19,-1,,0.15539927404718692,0.48732817869415807,,,1132,1144
247,247,5,1,22,1,2,1,923,1125,59,19,93,under,0.1440562613430127,0.48732817869415807,,,982,1144
248,248,5,1,22,1,2,2,991,1125,45,19,92,INID,0.15328191167574107,0.48732817869415807,,,1036,1144
249,249,5,1,22,1,2,3,1044,1125,50,19,96,code,0.16167574107683,0.48732817869415807,,,1094,1144
250,250,5,1,22,1,2,4,1103,1125,29,19,96,62.,0.16901088929219601,0.48732817869415807,,,1132,1144
251,251,2,1,23,0,0,0,844,614,4,566,-1,,0.1279491833030853,0.3853092783505155,,,848,1180
252,252,3,1,23,1,0,0,844,614,4,566,-1,,0.1279491833030853,0.3853092783505155,,,848,1180
253,253,4,1,23,1,1,0,844,614,4,566,-1,,0.1279491833030853,0.3853092783505155,,,848,1180
254,254,5,1,23,1,1,1,844,614,4,566,95, ,0.1279491833030853,0.3853092783505155,,,848,1180
255,255,2,1,24,0,0,0,224,1175,1243,8,-1,,0.1278735632183908,0.5064432989690721,,,1467,1183
256,256,3,1,24,1,0,0,224,1175,1243,8,-1,,0.1278735632183908,0.5064432989690721,,,1467,1183
257,257,4,1,24,1,1,0,224,1175,1243,8,-1,,0.1278735632183908,0.5064432989690721,,,1467,1183
258,258,5,1,24,1,1,1,224,1175,1243,8,95, ,0.1278735632183908,0.5064432989690721,,,1467,1183
259,259,2,1,25,0,0,0,225,1198,906,26,-1,,0.10254083484573502,0.5201890034364262,,,1131,1224
260,260,3,1,25,1,0,0,225,1198,906,26,-1,,0.10254083484573502,0.5201890034364262,,,1131,1224
261,261,4,1,25,1,1,0,225,1198,906,26,-1,,0.10254083484573502,0.5201890034364262,,,1131,1224
262,262,5,1,25,1,1,1,225,1198,45,26,77,(54),0.037431941923774956,0.5201890034364262,,,270,1224
263,263,5,1,25,1,1,2,315,1198,136,20,77,TERMINAL,0.05792498487598306,0.5189003436426117,title_line_1,TERMINAL,451,1218
264,264,5,1,25,1,1,3,461,1198,96,21,95,DEVICE,0.07698124621899577,0.5191151202749141,title_line_1,DEVICE,557,1219
265,265,5,1,25,1,1,4,565,1198,57,20,95,AND,0.0897610405323654,0.5189003436426117,title_line_1,AND,622,1218
266,266,5,1,25,1,1,5,632,1198,236,21,96,RETRANSMISSION,0.11343012704174228,0.5191151202749141,title_line_1,RETRANSMISSION,868,1219
267,267,5,1,25,1,1,6,880,1198,129,21,96,CONTROL,0.14284633998790078,0.5191151202749141,title_line_1,CONTROL,1009,1219
268,268,5,1,25,1,1,7,1019,1198,112,21,96,METHOD,0.16258318209316394,0.5191151202749141,title_line_1,METHOD,1131,1219
269,269,2,1,26,0,0,0,225,1272,1242,320,-1,,0.1279491833030853,0.6151202749140894,,,1467,1592
270,270,3,1,26,1,0,0,225,1272,1242,320,-1,,0.1279491833030853,0.6151202749140894,,,1467,1592
271,271,4,1,26,1,1,0,225,1272,1241,26,-1,,0.1278735632183908,0.5519759450171822,,,1466,1298
272,272,5,1,26,1,1,1,225,1272,45,26,92,(57),0.037431941923774956,0.5519759450171822,,,270,1298
273,273,5,1,26,1,1,2,316,1274,91,18,25,Provided,0.05467332123411978,0.5511168384879725,,,407,1292
274,274,5,1,26,1,1,3,415,1278,34,14,96,are,0.06533575317604355,0.5519759450171822,,,449,1292
275,275,5,1,26,1,1,4,456,1278,12,14,95,a,0.06987295825771325,0.5519759450171822,,,468,1292
276,276,5,1,26,1,1,5,476,1274,83,18,96,terminal,0.07826678765880218,0.5511168384879725,,,559,1292
277,277,5,1,26,1,1,6,567,1274,67,18,96,device,0.09081972171808833,0.5511168384879725,,,634,1292
278,278,5,1,26,1,1,7,643,1274,37,18,96,and,0.10004537205081669,0.5511168384879725,,,680,1292
279,279,5,1,26,1,1,8,689,1278,11,14,95,a,0.10503629764065336,0.5519759450171822,,,700,1292
280,280,5,1,26,1,1,9,709,1274,152,18,95,retransmission,0.11872353297035693,0.5511168384879725,,,861,1292
281,281,5,1,26,1,1,10,870,1274,69,18,84,control,0.1367967332123412,0.5511168384879725,,,939,1292
282,282,5,1,26,1,1,11,948,1274,77,18,96,method,0.14919842710223835,0.5511168384879725,,,1025,1292
283,283,5,1,26,1,1,12,1033,1274,59,18,96,which,0.16069267997580158,0.5511168384879725,,,1092,1292
284,284,5,1,26,1,1,13,1100,1274,71,18,96,enable,0.17173321234119782,0.5511168384879725,,,1171,1292
285,285,5,1,26,1,1,14,1179,1274,31,18,96,the,0.18065638233514822,0.5511168384879725,,,1210,1292
286,286,5,1,26,1,1,15,1218,1274,107,18,96,avoidance,0.19230187537810042,0.5511168384879725,,,1325,1292
287,287,5,1,26,1,1,16,1333,1274,20,18,96,of,0.20311554748941318,0.5511168384879725,,,1353,1292
288,288,5,1,26,1,1,17,1359,1274,32,18,93,the,0.20795523290986087,0.5511168384879725,,,1391,1292
289,289,5,1,26,1,1,18,1399,1274,67,23,93,degra-,0.21665154264972777,0.5521907216494846,,,1466,1297
290,290,4,1,26,1,2,0,225,1306,1240,23,-1,,0.1277979431336963,0.5659364261168385,,,1465,1329
291,291,5,1,26,1,2,1,225,1306,62,19,96,dation,0.03871748336358137,0.5650773195876289,,,287,1325
292,292,5,1,26,1,2,2,297,1306,20,19,96,of,0.046430732002419844,0.5650773195876289,,,317,1325
293,293,5,1,26,1,2,3,324,1306,132,19,96,transmission,0.05898366606170599,0.5650773195876289,,,456,1325
294,294,5,1,26,1,2,4,466,1306,151,19,96,characteristics,0.08189655172413793,0.5650773195876289,,,617,1325
295,295,5,1,26,1,2,5,625,1306,20,19,96,of,0.09603750756200848,0.5650773195876289,,,645,1325
296,296,5,1,26,1,2,6,652,1311,11,14,96,a,0.09944041137326073,0.5661512027491409,,,663,1325
297,297,5,1,26,1,2,7,673,1311,97,18,96,response,0.10911978221415608,0.5670103092783505,,,770,1329
298,298,5,1,26,1,2,8,779,1306,59,23,96,signal,0.12227767695099818,0.5659364261168385,,,838,1329
299,299,5,1,26,1,2,9,848,1306,37,19,96,and,0.1310496067755596,0.5650773195876289,,,885,1325
300,300,5,1,26,1,2,10,894,1306,32,19,96,the,0.13762855414398065,0.5650773195876289,,,926,1325
301,301,5,1,26,1,2,11,936,1306,130,19,96,minimization,0.1513914095583787,0.5650773195876289,,,1066,1325
302,302,5,1,26,1,2,12,1075,1306,20,19,96,of,0.16409558378705383,0.5650773195876289,,,1095,1325
303,303,5,1,26,1,2,13,1102,1306,32,19,96,the,0.16908650937689051,0.5650773195876289,,,1134,1325
304,304,5,1,26,1,2,14,1144,1306,87,19,96,increase,0.17959770114942528,0.5650773195876289,,,1231,1325
305,305,5,1,26,1,2,15,1240,1306,19,19,96,of,0.18897459165154265,0.5650773195876289,,,1259,1325
306,306,5,1,26,1,2,16,1267,1306,31,19,96,the,0.1939655172413793,0.5650773195876289,,,1298,1325
307,307,5,1,26,1,2,17,1307,1306,98,19,96,overhead,0.20508166969147004,0.5650773195876289,,,1405,1325
308,308,5,1,26,1,2,18,1414,1306,20,19,96,of,0.21536600120992136,0.5650773195876289,,,1434,1325
309,309,5,1,26,1,2,19,1441,1311,24,14,96,an,0.21975196612220205,0.5661512027491409,,,1465,1325
310,310,4,1,26,1,3,0,226,1339,1241,23,-1,,0.1280248033877798,0.5801116838487973,,,1467,1362
311,311,5,1,26,1,3,1,226,1339,60,23,96,uplink,0.03871748336358137,0.5801116838487973,,,286,1362
312,312,5,1,26,1,3,2,294,1339,69,18,93,control,0.049682395644283124,0.5790378006872853,,,363,1357
313,313,5,1,26,1,3,3,372,1339,81,18,96,channel,0.06238656987295826,0.5790378006872853,,,453,1357
314,314,5,1,26,1,3,4,461,1339,55,18,96,when,0.07388082274652148,0.5790378006872853,,,516,1357
315,315,5,1,26,1,3,5,524,1339,32,18,95,ARQ,0.08166969147005444,0.5790378006872853,,,556,1357
316,316,5,1,26,1,3,6,558,1339,40,19,95,is,0.08741681790683606,0.5792525773195877,,,598,1358
317,317,5,1,26,1,3,7,606,1339,75,23,96,applied,0.09732304900181488,0.5801116838487973,,,681,1362
318,318,5,1,26,1,3,8,690,1339,16,18,96,in,0.10556563823351482,0.5790378006872853,,,706,1357
319,319,5,1,26,1,3,9,714,1339,158,18,96,communication,0.11993345432546884,0.5790378006872853,,,872,1357
320,320,5,1,26,1,3,10,882,1339,54,23,97,using,0.13747731397459165,0.5801116838487973,,,936,1362
321,321,5,1,26,1,3,11,944,1344,25,13,96,an,0.14466122202056866,0.5801116838487973,,,969,1357
322,322,5,1,26,1,3,12,978,1339,61,23,96,uplink,0.15252571082879612,0.5801116838487973,,,1039,1362
323,323,5,1,26,1,3,13,1047,1339,36,18,96,unit,0.16107078039927405,0.5790378006872853,,,1083,1357
324,324,5,1,26,1,3,14,1091,1339,50,18,96,band,0.16878402903811252,0.5790378006872853,,,1141,1357
325,325,5,1,26,1,3,15,1150,1339,37,18,96,and,0.17672413793103448,0.5790378006872853,,,1187,1357
326,326,5,1,26,1,3,16,1197,1344,10,13,96,a,0.18179068360556563,0.5801116838487973,,,1207,1357
327,327,5,1,26,1,3,17,1216,1339,81,23,96,plurality,0.19003327283726557,0.5801116838487973,,,1297,1362
328,328,5,1,26,1,3,18,1304,1339,20,18,97,of,0.1987295825771325,0.5790378006872853,,,1324,1357
329,329,5,1,26,1,3,19,1330,1339,92,18,96,downlink,0.20810647307924984,0.5790378006872853,,,1422,1357
330,330,5,1,26,1,3,20,1431,1339,36,18,96,unit,0.2191470054446461,0.5790378006872853,,,1467,1357
331,331,4,1,26,1,4,0,226,1372,1240,23,-1,,0.1279491833030853,0.594286941580756,,,1466,1395
332,332,5,1,26,1,4,1,226,1372,62,19,96,bands,0.038868723532970356,0.5934278350515464,,,288,1391
333,333,5,1,26,1,4,2,296,1372,113,19,96,associated,0.053312159709618875,0.5934278350515464,,,409,1391
334,334,5,1,26,1,4,3,417,1372,40,19,96,with,0.06609195402298851,0.5934278350515464,,,457,1391
335,335,5,1,26,1,4,4,466,1372,32,19,96,the,0.07289776164549304,0.5934278350515464,,,498,1391
336,336,5,1,26,1,4,5,507,1372,60,23,96,uplink,0.08121597096188747,0.594286941580756,,,567,1395
337,337,5,1,26,1,4,6,576,1372,37,19,96,unit,0.08991228070175439,0.5934278350515464,,,613,1391
338,338,5,1,26,1,4,7,621,1372,56,19,96,band.,0.09815486993345432,0.5934278350515464,,,677,1391
339,339,5,1,26,1,4,8,688,1372,16,19,94,In,0.10526315789473684,0.5934278350515464,,,704,1391
340,340,5,1,26,1,4,9,713,1377,11,14,94,a,0.10866606170598911,0.5945017182130584,,,724,1391
341,341,5,1,26,1,4,10,733,1372,83,19,96,terminal,0.11713551119177254,0.5934278350515464,,,816,1391
342,342,5,1,26,1,4,11,825,1372,59,23,96,"(200),",0.12923472474289172,0.594286941580756,,,884,1395
343,343,5,1,26,1,4,12,893,1377,11,14,96,a,0.13588929219600726,0.5945017182130584,,,904,1391
344,344,5,1,26,1,4,13,913,1372,70,19,96,control,0.14337568058076225,0.5934278350515464,,,983,1391
345,345,5,1,26,1,4,14,992,1372,37,19,96,unit,0.1528281911675741,0.5934278350515464,,,1029,1391
346,346,5,1,26,1,4,15,1037,1372,53,23,96,(209),0.16084392014519056,0.594286941580756,,,1090,1395
347,347,5,1,26,1,4,16,1099,1372,95,19,96,transmits,0.1733968542044767,0.5934278350515464,,,1194,1391
348,348,5,1,26,1,4,17,1203,1377,11,14,96,a,0.18277374470659408,0.5945017182130584,,,1214,1391
349,349,5,1,26,1,4,18,1223,1372,70,19,96,bundle,0.19026013309134907,0.5934278350515464,,,1293,1391
350,350,5,1,26,1,4,19,1301,1377,83,18,96,response,0.20303992740471868,0.595360824742268,,,1384,1395
351,351,5,1,26,1,4,20,1386,1372,80,23,96,signal,0.21566848154869933,0.594286941580756,,,1466,1395
352,352,4,1,26,1,5,0,226,1405,1241,23,-1,,0.1280248033877798,0.6084621993127147,,,1467,1428
353,353,5,1,26,1,5,1,226,1405,54,23,96,using,0.0382637628554144,0.6084621993127147,,,280,1428
354,354,5,1,26,1,5,2,288,1410,12,13,95,a,0.04446460980036298,0.6084621993127147,,,300,1423
355,355,5,1,26,1,5,3,308,1410,78,13,95,resource,0.05248033877797943,0.6084621993127147,,,386,1423
356,356,5,1,26,1,5,4,387,1405,35,18,90,in,0.06117664851784634,0.6073883161512027,,,422,1423
357,357,5,1,26,1,5,5,430,1410,11,13,90,a,0.06586509376890502,0.6084621993127147,,,441,1423
358,358,5,1,26,1,5,6,451,1405,53,18,96,basic,0.0722171808832426,0.6073883161512027,,,504,1423
359,359,5,1,26,1,5,7,512,1405,63,23,96,region,0.08219903206291591,0.6084621993127147,,,575,1428
360,360,5,1,26,1,5,8,584,1405,19,18,96,of,0.0897610405323654,0.6073883161512027,,,603,1423
361,361,5,1,26,1,5,9,610,1410,24,13,96,an,0.0940713853599516,0.6084621993127147,,,634,1423
362,362,5,1,26,1,5,10,643,1405,60,23,96,uplink,0.10178463399879008,0.6084621993127147,,,703,1428
363,363,5,1,26,1,5,11,711,1405,69,18,80,control,0.11274954627949184,0.6073883161512027,,,780,1423
364,364,5,1,26,1,5,12,788,1405,77,18,96,channel,0.125,0.6073883161512027,,,865,1423
365,365,5,1,26,1,5,13,867,1405,26,18,95,in,0.13309134906231096,0.6073883161512027,,,893,1423
366,366,5,1,26,1,5,14,903,1410,23,13,95,an,0.1383091349062311,0.6084621993127147,,,926,1423
367,367,5,1,26,1,5,15,936,1405,59,23,96,uplink,0.14602238354506958,0.6084621993127147,,,995,1428
368,368,5,1,26,1,5,16,1003,1405,37,18,96,unit,0.15449183303085298,0.6073883161512027,,,1040,1423
369,369,5,1,26,1,5,17,1048,1405,49,18,96,band,0.16220508166969147,0.6073883161512027,,,1097,1423
370,370,5,1,26,1,5,18,1105,1405,20,18,96,of,0.16863278886872354,0.6073883161512027,,,1125,1423
371,371,5,1,26,1,5,19,1132,1410,11,13,96,a,0.1720356926799758,0.6084621993127147,,,1143,1423
372,372,5,1,26,1,5,20,1152,1405,37,18,96,unit,0.17702661826981247,0.6073883161512027,,,1189,1423
373,373,5,1,26,1,5,21,1196,1405,51,18,96,band,0.18473986690865093,0.6073883161512027,,,1247,1423
374,374,5,1,26,1,5,22,1255,1410,59,18,96,group,0.19426799758015728,0.6095360824742269,,,1314,1428
375,375,5,1,26,1,5,23,1321,1405,43,18,96,when,0.20303992740471868,0.6073883161512027,,,1364,1423
376,376,5,1,26,1,5,24,1367,1410,29,13,96,no,0.20893829401088929,0.6084621993127147,,,1396,1423
377,377,5,1,26,1,5,25,1398,1410,69,13,96,error,0.21665154264972777,0.6084621993127147,,,1467,1423
378,378,4,1,26,1,6,0,226,1438,1241,23,-1,,0.1280248033877798,0.6226374570446735,,,1467,1461
379,379,5,1,26,1,6,1,226,1438,14,18,97,is,0.035238959467634605,0.6215635738831615,,,240,1456
380,380,5,1,26,1,6,2,247,1438,90,18,96,detected,0.044162129461584994,0.6215635738831615,,,337,1456
381,381,5,1,26,1,6,3,345,1438,16,18,96,in,0.05338777979431337,0.6215635738831615,,,361,1456
382,382,5,1,26,1,6,4,368,1442,38,14,96,each,0.05852994555353902,0.6224226804123711,,,406,1456
383,383,5,1,26,1,6,5,408,1438,29,18,96,of,0.06389897156684815,0.6215635738831615,,,437,1456
384,384,5,1,26,1,6,6,438,1438,24,18,95,a,0.06805807622504537,0.6215635738831615,,,462,1456
385,385,5,1,26,1,6,7,470,1438,80,23,96,plurality,0.07713248638838476,0.6226374570446735,,,550,1461
386,386,5,1,26,1,6,8,557,1438,19,18,96,of,0.08567755595886267,0.6215635738831615,,,576,1456
387,387,5,1,26,1,6,9,583,1438,67,23,96,pieces,0.09323956442831216,0.6226374570446735,,,650,1461
388,388,5,1,26,1,6,10,656,1438,20,18,96,of,0.10072595281306715,0.6215635738831615,,,676,1456
389,389,5,1,26,1,6,11,681,1438,79,18,96,downlink,0.1089685420447671,0.6215635738831615,,,760,1456
390,390,5,1,26,1,6,12,764,1438,60,18,96,data,0.12008469449485784,0.6215635738831615,,,824,1456
391,391,5,1,26,1,6,13,832,1438,19,18,96,of,0.12726860254083486,0.6215635738831615,,,851,1456
392,392,5,1,26,1,6,14,857,1438,31,18,96,the,0.13195704779189352,0.6215635738831615,,,888,1456
393,393,5,1,26,1,6,15,897,1438,37,18,96,unit,0.1384603750756201,0.6215635738831615,,,934,1456
394,394,5,1,26,1,6,16,940,1438,50,18,96,band,0.14594676346037508,0.6215635738831615,,,990,1456
395,395,5,1,26,1,6,17,998,1442,59,19,96,"group,",0.15539927404718692,0.6234965635738832,,,1057,1461
396,396,5,1,26,1,6,18,1060,1438,42,21,96,the,0.16349062310949788,0.6222079037800687,,,1102,1459
397,397,5,1,26,1,6,19,1110,1438,61,23,96,uplink,0.17248941318814276,0.6226374570446735,,,1171,1461
398,398,5,1,26,1,6,20,1177,1438,70,18,96,control,0.18330308529945555,0.6215635738831615,,,1247,1456
399,399,5,1,26,1,6,21,1255,1438,76,18,94,channel,0.1955535390199637,0.6215635738831615,,,1331,1456
400,400,5,1,26,1,6,22,1334,1438,26,18,94,in,0.20372050816696916,0.6215635738831615,,,1360,1456
401,401,5,1,26,1,6,23,1367,1438,31,18,96,the,0.20908953418027829,0.6215635738831615,,,1398,1456
402,402,5,1,26,1,6,24,1406,1438,61,23,96,uplink,0.21725650332728372,0.6226374570446735,,,1467,1461
403,403,4,1,26,1,7,0,226,1470,1240,23,-1,,0.1279491833030853,0.6363831615120275,,,1466,1493
404,404,5,1,26,1,7,1,226,1470,37,19,96,unit,0.036978221415607984,0.6355240549828178,,,263,1489
405,405,5,1,26,1,7,2,271,1470,50,19,96,band,0.04476709013914096,0.6355240549828178,,,321,1489
406,406,5,1,26,1,7,3,331,1470,55,23,96,being,0.05421960072595281,0.6363831615120275,,,386,1493
407,407,5,1,26,1,7,4,395,1470,112,19,96,associated,0.06820931639443437,0.6355240549828178,,,507,1489
408,408,5,1,26,1,7,5,515,1470,41,19,96,with,0.080989110707804,0.6355240549828178,,,556,1489
409,409,5,1,26,1,7,6,566,1475,11,14,96,a,0.08643375680580763,0.6365979381443299,,,577,1489
410,410,5,1,26,1,7,7,585,1470,92,19,96,downlink,0.0954325468844525,0.6355240549828178,,,677,1489
411,411,5,1,26,1,7,8,685,1470,69,19,96,control,0.1088173018753781,0.6355240549828178,,,754,1489
412,412,5,1,26,1,7,9,764,1470,76,19,95,channel,0.12129461584996976,0.6355240549828178,,,840,1489
413,413,5,1,26,1,7,10,843,1470,27,19,91,in,0.1295372050816697,0.6355240549828178,,,870,1489
414,414,5,1,26,1,7,11,879,1475,11,14,91,a,0.1337719298245614,0.6365979381443299,,,890,1489
415,415,5,1,26,1,7,12,900,1470,53,19,96,basic,0.14012401693889898,0.6355240549828178,,,953,1489
416,416,5,1,26,1,7,13,962,1470,37,19,96,unit,0.1482909860859044,0.6355240549828178,,,999,1489
417,417,5,1,26,1,7,14,1008,1470,49,19,96,band,0.15615547489413187,0.6355240549828178,,,1057,1489
418,418,5,1,26,1,7,15,1066,1470,39,19,96,that,0.16417120387174833,0.6355240549828178,,,1105,1489
419,419,5,1,26,1,7,16,1114,1470,15,19,96,is,0.16961584996975196,0.6355240549828178,,,1129,1489
420,420,5,1,26,1,7,17,1137,1475,11,14,96,a,0.17279189352692076,0.6365979381443299,,,1148,1489
421,421,5,1,26,1,7,18,1156,1470,93,19,96,downlink,0.18186630369026013,0.6355240549828178,,,1249,1489
422,422,5,1,26,1,7,19,1257,1470,37,19,96,unit,0.1929068360556564,0.6355240549828178,,,1294,1489
423,423,5,1,26,1,7,20,1302,1470,50,19,96,band,0.20069570477918935,0.6355240549828178,,,1352,1489
424,424,5,1,26,1,7,21,1362,1470,16,19,95,in,0.2071990320629159,0.6355240549828178,,,1378,1489
425,425,5,1,26,1,7,22,1386,1470,60,19,95,which,0.21415607985480944,0.6355240549828178,,,1446,1489
426,426,5,1,26,1,7,23,1454,1475,12,14,96,a,0.220810647307925,0.6365979381443299,,,1466,1489
427,427,4,1,26,1,8,0,226,1503,1240,23,-1,,0.1279491833030853,0.6505584192439863,,,1466,1526
428,428,5,1,26,1,8,1,226,1503,103,18,96,broadcast,0.04196914700544464,0.6494845360824743,,,329,1521
429,429,5,1,26,1,8,2,334,1503,77,18,95,channel,0.05633696309739867,0.6494845360824743,,,411,1521
430,430,5,1,26,1,8,3,413,1503,64,23,96,signal,0.06730187537810042,0.6505584192439863,,,477,1526
431,431,5,1,26,1,8,4,480,1503,100,23,96,including,0.08015728977616456,0.6505584192439863,,,580,1526
432,432,5,1,26,1,8,5,588,1503,102,18,96,information,0.09664246823956443,0.6494845360824743,,,690,1521
433,433,5,1,26,1,8,6,693,1503,93,23,96,relating,0.1118421052631579,0.6505584192439863,,,786,1526
434,434,5,1,26,1,8,7,792,1504,18,17,95,to,0.12114337568058076,0.6496993127147767,,,810,1521
435,435,5,1,26,1,8,8,816,1503,31,18,95,the,0.12575620084694494,0.6494845360824743,,,847,1521
436,436,5,1,26,1,8,9,855,1503,60,23,96,uplink,0.1338475499092559,0.6505584192439863,,,915,1526
437,437,5,1,26,1,8,10,921,1503,37,18,96,unit,0.14209013914095583,0.6494845360824743,,,958,1521
438,438,5,1,26,1,8,11,964,1503,36,18,96,band,0.1485178463399879,0.6494845360824743,,,1000,1521
439,439,5,1,26,1,8,12,1003,1503,33,18,96,is,0.154189352692075,0.6494845360824743,,,1036,1521
440,440,5,1,26,1,8,13,1042,1503,122,22,95,"transmitted,",0.16681790683605566,0.6503436426116839,,,1164,1525
441,441,5,1,26,1,8,14,1170,1503,38,18,96,and,0.17982456140350878,0.6494845360824743,,,1208,1521
442,442,5,1,26,1,8,15,1214,1503,33,18,96,the,0.18610102843315185,0.6494845360824743,,,1247,1521
443,443,5,1,26,1,8,16,1253,1504,64,17,96,control,0.19434361766485178,0.6496993127147767,,,1317,1521
444,444,5,1,26,1,8,17,1320,1503,46,18,96,unit,0.20311554748941318,0.6494845360824743,,,1366,1521
445,445,5,1,26,1,8,18,1371,1503,95,18,90,transmits,0.21453418027828192,0.6494845360824743,,,1466,1521
446,446,4,1,26,1,9,0,225,1536,1240,23,-1,,0.1277979431336963,0.664733676975945,,,1465,1559
447,447,5,1,26,1,9,1,225,1536,31,18,96,the,0.03637326073805203,0.663659793814433,,,256,1554
448,448,5,1,26,1,9,2,264,1536,68,18,96,bundle,0.04506957047791894,0.663659793814433,,,332,1554
449,449,5,1,26,1,9,3,339,1540,83,19,96,response,0.057546884452510584,0.6655927835051546,,,422,1559
450,450,5,1,26,1,9,4,423,1536,74,23,96,signal,0.06957047791893527,0.664733676975945,,,497,1559
451,451,5,1,26,1,9,5,499,1536,63,23,93,using,0.08023290986085904,0.664733676975945,,,562,1559
452,452,5,1,26,1,9,6,569,1540,109,14,89,aresource,0.09429824561403509,0.6645189003436426,,,678,1554
453,453,5,1,26,1,9,7,685,1536,15,18,96,in,0.10473381730187538,0.663659793814433,,,700,1554
454,454,5,1,26,1,9,8,707,1540,24,14,96,an,0.10874168179068361,0.6645189003436426,,,731,1554
455,455,5,1,26,1,9,9,738,1536,100,18,94,additional,0.1191772534785239,0.663659793814433,,,838,1554
456,456,5,1,26,1,9,10,844,1536,65,23,94,region,0.1325620084694495,0.664733676975945,,,909,1559
457,457,5,1,26,1,9,11,915,1536,20,18,96,of,0.13989715668481548,0.663659793814433,,,935,1554
458,458,5,1,26,1,9,12,939,1536,32,18,96,the,0.1444343617664852,0.663659793814433,,,971,1554
459,459,5,1,26,1,9,13,978,1536,60,23,96,uplink,0.15245009074410162,0.664733676975945,,,1038,1559
460,460,5,1,26,1,9,14,1044,1536,69,18,96,control,0.1631125226860254,0.663659793814433,,,1113,1554
461,461,5,1,26,1,9,15,1120,1536,81,18,96,channel,0.17551421657592256,0.663659793814433,,,1201,1554
462,462,5,1,26,1,9,16,1207,1536,43,18,96,when,0.18579854809437388,0.663659793814433,,,1250,1554
463,463,5,1,26,1,9,17,1253,1540,27,14,96,an,0.19154567453115548,0.6645189003436426,,,1280,1554
464,464,5,1,26,1,9,18,1283,1540,57,14,96,error,0.19835148215366002,0.6645189003436426,,,1340,1554
465,465,5,1,26,1,9,19,1343,1536,27,18,96,is,0.20515728977616454,0.663659793814433,,,1370,1554
466,466,5,1,26,1,9,20,1376,1536,89,18,96,detected,0.2148366606170599,0.663659793814433,,,1465,1554
467,467,4,1,26,1,10,0,226,1569,517,23,-1,,0.07327586206896551,0.6789089347079038,,,743,1592
468,468,5,1,26,1,10,1,226,1569,15,18,96,in,0.0353145795523291,0.6778350515463918,,,241,1587
469,469,5,1,26,1,10,2,250,1574,37,13,96,each,0.040607985480943735,0.6789089347079038,,,287,1587
470,470,5,1,26,1,10,3,290,1569,38,18,96,of,0.04673321234119782,0.6778350515463918,,,328,1587
471,471,5,1,26,1,10,4,335,1569,32,18,96,the,0.05308529945553539,0.6778350515463918,,,367,1587
472,472,5,1,26,1,10,5,376,1569,80,23,96,plurality,0.06291591046581972,0.6789089347079038,,,456,1592
473,473,5,1,26,1,10,6,464,1569,20,18,97,of,0.07168784029038112,0.6778350515463918,,,484,1587
474,474,5,1,26,1,10,7,491,1569,67,23,95,pieces,0.07932546884452511,0.6789089347079038,,,558,1592
475,475,5,1,26,1,10,8,566,1569,20,18,96,of,0.08711433756805807,0.6778350515463918,,,586,1587
476,476,5,1,26,1,10,9,593,1569,92,18,96,downlink,0.09664246823956443,0.6778350515463918,,,685,1587
477,477,5,1,26,1,10,10,692,1569,51,18,96,data.,0.10851482153660012,0.6778350515463918,,,743,1587
478,478,2,1,27,0,0,0,829,1631,145,38,-1,,0.13634301270417423,0.7087628865979382,,,974,1669
479,479,3,1,27,1,0,0,829,1631,145,38,-1,,0.13634301270417423,0.7087628865979382,,,974,1669
480,480,4,1,27,1,1,0,829,1631,41,12,-1,,0.12847852389594677,0.7031786941580757,,,870,1643
481,481,5,1,27,1,1,1,829,1631,41,12,0,GaN,0.12847852389594677,0.7031786941580757,,,870,1643
482,482,4,1,27,1,2,0,879,1657,95,12,-1,,0.14012401693889898,0.7143470790378007,,,974,1669
483,483,5,1,27,1,2,1,0,0,1653,2328,0,(Qopii,0.125,0.5,,,1653,2328
484,484,5,1,27,1,2,2,879,1657,95,12,45,UNIT,0.14012401693889898,0.7143470790378007,,,974,1669
485,485,5,1,27,1,2,3,0,0,1653,2328,58,BAND,0.125,0.5,,,1653,2328
486,486,5,1,27,1,2,4,0,0,1653,2328,91,2,0.125,0.5,,,1653,2328
487,487,2,1,28,0,0,0,726,1658,93,11,-1,,0.11683303085299455,0.7145618556701031,,,819,1669
488,488,3,1,28,1,0,0,726,1658,93,11,-1,,0.11683303085299455,0.7145618556701031,,,819,1669
489,489,4,1,28,1,1,0,726,1658,93,11,-1,,0.11683303085299455,0.7145618556701031,,,819,1669
490,490,5,1,28,1,1,1,726,1658,41,11,1,DONNA,0.11290078644888082,0.7145618556701031,,,767,1669
491,491,5,1,28,1,1,2,770,1658,18,9,5,UACT,0.11781609195402298,0.7141323024054983,,,788,1667
492,492,5,1,28,1,1,3,791,1658,22,11,80,BAND,0.12129461584996976,0.7145618556701031,,,813,1669
493,493,5,1,28,1,1,4,816,1658,3,9,50,7,0.1236388384754991,0.7141323024054983,,,819,1667
494,494,2,1,29,0,0,0,1002,1919,4,191,-1,,0.15184513006654568,0.8653350515463918,,,1006,2110
495,495,3,1,29,1,0,0,1002,1919,4,191,-1,,0.15184513006654568,0.8653350515463918,,,1006,2110
496,496,4,1,29,1,1,0,1002,1919,4,191,-1,,0.15184513006654568,0.8653350515463918,,,1006,2110
497,497,5,1,29,1,1,1,1002,1919,4,191,95, ,0.15184513006654568,0.8653350515463918,,,1006,2110
498,498,2,1,30,0,0,0,691,1670,333,498,-1,,0.1296884452510587,0.8243127147766323,,,1024,2168
499,499,3,1,30,1,0,0,691,1670,333,498,-1,,0.1296884452510587,0.8243127147766323,,,1024,2168
500,500,4,1,30,1,1,0,691,1670,333,498,-1,,0.1296884452510587,0.8243127147766323,,,1024,2168
501,501,5,1,30,1,1,1,691,1670,333,498,95, ,0.1296884452510587,0.8243127147766323,,,1024,2168
502,502,2,1,31,0,0,0,716,2264,749,23,-1,,0.16492740471869327,0.9774484536082474,,,1465,2287
503,503,3,1,31,1,0,0,716,2264,749,23,-1,,0.16492740471869327,0.9774484536082474,,,1465,2287
504,504,4,1,31,1,1,0,716,2264,749,23,-1,,0.16492740471869327,0.9774484536082474,,,1465,2287
505,505,5,1,31,1,1,1,716,2270,49,12,96,Printed,0.11199334543254688,0.9776632302405498,,,765,2282
506,506,5,1,31,1,1,2,771,2270,15,16,96,by,0.1177404718693285,0.9785223367697594,,,786,2286
507,507,5,1,31,1,1,3,792,2270,45,14,96,"Jouve,",0.12318511796733213,0.9780927835051546,,,837,2284
508,508,5,1,31,1,1,4,843,2270,41,12,96,75001,0.13059588626739263,0.9776632302405498,,,884,2282
509,509,5,1,31,1,1,5,893,2270,46,12,96,PARIS,0.1385359951603146,0.9776632302405498,,,939,2282
510,510,5,1,31,1,1,6,945,2270,30,16,96,(FR),0.14519056261343014,0.9785223367697594,,,975,2286
511,511,5,1,31,1,1,7,1273,2264,67,23,96,(Cont.,0.19759528130671505,0.9774484536082474,,,1340,2287
512,512,5,1,31,1,1,8,1350,2265,46,17,95,next,0.20765275257108287,0.9765893470790378,,,1396,2282
513,513,5,1,31,1,1,9,1405,2264,60,23,96,page),0.21702964307320025,0.9774484536082474,,,1465,2287
