,Unnamed: 0,level,page_num,block_num,par_num,line_num,word_num,left,top,width,height,conf,text,x,y,label,target,right,bottom
0,0,1,1,0,0,0,0,0,0,1653,2328,-1,,0.125,0.5,,,1653,2328
1,1,2,1,1,0,0,0,144,1905,31,328,-1,,0.02412280701754386,0.8887457044673539,,,175,2233
2,2,3,1,1,1,0,0,144,1905,31,328,-1,,0.02412280701754386,0.8887457044673539,,,175,2233
3,3,4,1,1,1,1,0,144,1905,31,328,-1,,0.02412280701754386,0.8887457044673539,,,175,2233
4,4,5,1,1,1,1,1,144,2179,30,54,95,EP,0.024047186932849365,0.947594501718213,,,174,2233
5,5,5,1,1,1,1,2,144,2142,31,21,95,3,0.02412280701754386,0.9246134020618557,,,175,2163
6,6,5,1,1,1,1,3,144,2056,31,70,94,400,0.02412280701754386,0.8981958762886598,,,175,2126
7,7,5,1,1,1,1,4,144,1969,31,71,93,928,0.02412280701754386,0.8610395189003437,,,175,2040
8,8,5,1,1,1,1,5,144,1905,30,50,90,A1,0.024047186932849365,0.8290378006872853,,,174,1955
9,9,2,1,2,0,0,0,429,153,88,28,-1,,0.07153660012099214,0.07173539518900343,,,517,181
10,10,3,1,2,1,0,0,429,153,88,28,-1,,0.07153660012099214,0.07173539518900343,,,517,181
11,11,4,1,2,1,1,0,429,153,88,16,-1,,0.07153660012099214,0.06915807560137457,,,517,169
12,12,5,1,2,1,1,1,429,153,88,16,84,Europaisches,0.07153660012099214,0.06915807560137457,,,517,169
13,13,4,1,2,1,2,0,429,170,71,11,-1,,0.07025105868118572,0.07538659793814433,,,500,181
14,14,5,1,2,1,2,1,429,170,71,11,96,Patentamt,0.07025105868118572,0.07538659793814433,,,500,181
15,15,2,1,3,0,0,0,429,196,89,28,-1,,0.07161222020568662,0.09020618556701031,,,518,224
16,16,3,1,3,1,0,0,429,196,89,28,-1,,0.07161222020568662,0.09020618556701031,,,518,224
17,17,4,1,3,1,1,0,429,196,63,15,-1,,0.06964609800362977,0.08741408934707903,,,492,211
18,18,5,1,3,1,1,1,429,196,63,15,95,European,0.06964609800362977,0.08741408934707903,,,492,211
19,19,4,1,3,1,2,0,429,212,89,12,-1,,0.07161222020568662,0.0936426116838488,,,518,224
20,20,5,1,3,1,2,1,429,213,43,11,96,Patent,0.06813369630973987,0.0938573883161512,,,472,224
21,21,5,1,3,1,2,2,478,212,40,12,90,Office,0.07531760435571688,0.0936426116838488,,,518,224
22,22,2,1,4,0,0,0,429,239,109,28,-1,,0.07312462189957653,0.10867697594501718,,,538,267
23,23,3,1,4,1,0,0,429,239,109,28,-1,,0.07312462189957653,0.10867697594501718,,,538,267
24,24,4,1,4,1,1,0,429,239,109,15,-1,,0.07312462189957653,0.10588487972508591,,,538,254
25,25,5,1,4,1,1,1,429,239,40,12,93,Office,0.06790683605565638,0.1052405498281787,,,469,251
26,26,5,1,4,1,1,2,474,239,64,15,93,europ√©en,0.0765275257108288,0.10588487972508591,,,538,254
27,27,4,1,4,1,2,0,429,255,77,12,-1,,0.0707047791893527,0.11211340206185567,,,506,267
28,28,5,1,4,1,2,1,429,255,22,12,95,des,0.06654567453115548,0.11211340206185567,,,451,267
29,29,5,1,4,1,2,2,457,255,49,12,82,brevets,0.07282214156079855,0.11211340206185567,,,506,267
30,30,2,1,5,0,0,0,281,136,274,150,-1,,0.06321839080459771,0.09063573883161512,,,555,286
31,31,3,1,5,1,0,0,281,136,274,150,-1,,0.06321839080459771,0.09063573883161512,,,555,286
32,32,4,1,5,1,1,0,281,136,274,150,-1,,0.06321839080459771,0.09063573883161512,,,555,286
33,33,5,1,5,1,1,1,281,136,274,150,95, ,0.06321839080459771,0.09063573883161512,,,555,286
34,34,2,1,6,0,0,0,225,324,45,26,-1,,0.037431941923774956,0.14475945017182132,,,270,350
35,35,3,1,6,1,0,0,225,324,45,26,-1,,0.037431941923774956,0.14475945017182132,,,270,350
36,36,4,1,6,1,1,0,225,324,45,26,-1,,0.037431941923774956,0.14475945017182132,,,270,350
37,37,5,1,6,1,1,1,225,324,45,26,96,(12),0.037431941923774956,0.14475945017182132,,,270,350
38,38,2,1,7,0,0,0,225,395,378,53,-1,,0.06261343012704174,0.18105670103092783,,,603,448
39,39,3,1,7,1,0,0,225,395,378,53,-1,,0.06261343012704174,0.18105670103092783,,,603,448
40,40,4,1,7,1,1,0,225,395,262,26,-1,,0.05384150030248034,0.17525773195876287,,,487,421
41,41,5,1,7,1,1,1,225,395,45,26,95,(43),0.037431941923774956,0.17525773195876287,,,270,421
42,42,5,1,7,1,1,2,286,397,48,18,95,Date,0.04688445251058681,0.17439862542955326,,,334,415
43,43,5,1,7,1,1,3,342,397,20,18,96,of,0.05323653962492438,0.17439862542955326,,,362,415
44,44,5,1,7,1,1,4,370,397,117,23,96,publication:,0.0648064125831821,0.17547250859106528,,,487,420
45,45,4,1,7,1,2,0,287,430,316,18,-1,,0.06730187537810042,0.18857388316151202,,,603,448
46,46,5,1,7,1,2,1,287,430,116,18,95,14.11.2018,0.052177858439201454,0.18857388316151202,publication_date,14.11.2018,403,448
47,47,5,1,7,1,2,2,426,430,84,18,95,Bulletin,0.07078039927404718,0.18857388316151202,,,510,448
48,48,5,1,7,1,2,3,519,430,84,18,96,2018/46,0.08484573502722323,0.18857388316151202,,,603,448
49,49,2,1,8,0,0,0,225,493,400,26,-1,,0.06427707199032062,0.21735395189003437,,,625,519
50,50,3,1,8,1,0,0,225,493,400,26,-1,,0.06427707199032062,0.21735395189003437,,,625,519
51,51,4,1,8,1,1,0,225,493,400,26,-1,,0.06427707199032062,0.21735395189003437,,,625,519
52,52,5,1,8,1,1,1,225,493,45,26,95,(21),0.037431941923774956,0.21735395189003437,,,270,519
53,53,5,1,8,1,1,2,285,495,115,23,96,Application,0.051799758015728975,0.21756872852233677,,,400,518
54,54,5,1,8,1,1,3,410,495,83,18,93,number:,0.06828493647912885,0.21649484536082475,,,493,513
55,55,5,1,8,1,1,4,505,495,120,18,88,18181874.1,0.08545069570477919,0.21649484536082475,application_number,18181874.1,625,513
56,56,2,1,9,0,0,0,225,559,325,26,-1,,0.05860556563823351,0.24570446735395188,,,550,585
57,57,3,1,9,1,0,0,225,559,325,26,-1,,0.05860556563823351,0.24570446735395188,,,550,585
58,58,4,1,9,1,1,0,225,559,325,26,-1,,0.05860556563823351,0.24570446735395188,,,550,585
59,59,5,1,9,1,1,1,225,559,45,26,96,(22),0.037431941923774956,0.24570446735395188,,,270,585
60,60,5,1,9,1,1,2,286,561,48,18,96,Date,0.04688445251058681,0.24484536082474226,,,334,579
61,61,5,1,9,1,1,3,342,566,12,13,96,of,0.05263157894736842,0.24591924398625428,,,354,579
62,62,5,1,9,1,1,4,355,561,67,23,96,filing:,0.058756805807622506,0.24591924398625428,,,422,584
63,63,5,1,9,1,1,5,432,561,118,18,96,21.12.2012,0.07425892316999395,0.24484536082474226,filing_date,21.12.2012,550,579
64,64,2,1,10,0,0,0,1002,245,458,38,-1,,0.18617664851784635,0.1134020618556701,,,1460,283
65,65,3,1,10,1,0,0,1002,245,458,38,-1,,0.18617664851784635,0.1134020618556701,,,1460,283
66,66,4,1,10,1,1,0,1002,245,458,38,-1,,0.18617664851784635,0.1134020618556701,,,1460,283
67,67,5,1,10,1,1,1,1002,256,44,27,74,(11),0.15486993345432548,0.11576460481099657,,,1046,283
68,68,5,1,10,1,1,2,1146,245,52,32,94,EP,0.17725347852389595,0.11211340206185567,number,EP,1198,277
69,69,5,1,10,1,1,3,1214,245,20,32,93,3,0.1851179673321234,0.11211340206185567,number,3,1234,277
70,70,5,1,10,1,1,4,1248,245,68,32,93,400,0.1938898971566848,0.11211340206185567,number,400,1316,277
71,71,5,1,10,1,1,5,1331,245,68,32,93,928,0.20644283121597096,0.11211340206185567,number,928,1399,277
72,72,5,1,10,1,1,6,1413,245,47,32,89,A1,0.21725650332728372,0.11211340206185567,number,A1,1460,277
73,73,2,1,11,0,0,0,577,319,537,26,-1,,0.1278735632183908,0.14261168384879724,,,1114,345
74,74,3,1,11,1,0,0,577,319,537,26,-1,,0.1278735632183908,0.14261168384879724,,,1114,345
75,75,4,1,11,1,1,0,577,319,537,26,-1,,0.1278735632183908,0.14261168384879724,,,1114,345
76,76,5,1,11,1,1,1,577,319,156,26,95,EUROPEAN,0.09906231094978826,0.14261168384879724,,,733,345
77,77,5,1,11,1,1,2,735,320,135,24,95,PATENT,0.12137023593466424,0.14261168384879724,,,870,344
78,78,5,1,11,1,1,3,873,319,241,26,96,APPLICATION,0.1502571082879613,0.14261168384879724,,,1114,345
79,79,2,1,12,0,0,0,862,395,242,51,-1,,0.14866908650937688,0.18062714776632302,,,1104,446
80,80,3,1,12,1,0,0,862,395,242,51,-1,,0.14866908650937688,0.18062714776632302,,,1104,446
81,81,4,1,12,1,1,0,862,395,126,26,-1,,0.13989715668481548,0.17525773195876287,,,988,421
82,82,5,1,12,1,1,1,862,395,44,26,67,(51),0.1336963097398669,0.17525773195876287,,,906,421
83,83,5,1,12,1,1,2,923,397,25,18,93,Int,0.1414851784633999,0.17439862542955326,,,948,415
84,84,5,1,12,1,1,3,955,397,33,18,65,Cl:,0.14692982456140352,0.17439862542955326,,,988,415
85,85,4,1,12,1,2,0,921,425,183,21,-1,,0.1531306715063521,0.1870704467353952,,,1104,446
86,86,5,1,12,1,2,1,921,428,58,18,42,A61J,0.14367816091954022,0.1877147766323024,class_international,A61J,979,446
87,87,5,1,12,1,2,2,987,428,45,18,86,7/00,0.15267695099818512,0.1877147766323024,class_international,7/00,1032,446
88,88,5,1,12,1,2,3,1036,425,68,16,80,(2006.01),0.161826981246219,0.18599656357388317,,,1104,441
89,89,2,1,13,0,0,0,224,613,1243,4,-1,,0.1278735632183908,0.26417525773195877,,,1467,617
90,90,3,1,13,1,0,0,224,613,1243,4,-1,,0.1278735632183908,0.26417525773195877,,,1467,617
91,91,4,1,13,1,1,0,224,613,1243,4,-1,,0.1278735632183908,0.26417525773195877,,,1467,617
92,92,5,1,13,1,1,1,224,613,1243,4,95, ,0.1278735632183908,0.26417525773195877,,,1467,617
93,93,2,1,14,0,0,0,225,631,599,119,-1,,0.07932546884452511,0.296606529209622,,,824,750
94,94,3,1,14,1,0,0,225,631,599,119,-1,,0.07932546884452511,0.296606529209622,,,824,750
95,95,4,1,14,1,1,0,225,631,388,27,-1,,0.0633696309739867,0.2768470790378007,,,613,658
96,96,5,1,14,1,1,1,225,631,45,27,96,(84),0.037431941923774956,0.2768470790378007,,,270,658
97,97,5,1,14,1,1,2,286,633,118,23,96,Designated,0.052177858439201454,0.2768470790378007,,,404,656
98,98,5,1,14,1,1,3,413,633,119,23,96,Contracting,0.07146098003629764,0.2768470790378007,,,532,656
99,99,5,1,14,1,1,4,542,633,71,19,96,States:,0.08734119782214156,0.2759879725085911,,,613,652
100,100,4,1,14,1,2,0,285,666,537,18,-1,,0.08371143375680581,0.28994845360824745,,,822,684
101,101,5,1,14,1,2,1,285,666,31,18,94,AL,0.04544767090139141,0.28994845360824745,,,316,684
102,102,5,1,14,1,2,2,323,666,31,18,94,AT,0.05119479733817302,0.28994845360824745,,,354,684
103,103,5,1,14,1,2,3,363,666,30,18,96,BE,0.05716878402903811,0.28994845360824745,,,393,684
104,104,5,1,14,1,2,4,403,666,32,18,96,BG,0.0633696309739867,0.28994845360824745,,,435,684
105,105,5,1,14,1,2,5,445,666,31,18,96,CH,0.06964609800362977,0.28994845360824745,,,476,684
106,106,5,1,14,1,2,6,486,666,32,18,95,CY,0.07592256503327284,0.28994845360824745,,,518,684
107,107,5,1,14,1,2,7,526,666,30,18,93,CZ,0.08182093163944344,0.28994845360824745,,,556,684
108,108,5,1,14,1,2,8,565,666,30,18,93,DE,0.08771929824561403,0.28994845360824745,,,595,684
109,109,5,1,14,1,2,9,605,666,32,18,95,DK,0.09392014519056262,0.28994845360824745,,,637,684
110,110,5,1,14,1,2,10,646,666,29,18,95,EE,0.0998941318814277,0.28994845360824745,,,675,684
111,111,5,1,14,1,2,11,684,666,29,18,93,ES,0.10564125831820932,0.28994845360824745,,,713,684
112,112,5,1,14,1,2,12,723,666,57,18,90,FIFR,0.11365698729582577,0.28994845360824745,,,780,684
113,113,5,1,14,1,2,13,788,666,34,18,95,GB,0.12174833635813673,0.28994845360824745,,,822,684
114,114,4,1,14,1,3,0,285,699,539,18,-1,,0.0838626739261948,0.30412371134020616,,,824,717
115,115,5,1,14,1,3,1,285,699,297,18,83,GRHRHUIEISITLILTLU,0.06556261343012704,0.30412371134020616,,,582,717
116,116,5,1,14,1,3,2,591,699,28,18,85,LV,0.09150030248033877,0.30412371134020616,,,619,717
117,117,5,1,14,1,3,3,627,699,35,18,85,MC,0.09747428917120388,0.30412371134020616,,,662,717
118,118,5,1,14,1,3,4,670,699,35,18,94,MK,0.10397761645493044,0.30412371134020616,,,705,717
119,119,5,1,14,1,3,5,713,699,32,18,91,MT,0.11025408348457351,0.30412371134020616,,,745,717
120,120,5,1,14,1,3,6,753,699,29,18,49,NL,0.11607683000604961,0.30412371134020616,,,782,717
121,121,5,1,14,1,3,7,791,699,33,18,49,NO,0.1221264367816092,0.30412371134020616,,,824,717
122,122,4,1,14,1,4,0,286,732,336,18,-1,,0.06866303690260134,0.31829896907216493,,,622,750
123,123,5,1,14,1,4,1,286,732,28,18,93,PL,0.045372050816696916,0.31829896907216493,,,314,750
124,124,5,1,14,1,4,2,323,732,29,18,92,PT,0.05104355716878403,0.31829896907216493,,,352,750
125,125,5,1,14,1,4,3,360,732,58,18,92,RORS,0.058832425892317,0.31829896907216493,,,418,750
126,126,5,1,14,1,4,4,420,732,52,18,92,SE,0.06745311554748941,0.31829896907216493,,,472,750
127,127,5,1,14,1,4,5,480,732,20,18,95,SI,0.07410768300060495,0.31829896907216493,,,500,750
128,128,5,1,14,1,4,6,510,732,31,18,93,SK,0.0794767090139141,0.31829896907216493,,,541,750
129,129,5,1,14,1,4,7,550,732,72,18,90,SMTR,0.08862673926194797,0.31829896907216493,,,622,750
130,130,2,1,15,0,0,0,225,795,519,217,-1,,0.07327586206896551,0.38810137457044674,,,744,1012
131,131,3,1,15,1,0,0,225,795,519,217,-1,,0.07327586206896551,0.38810137457044674,,,744,1012
132,132,4,1,15,1,1,0,225,795,513,27,-1,,0.07282214156079855,0.3472938144329897,,,738,822
133,133,5,1,15,1,1,1,225,795,45,27,96,(30),0.037431941923774956,0.3472938144329897,,,270,822
134,134,5,1,15,1,1,2,286,797,77,23,95,Priority:,0.04907743496672716,0.3472938144329897,,,363,820
135,135,5,1,15,1,1,3,383,797,116,19,95,21.12.2011,0.06669691470054447,0.34643470790378006,priority_date_eu,21.12.2011,499,816
136,136,5,1,15,1,1,4,520,797,30,19,95,US,0.0809134906231095,0.34643470790378006,,,550,816
137,137,5,1,15,1,1,5,559,797,157,19,93,201161578649,0.09641560798548095,0.34643470790378006,,,716,816
138,138,5,1,15,1,1,6,725,797,13,19,93,P,0.11063218390804598,0.34643470790378006,,,738,816
139,139,4,1,15,1,2,0,383,830,355,18,-1,,0.08477011494252873,0.3603951890034364,,,738,848
140,140,5,1,15,1,2,1,383,830,116,18,89,21.12.2011,0.06669691470054447,0.3603951890034364,,,499,848
141,141,5,1,15,1,2,2,520,830,30,18,89,US,0.0809134906231095,0.3603951890034364,,,550,848
142,142,5,1,15,1,2,3,559,830,157,18,93,201161578658,0.09641560798548095,0.3603951890034364,,,716,848
143,143,5,1,15,1,2,4,725,830,13,18,92,P,0.11063218390804598,0.3603951890034364,,,738,848
144,144,4,1,15,1,3,0,383,863,355,18,-1,,0.08477011494252873,0.3745704467353952,,,738,881
145,145,5,1,15,1,3,1,383,863,116,18,90,21.12.2011,0.06669691470054447,0.3745704467353952,,,499,881
146,146,5,1,15,1,3,2,520,863,30,18,90,US,0.0809134906231095,0.3745704467353952,,,550,881
147,147,5,1,15,1,3,3,559,863,158,18,93,201161578674,0.09649122807017543,0.3745704467353952,,,717,881
148,148,5,1,15,1,3,4,725,863,13,18,93,P,0.11063218390804598,0.3745704467353952,,,738,881
149,149,4,1,15,1,4,0,383,895,334,19,-1,,0.08318209316394434,0.38853092783505155,,,717,914
150,150,5,1,15,1,4,1,383,895,116,19,44,21.12.2011,0.06669691470054447,0.38853092783505155,,,499,914
151,151,5,1,15,1,4,2,520,895,30,19,79,US,0.0809134906231095,0.38853092783505155,,,550,914
152,152,5,1,15,1,4,3,559,895,158,19,96,201113333574,0.09649122807017543,0.38853092783505155,,,717,914
153,153,4,1,15,1,5,0,383,929,361,18,-1,,0.0852238354506957,0.4029209621993127,,,744,947
154,154,5,1,15,1,5,1,383,929,116,18,84,21.12.2011,0.06669691470054447,0.4029209621993127,,,499,947
155,155,5,1,15,1,5,2,520,929,224,18,84,PCT/US2011/066588,0.0955837870538415,0.4029209621993127,,,744,947
156,156,4,1,15,1,6,0,383,961,355,19,-1,,0.08477011494252873,0.4168814432989691,,,738,980
157,157,5,1,15,1,6,1,383,961,118,19,72,24.05.2012,0.06684815486993345,0.4168814432989691,,,501,980
158,158,5,1,15,1,6,2,520,961,30,19,95,US,0.0809134906231095,0.4168814432989691,,,550,980
159,159,5,1,15,1,6,3,559,961,157,19,92,201261651322,0.09641560798548095,0.4168814432989691,,,716,980
160,160,5,1,15,1,6,4,725,961,13,19,91,P,0.11063218390804598,0.4168814432989691,,,738,980
161,161,4,1,15,1,7,0,383,994,355,18,-1,,0.08477011494252873,0.43084192439862545,,,738,1012
162,162,5,1,15,1,7,1,383,994,118,18,96,03.08.2012,0.06684815486993345,0.43084192439862545,,,501,1012
163,163,5,1,15,1,7,2,520,994,30,18,95,US,0.0809134906231095,0.43084192439862545,,,550,1012
164,164,5,1,15,1,7,3,559,994,157,18,93,201261679117,0.09641560798548095,0.43084192439862545,,,716,1012
165,165,5,1,15,1,7,4,725,994,13,18,90,P,0.11063218390804598,0.43084192439862545,,,738,1012
166,166,2,1,16,0,0,0,225,1057,596,152,-1,,0.07909860859044163,0.48668384879725085,,,821,1209
167,167,3,1,16,1,0,0,225,1057,596,152,-1,,0.07909860859044163,0.48668384879725085,,,821,1209
168,168,4,1,16,1,1,0,225,1057,596,27,-1,,0.07909860859044163,0.45983676975945015,,,821,1084
169,169,5,1,16,1,1,1,225,1057,45,27,96,(62),0.037431941923774956,0.45983676975945015,,,270,1084
170,170,5,1,16,1,1,2,286,1059,107,19,96,Document,0.05134603750756201,0.45897766323024053,,,393,1078
171,171,5,1,16,1,1,3,402,1059,105,23,96,number(s),0.06873865698729582,0.45983676975945015,,,507,1082
172,172,5,1,16,1,1,4,516,1059,20,19,96,of,0.07955232909860858,0.45897766323024053,,,536,1078
173,173,5,1,16,1,1,5,542,1059,32,19,96,the,0.08439201451905626,0.45897766323024053,,,574,1078
174,174,5,1,16,1,1,6,583,1059,65,19,95,earlier,0.09308832425892317,0.45897766323024053,,,648,1078
175,175,5,1,16,1,1,7,655,1059,140,23,95,application(s),0.10964912280701754,0.45983676975945015,,,795,1082
176,176,5,1,16,1,1,8,805,1059,16,19,96,in,0.12295825771324864,0.45897766323024053,,,821,1078
177,177,4,1,16,1,2,0,286,1092,308,18,-1,,0.06654567453115548,0.4729381443298969,,,594,1110
178,178,5,1,16,1,2,1,286,1092,121,18,96,accordance,0.05240471869328494,0.4729381443298969,,,407,1110
179,179,5,1,16,1,2,2,415,1092,40,18,96,with,0.06578947368421052,0.4729381443298969,,,455,1110
180,180,5,1,16,1,2,3,464,1092,35,18,94,Art.,0.07282214156079855,0.4729381443298969,,,499,1110
181,181,5,1,16,1,2,4,508,1092,25,18,94,76,0.07872050816696914,0.4729381443298969,,,533,1110
182,182,5,1,16,1,2,5,542,1092,52,18,96,EPC:,0.08590441621294616,0.4729381443298969,,,594,1110
183,183,4,1,16,1,3,0,286,1125,250,19,-1,,0.06215970961887477,0.48732817869415807,,,536,1144
184,184,5,1,16,1,3,1,286,1125,125,19,75,16167576.4,0.05270719903206292,0.48732817869415807,,,411,1144
185,185,5,1,16,1,3,2,417,1125,7,19,75,/,0.06359649122807018,0.48732817869415807,,,424,1144
186,186,5,1,16,1,3,3,432,1125,11,19,80,3,0.066167574107683,0.48732817869415807,,,443,1144
187,187,5,1,16,1,3,4,452,1125,34,19,80,081,0.07093163944343618,0.48732817869415807,,,486,1144
188,188,5,1,16,1,3,5,498,1125,38,19,94,205,0.07819116757410768,0.48732817869415807,,,536,1144
189,189,4,1,16,1,4,0,287,1158,249,18,-1,,0.06223532970356927,0.5012886597938144,,,536,1176
190,190,5,1,16,1,4,1,287,1158,123,18,30,15192051.9,0.05270719903206292,0.5012886597938144,,,410,1176
191,191,5,1,16,1,4,2,417,1158,7,18,30,/,0.06359649122807018,0.5012886597938144,,,424,1176
192,192,5,1,16,1,4,3,432,1158,11,18,93,3,0.066167574107683,0.5012886597938144,,,443,1176
193,193,5,1,16,1,4,4,452,1158,37,18,93,006,0.07115849969751967,0.5012886597938144,,,489,1176
194,194,5,1,16,1,4,5,498,1158,38,18,95,010,0.07819116757410768,0.5012886597938144,,,536,1176
195,195,4,1,16,1,5,0,286,1191,250,18,-1,,0.06215970961887477,0.5154639175257731,,,536,1209
196,196,5,1,16,1,5,1,286,1191,124,18,82,12826640.0,0.05263157894736842,0.5154639175257731,,,410,1209
197,197,5,1,16,1,5,2,417,1191,7,18,82,/,0.06359649122807018,0.5154639175257731,,,424,1209
198,198,5,1,16,1,5,3,432,1191,11,18,94,2,0.066167574107683,0.5154639175257731,,,443,1209
199,199,5,1,16,1,5,4,451,1191,38,18,94,793,0.07108287961282517,0.5154639175257731,,,489,1209
200,200,5,1,16,1,5,5,498,1191,38,18,96,977,0.07819116757410768,0.5154639175257731,,,536,1209
201,201,2,1,17,0,0,0,225,1254,578,58,-1,,0.07773744706594071,0.5511168384879725,,,803,1312
202,202,3,1,17,1,0,0,225,1254,578,58,-1,,0.07773744706594071,0.5511168384879725,,,803,1312
203,203,4,1,17,1,1,0,225,1254,578,27,-1,,0.07773744706594071,0.5444587628865979,,,803,1281
204,204,5,1,17,1,1,1,225,1254,45,27,96,(71),0.037431941923774956,0.5444587628865979,,,270,1281
205,205,5,1,17,1,1,2,285,1256,103,23,93,Applicant:,0.05089231699939504,0.5444587628865979,,,388,1279
206,206,5,1,17,1,1,3,397,1256,66,19,91,DEKA,0.06503327283726558,0.5435996563573883,applicant_line_1,DEKA,463,1275
207,207,5,1,17,1,1,4,472,1256,101,19,96,Products,0.07902298850574713,0.5435996563573883,applicant_line_1,Products,573,1275
208,208,5,1,17,1,1,5,582,1256,82,19,96,Limited,0.09422262552934059,0.5435996563573883,applicant_line_1,Limited,664,1275
209,209,5,1,17,1,1,6,674,1256,129,23,96,Partnership,0.11169086509376891,0.5444587628865979,applicant_line_1,Partnership,803,1279
210,210,4,1,17,1,2,0,286,1289,306,23,-1,,0.06639443436176648,0.5586340206185567,,,592,1312
211,211,5,1,17,1,2,1,286,1289,137,22,96,"Manchester,",0.053614640048396854,0.5584192439862543,,,423,1311
212,212,5,1,17,1,2,2,432,1289,31,18,96,NH,0.0676799758015729,0.5575601374570447,,,463,1307
213,213,5,1,17,1,2,3,473,1289,61,18,96,03101,0.07614942528735633,0.5575601374570447,,,534,1307
214,214,5,1,17,1,2,4,545,1289,47,23,96,(US),0.08598003629764066,0.5586340206185567,,,592,1312
215,215,2,1,18,0,0,0,225,1353,471,156,-1,,0.06964609800362977,0.6146907216494846,,,696,1509
216,216,3,1,18,1,0,0,225,1353,471,156,-1,,0.06964609800362977,0.6146907216494846,,,696,1509
217,217,4,1,18,1,1,0,225,1353,163,26,-1,,0.046355111917725345,0.5867697594501718,,,388,1379
218,218,5,1,18,1,1,1,225,1353,45,26,96,(72),0.037431941923774956,0.5867697594501718,,,270,1379
219,219,5,1,18,1,1,2,287,1355,101,18,96,Inventors:,0.05104355716878403,0.5859106529209622,,,388,1373
220,220,4,1,18,1,2,0,262,1388,180,21,-1,,0.05323653962492438,0.6007302405498282,,,442,1409
221,221,5,1,18,1,2,1,262,1393,7,8,52,*,0.04015426497277677,0.6000859106529209,,,269,1401
222,222,5,1,18,1,2,2,286,1388,84,18,96,"KAMEN,",0.049606775559588624,0.6000859106529209,inventor_line_1,"KAMEN,",370,1406
223,223,5,1,18,1,2,3,374,1388,68,21,96,Dean,0.06170598911070781,0.6007302405498282,inventor_line_1,Dean,442,1409
224,224,4,1,18,1,3,0,286,1420,410,23,-1,,0.07425892316999395,0.614905498281787,,,696,1443
225,225,5,1,18,1,3,1,286,1420,95,22,96,"Bedford,",0.05043859649122807,0.6146907216494846,,,381,1442
226,226,5,1,18,1,3,2,391,1420,47,19,96,New,0.06268905021173624,0.6140463917525774,,,438,1439
227,227,5,1,18,1,3,3,447,1420,120,23,95,Hampshire,0.07667876588021778,0.614905498281787,,,567,1443
228,228,5,1,18,1,3,4,576,1420,65,19,95,03110,0.09202964307320025,0.6140463917525774,,,641,1439
229,229,5,1,18,1,3,5,649,1420,47,23,96,(US),0.10170901391409558,0.614905498281787,,,696,1443
230,230,4,1,18,1,4,0,262,1453,184,22,-1,,0.05353901996370236,0.6288659793814433,,,446,1475
231,231,5,1,18,1,4,1,262,1458,7,8,44,+,0.04015426497277677,0.6280068728522337,,,269,1466
232,232,5,1,18,1,4,2,286,1453,83,22,92,"PERET,",0.04953115547489413,0.6288659793814433,,,369,1475
233,233,5,1,18,1,4,3,379,1453,44,18,91,Bob,0.06064730792498488,0.6280068728522337,,,423,1471
234,234,5,1,18,1,4,4,432,1453,14,18,91,D,0.06639443436176648,0.6280068728522337,,,446,1471
235,235,4,1,18,1,5,0,286,1486,410,23,-1,,0.07425892316999395,0.6432560137457045,,,696,1509
236,236,5,1,18,1,5,1,286,1486,95,21,95,"Bedford,",0.05043859649122807,0.6428264604810997,,,381,1507
237,237,5,1,18,1,5,2,391,1486,47,18,96,New,0.06268905021173624,0.6421821305841925,,,438,1504
238,238,5,1,18,1,5,3,447,1486,120,23,96,Hampshire,0.07667876588021778,0.6432560137457045,,,567,1509
239,239,5,1,18,1,5,4,576,1486,65,18,96,03110,0.09202964307320025,0.6421821305841925,,,641,1504
240,240,5,1,18,1,5,5,649,1486,47,23,96,(US),0.10170901391409558,0.6432560137457045,,,696,1509
241,241,2,1,19,0,0,0,844,614,4,959,-1,,0.1279491833030853,0.4697164948453608,,,848,1573
242,242,3,1,19,1,0,0,844,614,4,959,-1,,0.1279491833030853,0.4697164948453608,,,848,1573
243,243,4,1,19,1,1,0,844,614,4,959,-1,,0.1279491833030853,0.4697164948453608,,,848,1573
244,244,5,1,19,1,1,1,844,614,4,959,95, ,0.1279491833030853,0.4697164948453608,,,848,1573
245,245,2,1,20,0,0,0,898,633,502,581,-1,,0.17377495462794917,0.39669243986254293,,,1400,1214
246,246,3,1,20,1,0,0,898,633,194,23,-1,,0.15048396854204477,0.2768470790378007,,,1092,656
247,247,4,1,20,1,1,0,898,633,194,23,-1,,0.15048396854204477,0.2768470790378007,,,1092,656
248,248,5,1,20,1,1,1,898,639,7,7,27,¬´,0.13634301270417423,0.2759879725085911,,,905,646
249,249,5,1,20,1,1,2,923,633,71,23,96,"KANE,",0.14496370235934664,0.2768470790378007,,,994,656
250,250,5,1,20,1,1,3,1004,633,64,19,91,Derek,0.15668481548699334,0.2759879725085911,,,1068,652
251,251,5,1,20,1,1,4,1075,633,17,19,90,G,0.16386872353297036,0.2759879725085911,,,1092,652
252,252,3,1,20,2,0,0,898,666,476,54,-1,,0.17180883242589232,0.297680412371134,,,1374,720
253,253,4,1,20,2,1,0,923,666,451,23,-1,,0.1736993345432547,0.29102233676975947,,,1374,689
254,254,5,1,20,2,1,1,923,666,136,22,95,"Manchester,",0.1498790078644888,0.29080756013745707,,,1059,688
255,255,5,1,20,2,1,2,1069,666,46,18,96,New,0.16515426497277677,0.28994845360824745,,,1115,684
256,256,5,1,20,2,1,3,1124,666,121,23,95,Hampshire,0.1791439806412583,0.29102233676975947,,,1245,689
257,257,5,1,20,2,1,4,1254,666,65,18,96,03104,0.19457047791893528,0.28994845360824745,,,1319,684
258,258,5,1,20,2,1,5,1327,666,47,23,96,(US),0.2042498487598306,0.29102233676975947,,,1374,689
259,259,4,1,20,2,2,0,898,699,173,21,-1,,0.14889594676346038,0.30476804123711343,,,1071,720
260,260,5,1,20,2,2,1,898,704,7,8,60,¬´,0.13634301270417423,0.30412371134020616,,,905,712
261,261,5,1,20,2,2,2,921,699,58,21,94,"YOO,",0.14367816091954022,0.30476804123711343,,,979,720
262,262,5,1,20,2,2,3,989,699,58,18,88,Brian,0.15396249243799154,0.30412371134020616,,,1047,717
263,263,5,1,20,2,2,4,1057,699,14,18,88,H,0.16091954022988506,0.30412371134020616,,,1071,717
264,264,3,1,20,3,0,0,898,732,460,54,-1,,0.1705989110707804,0.32603092783505155,,,1358,786
265,265,4,1,20,3,1,0,922,732,436,23,-1,,0.1724137931034483,0.31937285223367695,,,1358,755
266,266,5,1,20,3,1,1,922,732,129,23,96,"Cambridge,",0.14919842710223835,0.31937285223367695,,,1051,755
267,267,5,1,20,3,1,2,1061,732,168,18,96,Massachusetts,0.17316999395039323,0.31829896907216493,,,1229,750
268,268,5,1,20,3,1,3,1238,732,64,18,96,02140,0.19207501512401695,0.31829896907216493,,,1302,750
269,269,5,1,20,3,1,4,1311,732,47,23,96,(US),0.20183000604960677,0.31937285223367695,,,1358,755
270,270,4,1,20,3,2,0,898,765,219,21,-1,,0.15237447065940715,0.3331185567010309,,,1117,786
271,271,5,1,20,3,2,1,898,770,7,8,12,¬´,0.13634301270417423,0.3324742268041237,,,905,778
272,272,5,1,20,3,2,2,922,765,97,18,91,"TRACEY,",0.14677858439201452,0.3324742268041237,,,1019,783
273,273,5,1,20,3,2,3,1021,765,71,21,92,Brian,0.15978523895946764,0.3331185567010309,,,1092,786
274,274,5,1,20,3,2,4,1102,765,15,18,92,D,0.1678009679370841,0.3324742268041237,,,1117,783
275,275,3,1,20,4,0,0,898,797,449,55,-1,,0.16976709013914096,0.3541666666666667,,,1347,852
276,276,4,1,20,4,1,0,923,797,424,23,-1,,0.17165759225650332,0.3472938144329897,,,1347,820
277,277,5,1,20,4,1,1,923,797,109,22,96,"Litchfield,",0.14783726557773744,0.3470790378006873,,,1032,819
278,278,5,1,20,4,1,2,1042,797,47,19,96,New,0.16114640048396855,0.34643470790378006,,,1089,816
279,279,5,1,20,4,1,3,1098,797,121,23,96,Hampshire,0.1752117362371446,0.3472938144329897,,,1219,820
280,280,5,1,20,4,1,4,1227,797,65,19,96,03052,0.19048699334543254,0.34643470790378006,,,1292,816
281,281,5,1,20,4,1,5,1300,797,47,23,96,(US),0.20016636418632788,0.3472938144329897,,,1347,820
282,282,4,1,20,4,2,0,898,830,338,22,-1,,0.16137326073805203,0.36125429553264604,,,1236,852
283,283,5,1,20,4,2,1,898,835,7,8,38,¬´,0.13634301270417423,0.3603951890034364,,,905,843
284,284,5,1,20,4,2,2,922,830,193,22,91,"SCHNELLINGER,",0.15403811252268604,0.36125429553264604,,,1115,852
285,285,5,1,20,4,2,3,1123,830,90,18,92,Thomas,0.17664851784633998,0.3603951890034364,,,1213,848
286,286,5,1,20,4,2,4,1222,830,14,18,91,S,0.18587416817906835,0.3603951890034364,,,1236,848
287,287,3,1,20,5,0,0,898,863,502,55,-1,,0.17377495462794917,0.38251718213058417,,,1400,918
288,288,4,1,20,5,1,0,923,863,477,23,-1,,0.17566545674531156,0.3756443298969072,,,1400,886
289,289,5,1,20,5,1,1,923,863,60,18,96,North,0.1441318814277072,0.3745704467353952,,,983,881
290,290,5,1,20,5,1,2,991,863,103,22,96,"Andover,",0.15766787658802178,0.3754295532646048,,,1094,885
291,291,5,1,20,5,1,3,1103,863,168,18,96,Massachusetts,0.1795220810647308,0.3745704467353952,,,1271,881
292,292,5,1,20,5,1,4,1280,863,65,18,96,01845,0.198502722323049,0.3745704467353952,,,1345,881
293,293,5,1,20,5,1,5,1353,863,47,23,96,(US),0.20818209316394434,0.3756443298969072,,,1400,886
294,294,4,1,20,5,2,0,898,895,340,23,-1,,0.16152450090744103,0.3893900343642612,,,1238,918
295,295,5,1,20,5,2,1,898,901,7,7,45,*¬´,0.13634301270417423,0.38853092783505155,,,905,908
296,296,5,1,20,5,2,2,923,895,143,19,91,"LAGENFELD,",0.15040834845735027,0.38853092783505155,,,1066,914
297,297,5,1,20,5,2,3,1068,895,148,23,93,Christopher,0.17271627344222626,0.3893900343642612,,,1216,918
298,298,5,1,20,5,2,4,1223,895,15,19,93,C,0.18610102843315185,0.38853092783505155,,,1238,914
299,299,3,1,20,6,0,0,898,929,429,54,-1,,0.16825468844525107,0.4106529209621993,,,1327,983
300,300,4,1,20,6,1,0,923,929,404,23,-1,,0.17014519056261343,0.40399484536082475,,,1327,952
301,301,5,1,20,6,1,1,923,929,90,22,96,"Nashua,",0.14640048396854205,0.40378006872852235,,,1013,951
302,302,5,1,20,6,1,2,1022,929,47,18,96,New,0.15812159709618875,0.4029209621993127,,,1069,947
303,303,5,1,20,6,1,3,1078,929,121,23,96,Hampshire,0.1721869328493648,0.40399484536082475,,,1199,952
304,304,5,1,20,6,1,4,1207,929,65,18,96,03054,0.18746218995765276,0.4029209621993127,,,1272,947
305,305,5,1,20,6,1,5,1281,929,46,23,96,(US),0.19721718088324258,0.40399484536082475,,,1327,952
306,306,4,1,20,6,2,0,898,961,222,22,-1,,0.15260133091349062,0.4175257731958763,,,1120,983
307,307,5,1,20,6,2,1,898,967,7,7,54,¬´,0.13634301270417423,0.4168814432989691,,,905,974
308,308,5,1,20,6,2,2,923,961,101,19,96,"MURPHY,",0.1472323049001815,0.4168814432989691,,,1024,980
309,309,5,1,20,6,2,3,1026,961,69,22,92,Colin,0.16039019963702358,0.4175257731958763,,,1095,983
310,310,5,1,20,6,2,4,1106,961,14,19,92,H,0.16833030852994554,0.4168814432989691,,,1120,980
311,311,3,1,20,7,0,0,898,994,460,54,-1,,0.1705989110707804,0.438573883161512,,,1358,1048
312,312,4,1,20,7,1,0,922,994,436,23,-1,,0.1724137931034483,0.4319158075601375,,,1358,1017
313,313,5,1,20,7,1,1,922,994,129,23,95,"Cambridge,",0.14919842710223835,0.4319158075601375,,,1051,1017
314,314,5,1,20,7,1,2,1061,994,168,18,95,Massachusetts,0.17316999395039323,0.43084192439862545,,,1229,1012
315,315,5,1,20,7,1,3,1238,994,64,18,95,02138,0.19207501512401695,0.43084192439862545,,,1302,1012
316,316,5,1,20,7,1,4,1311,994,47,23,96,(US),0.20183000604960677,0.4319158075601375,,,1358,1017
317,317,4,1,20,7,2,0,898,1027,215,21,-1,,0.15207199032062915,0.44566151202749144,,,1113,1048
318,318,5,1,20,7,2,1,898,1032,7,8,8,¬´,0.13634301270417423,0.44501718213058417,,,905,1040
319,319,5,1,20,7,2,2,923,1027,100,21,92,"KERWIN,",0.147156684815487,0.44566151202749144,,,1023,1048
320,320,5,1,20,7,2,3,1031,1027,56,18,85,John,0.1601633393829401,0.44501718213058417,,,1087,1045
321,321,5,1,20,7,2,4,1096,1027,17,18,85,M,0.16704476709013913,0.44501718213058417,,,1113,1045
322,322,3,1,20,8,0,0,898,1059,476,55,-1,,0.17180883242589232,0.46670962199312716,,,1374,1114
323,323,4,1,20,8,1,0,923,1059,451,23,-1,,0.1736993345432547,0.45983676975945015,,,1374,1082
324,324,5,1,20,8,1,1,923,1059,136,22,96,"Manchester,",0.1498790078644888,0.45962199312714774,,,1059,1081
325,325,5,1,20,8,1,2,1069,1059,46,19,95,New,0.16515426497277677,0.45897766323024053,,,1115,1078
326,326,5,1,20,8,1,3,1124,1059,121,23,95,Hampshire,0.1791439806412583,0.45983676975945015,,,1245,1082
327,327,5,1,20,8,1,4,1254,1059,65,19,96,03104,0.19457047791893528,0.45897766323024053,,,1319,1078
328,328,5,1,20,8,1,5,1327,1059,47,23,96,(US),0.2042498487598306,0.45983676975945015,,,1374,1082
329,329,4,1,20,8,2,0,898,1092,268,22,-1,,0.1560798548094374,0.4737972508591065,,,1166,1114
330,330,5,1,20,8,2,1,898,1097,7,8,57,¬´,0.13634301270417423,0.4729381443298969,,,905,1105
331,331,5,1,20,8,2,2,922,1092,115,18,96,"JOHNSON,",0.14813974591651544,0.4729381443298969,,,1037,1110
332,332,5,1,20,8,2,3,1041,1092,106,22,95,Matthew,0.16545674531155474,0.4737972508591065,,,1147,1114
333,333,5,1,20,8,2,4,1155,1092,11,18,96,J,0.17551421657592256,0.4729381443298969,,,1166,1110
334,334,3,1,20,9,0,0,898,1125,463,55,-1,,0.17082577132486387,0.4950601374570447,,,1361,1180
335,335,4,1,20,9,1,0,923,1125,438,23,-1,,0.17271627344222626,0.4881872852233677,,,1361,1148
336,336,5,1,20,9,1,1,923,1125,124,23,96,"Dunbarton,",0.14897156684815488,0.4881872852233677,,,1047,1148
337,337,5,1,20,9,1,2,1057,1125,47,19,96,New,0.16341500302480338,0.48732817869415807,,,1104,1144
338,338,5,1,20,9,1,3,1112,1125,121,23,96,Hampshire,0.17732909860859045,0.4881872852233677,,,1233,1148
339,339,5,1,20,9,1,4,1242,1125,64,19,96,03046,0.1926799758015729,0.48732817869415807,,,1306,1144
340,340,5,1,20,9,1,5,1315,1125,46,23,96,(US),0.20235934664246824,0.4881872852233677,,,1361,1148
341,341,4,1,20,9,2,0,898,1158,220,22,-1,,0.15245009074410162,0.502147766323024,,,1118,1180
342,342,5,1,20,9,2,1,898,1163,7,8,29,¬´,0.13634301270417423,0.5012886597938144,,,905,1171
343,343,5,1,20,9,2,2,922,1158,82,22,96,"SLATE,",0.1456442831215971,0.502147766323024,,,1004,1180
344,344,5,1,20,9,2,3,1014,1158,85,18,96,Michael,0.15978523895946764,0.5012886597938144,,,1099,1176
345,345,5,1,20,9,2,4,1107,1158,11,18,96,J,0.16825468844525107,0.5012886597938144,,,1118,1176
346,346,3,1,20,10,0,0,923,1191,437,23,-1,,0.17264065335753176,0.5165378006872853,,,1360,1214
347,347,4,1,20,10,1,0,923,1191,437,23,-1,,0.17264065335753176,0.5165378006872853,,,1360,1214
348,348,5,1,20,10,1,1,923,1191,123,22,96,"Merrimack,",0.14889594676346038,0.5163230240549829,,,1046,1213
349,349,5,1,20,10,1,2,1056,1191,46,18,96,New,0.1631881427707199,0.5154639175257731,,,1102,1209
350,350,5,1,20,10,1,3,1111,1191,121,23,96,Hampshire,0.17717785843920145,0.5165378006872853,,,1232,1214
351,351,5,1,20,10,1,4,1241,1191,64,18,96,03054,0.1925287356321839,0.5154639175257731,,,1305,1209
352,352,5,1,20,10,1,5,1314,1191,46,23,96,(US),0.20220810647307924,0.5165378006872853,,,1360,1214
353,353,2,1,21,0,0,0,862,1254,451,124,-1,,0.16447368421052633,0.5652920962199313,,,1313,1378
354,354,3,1,21,1,0,0,862,1254,451,124,-1,,0.16447368421052633,0.5652920962199313,,,1313,1378
355,355,4,1,21,1,1,0,862,1254,451,27,-1,,0.16447368421052633,0.5444587628865979,,,1313,1281
356,356,5,1,21,1,1,1,862,1254,44,27,96,(74),0.1336963097398669,0.5444587628865979,,,906,1281
357,357,5,1,21,1,1,2,923,1256,163,23,96,Representative:,0.15192075015124018,0.5444587628865979,,,1086,1279
358,358,5,1,21,1,1,3,1096,1256,104,19,96,Haseltine,0.1736237144585602,0.5435996563573883,representative_line_1_eu,Haseltine,1200,1275
359,359,5,1,21,1,1,4,1209,1256,52,19,96,Lake,0.1867816091954023,0.5435996563573883,representative_line_1_eu,Lake,1261,1275
360,360,5,1,21,1,1,5,1270,1256,43,19,96,LLP,0.19532667876588022,0.5435996563573883,representative_line_1_eu,LLP,1313,1275
361,361,4,1,21,1,2,0,923,1289,151,23,-1,,0.15101330913490624,0.5586340206185567,,,1074,1312
362,362,5,1,21,1,2,1,923,1289,86,18,92,Redcliff,0.14609800362976408,0.5575601374570447,,,1009,1307
363,363,5,1,21,1,2,2,1016,1289,58,23,96,Quay,0.15804597701149425,0.5586340206185567,,,1074,1312
364,364,4,1,21,1,3,0,923,1322,206,19,-1,,0.15517241379310345,0.5719501718213058,,,1129,1341
365,365,5,1,21,1,3,1,923,1322,37,19,93,120,0.1423926194797338,0.5719501718213058,,,960,1341
366,366,5,1,21,1,3,2,969,1322,86,19,87,Redcliff,0.1530550514216576,0.5719501718213058,,,1055,1341
367,367,5,1,21,1,3,3,1063,1322,66,19,97,Street,0.16575922565033274,0.5719501718213058,,,1129,1341
368,368,4,1,21,1,4,0,923,1355,238,23,-1,,0.15759225650332728,0.5869845360824743,,,1161,1378
369,369,5,1,21,1,4,1,923,1355,72,18,91,Bristol,0.14503932244404114,0.5859106529209622,,,995,1373
370,370,5,1,21,1,4,2,1005,1355,41,18,89,BS1,0.15509679370840895,0.5859106529209622,,,1046,1373
371,371,5,1,21,1,4,3,1057,1355,45,18,89,6HU,0.16326376285541438,0.5859106529209622,,,1102,1373
372,372,5,1,21,1,4,4,1112,1355,49,23,96,(GB),0.17188445251058682,0.5869845360824743,,,1161,1378
373,373,2,1,22,0,0,0,862,1420,99,19,-1,,0.13785541439806412,0.6140463917525774,,,961,1439
374,374,3,1,22,1,0,0,862,1420,99,19,-1,,0.13785541439806412,0.6140463917525774,,,961,1439
375,375,4,1,22,1,1,0,862,1420,99,19,-1,,0.13785541439806412,0.6140463917525774,,,961,1439
376,376,5,1,22,1,1,1,862,1420,99,19,96,Remarks:,0.13785541439806412,0.6140463917525774,,,961,1439
377,377,2,1,23,0,0,0,922,1453,522,84,-1,,0.17891712038717483,0.6421821305841925,,,1444,1537
378,378,3,1,23,1,0,0,922,1453,522,84,-1,,0.17891712038717483,0.6421821305841925,,,1444,1537
379,379,4,1,23,1,1,0,922,1453,477,23,-1,,0.17551421657592256,0.6290807560137457,,,1399,1476
380,380,5,1,23,1,1,1,922,1453,43,18,96,This,0.1426950998185118,0.6280068728522337,,,965,1471
381,381,5,1,23,1,1,2,974,1453,111,23,96,application,0.15570175438596492,0.6290807560137457,,,1085,1476
382,382,5,1,23,1,1,3,1093,1458,42,13,96,was,0.16848154869933454,0.6290807560137457,,,1135,1471
383,383,5,1,23,1,1,4,1142,1453,43,18,96,filed,0.17596793708408953,0.6280068728522337,,,1185,1471
384,384,5,1,23,1,1,5,1193,1458,25,13,96,on,0.1823200241984271,0.6290807560137457,,,1218,1471
385,385,5,1,23,1,1,6,1227,1453,120,18,96,05-07-2018,0.19464609800362975,0.6280068728522337,,,1347,1471
386,386,5,1,23,1,1,7,1355,1458,24,13,95,as,0.20674531155474893,0.6290807560137457,,,1379,1471
387,387,5,1,23,1,1,8,1387,1458,12,13,95,a,0.21067755595886267,0.6290807560137457,,,1399,1471
388,388,4,1,23,1,2,0,922,1486,522,23,-1,,0.17891712038717483,0.6432560137457045,,,1444,1509
389,389,5,1,23,1,2,1,922,1486,96,18,95,divisional,0.14670296430732002,0.6421821305841925,,,1018,1504
390,390,5,1,23,1,2,2,1027,1486,111,23,96,application,0.16371748336358136,0.6432560137457045,,,1138,1509
391,391,5,1,23,1,2,3,1147,1486,19,18,96,to,0.17490925589836662,0.6421821305841925,,,1166,1504
392,392,5,1,23,1,2,4,1174,1486,31,18,96,the,0.17990018148820328,0.6421821305841925,,,1205,1504
393,393,5,1,23,1,2,5,1214,1486,112,23,96,application,0.19207501512401695,0.6432560137457045,,,1326,1509
394,394,5,1,23,1,2,6,1336,1486,108,18,96,mentioned,0.2102238354506957,0.6421821305841925,,,1444,1504
395,395,4,1,23,1,3,0,923,1519,209,18,-1,,0.15539927404718692,0.6563573883161512,,,1132,1537
396,396,5,1,23,1,3,1,923,1519,59,18,91,under,0.1440562613430127,0.6563573883161512,,,982,1537
397,397,5,1,23,1,3,2,991,1519,45,18,88,INID,0.15328191167574107,0.6563573883161512,,,1036,1537
398,398,5,1,23,1,3,3,1044,1519,50,18,96,code,0.16167574107683,0.6563573883161512,,,1094,1537
399,399,5,1,23,1,3,4,1103,1519,29,18,96,62.,0.16901088929219601,0.6563573883161512,,,1132,1537
400,400,2,1,24,0,0,0,224,1570,1243,4,-1,,0.1278735632183908,0.6752577319587629,,,1467,1574
401,401,3,1,24,1,0,0,224,1570,1243,4,-1,,0.1278735632183908,0.6752577319587629,,,1467,1574
402,402,4,1,24,1,1,0,224,1570,1243,4,-1,,0.1278735632183908,0.6752577319587629,,,1467,1574
403,403,5,1,24,1,1,1,224,1570,1243,4,95, ,0.1278735632183908,0.6752577319587629,,,1467,1574
404,404,2,1,25,0,0,0,225,1591,253,54,-1,,0.05316091954022988,0.6950171821305842,,,478,1645
405,405,3,1,25,1,0,0,225,1591,253,54,-1,,0.05316091954022988,0.6950171821305842,,,478,1645
406,406,4,1,25,1,1,0,225,1591,45,26,-1,,0.037431941923774956,0.6890034364261168,,,270,1617
407,407,5,1,25,1,1,1,225,1591,45,26,93,(54),0.037431941923774956,0.6890034364261168,,,270,1617
408,408,4,1,25,1,2,0,316,1624,162,21,-1,,0.06004234724742892,0.7021048109965635,,,478,1645
409,409,5,1,25,1,2,1,316,1624,75,21,96,FLUID,0.05346339987900786,0.7021048109965635,,,391,1645
410,410,5,1,25,1,2,2,402,1624,76,21,96,FLOW,0.06654567453115548,0.7021048109965635,,,478,1645
411,411,2,1,26,0,0,0,224,1698,585,381,-1,,0.07811554748941318,0.8112113402061856,,,809,2079
412,412,3,1,26,1,0,0,224,1698,585,381,-1,,0.07811554748941318,0.8112113402061856,,,809,2079
413,413,4,1,26,1,1,0,225,1698,582,26,-1,,0.0780399274047187,0.7349656357388317,,,807,1724
414,414,5,1,26,1,1,1,225,1698,45,26,90,(57),0.037431941923774956,0.7349656357388317,,,270,1724
415,415,5,1,26,1,1,2,315,1700,61,18,8,There,0.052253478523895946,0.7341065292096219,,,376,1718
416,416,5,1,26,1,1,3,387,1700,15,18,96,is,0.05966424682395644,0.7341065292096219,,,402,1718
417,417,5,1,26,1,1,4,411,1700,102,18,96,described,0.06987295825771325,0.7341065292096219,,,513,1718
418,418,5,1,26,1,1,5,523,1704,11,14,96,a,0.07993042952208107,0.7349656357388317,,,534,1718
419,419,5,1,26,1,1,6,545,1700,77,18,96,method,0.0882486388384755,0.7341065292096219,,,622,1718
420,420,5,1,26,1,1,7,632,1700,119,23,93,comprising:,0.10458257713248639,0.7351804123711341,,,751,1723
421,421,5,1,26,1,1,8,763,1704,44,19,92,cap-,0.11872353297035693,0.7360395189003437,,,807,1723
422,422,4,1,26,1,2,0,225,1732,581,23,-1,,0.0779643073200242,0.748926116838488,,,806,1755
423,423,5,1,26,1,2,1,225,1732,57,23,96,turing,0.03833938294010889,0.748926116838488,,,282,1755
424,424,5,1,26,1,2,2,289,1737,24,14,96,an,0.0455232909860859,0.7491408934707904,,,313,1751
425,425,5,1,26,1,2,3,320,1732,63,23,96,image,0.05316091954022988,0.748926116838488,,,383,1755
426,426,5,1,26,1,2,4,388,1732,35,19,90,ofa,0.06132788868723533,0.7480670103092784,,,423,1751
427,427,5,1,26,1,2,5,429,1732,38,23,91,drip,0.0677555958862674,0.748926116838488,,,467,1755
428,428,5,1,26,1,2,6,473,1732,83,19,96,chamber,0.07781306715063521,0.7480670103092784,,,556,1751
429,429,5,1,26,1,2,7,558,1732,67,23,96,using,0.08945856019358742,0.748926116838488,,,625,1755
430,430,5,1,26,1,2,8,631,1737,24,14,93,an,0.09724742891712039,0.7491408934707904,,,655,1751
431,431,5,1,26,1,2,9,662,1732,63,23,93,image,0.10488505747126436,0.748926116838488,,,725,1755
432,432,5,1,26,1,2,10,731,1737,75,17,96,sensor;,0.1162280701754386,0.7497852233676976,,,806,1754
433,433,4,1,26,1,3,0,226,1766,580,23,-1,,0.0780399274047187,0.7635309278350515,,,806,1789
434,434,5,1,26,1,3,1,226,1766,104,23,96,identifying,0.04204476709013914,0.7635309278350515,,,330,1789
435,435,5,1,26,1,3,2,336,1770,12,14,96,a,0.05172413793103448,0.7633161512027491,,,348,1784
436,436,5,1,26,1,3,3,355,1766,79,23,96,plurality,0.05966424682395644,0.7635309278350515,,,434,1789
437,437,5,1,26,1,3,4,440,1766,20,18,94,of,0.06805807622504537,0.7624570446735395,,,460,1784
438,438,5,1,26,1,3,5,465,1766,58,23,94,pixels,0.07471264367816093,0.7635309278350515,,,523,1789
439,439,5,1,26,1,3,6,528,1766,20,18,96,of,0.08136721113127647,0.7624570446735395,,,548,1784
440,440,5,1,26,1,3,7,554,1766,76,18,96,interest,0.08953418027828192,0.7624570446735395,,,630,1784
441,441,5,1,26,1,3,8,634,1766,60,18,96,within,0.10042347247428918,0.7624570446735395,,,694,1784
442,442,5,1,26,1,3,9,700,1766,31,18,96,the,0.10821234119782214,0.7624570446735395,,,731,1784
443,443,5,1,26,1,3,10,738,1766,68,23,96,image;,0.11675741076830005,0.7635309278350515,,,806,1789
444,444,4,1,26,1,4,0,225,1799,582,23,-1,,0.0780399274047187,0.7777061855670103,,,807,1822
445,445,5,1,26,1,4,1,225,1799,122,23,96,determining,0.04325468844525106,0.7777061855670103,,,347,1822
446,446,5,1,26,1,4,2,354,1803,11,14,94,a,0.054370840895341804,0.7774914089347079,,,365,1817
447,447,5,1,26,1,4,3,371,1799,62,18,94,subset,0.060798548094373864,0.7766323024054983,,,433,1817
448,448,5,1,26,1,4,4,434,1799,31,18,96,of,0.06798245614035088,0.7766323024054983,,,465,1817
449,449,5,1,26,1,4,5,471,1799,58,23,96,pixels,0.07562008469449485,0.7777061855670103,,,529,1822
450,450,5,1,26,1,4,6,534,1799,60,18,96,within,0.0852994555353902,0.7766323024054983,,,594,1817
451,451,5,1,26,1,4,7,600,1799,31,18,96,the,0.09308832425892317,0.7766323024054983,,,631,1817
452,452,5,1,26,1,4,8,639,1799,79,23,96,plurality,0.10261645493042952,0.7777061855670103,,,718,1822
453,453,5,1,26,1,4,9,723,1799,20,18,97,of,0.11085904416212947,0.7766323024054983,,,743,1817
454,454,5,1,26,1,4,10,749,1799,58,23,96,pixels,0.117664851784634,0.7777061855670103,,,807,1822
455,455,4,1,26,1,5,0,225,1831,584,23,-1,,0.07819116757410768,0.7914518900343642,,,809,1854
456,456,5,1,26,1,5,1,225,1831,20,19,96,of,0.035541439806412584,0.7905927835051546,,,245,1850
457,457,5,1,26,1,5,2,251,1831,82,22,96,"interest,",0.044162129461584994,0.7912371134020618,,,333,1853
458,458,5,1,26,1,5,3,341,1831,82,19,96,wherein,0.05777374470659407,0.7905927835051546,,,423,1850
459,459,5,1,26,1,5,4,431,1836,38,14,96,each,0.06805807622504537,0.7916666666666666,,,469,1850
460,460,5,1,26,1,5,5,470,1831,60,23,96,pixel,0.07562008469449485,0.7914518900343642,,,530,1854
461,461,5,1,26,1,5,6,533,1831,30,19,96,of,0.08287961282516637,0.7905927835051546,,,563,1850
462,462,5,1,26,1,5,7,569,1831,32,19,96,the,0.08847549909255899,0.7905927835051546,,,601,1850
463,463,5,1,26,1,5,8,609,1831,80,23,96,plurality,0.09815486993345432,0.7914518900343642,,,689,1854
464,464,5,1,26,1,5,9,696,1831,20,19,96,of,0.10677555958862674,0.7905927835051546,,,716,1850
465,465,5,1,26,1,5,10,723,1831,58,23,95,pixels,0.11373260738052027,0.7914518900343642,,,781,1854
466,466,5,1,26,1,5,11,788,1831,21,19,96,of,0.12076527525710828,0.7905927835051546,,,809,1850
467,467,4,1,26,1,6,0,226,1864,581,23,-1,,0.07811554748941318,0.805627147766323,,,807,1887
468,468,5,1,26,1,6,1,226,1864,76,18,96,interest,0.039927404718693285,0.804553264604811,,,302,1882
469,469,5,1,26,1,6,2,313,1864,15,18,96,is,0.0484724742891712,0.804553264604811,,,328,1882
470,470,5,1,26,1,6,3,337,1864,118,18,96,determined,0.05989110707803993,0.804553264604811,,,455,1882
471,471,5,1,26,1,6,4,465,1865,19,17,96,to,0.07176346037507562,0.8047680412371134,,,484,1882
472,472,5,1,26,1,6,5,495,1864,24,18,96,be,0.07667876588021778,0.804553264604811,,,519,1882
473,473,5,1,26,1,6,6,528,1864,60,18,96,within,0.08439201451905626,0.804553264604811,,,588,1882
474,474,5,1,26,1,6,7,598,1864,32,18,96,the,0.09286146400483969,0.804553264604811,,,630,1882
475,475,5,1,26,1,6,8,640,1864,63,18,96,subset,0.10155777374470659,0.804553264604811,,,703,1882
476,476,5,1,26,1,6,9,704,1864,35,18,96,of,0.10911978221415608,0.804553264604811,,,739,1882
477,477,5,1,26,1,6,10,749,1864,58,23,92,pixels,0.117664851784634,0.805627147766323,,,807,1887
478,478,4,1,26,1,7,0,224,1897,583,23,-1,,0.0779643073200242,0.8198024054982818,,,807,1920
479,479,5,1,26,1,7,1,224,1897,43,18,96,when,0.03712946158499698,0.8187285223367697,,,267,1915
480,480,5,1,26,1,7,2,270,1897,72,18,95,there,0.04627949183303085,0.8187285223367697,,,342,1915
481,481,5,1,26,1,7,3,351,1897,15,18,95,is,0.05421960072595281,0.8187285223367697,,,366,1915
482,482,5,1,26,1,7,4,374,1901,12,14,95,a,0.05747126436781609,0.8195876288659794,,,386,1915
483,483,5,1,26,1,7,5,396,1897,43,23,96,path,0.06314277071990321,0.8198024054982818,,,439,1920
484,484,5,1,26,1,7,6,447,1897,19,18,94,to,0.06904113732607381,0.8187285223367697,,,466,1915
485,485,5,1,26,1,7,7,475,1901,11,14,94,a,0.07267090139140955,0.8195876288659794,,,486,1915
486,486,5,1,26,1,7,8,496,1897,86,18,96,baseline,0.08151845130066546,0.8187285223367697,,,582,1915
487,487,5,1,26,1,7,9,591,1897,149,23,96,corresponding,0.10065033272837265,0.8198024054982818,,,740,1920
488,488,5,1,26,1,7,10,748,1897,19,18,95,to,0.11456442831215971,0.8187285223367697,,,767,1915
489,489,5,1,26,1,7,11,775,1897,32,18,96,the,0.11963097398669087,0.8187285223367697,,,807,1915
490,490,4,1,26,1,8,0,225,1929,582,23,-1,,0.0780399274047187,0.8335481099656358,,,807,1952
491,491,5,1,26,1,8,1,225,1929,38,23,96,drip,0.03690260133091349,0.8335481099656358,,,263,1952
492,492,5,1,26,1,8,2,269,1929,96,22,96,chamber;,0.04794313369630974,0.8333333333333334,,,365,1951
493,493,5,1,26,1,8,3,373,1929,111,23,96,performing,0.0648064125831821,0.8335481099656358,,,484,1952
494,494,5,1,26,1,8,4,490,1934,11,14,92,a,0.0749395039322444,0.8337628865979382,,,501,1948
495,495,5,1,26,1,8,5,508,1929,77,19,92,rotation,0.08265275257108289,0.8326890034364262,,,585,1948
496,496,5,1,26,1,8,6,591,1929,97,23,96,operation,0.09671808832425892,0.8335481099656358,,,688,1952
497,497,5,1,26,1,8,7,695,1934,24,14,91,on,0.10692679975801572,0.8337628865979382,,,719,1948
498,498,5,1,26,1,8,8,725,1929,32,19,91,the,0.11206896551724138,0.8326890034364262,,,757,1948
499,499,5,1,26,1,8,9,763,1929,44,19,92,sub-,0.11872353297035693,0.8326890034364262,,,807,1948
500,500,4,1,26,1,9,0,225,1963,582,23,-1,,0.0780399274047187,0.8481529209621993,,,807,1986
501,501,5,1,26,1,9,1,225,1963,31,18,96,set,0.03637326073805203,0.8470790378006873,,,256,1981
502,502,5,1,26,1,9,2,265,1963,20,18,96,of,0.04159104658197217,0.8470790378006873,,,285,1981
503,503,5,1,26,1,9,3,294,1963,64,23,96,pixels;,0.049304295220810646,0.8481529209621993,,,358,1986
504,504,5,1,26,1,9,4,369,1963,38,18,96,and,0.05868118572292801,0.8470790378006873,,,407,1981
505,505,5,1,26,1,9,5,417,1963,107,23,96,estimating,0.07115849969751967,0.8481529209621993,,,524,1986
506,506,5,1,26,1,9,6,535,1967,11,14,96,a,0.08174531155474894,0.8479381443298969,,,546,1981
507,507,5,1,26,1,9,7,556,1963,76,18,96,volume,0.08983666061705989,0.8470790378006873,,,632,1981
508,508,5,1,26,1,9,8,642,1963,19,18,96,of,0.0985329703569268,0.8470790378006873,,,661,1981
509,509,5,1,26,1,9,9,670,1967,12,14,96,a,0.10223835450695705,0.8479381443298969,,,682,1981
510,510,5,1,26,1,9,10,691,1963,47,23,96,drop,0.10806110102843315,0.8481529209621993,,,738,1986
511,511,5,1,26,1,9,11,747,1963,60,18,96,within,0.11751361161524501,0.8470790378006873,,,807,1981
512,512,4,1,26,1,10,0,225,1995,582,23,-1,,0.0780399274047187,0.8618986254295533,,,807,2018
513,513,5,1,26,1,10,1,225,1995,31,19,96,the,0.03637326073805203,0.8610395189003437,,,256,2014
514,514,5,1,26,1,10,2,265,1995,38,23,96,drip,0.04295220810647308,0.8618986254295533,,,303,2018
515,515,5,1,26,1,10,3,313,1995,83,19,96,chamber,0.053614640048396854,0.8610395189003437,,,396,2014
516,516,5,1,26,1,10,4,398,1995,39,23,96,by,0.06314277071990321,0.8618986254295533,,,437,2018
517,517,5,1,26,1,10,5,446,1995,88,23,96,counting,0.07410768300060495,0.8618986254295533,,,534,2018
518,518,5,1,26,1,10,6,543,2000,11,14,96,a,0.08295523290986086,0.8621134020618557,,,554,2014
519,519,5,1,26,1,10,7,565,1995,70,19,96,number,0.09074410163339383,0.8610395189003437,,,635,2014
520,520,5,1,26,1,10,8,637,2000,27,14,96,of,0.0983817301875378,0.8621134020618557,,,664,2014
521,521,5,1,26,1,10,9,665,1995,73,23,96,pixels,0.10609497882637628,0.8618986254295533,,,738,2018
522,522,5,1,26,1,10,10,747,1995,60,19,96,within,0.11751361161524501,0.8610395189003437,,,807,2014
523,523,4,1,26,1,11,0,225,2028,582,23,-1,,0.0780399274047187,0.876073883161512,,,807,2051
524,524,5,1,26,1,11,1,225,2028,31,18,96,the,0.03637326073805203,0.875,,,256,2046
525,525,5,1,26,1,11,2,267,2028,71,18,96,rotated,0.04575015124016939,0.875,,,338,2046
526,526,5,1,26,1,11,3,350,2028,69,18,96,subset,0.05815184513006655,0.875,,,419,2046
527,527,5,1,26,1,11,4,429,2028,20,18,96,of,0.06639443436176648,0.875,,,449,2046
528,528,5,1,26,1,11,5,459,2028,63,23,96,pixels.,0.07418330308529945,0.876073883161512,,,522,2051
529,529,5,1,26,1,11,6,533,2028,61,18,96,There,0.0852238354506957,0.875,,,594,2046
530,530,5,1,26,1,11,7,606,2028,14,18,96,is,0.09271022383545069,0.875,,,620,2046
531,531,5,1,26,1,11,8,630,2028,43,18,96,also,0.0985329703569268,0.875,,,673,2046
532,532,5,1,26,1,11,9,683,2028,101,18,96,described,0.11093466424682395,0.875,,,784,2046
533,533,5,1,26,1,11,10,795,2033,12,13,96,a,0.12114337568058076,0.876073883161512,,,807,2046
534,534,4,1,26,1,12,0,224,2061,115,18,-1,,0.04257410768300061,0.8891752577319587,,,339,2079
535,535,5,1,26,1,12,1,224,2061,42,18,96,flow,0.03705384150030248,0.8891752577319587,,,266,2079
536,536,5,1,26,1,12,2,275,2061,64,18,96,meter.,0.046430732002419844,0.8891752577319587,,,339,2079
537,537,2,1,27,0,0,0,316,1591,1145,24,-1,,0.13437689050211737,0.688573883161512,,,1461,1615
538,538,3,1,27,1,0,0,316,1591,1145,24,-1,,0.13437689050211737,0.688573883161512,,,1461,1615
539,539,4,1,27,1,1,0,316,1591,1145,24,-1,,0.13437689050211737,0.688573883161512,,,1461,1615
540,540,5,1,27,1,1,1,316,1591,113,24,96,"SYSTEM,",0.05633696309739867,0.688573883161512,title_line_1,"SYSTEM,",429,1615
541,541,5,1,27,1,1,2,437,1591,119,24,96,"METHOD,",0.0750907441016334,0.688573883161512,title_line_1,"METHOD,",556,1615
542,542,5,1,27,1,1,3,562,1592,56,19,96,AND,0.08923169993950393,0.6879295532646048,title_line_1,AND,618,1611
543,543,5,1,27,1,1,4,624,1592,145,20,95,APPARATUS,0.10533877797943134,0.6881443298969072,title_line_1,APPARATUS,769,1612
544,544,5,1,27,1,1,5,772,1591,76,21,95,FOR,0.12250453720508167,0.6879295532646048,title_line_1,FOR,848,1612
545,545,5,1,27,1,1,6,855,1591,176,24,95,"MONITORING,",0.1426194797338173,0.688573883161512,title_line_1,"MONITORING,",1031,1615
546,546,5,1,27,1,1,7,1039,1591,179,24,96,"REGULATING,",0.1706745311554749,0.688573883161512,title_line_1,"REGULATING,",1218,1615
547,547,5,1,27,1,1,8,1225,1591,39,21,95,OR,0.1882183908045977,0.6879295532646048,title_line_1,OR,1264,1612
548,548,5,1,27,1,1,9,1269,1591,192,21,95,CONTROLLING,0.20644283121597096,0.6879295532646048,title_line_1,CONTROLLING,1461,1612
549,549,2,1,28,0,0,0,919,1819,195,1,-1,,0.15373563218390804,0.7815721649484536,,,1114,1820
550,550,3,1,28,1,0,0,919,1819,195,1,-1,,0.15373563218390804,0.7815721649484536,,,1114,1820
551,551,4,1,28,1,1,0,919,1819,195,1,-1,,0.15373563218390804,0.7815721649484536,,,1114,1820
552,552,5,1,28,1,1,1,919,1819,195,1,95, ,0.15373563218390804,0.7815721649484536,,,1114,1820
553,553,2,1,29,0,0,0,932,1826,384,3,-1,,0.16999395039322443,0.7850085910652921,,,1316,1829
554,554,3,1,29,1,0,0,932,1826,384,3,-1,,0.16999395039322443,0.7850085910652921,,,1316,1829
555,555,4,1,29,1,1,0,932,1826,384,3,-1,,0.16999395039322443,0.7850085910652921,,,1316,1829
556,556,5,1,29,1,1,1,932,1826,384,3,95, ,0.16999395039322443,0.7850085910652921,,,1316,1829
557,557,2,1,30,0,0,0,931,1832,183,2,-1,,0.15464307320024198,0.7873711340206185,,,1114,1834
558,558,3,1,30,1,0,0,931,1832,183,2,-1,,0.15464307320024198,0.7873711340206185,,,1114,1834
559,559,4,1,30,1,1,0,931,1832,183,2,-1,,0.15464307320024198,0.7873711340206185,,,1114,1834
560,560,5,1,30,1,1,1,931,1832,183,2,95, ,0.15464307320024198,0.7873711340206185,,,1114,1834
561,561,2,1,31,0,0,0,1035,1832,1,20,-1,,0.15660919540229884,0.7912371134020618,,,1036,1852
562,562,3,1,31,1,0,0,1035,1832,1,20,-1,,0.15660919540229884,0.7912371134020618,,,1036,1852
563,563,4,1,31,1,1,0,1035,1832,1,20,-1,,0.15660919540229884,0.7912371134020618,,,1036,1852
564,564,5,1,31,1,1,1,1035,1832,1,20,95, ,0.15660919540229884,0.7912371134020618,,,1036,1852
565,565,2,1,32,0,0,0,979,1851,83,1,-1,,0.154340592861464,0.7953178694158075,,,1062,1852
566,566,3,1,32,1,0,0,979,1851,83,1,-1,,0.154340592861464,0.7953178694158075,,,1062,1852
567,567,4,1,32,1,1,0,979,1851,83,1,-1,,0.154340592861464,0.7953178694158075,,,1062,1852
568,568,5,1,32,1,1,1,979,1851,83,1,95, ,0.154340592861464,0.7953178694158075,,,1062,1852
569,569,2,1,33,0,0,0,1152,1855,25,1,-1,,0.17611917725347853,0.7970360824742269,,,1177,1856
570,570,3,1,33,1,0,0,1152,1855,25,1,-1,,0.17611917725347853,0.7970360824742269,,,1177,1856
571,571,4,1,33,1,1,0,1152,1855,25,1,-1,,0.17611917725347853,0.7970360824742269,,,1177,1856
572,572,5,1,33,1,1,1,1152,1855,25,1,95, ,0.17611917725347853,0.7970360824742269,,,1177,1856
573,573,2,1,34,0,0,0,1231,1857,217,6,-1,,0.2025862068965517,0.7989690721649485,,,1448,1863
574,574,3,1,34,1,0,0,1231,1857,217,6,-1,,0.2025862068965517,0.7989690721649485,,,1448,1863
575,575,4,1,34,1,1,0,1231,1857,217,6,-1,,0.2025862068965517,0.7989690721649485,,,1448,1863
576,576,5,1,34,1,1,1,1231,1857,217,6,95, ,0.2025862068965517,0.7989690721649485,,,1448,1863
577,577,2,1,35,0,0,0,1230,1860,218,4,-1,,0.20251058681185724,0.7998281786941581,,,1448,1864
578,578,3,1,35,1,0,0,1230,1860,218,4,-1,,0.20251058681185724,0.7998281786941581,,,1448,1864
579,579,4,1,35,1,1,0,1230,1860,218,4,-1,,0.20251058681185724,0.7998281786941581,,,1448,1864
580,580,5,1,35,1,1,1,1230,1860,218,4,95, ,0.20251058681185724,0.7998281786941581,,,1448,1864
581,581,2,1,36,0,0,0,1152,1855,1,29,-1,,0.17430429522081065,0.8030498281786942,,,1153,1884
582,582,3,1,36,1,0,0,1152,1855,1,29,-1,,0.17430429522081065,0.8030498281786942,,,1153,1884
583,583,4,1,36,1,1,0,1152,1855,1,29,-1,,0.17430429522081065,0.8030498281786942,,,1153,1884
584,584,5,1,36,1,1,1,1152,1855,1,29,95, ,0.17430429522081065,0.8030498281786942,,,1153,1884
585,585,2,1,37,0,0,0,1375,1861,2,27,-1,,0.20810647307924984,0.8051975945017182,,,1377,1888
586,586,3,1,37,1,0,0,1375,1861,2,27,-1,,0.20810647307924984,0.8051975945017182,,,1377,1888
587,587,4,1,37,1,1,0,1375,1861,2,27,-1,,0.20810647307924984,0.8051975945017182,,,1377,1888
588,588,5,1,37,1,1,1,1375,1861,2,27,95, ,0.20810647307924984,0.8051975945017182,,,1377,1888
589,589,2,1,38,0,0,0,1447,1861,2,27,-1,,0.2189957652752571,0.8051975945017182,,,1449,1888
590,590,3,1,38,1,0,0,1447,1861,2,27,-1,,0.2189957652752571,0.8051975945017182,,,1449,1888
591,591,4,1,38,1,1,0,1447,1861,2,27,-1,,0.2189957652752571,0.8051975945017182,,,1449,1888
592,592,5,1,38,1,1,1,1447,1861,2,27,95, ,0.2189957652752571,0.8051975945017182,,,1449,1888
593,593,2,1,39,0,0,0,1152,1883,25,1,-1,,0.17611917725347853,0.8090635738831615,,,1177,1884
594,594,3,1,39,1,0,0,1152,1883,25,1,-1,,0.17611917725347853,0.8090635738831615,,,1177,1884
595,595,4,1,39,1,1,0,1152,1883,25,1,-1,,0.17611917725347853,0.8090635738831615,,,1177,1884
596,596,5,1,39,1,1,1,1152,1883,25,1,95, ,0.17611917725347853,0.8090635738831615,,,1177,1884
597,597,2,1,40,0,0,0,1375,1885,73,4,-1,,0.21347549909255897,0.8105670103092784,,,1448,1889
598,598,3,1,40,1,0,0,1375,1885,73,4,-1,,0.21347549909255897,0.8105670103092784,,,1448,1889
599,599,4,1,40,1,1,0,1375,1885,73,4,-1,,0.21347549909255897,0.8105670103092784,,,1448,1889
600,600,5,1,40,1,1,1,1375,1885,73,4,95, ,0.21347549909255897,0.8105670103092784,,,1448,1889
601,601,2,1,41,0,0,0,1192,1827,1,71,-1,,0.18035390199637025,0.8000429553264605,,,1193,1898
602,602,3,1,41,1,0,0,1192,1827,1,71,-1,,0.18035390199637025,0.8000429553264605,,,1193,1898
603,603,4,1,41,1,1,0,1192,1827,1,71,-1,,0.18035390199637025,0.8000429553264605,,,1193,1898
604,604,5,1,41,1,1,1,1192,1827,1,71,95, ,0.18035390199637025,0.8000429553264605,,,1193,1898
605,605,2,1,42,0,0,0,1201,1843,3,60,-1,,0.18186630369026013,0.804553264604811,,,1204,1903
606,606,3,1,42,1,0,0,1201,1843,3,60,-1,,0.18186630369026013,0.804553264604811,,,1204,1903
607,607,4,1,42,1,1,0,1201,1843,3,60,-1,,0.18186630369026013,0.804553264604811,,,1204,1903
608,608,5,1,42,1,1,1,1201,1843,3,60,95, ,0.18186630369026013,0.804553264604811,,,1204,1903
609,609,2,1,43,0,0,0,1172,1892,144,4,-1,,0.1881427707199032,0.813573883161512,,,1316,1896
610,610,3,1,43,1,0,0,1172,1892,144,4,-1,,0.1881427707199032,0.813573883161512,,,1316,1896
611,611,4,1,43,1,1,0,1172,1892,144,4,-1,,0.1881427707199032,0.813573883161512,,,1316,1896
612,612,5,1,43,1,1,1,1172,1892,144,4,95, ,0.1881427707199032,0.813573883161512,,,1316,1896
613,613,2,1,44,0,0,0,1172,1896,145,4,-1,,0.1882183908045977,0.8152920962199313,,,1317,1900
614,614,3,1,44,1,0,0,1172,1896,145,4,-1,,0.1882183908045977,0.8152920962199313,,,1317,1900
615,615,4,1,44,1,1,0,1172,1896,145,4,-1,,0.1882183908045977,0.8152920962199313,,,1317,1900
616,616,5,1,44,1,1,1,1172,1896,145,4,95, ,0.1882183908045977,0.8152920962199313,,,1317,1900
617,617,2,1,45,0,0,0,1178,1902,25,2,-1,,0.18005142165759225,0.8174398625429553,,,1203,1904
618,618,3,1,45,1,0,0,1178,1902,25,2,-1,,0.18005142165759225,0.8174398625429553,,,1203,1904
619,619,4,1,45,1,1,0,1178,1902,25,2,-1,,0.18005142165759225,0.8174398625429553,,,1203,1904
620,620,5,1,45,1,1,1,1178,1902,25,2,95, ,0.18005142165759225,0.8174398625429553,,,1203,1904
621,621,2,1,46,0,0,0,932,1819,1,118,-1,,0.14103145795523292,0.8067010309278351,,,933,1937
622,622,3,1,46,1,0,0,932,1819,1,118,-1,,0.14103145795523292,0.8067010309278351,,,933,1937
623,623,4,1,46,1,1,0,932,1819,1,118,-1,,0.14103145795523292,0.8067010309278351,,,933,1937
624,624,5,1,46,1,1,1,932,1819,1,118,95, ,0.14103145795523292,0.8067010309278351,,,933,1937
625,625,2,1,47,0,0,0,1176,1855,4,67,-1,,0.1781609195402299,0.8112113402061856,,,1180,1922
626,626,3,1,47,1,0,0,1176,1855,4,67,-1,,0.1781609195402299,0.8112113402061856,,,1180,1922
627,627,4,1,47,1,1,0,1176,1855,4,67,-1,,0.1781609195402299,0.8112113402061856,,,1180,1922
628,628,5,1,47,1,1,1,1176,1855,4,67,95, ,0.1781609195402299,0.8112113402061856,,,1180,1922
629,629,2,1,48,0,0,0,1172,1896,1,26,-1,,0.17732909860859045,0.8200171821305842,,,1173,1922
630,630,3,1,48,1,0,0,1172,1896,1,26,-1,,0.17732909860859045,0.8200171821305842,,,1173,1922
631,631,4,1,48,1,1,0,1172,1896,1,26,-1,,0.17732909860859045,0.8200171821305842,,,1173,1922
632,632,5,1,48,1,1,1,1172,1896,1,26,95, ,0.17732909860859045,0.8200171821305842,,,1173,1922
633,633,2,1,49,0,0,0,1134,1920,62,2,-1,,0.17619479733817303,0.8251718213058419,,,1196,1922
634,634,3,1,49,1,0,0,1134,1920,62,2,-1,,0.17619479733817303,0.8251718213058419,,,1196,1922
635,635,4,1,49,1,1,0,1134,1920,62,2,-1,,0.17619479733817303,0.8251718213058419,,,1196,1922
636,636,5,1,49,1,1,1,1134,1920,62,2,95, ,0.17619479733817303,0.8251718213058419,,,1196,1922
637,637,2,1,50,0,0,0,1134,1853,2,97,-1,,0.17165759225650332,0.8167955326460481,,,1136,1950
638,638,3,1,50,1,0,0,1134,1853,2,97,-1,,0.17165759225650332,0.8167955326460481,,,1136,1950
639,639,4,1,50,1,1,0,1134,1853,2,97,-1,,0.17165759225650332,0.8167955326460481,,,1136,1950
640,640,5,1,50,1,1,1,1134,1853,2,97,95, ,0.17165759225650332,0.8167955326460481,,,1136,1950
641,641,2,1,51,0,0,0,1134,1948,62,2,-1,,0.17619479733817303,0.8371993127147767,,,1196,1950
642,642,3,1,51,1,0,0,1134,1948,62,2,-1,,0.17619479733817303,0.8371993127147767,,,1196,1950
643,643,4,1,51,1,1,0,1134,1948,62,2,-1,,0.17619479733817303,0.8371993127147767,,,1196,1950
644,644,5,1,51,1,1,1,1134,1948,62,2,95, ,0.17619479733817303,0.8371993127147767,,,1196,1950
645,645,2,1,52,0,0,0,1164,1883,3,85,-1,,0.1762704174228675,0.8271048109965635,,,1167,1968
646,646,3,1,52,1,0,0,1164,1883,3,85,-1,,0.1762704174228675,0.8271048109965635,,,1167,1968
647,647,4,1,52,1,1,0,1164,1883,3,85,-1,,0.1762704174228675,0.8271048109965635,,,1167,1968
648,648,5,1,52,1,1,1,1164,1883,3,85,95, ,0.1762704174228675,0.8271048109965635,,,1167,1968
649,649,2,1,53,0,0,0,1184,1948,1,30,-1,,0.1791439806412583,0.843213058419244,,,1185,1978
650,650,3,1,53,1,0,0,1184,1948,1,30,-1,,0.1791439806412583,0.843213058419244,,,1185,1978
651,651,4,1,53,1,1,0,1184,1948,1,30,-1,,0.1791439806412583,0.843213058419244,,,1185,1978
652,652,5,1,53,1,1,1,1184,1948,1,30,95, ,0.1791439806412583,0.843213058419244,,,1185,1978
653,653,2,1,54,0,0,0,1045,1967,121,1,-1,,0.16719600725952813,0.8451460481099656,,,1166,1968
654,654,3,1,54,1,0,0,1045,1967,121,1,-1,,0.16719600725952813,0.8451460481099656,,,1166,1968
655,655,4,1,54,1,1,0,1045,1967,121,1,-1,,0.16719600725952813,0.8451460481099656,,,1166,1968
656,656,5,1,54,1,1,1,1045,1967,121,1,95, ,0.16719600725952813,0.8451460481099656,,,1166,1968
657,657,2,1,55,0,0,0,1184,1977,56,1,-1,,0.18330308529945555,0.8494415807560137,,,1240,1978
658,658,3,1,55,1,0,0,1184,1977,56,1,-1,,0.18330308529945555,0.8494415807560137,,,1240,1978
659,659,4,1,55,1,1,0,1184,1977,56,1,-1,,0.18330308529945555,0.8494415807560137,,,1240,1978
660,660,5,1,55,1,1,1,1184,1977,56,1,95, ,0.18330308529945555,0.8494415807560137,,,1240,1978
661,661,2,1,56,0,0,0,1112,1807,2,182,-1,,0.16833030852994554,0.8152920962199313,,,1114,1989
662,662,3,1,56,1,0,0,1112,1807,2,182,-1,,0.16833030852994554,0.8152920962199313,,,1114,1989
663,663,4,1,56,1,1,0,1112,1807,2,182,-1,,0.16833030852994554,0.8152920962199313,,,1114,1989
664,664,5,1,56,1,1,1,1112,1807,2,182,95, ,0.16833030852994554,0.8152920962199313,,,1114,1989
665,665,2,1,57,0,0,0,1044,1832,2,161,-1,,0.15804597701149425,0.821520618556701,,,1046,1993
666,666,3,1,57,1,0,0,1044,1832,2,161,-1,,0.15804597701149425,0.821520618556701,,,1046,1993
667,667,4,1,57,1,1,0,1044,1832,2,161,-1,,0.15804597701149425,0.821520618556701,,,1046,1993
668,668,5,1,57,1,1,1,1044,1832,2,161,95, ,0.15804597701149425,0.821520618556701,,,1046,1993
669,669,2,1,58,0,0,0,1238,1963,2,29,-1,,0.18738656987295826,0.8494415807560137,,,1240,1992
670,670,3,1,58,1,0,0,1238,1963,2,29,-1,,0.18738656987295826,0.8494415807560137,,,1240,1992
671,671,4,1,58,1,1,0,1238,1963,2,29,-1,,0.18738656987295826,0.8494415807560137,,,1240,1992
672,672,5,1,58,1,1,1,1238,1963,2,29,95, ,0.18738656987295826,0.8494415807560137,,,1240,1992
673,673,2,1,59,0,0,0,969,1734,470,281,-1,,0.1820931639443436,0.8051975945017182,,,1439,2015
674,674,3,1,59,1,0,0,969,1734,470,281,-1,,0.1820931639443436,0.8051975945017182,,,1439,2015
675,675,4,1,59,1,1,0,969,1734,470,281,-1,,0.1820931639443436,0.8051975945017182,,,1439,2015
676,676,5,1,59,1,1,1,969,1734,470,281,95, ,0.1820931639443436,0.8051975945017182,,,1439,2015
677,677,2,1,60,0,0,0,1020,1806,3,275,-1,,0.15449183303085298,0.8348367697594502,,,1023,2081
678,678,3,1,60,1,0,0,1020,1806,3,275,-1,,0.15449183303085298,0.8348367697594502,,,1023,2081
679,679,4,1,60,1,1,0,1020,1806,3,275,-1,,0.15449183303085298,0.8348367697594502,,,1023,2081
680,680,5,1,60,1,1,1,1020,1806,3,275,95, ,0.15449183303085298,0.8348367697594502,,,1023,2081
681,681,2,1,61,0,0,0,1197,2122,44,17,-1,,0.18436176648517846,0.9151632302405498,,,1241,2139
682,682,3,1,61,1,0,0,1197,2122,44,17,-1,,0.18436176648517846,0.9151632302405498,,,1241,2139
683,683,4,1,61,1,1,0,1197,2122,44,17,-1,,0.18436176648517846,0.9151632302405498,,,1241,2139
684,684,5,1,61,1,1,1,1197,2122,32,17,18,FIG.,0.18345432546884452,0.9151632302405498,,,1229,2139
685,685,5,1,61,1,1,2,1236,2122,5,17,18,1,0.18731094978826376,0.9151632302405498,,,1241,2139
686,686,2,1,62,0,0,0,955,2030,127,120,-1,,0.15403811252268604,0.897766323024055,,,1082,2150
687,687,3,1,62,1,0,0,955,2030,127,120,-1,,0.15403811252268604,0.897766323024055,,,1082,2150
688,688,4,1,62,1,1,0,955,2030,127,120,-1,,0.15403811252268604,0.897766323024055,,,1082,2150
689,689,5,1,62,1,1,1,955,2030,127,120,95, ,0.15403811252268604,0.897766323024055,,,1082,2150
690,690,2,1,63,0,0,0,716,2270,259,16,-1,,0.1278735632183908,0.9785223367697594,,,975,2286
691,691,3,1,63,1,0,0,716,2270,259,16,-1,,0.1278735632183908,0.9785223367697594,,,975,2286
692,692,4,1,63,1,1,0,716,2270,259,16,-1,,0.1278735632183908,0.9785223367697594,,,975,2286
693,693,5,1,63,1,1,1,716,2270,49,12,96,Printed,0.11199334543254688,0.9776632302405498,,,765,2282
694,694,5,1,63,1,1,2,771,2270,15,16,96,by,0.1177404718693285,0.9785223367697594,,,786,2286
695,695,5,1,63,1,1,3,792,2270,45,14,96,"Jouve,",0.12318511796733213,0.9780927835051546,,,837,2284
696,696,5,1,63,1,1,4,843,2270,41,12,96,75001,0.13059588626739263,0.9776632302405498,,,884,2282
697,697,5,1,63,1,1,5,893,2270,46,12,96,PARIS,0.1385359951603146,0.9776632302405498,,,939,2282
698,698,5,1,63,1,1,6,945,2270,30,16,95,(FR),0.14519056261343014,0.9785223367697594,,,975,2286
