,Unnamed: 0,level,page_num,block_num,par_num,line_num,word_num,left,top,width,height,conf,text,x,y,label,target,right,bottom
0,0,1,1,0,0,0,0,0,0,1653,2328,-1,,0.125,0.5,,,1653,2328
1,1,2,1,1,0,0,0,144,1905,31,328,-1,,0.02412280701754386,0.8887457044673539,,,175,2233
2,2,3,1,1,1,0,0,144,1905,31,328,-1,,0.02412280701754386,0.8887457044673539,,,175,2233
3,3,4,1,1,1,1,0,144,1905,31,328,-1,,0.02412280701754386,0.8887457044673539,,,175,2233
4,4,5,1,1,1,1,1,144,2179,30,54,96,EP,0.024047186932849365,0.947594501718213,,,174,2233
5,5,5,1,1,1,1,2,144,2142,31,21,96,3,0.02412280701754386,0.9246134020618557,,,175,2163
6,6,5,1,1,1,1,3,144,2055,31,71,95,402,0.02412280701754386,0.8979810996563574,,,175,2126
7,7,5,1,1,1,1,4,144,1969,31,71,93,253,0.02412280701754386,0.8610395189003437,,,175,2040
8,8,5,1,1,1,1,5,144,1905,30,50,91,A1,0.024047186932849365,0.8290378006872853,,,174,1955
9,9,2,1,2,0,0,0,429,153,88,28,-1,,0.07153660012099214,0.07173539518900343,,,517,181
10,10,3,1,2,1,0,0,429,153,88,28,-1,,0.07153660012099214,0.07173539518900343,,,517,181
11,11,4,1,2,1,1,0,429,153,88,16,-1,,0.07153660012099214,0.06915807560137457,,,517,169
12,12,5,1,2,1,1,1,429,153,88,16,84,Europaisches,0.07153660012099214,0.06915807560137457,,,517,169
13,13,4,1,2,1,2,0,429,170,71,11,-1,,0.07025105868118572,0.07538659793814433,,,500,181
14,14,5,1,2,1,2,1,429,170,71,11,96,Patentamt,0.07025105868118572,0.07538659793814433,,,500,181
15,15,2,1,3,0,0,0,429,196,89,28,-1,,0.07161222020568662,0.09020618556701031,,,518,224
16,16,3,1,3,1,0,0,429,196,89,28,-1,,0.07161222020568662,0.09020618556701031,,,518,224
17,17,4,1,3,1,1,0,429,196,63,15,-1,,0.06964609800362977,0.08741408934707903,,,492,211
18,18,5,1,3,1,1,1,429,196,63,15,95,European,0.06964609800362977,0.08741408934707903,,,492,211
19,19,4,1,3,1,2,0,429,212,89,12,-1,,0.07161222020568662,0.0936426116838488,,,518,224
20,20,5,1,3,1,2,1,429,213,43,11,96,Patent,0.06813369630973987,0.0938573883161512,,,472,224
21,21,5,1,3,1,2,2,478,212,40,12,90,Office,0.07531760435571688,0.0936426116838488,,,518,224
22,22,2,1,4,0,0,0,429,239,109,28,-1,,0.07312462189957653,0.10867697594501718,,,538,267
23,23,3,1,4,1,0,0,429,239,109,28,-1,,0.07312462189957653,0.10867697594501718,,,538,267
24,24,4,1,4,1,1,0,429,239,109,15,-1,,0.07312462189957653,0.10588487972508591,,,538,254
25,25,5,1,4,1,1,1,429,239,40,12,93,Office,0.06790683605565638,0.1052405498281787,,,469,251
26,26,5,1,4,1,1,2,474,239,64,15,93,europ√©en,0.0765275257108288,0.10588487972508591,,,538,254
27,27,4,1,4,1,2,0,429,255,77,12,-1,,0.0707047791893527,0.11211340206185567,,,506,267
28,28,5,1,4,1,2,1,429,255,22,12,95,des,0.06654567453115548,0.11211340206185567,,,451,267
29,29,5,1,4,1,2,2,457,255,49,12,82,brevets,0.07282214156079855,0.11211340206185567,,,506,267
30,30,2,1,5,0,0,0,281,136,274,150,-1,,0.06321839080459771,0.09063573883161512,,,555,286
31,31,3,1,5,1,0,0,281,136,274,150,-1,,0.06321839080459771,0.09063573883161512,,,555,286
32,32,4,1,5,1,1,0,281,136,274,150,-1,,0.06321839080459771,0.09063573883161512,,,555,286
33,33,5,1,5,1,1,1,281,136,274,150,95, ,0.06321839080459771,0.09063573883161512,,,555,286
34,34,2,1,6,0,0,0,225,324,45,26,-1,,0.037431941923774956,0.14475945017182132,,,270,350
35,35,3,1,6,1,0,0,225,324,45,26,-1,,0.037431941923774956,0.14475945017182132,,,270,350
36,36,4,1,6,1,1,0,225,324,45,26,-1,,0.037431941923774956,0.14475945017182132,,,270,350
37,37,5,1,6,1,1,1,225,324,45,26,96,(12),0.037431941923774956,0.14475945017182132,,,270,350
38,38,2,1,7,0,0,0,1002,245,458,38,-1,,0.18617664851784635,0.1134020618556701,,,1460,283
39,39,3,1,7,1,0,0,1002,245,458,38,-1,,0.18617664851784635,0.1134020618556701,,,1460,283
40,40,4,1,7,1,1,0,1002,245,458,38,-1,,0.18617664851784635,0.1134020618556701,,,1460,283
41,41,5,1,7,1,1,1,1002,256,44,27,74,(11),0.15486993345432548,0.11576460481099657,,,1046,283
42,42,5,1,7,1,1,2,1146,245,52,32,95,EP,0.17725347852389595,0.11211340206185567,number,EP,1198,277
43,43,5,1,7,1,1,3,1214,245,20,32,95,3,0.1851179673321234,0.11211340206185567,number,3,1234,277
44,44,5,1,7,1,1,4,1248,245,69,32,96,402,0.1939655172413793,0.11211340206185567,number,402,1317,277
45,45,5,1,7,1,1,5,1331,245,68,32,89,253,0.20644283121597096,0.11211340206185567,number,253,1399,277
46,46,5,1,7,1,1,6,1413,245,47,32,87,A1,0.21725650332728372,0.11211340206185567,number,A1,1460,277
47,47,2,1,8,0,0,0,577,319,537,26,-1,,0.1278735632183908,0.14261168384879724,,,1114,345
48,48,3,1,8,1,0,0,577,319,537,26,-1,,0.1278735632183908,0.14261168384879724,,,1114,345
49,49,4,1,8,1,1,0,577,319,537,26,-1,,0.1278735632183908,0.14261168384879724,,,1114,345
50,50,5,1,8,1,1,1,577,319,156,26,96,EUROPEAN,0.09906231094978826,0.14261168384879724,,,733,345
51,51,5,1,8,1,1,2,735,320,135,24,95,PATENT,0.12137023593466424,0.14261168384879724,,,870,344
52,52,5,1,8,1,1,3,873,319,241,26,95,APPLICATION,0.1502571082879613,0.14261168384879724,,,1114,345
53,53,2,1,9,0,0,0,579,354,534,26,-1,,0.1279491833030853,0.15764604810996563,,,1113,380
54,54,3,1,9,1,0,0,579,354,534,26,-1,,0.1279491833030853,0.15764604810996563,,,1113,380
55,55,4,1,9,1,1,0,579,354,534,26,-1,,0.1279491833030853,0.15764604810996563,,,1113,380
56,56,5,1,9,1,1,1,579,354,110,25,96,published,0.09588626739261948,0.15743127147766323,,,689,379
57,57,5,1,9,1,1,2,700,354,17,20,96,in,0.10715366001209921,0.1563573883161512,,,717,374
58,58,5,1,9,1,1,3,727,354,122,21,95,accordance,0.1191772534785239,0.1565721649484536,,,849,375
59,59,5,1,9,1,1,4,850,354,67,21,96,with,0.1336206896551724,0.1565721649484536,,,917,375
60,60,5,1,9,1,1,5,926,354,39,21,93,Art.,0.14299758015728978,0.1565721649484536,,,965,375
61,61,5,1,9,1,1,6,978,354,72,26,91,153(4),0.15335753176043557,0.15764604810996563,,,1050,380
62,62,5,1,9,1,1,7,1061,354,52,21,96,EPC,0.16439806412583183,0.1565721649484536,,,1113,375
63,63,2,1,10,0,0,0,225,432,378,53,-1,,0.06261343012704174,0.19695017182130584,,,603,485
64,64,3,1,10,1,0,0,225,432,378,53,-1,,0.06261343012704174,0.19695017182130584,,,603,485
65,65,4,1,10,1,1,0,225,432,262,26,-1,,0.05384150030248034,0.19115120274914088,,,487,458
66,66,5,1,10,1,1,1,225,432,45,26,94,(43),0.037431941923774956,0.19115120274914088,,,270,458
67,67,5,1,10,1,1,2,286,434,48,18,96,Date,0.04688445251058681,0.19029209621993126,,,334,452
68,68,5,1,10,1,1,3,342,434,20,18,96,of,0.05323653962492438,0.19029209621993126,,,362,452
69,69,5,1,10,1,1,4,370,434,117,23,96,publication:,0.0648064125831821,0.19136597938144329,,,487,457
70,70,4,1,10,1,2,0,286,466,317,19,-1,,0.06722625529340592,0.20425257731958762,,,603,485
71,71,5,1,10,1,2,1,286,466,117,19,92,14.11.2018,0.052102238354506954,0.20425257731958762,publication_date,14.11.2018,403,485
72,72,5,1,10,1,2,2,426,466,84,19,92,Bulletin,0.07078039927404718,0.20425257731958762,,,510,485
73,73,5,1,10,1,2,3,519,466,84,19,96,2018/46,0.08484573502722323,0.20425257731958762,,,603,485
74,74,2,1,11,0,0,0,225,530,403,26,-1,,0.06450393224440411,0.23324742268041238,,,628,556
75,75,3,1,11,1,0,0,225,530,403,26,-1,,0.06450393224440411,0.23324742268041238,,,628,556
76,76,4,1,11,1,1,0,225,530,403,26,-1,,0.06450393224440411,0.23324742268041238,,,628,556
77,77,5,1,11,1,1,1,225,530,45,26,96,(21),0.037431941923774956,0.23324742268041238,,,270,556
78,78,5,1,11,1,1,2,285,532,115,23,96,Application,0.051799758015728975,0.23346219931271478,,,400,555
79,79,5,1,11,1,1,3,410,532,83,18,93,number:,0.06828493647912885,0.23238831615120276,,,493,550
80,80,5,1,11,1,1,4,504,532,124,18,84,18746065.4,0.08560193587416817,0.23238831615120276,application_number,18746065.4,628,550
81,81,2,1,12,0,0,0,225,596,325,26,-1,,0.05860556563823351,0.2615979381443299,,,550,622
82,82,3,1,12,1,0,0,225,596,325,26,-1,,0.05860556563823351,0.2615979381443299,,,550,622
83,83,4,1,12,1,1,0,225,596,325,26,-1,,0.05860556563823351,0.2615979381443299,,,550,622
84,84,5,1,12,1,1,1,225,596,45,26,96,(22),0.037431941923774956,0.2615979381443299,,,270,622
85,85,5,1,12,1,1,2,286,598,48,18,96,Date,0.04688445251058681,0.2607388316151203,,,334,616
86,86,5,1,12,1,1,3,342,602,12,14,96,of,0.05263157894736842,0.2615979381443299,,,354,616
87,87,5,1,12,1,1,4,355,598,67,23,95,filing:,0.058756805807622506,0.2618127147766323,,,422,621
88,88,5,1,12,1,1,5,432,598,118,18,95,06.02.2018,0.07425892316999395,0.2607388316151203,filing_date,06.02.2018,550,616
89,89,2,1,13,0,0,0,862,432,264,51,-1,,0.15033272837265577,0.19652061855670103,,,1126,483
90,90,3,1,13,1,0,0,862,432,264,51,-1,,0.15033272837265577,0.19652061855670103,,,1126,483
91,91,4,1,13,1,1,0,862,432,126,26,-1,,0.13989715668481548,0.19115120274914088,,,988,458
92,92,5,1,13,1,1,1,862,432,44,26,65,(51),0.1336963097398669,0.19115120274914088,,,906,458
93,93,5,1,13,1,1,2,923,434,25,18,91,Int,0.1414851784633999,0.19029209621993126,,,948,452
94,94,5,1,13,1,1,3,955,434,33,18,64,Cl:,0.14692982456140352,0.19029209621993126,,,988,452
95,95,4,1,13,1,2,0,922,462,204,21,-1,,0.15486993345432548,0.2029639175257732,,,1126,483
96,96,5,1,13,1,2,1,922,464,68,19,88,HO4W,0.14458560193587416,0.203393470790378,class_international,H04W,990,483
97,97,5,1,13,1,2,2,994,464,60,19,89,48/16,0.15486993345432548,0.203393470790378,class_international,48/16,1054,483
98,98,5,1,13,1,2,3,1059,462,67,15,60,(2009.07),0.16522988505747127,0.20167525773195877,,,1126,477
99,99,2,1,14,0,0,0,862,526,403,53,-1,,0.16084392014519056,0.23732817869415807,,,1265,579
100,100,3,1,14,1,0,0,862,526,403,53,-1,,0.16084392014519056,0.23732817869415807,,,1265,579
101,101,4,1,14,1,1,0,862,526,403,26,-1,,0.16084392014519056,0.23152920962199314,,,1265,552
102,102,5,1,14,1,1,1,862,526,44,26,94,(86),0.1336963097398669,0.23152920962199314,,,906,552
103,103,5,1,14,1,1,2,923,528,128,18,94,International,0.14927404718693285,0.23067010309278352,,,1051,546
104,104,5,1,14,1,1,3,1060,528,111,23,96,application,0.16870840895341802,0.23174398625429554,,,1171,551
105,105,5,1,14,1,1,4,1182,528,83,18,96,number:,0.1850423472474289,0.23067010309278352,,,1265,546
106,106,4,1,14,1,2,0,923,560,225,19,-1,,0.15660919540229884,0.24463058419243985,,,1148,579
107,107,5,1,14,1,2,1,923,560,225,19,91,PCT/CN2018/075372,0.15660919540229884,0.24463058419243985,,,1148,579
108,108,2,1,15,0,0,0,862,624,573,58,-1,,0.1736993345432547,0.2804982817869416,,,1435,682
109,109,3,1,15,1,0,0,862,624,573,58,-1,,0.1736993345432547,0.2804982817869416,,,1435,682
110,110,4,1,15,1,1,0,862,624,403,26,-1,,0.16084392014519056,0.27362542955326463,,,1265,650
111,111,5,1,15,1,1,1,862,624,44,26,92,(87),0.1336963097398669,0.27362542955326463,,,906,650
112,112,5,1,15,1,1,2,923,626,128,18,92,International,0.14927404718693285,0.27276632302405496,,,1051,644
113,113,5,1,15,1,1,3,1061,626,110,23,96,publication,0.16878402903811252,0.27384020618556704,,,1171,649
114,114,5,1,15,1,1,4,1182,626,83,18,96,number:,0.1850423472474289,0.27276632302405496,,,1265,644
115,115,4,1,15,1,2,0,921,659,514,23,-1,,0.1781609195402299,0.28801546391752575,,,1435,682
116,116,5,1,15,1,2,1,921,659,22,18,92,WO,0.14095583787053842,0.2869415807560137,,,943,677
117,117,5,1,15,1,2,2,945,659,162,18,91,2018/166306,0.15517241379310345,0.2869415807560137,,,1107,677
118,118,5,1,15,1,2,3,1116,659,126,23,96,(20.09.2018,0.17831215970961886,0.28801546391752575,,,1242,682
119,119,5,1,15,1,2,4,1250,659,84,18,96,Gazette,0.19540229885057472,0.2869415807560137,,,1334,677
120,120,5,1,15,1,2,5,1342,659,93,23,96,2018/38),0.20999697519661223,0.28801546391752575,,,1435,682
121,121,2,1,16,0,0,0,224,710,1243,6,-1,,0.1278735632183908,0.30627147766323026,,,1467,716
122,122,3,1,16,1,0,0,224,710,1243,6,-1,,0.1278735632183908,0.30627147766323026,,,1467,716
123,123,4,1,16,1,1,0,224,710,1243,6,-1,,0.1278735632183908,0.30627147766323026,,,1467,716
124,124,5,1,16,1,1,1,224,710,1243,6,95, ,0.1278735632183908,0.30627147766323026,,,1467,716
125,125,2,1,17,0,0,0,225,729,599,250,-1,,0.07932546884452511,0.36683848797250856,,,824,979
126,126,3,1,17,1,0,0,225,729,599,250,-1,,0.07932546884452511,0.36683848797250856,,,824,979
127,127,4,1,17,1,1,0,225,729,388,27,-1,,0.0633696309739867,0.31894329896907214,,,613,756
128,128,5,1,17,1,1,1,225,729,45,27,96,(84),0.037431941923774956,0.31894329896907214,,,270,756
129,129,5,1,17,1,1,2,286,731,118,23,96,Designated,0.052177858439201454,0.31894329896907214,,,404,754
130,130,5,1,17,1,1,3,413,731,119,23,96,Contracting,0.07146098003629764,0.31894329896907214,,,532,754
131,131,5,1,17,1,1,4,542,731,71,19,96,States:,0.08734119782214156,0.3180841924398625,,,613,750
132,132,4,1,17,1,2,0,285,764,537,18,-1,,0.08371143375680581,0.3320446735395189,,,822,782
133,133,5,1,17,1,2,1,285,764,31,18,95,AL,0.04544767090139141,0.3320446735395189,,,316,782
134,134,5,1,17,1,2,2,323,764,31,18,95,AT,0.05119479733817302,0.3320446735395189,,,354,782
135,135,5,1,17,1,2,3,363,764,30,18,95,BE,0.05716878402903811,0.3320446735395189,,,393,782
136,136,5,1,17,1,2,4,403,764,32,18,95,BG,0.0633696309739867,0.3320446735395189,,,435,782
137,137,5,1,17,1,2,5,445,764,31,18,96,CH,0.06964609800362977,0.3320446735395189,,,476,782
138,138,5,1,17,1,2,6,486,764,32,18,96,CY,0.07592256503327284,0.3320446735395189,,,518,782
139,139,5,1,17,1,2,7,526,764,30,18,96,CZ,0.08182093163944344,0.3320446735395189,,,556,782
140,140,5,1,17,1,2,8,565,764,30,18,96,DE,0.08771929824561403,0.3320446735395189,,,595,782
141,141,5,1,17,1,2,9,605,764,32,18,90,DK,0.09392014519056262,0.3320446735395189,,,637,782
142,142,5,1,17,1,2,10,646,764,29,18,90,EE,0.0998941318814277,0.3320446735395189,,,675,782
143,143,5,1,17,1,2,11,684,764,29,18,93,ES,0.10564125831820932,0.3320446735395189,,,713,782
144,144,5,1,17,1,2,12,723,764,99,18,86,FIFRGB,0.11683303085299455,0.3320446735395189,,,822,782
145,145,4,1,17,1,3,0,286,797,538,18,-1,,0.08393829401088929,0.34621993127147765,,,824,815
146,146,5,1,17,1,3,1,286,797,34,18,69,GR,0.04582577132486389,0.34621993127147765,,,320,815
147,147,5,1,17,1,3,2,328,797,32,18,69,HR,0.05202661826981246,0.34621993127147765,,,360,815
148,148,5,1,17,1,3,3,368,797,178,18,75,HUIEISITLILT,0.0691167574107683,0.34621993127147765,,,546,815
149,149,5,1,17,1,3,4,554,797,28,18,51,LU,0.08590441621294616,0.34621993127147765,,,582,815
150,150,5,1,17,1,3,5,591,797,28,18,51,LV,0.09150030248033877,0.34621993127147765,,,619,815
151,151,5,1,17,1,3,6,627,797,35,18,93,MC,0.09747428917120388,0.34621993127147765,,,662,815
152,152,5,1,17,1,3,7,670,797,35,18,93,MK,0.10397761645493044,0.34621993127147765,,,705,815
153,153,5,1,17,1,3,8,713,797,32,18,93,MT,0.11025408348457351,0.34621993127147765,,,745,815
154,154,5,1,17,1,3,9,753,797,29,18,65,NL,0.11607683000604961,0.34621993127147765,,,782,815
155,155,5,1,17,1,3,10,791,797,33,18,65,NO,0.1221264367816092,0.34621993127147765,,,824,815
156,156,4,1,17,1,4,0,286,829,337,19,-1,,0.06873865698729582,0.360180412371134,,,623,848
157,157,5,1,17,1,4,1,286,829,28,19,96,PL,0.045372050816696916,0.360180412371134,,,314,848
158,158,5,1,17,1,4,2,323,829,29,19,94,PT,0.05104355716878403,0.360180412371134,,,352,848
159,159,5,1,17,1,4,3,360,829,33,19,33,RO,0.05694192377495463,0.360180412371134,,,393,848
160,160,5,1,17,1,4,4,403,829,15,19,33,RS,0.06208408953418028,0.360180412371134,,,418,848
161,161,5,1,17,1,4,5,420,829,52,19,92,SE,0.06745311554748941,0.360180412371134,,,472,848
162,162,5,1,17,1,4,6,480,829,61,19,86,SISK,0.07720810647307925,0.360180412371134,,,541,848
163,163,5,1,17,1,4,7,550,829,73,19,89,SMTR,0.08870235934664247,0.360180412371134,,,623,848
164,164,4,1,17,1,5,0,286,862,310,23,-1,,0.06669691470054447,0.3752147766323024,,,596,885
165,165,5,1,17,1,5,1,286,862,118,23,96,Designated,0.052177858439201454,0.3752147766323024,,,404,885
166,166,5,1,17,1,5,2,413,862,102,18,96,Extension,0.07017543859649122,0.3741408934707904,,,515,880
167,167,5,1,17,1,5,3,524,862,72,18,96,States:,0.08469449485783424,0.3741408934707904,,,596,880
168,168,4,1,17,1,6,0,286,895,74,19,-1,,0.04885057471264368,0.38853092783505155,,,360,914
169,169,5,1,17,1,6,1,286,895,33,19,96,BA,0.04575015124016939,0.38853092783505155,,,319,914
170,170,5,1,17,1,6,2,327,895,33,19,96,ME,0.05195099818511797,0.38853092783505155,,,360,914
171,171,4,1,17,1,7,0,286,928,310,23,-1,,0.06669691470054447,0.40356529209621994,,,596,951
172,172,5,1,17,1,7,1,286,928,118,23,96,Designated,0.052177858439201454,0.40356529209621994,,,404,951
173,173,5,1,17,1,7,2,411,928,104,18,96,Validation,0.07002419842710224,0.4024914089347079,,,515,946
174,174,5,1,17,1,7,3,524,928,72,18,96,States:,0.08469449485783424,0.4024914089347079,,,596,946
175,175,4,1,17,1,8,0,286,961,116,18,-1,,0.05202661826981246,0.4166666666666667,,,402,979
176,176,5,1,17,1,8,1,286,961,35,18,95,MA,0.04590139140955838,0.4166666666666667,,,321,979
177,177,5,1,17,1,8,2,330,961,34,18,95,MD,0.05248033877797943,0.4166666666666667,,,364,979
178,178,5,1,17,1,8,3,373,961,29,18,94,TN,0.05860556563823351,0.4166666666666667,,,402,979
179,179,2,1,18,0,0,0,225,1024,492,26,-1,,0.07123411978221415,0.44544673539518903,,,717,1050
180,180,3,1,18,1,0,0,225,1024,492,26,-1,,0.07123411978221415,0.44544673539518903,,,717,1050
181,181,4,1,18,1,1,0,225,1024,492,26,-1,,0.07123411978221415,0.44544673539518903,,,717,1050
182,182,5,1,18,1,1,1,225,1024,45,26,96,(30),0.037431941923774956,0.44544673539518903,,,270,1050
183,183,5,1,18,1,1,2,286,1026,77,23,95,Priority:,0.04907743496672716,0.44566151202749144,,,363,1049
184,184,5,1,18,1,1,3,385,1026,116,18,95,17.03.2017,0.06699939503932244,0.44458762886597936,,,501,1044
185,185,5,1,18,1,1,4,519,1026,32,18,94,CN,0.0809134906231095,0.44458762886597936,,,551,1044
186,186,5,1,18,1,1,5,560,1026,157,18,94,201710162069,0.09656684815486993,0.44458762886597936,,,717,1044
187,187,2,1,19,0,0,0,225,1090,510,58,-1,,0.07259528130671507,0.4806701030927835,,,735,1148
188,188,3,1,19,1,0,0,225,1090,510,58,-1,,0.07259528130671507,0.4806701030927835,,,735,1148
189,189,4,1,19,1,1,0,225,1090,510,26,-1,,0.07259528130671507,0.4737972508591065,,,735,1116
190,190,5,1,19,1,1,1,225,1090,45,26,96,(71),0.037431941923774956,0.4737972508591065,,,270,1116
191,191,5,1,19,1,1,2,285,1092,103,23,96,Applicant:,0.05089231699939504,0.4740120274914089,,,388,1115
192,192,5,1,19,1,1,3,397,1092,81,18,96,Huawei,0.066167574107683,0.4729381443298969,applicant_line_1,Huawei,478,1110
193,193,5,1,19,1,1,4,487,1092,152,23,96,Technologies,0.08514821536600121,0.4740120274914089,applicant_line_1,Technologies,639,1115
194,194,5,1,19,1,1,5,648,1092,30,18,95,Co.,0.10027223230490018,0.4729381443298969,applicant_line_1,Co.,678,1110
195,195,5,1,19,1,1,6,681,1092,54,18,95,Ltd.,0.10707803992740472,0.4729381443298969,applicant_line_1,Ltd.,735,1110
196,196,4,1,19,1,2,0,286,1125,401,23,-1,,0.0735783424077435,0.4881872852233677,,,687,1148
197,197,5,1,19,1,2,1,286,1125,116,21,96,"Shenzhen,",0.05202661826981246,0.4877577319587629,,,402,1146
198,198,5,1,19,1,2,2,411,1125,132,23,96,Guangdong,0.0721415607985481,0.4881872852233677,,,543,1148
199,199,5,1,19,1,2,3,552,1125,78,18,96,518129,0.08938294010889292,0.48711340206185566,,,630,1143
200,200,5,1,19,1,2,4,639,1125,48,23,96,(CN),0.10027223230490018,0.4881872852233677,,,687,1148
201,201,2,1,20,0,0,0,225,1188,335,124,-1,,0.05936176648517846,0.5369415807560137,,,560,1312
202,202,3,1,20,1,0,0,225,1188,335,124,-1,,0.05936176648517846,0.5369415807560137,,,560,1312
203,203,4,1,20,1,1,0,225,1188,163,27,-1,,0.046355111917725345,0.5161082474226805,,,388,1215
204,204,5,1,20,1,1,1,225,1188,45,27,93,(72),0.037431941923774956,0.5161082474226805,,,270,1215
205,205,5,1,20,1,1,2,287,1190,101,19,93,Inventors:,0.05104355716878403,0.5152491408934707,,,388,1209
206,206,4,1,20,1,2,0,262,1223,196,23,-1,,0.0544464609800363,0.5302835051546392,,,458,1246
207,207,5,1,20,1,2,1,262,1228,7,8,0,*,0.04015426497277677,0.5292096219931272,,,269,1236
208,208,5,1,20,1,2,2,285,1223,53,22,93,"ZHU,",0.047111312764670295,0.5300687285223368,inventor_line_1,"ZHU,",338,1245
209,209,5,1,20,1,2,3,348,1223,110,23,91,Fangyuan,0.06094978826376286,0.5302835051546392,inventor_line_1,Fangyuan,458,1246
210,210,4,1,20,1,3,0,286,1256,110,18,-1,,0.051572897761645496,0.5433848797250859,,,396,1274
211,211,5,1,20,1,3,1,286,1256,110,18,96,Shenzhen,0.051572897761645496,0.5433848797250859,,,396,1274
212,212,4,1,20,1,4,0,286,1289,274,23,-1,,0.06397459165154265,0.5586340206185567,,,560,1312
213,213,5,1,20,1,4,1,286,1289,131,23,95,Guangdong,0.05316091954022988,0.5586340206185567,,,417,1312
214,214,5,1,20,1,4,2,426,1289,78,18,96,518129,0.07032667876588022,0.5575601374570447,,,504,1307
215,215,5,1,20,1,4,3,512,1289,48,23,96,(CN),0.08106473079249849,0.5586340206185567,,,560,1312
216,216,2,1,21,0,0,0,844,712,4,631,-1,,0.1279491833030853,0.4413659793814433,,,848,1343
217,217,3,1,21,1,0,0,844,712,4,631,-1,,0.1279491833030853,0.4413659793814433,,,848,1343
218,218,4,1,21,1,1,0,844,712,4,631,-1,,0.1279491833030853,0.4413659793814433,,,848,1343
219,219,5,1,21,1,1,1,844,712,4,631,95, ,0.1279491833030853,0.4413659793814433,,,848,1343
220,220,2,1,22,0,0,0,898,731,299,187,-1,,0.15842407743496673,0.3541666666666667,,,1197,918
221,221,3,1,22,1,0,0,898,731,125,23,-1,,0.14526618269812464,0.31894329896907214,,,1023,754
222,222,4,1,22,1,1,0,898,731,125,23,-1,,0.14526618269812464,0.31894329896907214,,,1023,754
223,223,5,1,22,1,1,1,898,737,7,7,39,+,0.13634301270417423,0.3180841924398625,,,905,744
224,224,5,1,22,1,1,2,921,731,39,22,95,"YU,",0.14224137931034483,0.31872852233676974,,,960,753
225,225,5,1,22,1,1,3,969,731,54,23,96,Fang,0.15063520871143377,0.31894329896907214,,,1023,754
226,226,3,1,22,2,0,0,922,764,110,18,-1,,0.14776164549304296,0.3320446735395189,,,1032,782
227,227,4,1,22,2,1,0,922,764,110,18,-1,,0.14776164549304296,0.3320446735395189,,,1032,782
228,228,5,1,22,2,1,1,922,764,110,18,96,Shenzhen,0.14776164549304296,0.3320446735395189,,,1032,782
229,229,3,1,22,3,0,0,898,797,299,54,-1,,0.15842407743496673,0.3539518900343643,,,1197,851
230,230,4,1,22,3,1,0,922,797,275,23,-1,,0.1602389594676346,0.3472938144329897,,,1197,820
231,231,5,1,22,3,1,1,922,797,131,23,96,Guangdong,0.14934966727162735,0.3472938144329897,,,1053,820
232,232,5,1,22,3,1,2,1063,797,77,18,96,518129,0.16659104658197219,0.34621993127147765,,,1140,815
233,233,5,1,22,3,1,3,1149,797,48,23,96,(CN),0.17740471869328495,0.3472938144329897,,,1197,820
234,234,4,1,22,3,2,0,898,829,100,22,-1,,0.14337568058076225,0.36082474226804123,,,998,851
235,235,5,1,22,3,2,1,898,835,7,7,35,¬´,0.13634301270417423,0.360180412371134,,,905,842
236,236,5,1,22,3,2,2,923,829,25,22,85,"LI,",0.1414851784633999,0.36082474226804123,,,948,851
237,237,5,1,22,3,2,3,956,829,42,19,90,Yan,0.14776164549304296,0.360180412371134,,,998,848
238,238,3,1,22,4,0,0,922,862,110,18,-1,,0.14776164549304296,0.3741408934707904,,,1032,880
239,239,4,1,22,4,1,0,922,862,110,18,-1,,0.14776164549304296,0.3741408934707904,,,1032,880
240,240,5,1,22,4,1,1,922,862,110,18,95,Shenzhen,0.14776164549304296,0.3741408934707904,,,1032,880
241,241,3,1,22,5,0,0,922,895,275,23,-1,,0.1602389594676346,0.3893900343642612,,,1197,918
242,242,4,1,22,5,1,0,922,895,275,23,-1,,0.1602389594676346,0.3893900343642612,,,1197,918
243,243,5,1,22,5,1,1,922,895,131,23,96,Guangdong,0.14934966727162735,0.3893900343642612,,,1053,918
244,244,5,1,22,5,1,2,1062,895,78,19,95,518129,0.16651542649727769,0.38853092783505155,,,1140,914
245,245,5,1,22,5,1,3,1149,895,48,23,95,(CN),0.17740471869328495,0.3893900343642612,,,1197,918
246,246,2,1,23,0,0,0,862,959,422,189,-1,,0.16228070175438597,0.4525343642611684,,,1284,1148
247,247,3,1,23,1,0,0,862,959,422,189,-1,,0.16228070175438597,0.4525343642611684,,,1284,1148
248,248,4,1,23,1,1,0,862,959,413,26,-1,,0.1616001209921355,0.4175257731958763,,,1275,985
249,249,5,1,23,1,1,1,862,959,44,26,96,(74),0.1336963097398669,0.4175257731958763,,,906,985
250,250,5,1,23,1,1,2,923,961,163,23,93,Representative:,0.15192075015124018,0.4177405498281787,,,1086,984
251,251,5,1,23,1,1,3,1096,961,97,22,91,"Maiwald,",0.17309437386569873,0.4175257731958763,,,1193,983
252,252,5,1,23,1,1,4,1201,961,74,18,96,Walter,0.18723532970356926,0.4166666666666667,,,1275,979
253,253,4,1,23,1,2,0,923,993,315,19,-1,,0.16341500302480338,0.43062714776632305,,,1238,1012
254,254,5,1,23,1,2,1,923,993,89,19,92,Maiwald,0.14632486388384755,0.43062714776632305,,,1012,1012
255,255,5,1,23,1,2,2,1022,993,166,19,92,Patentanwalts-,0.16712038717483363,0.43062714776632305,,,1188,1012
256,256,5,1,23,1,2,3,1197,993,41,19,95,und,0.184134906231095,0.43062714776632305,,,1238,1012
257,257,4,1,23,1,3,0,923,1026,361,23,-1,,0.16689352692075016,0.44566151202749144,,,1284,1049
258,258,5,1,23,1,3,1,923,1026,303,23,91,Rechtsanwaltsgesellschaft,0.16250756200846944,0.44566151202749144,,,1226,1049
259,259,5,1,23,1,3,2,1234,1026,50,18,96,mbH,0.19041137326073806,0.44458762886597936,,,1284,1044
260,260,4,1,23,1,4,0,923,1059,106,18,-1,,0.14761040532365396,0.4587628865979381,,,1029,1077
261,261,5,1,23,1,4,1,923,1059,106,18,91,Elisenhof,0.14761040532365396,0.4587628865979381,,,1029,1077
262,262,4,1,23,1,5,0,923,1092,159,18,-1,,0.15161826981246218,0.4729381443298969,,,1082,1110
263,263,5,1,23,1,5,1,923,1092,139,18,44,Elisenstrae,0.1501058681185723,0.4729381443298969,,,1062,1110
264,264,5,1,23,1,5,2,1071,1092,11,18,96,3,0.16281004234724744,0.4729381443298969,,,1082,1110
265,265,4,1,23,1,6,0,922,1125,231,23,-1,,0.15691167574107684,0.4881872852233677,,,1153,1148
266,266,5,1,23,1,6,1,922,1125,64,18,93,80335,0.1442831215970962,0.48711340206185566,,,986,1143
267,267,5,1,23,1,6,2,996,1125,87,18,80,Minchen,0.1572141560798548,0.48711340206185566,,,1083,1143
268,268,5,1,23,1,6,3,1086,1125,67,23,96,(DE),0.169313369630974,0.4881872852233677,,,1153,1148
269,269,2,1,24,0,0,0,224,1340,1243,5,-1,,0.1278735632183908,0.5766752577319587,,,1467,1345
270,270,3,1,24,1,0,0,224,1340,1243,5,-1,,0.1278735632183908,0.5766752577319587,,,1467,1345
271,271,4,1,24,1,1,0,224,1340,1243,5,-1,,0.1278735632183908,0.5766752577319587,,,1467,1345
272,272,5,1,24,1,1,1,224,1340,1243,5,95, ,0.1278735632183908,0.5766752577319587,,,1467,1345
273,273,2,1,25,0,0,0,225,1361,45,26,-1,,0.037431941923774956,0.5902061855670103,,,270,1387
274,274,3,1,25,1,0,0,225,1361,45,26,-1,,0.037431941923774956,0.5902061855670103,,,270,1387
275,275,4,1,25,1,1,0,225,1361,45,26,-1,,0.037431941923774956,0.5902061855670103,,,270,1387
276,276,5,1,25,1,1,1,225,1361,45,26,96,(54),0.037431941923774956,0.5902061855670103,,,270,1387
277,277,2,1,26,0,0,0,224,1435,584,681,-1,,0.0780399274047187,0.7626718213058419,,,808,2116
278,278,3,1,26,1,0,0,224,1435,584,681,-1,,0.0780399274047187,0.7626718213058419,,,808,2116
279,279,4,1,26,1,1,0,225,1435,582,26,-1,,0.0780399274047187,0.6219931271477663,,,807,1461
280,280,5,1,26,1,1,1,225,1435,45,26,92,(57),0.037431941923774956,0.6219931271477663,,,270,1461
281,281,5,1,26,1,1,2,315,1437,44,18,54,This,0.05096793708408953,0.6211340206185567,,,359,1455
282,282,5,1,26,1,1,3,365,1437,112,23,95,application,0.06367211131276466,0.6222079037800687,,,477,1460
283,283,5,1,26,1,1,4,485,1437,88,23,96,provides,0.08000604960677556,0.6222079037800687,,,573,1460
284,284,5,1,26,1,1,5,580,1442,11,13,95,a,0.08855111917725347,0.6222079037800687,,,591,1455
285,285,5,1,26,1,1,6,598,1442,44,13,95,core,0.09376890502117362,0.6222079037800687,,,642,1455
286,286,5,1,26,1,1,7,649,1438,70,17,96,network,0.10344827586206896,0.6213487972508591,,,719,1455
287,287,5,1,26,1,1,8,721,1437,86,18,96,control,0.11554748941318814,0.6211340206185567,,,807,1455
288,288,4,1,26,1,2,0,226,1470,581,23,-1,,0.07811554748941318,0.6363831615120275,,,807,1493
289,289,5,1,26,1,2,1,226,1470,56,23,93,plane,0.038415003024803385,0.6363831615120275,,,282,1493
290,290,5,1,26,1,2,2,287,1470,67,18,93,device,0.0484724742891712,0.6353092783505154,,,354,1488
291,291,5,1,26,1,2,3,360,1470,92,18,96,selection,0.06140350877192982,0.6353092783505154,,,452,1488
292,292,5,1,26,1,2,4,459,1470,77,18,96,method,0.07524198427102238,0.6353092783505154,,,536,1488
293,293,5,1,26,1,2,5,542,1470,38,18,96,and,0.08484573502722323,0.6353092783505154,,,580,1488
294,294,5,1,26,1,2,6,586,1470,110,23,96,apparatus.,0.0969449485783424,0.6363831615120275,,,696,1493
295,295,5,1,26,1,2,7,702,1470,40,18,93,The,0.10919540229885058,0.6353092783505154,,,742,1488
296,296,5,1,26,1,2,8,749,1470,58,18,92,meth-,0.117664851784634,0.6353092783505154,,,807,1488
297,297,4,1,26,1,3,0,225,1502,582,23,-1,,0.0780399274047187,0.6501288659793815,,,807,1525
298,298,5,1,26,1,3,1,225,1502,24,19,96,od,0.03584392014519056,0.6492697594501718,,,249,1521
299,299,5,1,26,1,3,2,258,1502,91,19,96,includes:,0.04590139140955838,0.6492697594501718,,,349,1521
300,300,5,1,26,1,3,3,357,1502,101,23,96,"obtaining,",0.06163036902601331,0.6501288659793815,,,458,1525
301,301,5,1,26,1,3,4,468,1502,24,23,95,by,0.07259528130671507,0.6501288659793815,,,492,1525
302,302,5,1,26,1,3,5,499,1507,11,14,95,a,0.07630066545674531,0.6503436426116839,,,510,1521
303,303,5,1,26,1,3,6,518,1507,69,14,96,source,0.08356019358741681,0.6503436426116839,,,587,1521
304,304,5,1,26,1,3,7,595,1507,45,14,96,core,0.09339080459770115,0.6503436426116839,,,640,1521
305,305,5,1,26,1,3,8,649,1502,81,19,96,network,0.10428009679370841,0.6492697594501718,,,730,1521
306,306,5,1,26,1,3,9,737,1502,70,19,94,control,0.11675741076830005,0.6492697594501718,,,807,1521
307,307,4,1,26,1,4,0,226,1536,581,23,-1,,0.07811554748941318,0.664733676975945,,,807,1559
308,308,5,1,26,1,4,1,226,1536,56,23,96,plane,0.038415003024803385,0.664733676975945,,,282,1559
309,309,5,1,26,1,4,2,290,1536,67,18,96,"device,",0.048926194797338174,0.663659793814433,,,357,1554
310,310,5,1,26,1,4,3,360,1536,50,21,96,first,0.05822746521476104,0.6643041237113402,,,410,1557
311,311,5,1,26,1,4,4,418,1536,70,18,96,network,0.06851179673321234,0.663659793814433,,,488,1554
312,312,5,1,26,1,4,5,490,1536,63,18,96,slice,0.07887174833635814,0.663659793814433,,,553,1554
313,313,5,1,26,1,4,6,562,1536,92,18,96,selection,0.09195402298850575,0.663659793814433,,,654,1554
314,314,5,1,26,1,4,7,663,1536,111,18,93,assistance,0.10866606170598911,0.663659793814433,,,774,1554
315,315,5,1,26,1,4,8,783,1536,24,18,92,in-,0.12023593466424683,0.663659793814433,,,807,1554
316,316,4,1,26,1,5,0,224,1568,583,22,-1,,0.0779643073200242,0.6782646048109966,,,807,1590
317,317,5,1,26,1,5,1,224,1568,98,19,96,formation,0.04128856624319419,0.6776202749140894,,,322,1587
318,318,5,1,26,1,5,2,334,1568,20,19,96,of,0.05202661826981246,0.6776202749140894,,,354,1587
319,319,5,1,26,1,5,3,364,1573,11,14,96,a,0.0558832425892317,0.6786941580756014,,,375,1587
320,320,5,1,26,1,5,4,387,1568,83,19,96,terminal,0.0648064125831821,0.6776202749140894,,,470,1587
321,321,5,1,26,1,5,5,481,1568,73,22,96,device;,0.07826678765880218,0.6782646048109966,,,554,1590
322,322,5,1,26,1,5,6,566,1568,38,19,96,and,0.08847549909255899,0.6776202749140894,,,604,1587
323,323,5,1,26,1,5,7,617,1568,11,19,95,if,0.0941470054446461,0.6776202749140894,,,628,1587
324,324,5,1,26,1,5,8,638,1568,31,19,96,the,0.09883545069570478,0.6776202749140894,,,669,1587
325,325,5,1,26,1,5,9,681,1573,70,14,96,source,0.10828796128251664,0.6786941580756014,,,751,1587
326,326,5,1,26,1,5,10,763,1573,44,14,96,core,0.11872353297035693,0.6786941580756014,,,807,1587
327,327,4,1,26,1,6,0,226,1601,582,23,-1,,0.07819116757410768,0.6926546391752577,,,808,1624
328,328,5,1,26,1,6,1,226,1601,81,18,96,network,0.04030550514216576,0.6915807560137457,,,307,1619
329,329,5,1,26,1,6,2,316,1601,69,18,94,control,0.0530096793708409,0.6915807560137457,,,385,1619
330,330,5,1,26,1,6,3,395,1601,56,23,96,plane,0.06397459165154265,0.6926546391752577,,,451,1624
331,331,5,1,26,1,6,4,459,1601,68,18,96,device,0.07456140350877193,0.6915807560137457,,,527,1619
332,332,5,1,26,1,6,5,536,1602,70,17,96,cannot,0.08635813672111313,0.6917955326460481,,,606,1619
333,333,5,1,26,1,6,6,614,1601,105,18,96,determine,0.10080157289776165,0.6915807560137457,,,719,1619
334,334,5,1,26,1,6,7,727,1606,12,13,96,a,0.11085904416212947,0.6926546391752577,,,739,1619
335,335,5,1,26,1,6,8,748,1602,60,22,96,target,0.117664851784634,0.6928694158075601,,,808,1624
336,336,4,1,26,1,7,0,225,1634,583,23,-1,,0.07811554748941318,0.7068298969072165,,,808,1657
337,337,5,1,26,1,7,1,225,1638,45,14,96,core,0.037431941923774956,0.7066151202749141,,,270,1652
338,338,5,1,26,1,7,2,281,1634,82,18,96,network,0.04869933454325469,0.7057560137457045,,,363,1652
339,339,5,1,26,1,7,3,374,1634,69,18,95,control,0.0617816091954023,0.7057560137457045,,,443,1652
340,340,5,1,26,1,7,4,455,1634,56,23,96,plane,0.07304900181488204,0.7068298969072165,,,511,1657
341,341,5,1,26,1,7,5,522,1634,67,18,96,device,0.08401391409558379,0.7057560137457045,,,589,1652
342,342,5,1,26,1,7,6,602,1634,80,18,96,indexed,0.09709618874773139,0.7057560137457045,,,682,1652
343,343,5,1,26,1,7,7,694,1634,11,18,96,by,0.10579249848759831,0.7057560137457045,,,705,1652
344,344,5,1,26,1,7,8,706,1634,39,23,96,the,0.10972474289171204,0.7068298969072165,,,745,1657
345,345,5,1,26,1,7,9,748,1634,60,18,96,first,0.117664851784634,0.7057560137457045,,,808,1652
346,346,4,1,26,1,8,0,226,1666,580,23,-1,,0.0780399274047187,0.7205756013745704,,,806,1689
347,347,5,1,26,1,8,1,226,1667,70,18,96,network,0.039473684210526314,0.7199312714776632,,,296,1685
348,348,5,1,26,1,8,2,297,1666,64,19,96,slice,0.04975801572897762,0.7197164948453608,,,361,1685
349,349,5,1,26,1,8,3,368,1666,92,19,96,selection,0.06261343012704174,0.7197164948453608,,,460,1685
350,350,5,1,26,1,8,4,469,1666,111,19,96,assistance,0.07932546884452511,0.7197164948453608,,,580,1685
351,351,5,1,26,1,8,5,589,1666,121,22,96,"information,",0.09823049001814882,0.720360824742268,,,710,1688
352,352,5,1,26,1,8,6,719,1666,87,23,95,"sending,",0.11532062915910465,0.7205756013745704,,,806,1689
353,353,4,1,26,1,9,0,226,1699,582,23,-1,,0.07819116757410768,0.7347508591065293,,,808,1722
354,354,5,1,26,1,9,1,226,1699,23,23,96,by,0.035919540229885055,0.7347508591065293,,,249,1722
355,355,5,1,26,1,9,2,255,1699,32,18,96,the,0.040986085904416214,0.7336769759450171,,,287,1717
356,356,5,1,26,1,9,3,293,1704,70,13,96,source,0.049606775559588624,0.7347508591065293,,,363,1717
357,357,5,1,26,1,9,4,371,1704,44,13,96,core,0.059437386569872956,0.7347508591065293,,,415,1717
358,358,5,1,26,1,9,5,423,1700,70,17,96,network,0.0692679975801573,0.7338917525773195,,,493,1717
359,359,5,1,26,1,9,6,494,1699,86,18,96,control,0.08121597096188747,0.7336769759450171,,,580,1717
360,360,5,1,26,1,9,7,589,1699,55,23,96,plane,0.09323956442831216,0.7347508591065293,,,644,1722
361,361,5,1,26,1,9,8,651,1699,68,18,96,"device,",0.10359951603145795,0.7336769759450171,,,719,1717
362,362,5,1,26,1,9,9,721,1699,28,22,96,the,0.11116152450090744,0.7345360824742269,,,749,1721
363,363,5,1,26,1,9,10,752,1699,56,18,96,first,0.11796733212341198,0.7336769759450171,,,808,1717
364,364,4,1,26,1,10,0,226,1732,582,19,-1,,0.07819116757410768,0.7480670103092784,,,808,1751
365,365,5,1,26,1,10,1,226,1733,70,18,96,network,0.039473684210526314,0.7482817869415808,,,296,1751
366,366,5,1,26,1,10,2,297,1732,66,19,96,slice,0.0499092558983666,0.7480670103092784,,,363,1751
367,367,5,1,26,1,10,3,373,1732,92,19,96,selection,0.0633696309739867,0.7480670103092784,,,465,1751
368,368,5,1,26,1,10,4,475,1732,111,19,96,assistance,0.08023290986085904,0.7480670103092784,,,586,1751
369,369,5,1,26,1,10,5,597,1732,115,19,96,information,0.09898669086509376,0.7480670103092784,,,712,1751
370,370,5,1,26,1,10,6,722,1737,25,14,96,and,0.11108590441621295,0.7491408934707904,,,747,1751
371,371,5,1,26,1,10,7,748,1732,60,19,96,first,0.117664851784634,0.7480670103092784,,,808,1751
372,372,4,1,26,1,11,0,226,1765,582,23,-1,,0.07819116757410768,0.7631013745704467,,,808,1788
373,373,5,1,26,1,11,1,226,1765,97,19,96,indication,0.04151542649727768,0.7622422680412371,,,323,1784
374,374,5,1,26,1,11,2,336,1765,115,19,96,information,0.059513006654567456,0.7622422680412371,,,451,1784
375,375,5,1,26,1,11,3,462,1766,18,18,97,to,0.07123411978221415,0.7624570446735395,,,480,1784
376,376,5,1,26,1,11,4,491,1765,32,19,97,the,0.07667876588021778,0.7622422680412371,,,523,1784
377,377,5,1,26,1,11,5,533,1765,83,19,96,terminal,0.08688747731397459,0.7622422680412371,,,616,1784
378,378,5,1,26,1,11,6,627,1765,73,22,96,"device,",0.10034785238959468,0.7628865979381443,,,700,1787
379,379,5,1,26,1,11,7,712,1766,18,18,96,to,0.10904416212946158,0.7624570446735395,,,730,1784
380,380,5,1,26,1,11,8,741,1765,67,23,96,trigger,0.11713551119177254,0.7631013745704467,,,808,1788
381,381,4,1,26,1,12,0,225,1798,583,23,-1,,0.07811554748941318,0.7772766323024055,,,808,1821
382,382,5,1,26,1,12,1,225,1798,31,18,96,the,0.03637326073805203,0.7762027491408935,,,256,1816
383,383,5,1,26,1,12,2,267,1798,84,18,96,terminal,0.04673321234119782,0.7762027491408935,,,351,1816
384,384,5,1,26,1,12,3,362,1798,67,18,96,device,0.059815486993345435,0.7762027491408935,,,429,1816
385,385,5,1,26,1,12,4,440,1799,18,17,96,to,0.06790683605565638,0.7764175257731959,,,458,1816
386,386,5,1,26,1,12,5,470,1798,49,18,96,send,0.07478826376285541,0.7762027491408935,,,519,1816
387,387,5,1,26,1,12,6,0,0,1653,2328,96,a,0.125,0.5,,,1653,2328
388,388,5,1,26,1,12,7,531,1798,60,18,96,first,0.08484573502722323,0.7762027491408935,,,591,1816
389,389,5,1,26,1,12,8,602,1798,115,23,96,registration,0.09974289171203872,0.7772766323024055,,,717,1821
390,390,5,1,26,1,12,9,730,1799,78,22,96,request,0.1163036902601331,0.7774914089347079,,,808,1821
391,391,4,1,26,1,13,0,226,1831,581,23,-1,,0.07811554748941318,0.7914518900343642,,,807,1854
392,392,5,1,26,1,13,1,226,1835,94,19,96,message.,0.04128856624319419,0.7923109965635738,,,320,1854
393,393,5,1,26,1,13,2,323,1831,37,18,96,The,0.05164851784633999,0.7903780068728522,,,360,1849
394,394,5,1,26,1,13,3,362,1831,57,18,96,first,0.059059286146400485,0.7903780068728522,,,419,1849
395,395,5,1,26,1,13,4,427,1831,98,18,95,indication,0.07199032062915911,0.7903780068728522,,,525,1849
396,396,5,1,26,1,13,5,534,1831,114,18,96,information,0.08938294010889292,0.7903780068728522,,,648,1849
397,397,5,1,26,1,13,6,658,1831,15,18,96,is,0.10065033272837265,0.7903780068728522,,,673,1849
398,398,5,1,26,1,13,7,681,1831,48,18,96,used,0.10662431941923775,0.7903780068728522,,,729,1849
399,399,5,1,26,1,13,8,737,1831,19,18,93,to,0.11290078644888082,0.7903780068728522,,,756,1849
400,400,5,1,26,1,13,9,765,1831,42,18,92,indi-,0.11887477313974591,0.7903780068728522,,,807,1849
401,401,4,1,26,1,14,0,225,1863,582,23,-1,,0.0780399274047187,0.8051975945017182,,,807,1886
402,402,5,1,26,1,14,1,225,1864,43,18,95,cate,0.03728070175438596,0.804553264604811,,,268,1882
403,403,5,1,26,1,14,2,277,1863,39,19,95,that,0.04484271022383545,0.8043384879725086,,,316,1882
404,404,5,1,26,1,14,3,323,1868,12,14,95,a,0.04975801572897762,0.8054123711340206,,,335,1882
405,405,5,1,26,1,14,4,344,1864,95,22,96,temporary,0.05921052631578947,0.8054123711340206,,,439,1886
406,406,5,1,26,1,14,5,440,1863,108,23,96,identifier,0.07471264367816093,0.8051975945017182,,,548,1886
407,407,5,1,26,1,14,6,556,1863,20,19,96,of,0.08560193587416817,0.8043384879725086,,,576,1882
408,408,5,1,26,1,14,7,583,1863,32,19,96,the,0.09059286146400485,0.8043384879725086,,,615,1882
409,409,5,1,26,1,14,8,623,1863,83,19,96,terminal,0.10049909255898366,0.8043384879725086,,,706,1882
410,410,5,1,26,1,14,9,715,1863,68,19,96,device,0.1132788868723533,0.8043384879725086,,,783,1882
411,411,5,1,26,1,14,10,792,1863,15,19,96,is,0.12091651542649728,0.8043384879725086,,,807,1882
412,412,4,1,26,1,15,0,226,1896,581,23,-1,,0.07811554748941318,0.819372852233677,,,807,1919
413,413,5,1,26,1,15,1,226,1896,70,22,96,"invalid,",0.039473684210526314,0.8191580756013745,,,296,1918
414,414,5,1,26,1,15,2,304,1896,37,18,96,and,0.04877495462794918,0.8182989690721649,,,341,1914
415,415,5,1,26,1,15,3,348,1896,18,18,96,the,0.053992740471869326,0.8182989690721649,,,366,1914
416,416,5,1,26,1,15,4,368,1896,55,18,96,first,0.059815486993345435,0.8182989690721649,,,423,1914
417,417,5,1,26,1,15,5,429,1896,115,23,96,registration,0.0735783424077435,0.819372852233677,,,544,1919
418,418,5,1,26,1,15,6,552,1897,79,22,96,request,0.08945856019358742,0.8195876288659794,,,631,1919
419,419,5,1,26,1,15,7,637,1901,80,18,96,message,0.10238959467634604,0.820446735395189,,,717,1919
420,420,5,1,26,1,15,8,719,1896,88,18,91,carries,0.11539624924379915,0.8182989690721649,,,807,1914
421,421,4,1,26,1,16,0,225,1929,582,19,-1,,0.0780399274047187,0.8326890034364262,,,807,1948
422,422,5,1,26,1,16,1,225,1929,31,19,96,the,0.03637326073805203,0.8326890034364262,,,256,1948
423,423,5,1,26,1,16,2,267,1929,38,19,96,first,0.04325468844525106,0.8326890034364262,,,305,1948
424,424,5,1,26,1,16,3,316,1930,70,18,96,network,0.05308529945553539,0.8329037800687286,,,386,1948
425,425,5,1,26,1,16,4,388,1929,66,19,96,slice,0.06367211131276466,0.8326890034364262,,,454,1948
426,426,5,1,26,1,16,5,465,1929,92,19,96,selection,0.07728372655777374,0.8326890034364262,,,557,1948
427,427,5,1,26,1,16,6,569,1929,111,19,96,assistance,0.09444948578342408,0.8326890034364262,,,680,1948
428,428,5,1,26,1,16,7,691,1929,116,19,96,information,0.1132788868723533,0.8326890034364262,,,807,1948
429,429,4,1,26,1,17,0,225,1962,582,23,-1,,0.0780399274047187,0.8477233676975945,,,807,1985
430,430,5,1,26,1,17,1,225,1962,54,18,90,anda,0.038112522686025406,0.8466494845360825,,,279,1980
431,431,5,1,26,1,17,2,286,1962,207,23,89,permanentidentifier,0.05890804597701149,0.8477233676975945,,,493,1985
432,432,5,1,26,1,17,3,498,1962,19,18,96,of,0.07675438596491228,0.8466494845360825,,,517,1980
433,433,5,1,26,1,17,4,521,1962,32,18,96,the,0.08121597096188747,0.8466494845360825,,,553,1980
434,434,5,1,26,1,17,5,558,1962,83,18,96,terminal,0.09066848154869933,0.8466494845360825,,,641,1980
435,435,5,1,26,1,17,6,647,1962,73,18,93,device.,0.10337265577737446,0.8466494845360825,,,720,1980
436,436,5,1,26,1,17,7,725,1962,82,18,92,Accord-,0.11584996975196613,0.8466494845360825,,,807,1980
437,437,4,1,26,1,18,0,226,1995,581,23,-1,,0.07811554748941318,0.8618986254295533,,,807,2018
438,438,5,1,26,1,18,1,226,1995,28,23,96,ing,0.036297640653357534,0.8618986254295533,,,254,2018
439,439,5,1,26,1,18,2,266,1995,18,18,96,to,0.04159104658197217,0.8608247422680413,,,284,2013
440,440,5,1,26,1,18,3,295,1995,32,18,96,the,0.0470356926799758,0.8608247422680413,,,327,2013
441,441,5,1,26,1,18,4,339,1999,44,14,96,core,0.05459770114942529,0.8616838487972509,,,383,2013
442,442,5,1,26,1,18,5,395,1995,82,18,96,network,0.06594071385359952,0.8608247422680413,,,477,2013
443,443,5,1,26,1,18,6,487,1995,70,18,96,control,0.07894736842105263,0.8608247422680413,,,557,2013
444,444,5,1,26,1,18,7,569,1995,56,23,96,plane,0.09029038112522686,0.8618986254295533,,,625,2018
445,445,5,1,26,1,18,8,636,1995,67,18,96,device,0.10125529340592862,0.8608247422680413,,,703,2013
446,446,5,1,26,1,18,9,715,1995,92,18,96,selection,0.11509376890502117,0.8608247422680413,,,807,2013
447,447,4,1,26,1,19,0,226,2027,582,23,-1,,0.07819116757410768,0.8756443298969072,,,808,2050
448,448,5,1,26,1,19,1,226,2027,63,19,96,method,0.03894434361766485,0.8747852233676976,,,289,2046
449,449,5,1,26,1,19,2,291,2027,107,23,96,provided,0.052102238354506954,0.8756443298969072,,,398,2050
450,450,5,1,26,1,19,3,406,2027,15,19,96,in,0.06253781004234725,0.8747852233676976,,,421,2046
451,451,5,1,26,1,19,4,428,2027,36,19,96,this,0.06745311554748941,0.8747852233676976,,,464,2046
452,452,5,1,26,1,19,5,470,2027,118,23,96,"application,",0.08000604960677556,0.8756443298969072,,,588,2050
453,453,5,1,26,1,19,6,596,2027,81,23,96,security,0.09626436781609195,0.8756443298969072,,,677,2050
454,454,5,1,26,1,19,7,683,2027,20,19,96,of,0.10480943738656988,0.8747852233676976,,,703,2046
455,455,5,1,26,1,19,8,707,2032,11,14,95,a,0.10775862068965517,0.8758591065292096,,,718,2046
456,456,5,1,26,1,19,9,726,2027,82,19,95,network,0.11600120992135511,0.8747852233676976,,,808,2046
457,457,4,1,26,1,20,0,225,2060,582,23,-1,,0.0780399274047187,0.8898195876288659,,,807,2083
458,458,5,1,26,1,20,1,225,2060,46,18,96,slice,0.03750756200846945,0.8887457044673539,,,271,2078
459,459,5,1,26,1,20,2,278,2060,38,18,96,and,0.044918330308529944,0.8887457044673539,,,316,2078
460,460,5,1,26,1,20,3,323,2060,109,18,96,redirection,0.05709316394434362,0.8887457044673539,,,432,2078
461,461,5,1,26,1,20,4,440,2060,99,23,96,efficiency,0.07403206291591047,0.8898195876288659,,,539,2083
462,462,5,1,26,1,20,5,545,2060,20,18,96,of,0.08393829401088929,0.8887457044673539,,,565,2078
463,463,5,1,26,1,20,6,570,2060,32,18,96,the,0.08862673926194797,0.8887457044673539,,,602,2078
464,464,5,1,26,1,20,7,609,2060,83,18,96,terminal,0.0983817301875378,0.8887457044673539,,,692,2078
465,465,5,1,26,1,20,8,700,2060,67,18,96,device,0.11093466424682395,0.8887457044673539,,,767,2078
466,466,5,1,26,1,20,9,774,2065,33,13,96,are,0.11955535390199637,0.8898195876288659,,,807,2078
467,467,4,1,26,1,21,0,226,2093,349,23,-1,,0.06057168784029038,0.9039948453608248,,,575,2116
468,468,5,1,26,1,21,1,226,2093,101,23,96,"improved,",0.04181790683605566,0.9039948453608248,,,327,2116
469,469,5,1,26,1,21,2,337,2093,37,18,96,and,0.05376588021778585,0.9029209621993127,,,374,2111
470,470,5,1,26,1,21,3,383,2093,92,23,96,signaling,0.0648820326678766,0.9039948453608248,,,475,2116
471,471,5,1,26,1,21,4,485,2093,14,18,96,is,0.07441016333938294,0.9029209621993127,,,499,2111
472,472,5,1,26,1,21,5,507,2093,68,18,96,saved.,0.08182093163944344,0.9029209621993127,,,575,2111
473,473,2,1,27,0,0,0,316,1361,1080,21,-1,,0.1294615849969752,0.5891323024054983,,,1396,1382
474,474,3,1,27,1,0,0,316,1361,1080,21,-1,,0.1294615849969752,0.5891323024054983,,,1396,1382
475,475,4,1,27,1,1,0,316,1361,1080,21,-1,,0.1294615849969752,0.5891323024054983,,,1396,1382
476,476,5,1,27,1,1,1,316,1361,74,21,95,CORE,0.05338777979431337,0.5891323024054983,title_line_1,CORE,390,1382
477,477,5,1,27,1,1,2,401,1361,115,21,96,NETWORK,0.06934361766485178,0.5891323024054983,title_line_1,NETWORK,516,1382
478,478,5,1,27,1,1,3,519,1361,138,21,96,CONTROL,0.08892921960072596,0.5891323024054983,title_line_1,CONTROL,657,1382
479,479,5,1,27,1,1,4,660,1362,110,19,96,PLANE,0.10813672111312765,0.5891323024054983,title_line_1,PLANE,770,1381
480,480,5,1,27,1,1,5,781,1361,96,21,96,DEVICE,0.12537810042347247,0.5891323024054983,title_line_1,DEVICE,877,1382
481,481,5,1,27,1,1,6,887,1361,148,21,96,SELECTION,0.1453418027828191,0.5891323024054983,title_line_1,SELECTION,1035,1382
482,482,5,1,27,1,1,7,1047,1361,112,21,95,METHOD,0.16681790683605566,0.5891323024054983,title_line_1,METHOD,1159,1382
483,483,5,1,27,1,1,8,1168,1362,56,19,95,AND,0.1808832425892317,0.5891323024054983,title_line_1,AND,1224,1381
484,484,5,1,27,1,1,9,1233,1361,163,21,95,APPARATUS,0.19880520266182697,0.5891323024054983,title_line_1,APPARATUS,1396,1382
485,485,2,1,28,0,0,0,925,1469,534,3,-1,,0.18027828191167575,0.6316580756013745,,,1459,1472
486,486,3,1,28,1,0,0,925,1469,534,3,-1,,0.18027828191167575,0.6316580756013745,,,1459,1472
487,487,4,1,28,1,1,0,925,1469,534,3,-1,,0.18027828191167575,0.6316580756013745,,,1459,1472
488,488,5,1,28,1,1,1,925,1469,534,3,95, ,0.18027828191167575,0.6316580756013745,,,1459,1472
489,489,2,1,29,0,0,0,932,1482,324,12,-1,,0.16545674531155474,0.6391752577319587,,,1256,1494
490,490,3,1,29,1,0,0,932,1482,324,12,-1,,0.16545674531155474,0.6391752577319587,,,1256,1494
491,491,4,1,29,1,1,0,932,1482,324,12,-1,,0.16545674531155474,0.6391752577319587,,,1256,1494
492,492,5,1,29,1,1,1,932,1482,38,12,57,Souree,0.14382940108892922,0.6391752577319587,,,970,1494
493,493,5,1,29,1,1,2,974,1486,25,8,92,core,0.14919842710223835,0.6400343642611683,,,999,1494
494,494,5,1,29,1,1,3,1003,1482,46,12,96,network,0.15517241379310345,0.6391752577319587,,,1049,1494
495,495,5,1,29,1,1,4,1053,1483,40,11,94,control,0.16228070175438597,0.6393900343642611,,,1093,1494
496,496,5,1,29,1,1,5,1166,1483,40,11,91,Access,0.1793708408953418,0.6393900343642611,,,1206,1494
497,497,5,1,29,1,1,6,1210,1482,46,12,94,network,0.18647912885662432,0.6391752577319587,,,1256,1494
498,498,2,1,30,0,0,0,976,1490,461,22,-1,,0.1824712643678161,0.6447594501718213,,,1437,1512
499,499,3,1,30,1,0,0,976,1490,461,22,-1,,0.1824712643678161,0.6447594501718213,,,1437,1512
500,500,4,1,30,1,1,0,976,1490,461,22,-1,,0.1824712643678161,0.6447594501718213,,,1437,1512
501,501,5,1,30,1,1,1,976,1498,31,14,96,plane,0.1499546279491833,0.6464776632302406,,,1007,1512
502,502,5,1,30,1,1,2,1011,1498,37,11,92,device,0.15570175438596492,0.6458333333333334,,,1048,1509
503,503,5,1,30,1,1,3,1193,1498,37,11,95,device,0.18322746521476105,0.6458333333333334,,,1230,1509
504,504,5,1,30,1,1,4,1344,1490,51,11,96,Terminal,0.20712341197822143,0.6423969072164949,,,1395,1501
505,505,5,1,30,1,1,5,1401,1490,36,11,96,device,0.21460980036297642,0.6423969072164949,,,1437,1501
506,506,2,1,31,0,0,0,1100,1470,1,54,-1,,0.16643980641258319,0.6430412371134021,,,1101,1524
507,507,3,1,31,1,0,0,1100,1470,1,54,-1,,0.16643980641258319,0.6430412371134021,,,1101,1524
508,508,4,1,31,1,1,0,1100,1470,1,54,-1,,0.16643980641258319,0.6430412371134021,,,1101,1524
509,509,5,1,31,1,1,1,1100,1470,1,54,95, ,0.16643980641258319,0.6430412371134021,,,1101,1524
510,510,2,1,32,0,0,0,1144,1470,1,54,-1,,0.17309437386569873,0.6430412371134021,,,1145,1524
511,511,3,1,32,1,0,0,1144,1470,1,54,-1,,0.17309437386569873,0.6430412371134021,,,1145,1524
512,512,4,1,32,1,1,0,1144,1470,1,54,-1,,0.17309437386569873,0.6430412371134021,,,1145,1524
513,513,5,1,32,1,1,1,1144,1470,1,54,95, ,0.17309437386569873,0.6430412371134021,,,1145,1524
514,514,2,1,33,0,0,0,1278,1470,1,54,-1,,0.19336055656382334,0.6430412371134021,,,1279,1524
515,515,3,1,33,1,0,0,1278,1470,1,54,-1,,0.19336055656382334,0.6430412371134021,,,1279,1524
516,516,4,1,33,1,1,0,1278,1470,1,54,-1,,0.19336055656382334,0.6430412371134021,,,1279,1524
517,517,5,1,33,1,1,1,1278,1470,1,54,95, ,0.19336055656382334,0.6430412371134021,,,1279,1524
518,518,2,1,34,0,0,0,1322,1471,1,52,-1,,0.2000151240169389,0.6430412371134021,,,1323,1523
519,519,3,1,34,1,0,0,1322,1471,1,52,-1,,0.2000151240169389,0.6430412371134021,,,1323,1523
520,520,4,1,34,1,1,0,1322,1471,1,52,-1,,0.2000151240169389,0.6430412371134021,,,1323,1523
521,521,5,1,34,1,1,1,1322,1471,1,52,95, ,0.2000151240169389,0.6430412371134021,,,1323,1523
522,522,2,1,35,0,0,0,1459,1471,1,52,-1,,0.2207350272232305,0.6430412371134021,,,1460,1523
523,523,3,1,35,1,0,0,1459,1471,1,52,-1,,0.2207350272232305,0.6430412371134021,,,1460,1523
524,524,4,1,35,1,1,0,1459,1471,1,52,-1,,0.2207350272232305,0.6430412371134021,,,1460,1523
525,525,5,1,35,1,1,1,1459,1471,1,52,95, ,0.2207350272232305,0.6430412371134021,,,1460,1523
526,526,2,1,36,0,0,0,924,1522,536,3,-1,,0.18027828191167575,0.6544243986254296,,,1460,1525
527,527,3,1,36,1,0,0,924,1522,536,3,-1,,0.18027828191167575,0.6544243986254296,,,1460,1525
528,528,4,1,36,1,1,0,924,1522,536,3,-1,,0.18027828191167575,0.6544243986254296,,,1460,1525
529,529,5,1,36,1,1,1,924,1522,536,3,95, ,0.18027828191167575,0.6544243986254296,,,1460,1525
530,530,2,1,37,0,0,0,901,1550,289,4,-1,,0.15812159709618875,0.6666666666666666,,,1190,1554
531,531,3,1,37,1,0,0,901,1550,289,4,-1,,0.15812159709618875,0.6666666666666666,,,1190,1554
532,532,4,1,37,1,1,0,901,1550,289,4,-1,,0.15812159709618875,0.6666666666666666,,,1190,1554
533,533,5,1,37,1,1,1,901,1550,289,4,95, ,0.15812159709618875,0.6666666666666666,,,1190,1554
534,534,2,1,38,0,0,0,913,1566,265,11,-1,,0.15812159709618875,0.6750429553264605,,,1178,1577
535,535,3,1,38,1,0,0,913,1566,265,11,-1,,0.15812159709618875,0.6750429553264605,,,1178,1577
536,536,4,1,38,1,1,0,913,1566,265,11,-1,,0.15812159709618875,0.6750429553264605,,,1178,1577
537,537,5,1,38,1,1,1,913,1566,27,11,34,$201.,0.14012401693889898,0.6750429553264605,,,940,1577
538,538,5,1,38,1,1,2,950,1566,37,11,41,Obiain,0.14647610405323655,0.6750429553264605,,,987,1577
539,539,5,1,38,1,1,3,992,1566,23,11,92,first,0.15176950998185118,0.6750429553264605,,,1015,1577
540,540,5,1,38,1,1,4,1018,1566,41,11,54,NSSAI,0.1570629159104658,0.6750429553264605,,,1059,1577
541,541,5,1,38,1,1,5,1064,1566,13,11,89,of,0.1619026013309135,0.6750429553264605,,,1077,1577
542,542,5,1,38,1,1,6,1079,1569,7,8,89,a,0.16371748336358136,0.6756872852233677,,,1086,1577
543,543,5,1,38,1,1,7,1090,1566,46,11,94,terminal,0.16833030852994554,0.6750429553264605,,,1136,1577
544,544,5,1,38,1,1,8,1141,1566,37,11,92,device,0.1753629764065336,0.6750429553264605,,,1178,1577
545,545,2,1,39,0,0,0,901,1592,289,4,-1,,0.15812159709618875,0.6847079037800687,,,1190,1596
546,546,3,1,39,1,0,0,901,1592,289,4,-1,,0.15812159709618875,0.6847079037800687,,,1190,1596
547,547,4,1,39,1,1,0,901,1592,289,4,-1,,0.15812159709618875,0.6847079037800687,,,1190,1596
548,548,5,1,39,1,1,1,901,1592,289,4,95, ,0.15812159709618875,0.6847079037800687,,,1190,1596
549,549,2,1,40,0,0,0,901,1627,289,3,-1,,0.15812159709618875,0.6995274914089347,,,1190,1630
550,550,3,1,40,1,0,0,901,1627,289,3,-1,,0.15812159709618875,0.6995274914089347,,,1190,1630
551,551,4,1,40,1,1,0,901,1627,289,3,-1,,0.15812159709618875,0.6995274914089347,,,1190,1630
552,552,5,1,40,1,1,1,901,1627,289,3,95, ,0.15812159709618875,0.6995274914089347,,,1190,1630
553,553,2,1,41,0,0,0,908,1635,275,44,-1,,0.15812159709618875,0.7117697594501718,,,1183,1679
554,554,3,1,41,1,0,0,908,1635,275,44,-1,,0.15812159709618875,0.7117697594501718,,,1183,1679
555,555,4,1,41,1,1,0,924,1635,245,14,-1,,0.15827283726557773,0.7053264604810997,,,1169,1649
556,556,5,1,41,1,1,1,924,1635,28,11,93,$202.,0.14186327888687236,0.7046821305841925,,,952,1646
557,557,5,1,41,1,1,2,961,1636,8,10,92,A,0.14594676346037508,0.7048969072164949,,,969,1646
558,558,5,1,41,1,1,3,973,1638,37,8,92,source,0.1499546279491833,0.7053264604810997,,,1010,1646
559,559,5,1,41,1,1,4,1014,1638,25,8,96,core,0.15524803387779795,0.7053264604810997,,,1039,1646
560,560,5,1,41,1,1,5,1043,1635,47,11,96,network,0.16129764065335753,0.7046821305841925,,,1090,1646
561,561,5,1,41,1,1,6,1093,1635,40,11,91,control,0.16833030852994554,0.7046821305841925,,,1133,1646
562,562,5,1,41,1,1,7,1138,1635,31,14,96,plane,0.17445553539019965,0.7053264604810997,,,1169,1649
563,563,4,1,41,1,2,0,913,1650,265,14,-1,,0.15812159709618875,0.7117697594501718,,,1178,1664
564,564,5,1,41,1,2,1,913,1650,37,11,93,device,0.14088021778584392,0.7111254295532646,,,950,1661
565,565,5,1,41,1,2,2,954,1653,38,8,91,cannot,0.147156684815487,0.7117697594501718,,,992,1661
566,566,5,1,41,1,2,3,996,1650,56,11,91,determine,0.15486993345432548,0.7111254295532646,,,1052,1661
567,567,5,1,41,1,2,4,1057,1654,6,7,95,a,0.1603145795523291,0.7119845360824743,,,1063,1661
568,568,5,1,41,1,2,5,1066,1652,33,12,95,target,0.16371748336358136,0.7121993127147767,,,1099,1664
569,569,5,1,41,1,2,6,1103,1654,24,7,96,core,0.16863278886872354,0.7119845360824743,,,1127,1661
570,570,5,1,41,1,2,7,1132,1650,46,11,96,network,0.17468239564428312,0.7111254295532646,,,1178,1661
571,571,4,1,41,1,3,0,908,1664,275,15,-1,,0.15812159709618875,0.7179982817869416,,,1183,1679
572,572,5,1,41,1,3,1,908,1665,40,11,90,control,0.14035087719298245,0.7175687285223368,,,948,1676
573,573,5,1,41,1,3,2,952,1665,30,14,96,plane,0.14624924379915305,0.718213058419244,,,982,1679
574,574,5,1,41,1,3,3,986,1665,37,11,96,device,0.15192075015124018,0.7175687285223368,,,1023,1676
575,575,5,1,41,1,3,4,1028,1665,44,11,96,indexed,0.1588021778584392,0.7175687285223368,,,1072,1676
576,576,5,1,41,1,3,5,1076,1665,14,14,96,by,0.16379310344827586,0.718213058419244,,,1090,1679
577,577,5,1,41,1,3,6,1094,1665,17,11,96,the,0.16674228675136116,0.7175687285223368,,,1111,1676
578,578,5,1,41,1,3,7,1116,1664,22,12,86,first,0.1704476709013914,0.7173539518900344,,,1138,1676
579,579,5,1,41,1,3,8,1142,1665,41,11,86,NSSAI,0.17581669691470053,0.7175687285223368,,,1183,1676
580,580,2,1,42,0,0,0,901,1684,289,4,-1,,0.15812159709618875,0.7242268041237113,,,1190,1688
581,581,3,1,42,1,0,0,901,1684,289,4,-1,,0.15812159709618875,0.7242268041237113,,,1190,1688
582,582,4,1,42,1,1,0,901,1684,289,4,-1,,0.15812159709618875,0.7242268041237113,,,1190,1688
583,583,5,1,42,1,1,1,901,1684,289,4,95, ,0.15812159709618875,0.7242268041237113,,,1190,1688
584,584,2,1,43,0,0,0,901,1713,289,3,-1,,0.15812159709618875,0.7364690721649485,,,1190,1716
585,585,3,1,43,1,0,0,901,1713,289,3,-1,,0.15812159709618875,0.7364690721649485,,,1190,1716
586,586,4,1,43,1,1,0,901,1713,289,3,-1,,0.15812159709618875,0.7364690721649485,,,1190,1716
587,587,5,1,43,1,1,1,901,1713,289,3,95, ,0.15812159709618875,0.7364690721649485,,,1190,1716
588,588,2,1,44,0,0,0,907,1720,278,27,-1,,0.15819721718088325,0.7446305841924399,,,1185,1747
589,589,3,1,44,1,0,0,907,1720,278,27,-1,,0.15819721718088325,0.7446305841924399,,,1185,1747
590,590,4,1,44,1,1,0,907,1720,278,15,-1,,0.15819721718088325,0.742053264604811,,,1185,1735
591,591,5,1,44,1,1,1,907,1721,34,11,76,"$2031,",0.1397459165154265,0.7416237113402062,,,941,1732
592,592,5,1,44,1,1,2,951,1721,26,11,84,Seta,0.14579552329098608,0.7416237113402062,,,977,1732
593,593,5,1,44,1,1,3,982,1723,58,12,95,temporary,0.1529038112522686,0.7426975945017182,,,1040,1735
594,594,5,1,44,1,1,4,1044,1720,48,12,73,identifier,0.16152450090744103,0.7414089347079038,,,1092,1732
595,595,5,1,44,1,1,5,1093,1720,21,12,96,of,0.16689352692075016,0.7414089347079038,,,1114,1732
596,596,5,1,44,1,1,6,1116,1721,11,11,96,the,0.16961584996975196,0.7416237113402062,,,1127,1732
597,597,5,1,44,1,1,7,1128,1721,57,11,92,terminal,0.17490925589836662,0.7416237113402062,,,1185,1732
598,598,4,1,44,1,2,0,989,1736,113,11,-1,,0.15812159709618875,0.7480670103092784,,,1102,1747
599,599,5,1,44,1,2,1,989,1736,37,11,67,device,0.15237447065940715,0.7480670103092784,,,1026,1747
600,600,5,1,44,1,2,2,1030,1738,11,9,95,to,0.15660919540229884,0.7484965635738832,,,1041,1747
601,601,5,1,44,1,2,3,1045,1736,13,11,95,be,0.1590290381125227,0.7480670103092784,,,1058,1747
602,602,5,1,44,1,2,4,1062,1736,40,11,90,invalid,0.16364186327888688,0.7480670103092784,,,1102,1747
603,603,2,1,45,0,0,0,901,1755,289,3,-1,,0.15812159709618875,0.7545103092783505,,,1190,1758
604,604,3,1,45,1,0,0,901,1755,289,3,-1,,0.15812159709618875,0.7545103092783505,,,1190,1758
605,605,4,1,45,1,1,0,901,1755,289,3,-1,,0.15812159709618875,0.7545103092783505,,,1190,1758
606,606,5,1,45,1,1,1,901,1755,289,3,95, ,0.15812159709618875,0.7545103092783505,,,1190,1758
607,607,2,1,46,0,0,0,1020,1782,342,12,-1,,0.18012704174228675,0.7680412371134021,,,1362,1794
608,608,3,1,46,1,0,0,1020,1782,342,12,-1,,0.18012704174228675,0.7680412371134021,,,1362,1794
609,609,4,1,46,1,1,0,1020,1782,342,12,-1,,0.18012704174228675,0.7680412371134021,,,1362,1794
610,610,5,1,46,1,1,1,1020,1783,28,11,67,$203.,0.15638233514821537,0.7682560137457045,,,1048,1794
611,611,5,1,46,1,1,2,1057,1783,28,11,96,Send,0.161978221415608,0.7682560137457045,,,1085,1794
612,612,5,1,46,1,1,3,1088,1782,11,12,96,the,0.16538112522686024,0.7680412371134021,,,1099,1794
613,613,5,1,46,1,1,4,1100,1782,33,12,85,first,0.16885964912280702,0.7680412371134021,,,1133,1794
614,614,5,1,46,1,1,5,1136,1783,41,11,78,NSSAI,0.17490925589836662,0.7682560137457045,,,1177,1794
615,615,5,1,46,1,1,6,1182,1782,20,12,96,and,0.18027828191167575,0.7680412371134021,,,1202,1794
616,616,5,1,46,1,1,7,1212,1785,17,9,96,first,0.18458862673926194,0.7686855670103093,,,1229,1794
617,617,5,1,46,1,1,8,1233,1782,57,12,95,indication,0.19078947368421054,0.7680412371134021,,,1290,1794
618,618,5,1,46,1,1,9,1294,1782,68,12,72,"information,",0.20084694494857835,0.7680412371134021,,,1362,1794
619,619,2,1,47,0,0,0,1011,1797,383,135,-1,,0.18186630369026013,0.8009020618556701,,,1394,1932
620,620,3,1,47,1,0,0,1011,1797,383,135,-1,,0.18186630369026013,0.8009020618556701,,,1394,1932
621,621,4,1,47,1,1,0,1011,1797,380,26,-1,,0.18163944343617666,0.7774914089347079,,,1391,1823
622,622,5,1,47,1,1,1,1011,1797,380,26,95, ,0.18163944343617666,0.7774914089347079,,,1391,1823
623,623,4,1,47,1,2,0,1209,1823,3,32,-1,,0.18307622504537205,0.7899484536082474,,,1212,1855
624,624,5,1,47,1,2,1,1209,1823,3,32,95, ,0.18307622504537205,0.7899484536082474,,,1212,1855
625,625,4,1,47,1,3,0,1205,1855,189,32,-1,,0.19653660012099214,0.8036941580756014,,,1394,1887
626,626,5,1,47,1,3,1,1205,1855,50,32,95,  ,0.18602540834845735,0.8036941580756014,,,1255,1887
627,627,5,1,47,1,3,2,1348,1873,46,14,95, ,0.2073502722323049,0.8075601374570447,,,1394,1887
628,628,4,1,47,1,4,0,1205,1887,189,45,-1,,0.19653660012099214,0.8202319587628866,,,1394,1932
629,629,5,1,47,1,4,1,1205,1887,189,45,95, ,0.19653660012099214,0.8202319587628866,,,1394,1932
630,630,2,1,48,0,0,0,901,1822,289,4,-1,,0.15812159709618875,0.7835051546391752,,,1190,1826
631,631,3,1,48,1,0,0,901,1822,289,4,-1,,0.15812159709618875,0.7835051546391752,,,1190,1826
632,632,4,1,48,1,1,0,901,1822,289,4,-1,,0.15812159709618875,0.7835051546391752,,,1190,1826
633,633,5,1,48,1,1,1,901,1822,289,4,95, ,0.15812159709618875,0.7835051546391752,,,1190,1826
634,634,2,1,49,0,0,0,901,1551,2,316,-1,,0.13641863278886873,0.7341065292096219,,,903,1867
635,635,3,1,49,1,0,0,901,1551,2,316,-1,,0.13641863278886873,0.7341065292096219,,,903,1867
636,636,4,1,49,1,1,0,901,1551,2,316,-1,,0.13641863278886873,0.7341065292096219,,,903,1867
637,637,5,1,49,1,1,1,901,1551,2,316,95, ,0.13641863278886873,0.7341065292096219,,,903,1867
638,638,2,1,50,0,0,0,1188,1551,2,316,-1,,0.17982456140350878,0.7341065292096219,,,1190,1867
639,639,3,1,50,1,0,0,1188,1551,2,316,-1,,0.17982456140350878,0.7341065292096219,,,1190,1867
640,640,4,1,50,1,1,0,1188,1551,2,316,-1,,0.17982456140350878,0.7341065292096219,,,1190,1867
641,641,5,1,50,1,1,1,1188,1551,2,316,95, ,0.17982456140350878,0.7341065292096219,,,1190,1867
642,642,2,1,51,0,0,0,911,1831,269,16,-1,,0.15812159709618875,0.7899484536082474,,,1180,1847
643,643,3,1,51,1,0,0,911,1831,269,16,-1,,0.15812159709618875,0.7899484536082474,,,1180,1847
644,644,4,1,51,1,1,0,911,1831,269,16,-1,,0.15812159709618875,0.7899484536082474,,,1180,1847
645,645,5,1,51,1,1,1,911,1831,36,11,34,"$2032,",0.14050211736237145,0.7888745704467354,,,947,1842
646,646,5,1,51,1,1,2,955,1831,59,14,92,Deregister,0.14889594676346038,0.7895189003436426,,,1014,1845
647,647,5,1,51,1,1,3,1018,1831,17,11,96,the,0.15524803387779795,0.7888745704467354,,,1035,1842
648,648,5,1,51,1,1,4,1039,1831,47,11,96,terminal,0.16069267997580158,0.7888745704467354,,,1086,1842
649,649,5,1,51,1,1,5,1091,1831,30,11,96,device,0.16727162734422263,0.7888745704467354,,,1121,1842
650,650,5,1,51,1,1,6,1122,1831,37,16,95,from,0.17248941318814276,0.7899484536082474,,,1159,1847
651,651,5,1,51,1,1,7,1163,1831,17,11,96,the,0.17717785843920145,0.7888745704467354,,,1180,1842
652,652,2,1,52,0,0,0,928,1845,458,21,-1,,0.1749848759830611,0.7970360824742269,,,1386,1866
653,653,3,1,52,1,0,0,928,1845,458,21,-1,,0.1749848759830611,0.7970360824742269,,,1386,1866
654,654,4,1,52,1,1,0,928,1845,458,21,-1,,0.1749848759830611,0.7970360824742269,,,1386,1866
655,655,5,1,52,1,1,1,928,1849,30,7,80,source,0.1426194797338173,0.7957474226804123,,,958,1856
656,656,5,1,52,1,1,2,959,1849,33,7,87,core,0.14753478523895946,0.7957474226804123,,,992,1856
657,657,5,1,52,1,1,3,997,1845,46,11,95,network,0.1542649727767695,0.7948883161512027,,,1043,1856
658,658,5,1,52,1,1,4,1047,1845,40,11,39,control,0.16137326073805203,0.7948883161512027,,,1087,1856
659,659,5,1,52,1,1,5,1092,1845,31,15,96,plane,0.1674984875983061,0.7957474226804123,,,1123,1860
660,660,5,1,52,1,1,6,1126,1846,38,10,91,device,0.17316999395039323,0.7951030927835051,,,1164,1856
661,661,5,1,52,1,1,7,1216,1852,28,11,54,"$204,",0.18602540834845735,0.7978951890034365,,,1244,1863
662,662,5,1,52,1,1,8,1253,1852,27,11,96,Send,0.19154567453115548,0.7978951890034365,,,1280,1863
663,663,5,1,52,1,1,9,1285,1855,6,8,94,a,0.19479733817301875,0.7985395189003437,,,1291,1863
664,664,5,1,52,1,1,10,1295,1851,23,12,69,first,0.19759528130671505,0.7976804123711341,,,1318,1863
665,665,5,1,52,1,1,11,1322,1852,64,14,69,registration,0.20477918935269207,0.7985395189003437,,,1386,1866
666,666,2,1,53,0,0,0,1255,1869,93,12,-1,,0.1968390804597701,0.8054123711340206,,,1348,1881
667,667,3,1,53,1,0,0,1255,1869,93,12,-1,,0.1968390804597701,0.8054123711340206,,,1348,1881
668,668,4,1,53,1,1,0,1255,1869,93,12,-1,,0.1968390804597701,0.8054123711340206,,,1348,1881
669,669,5,1,53,1,1,1,1255,1869,41,12,91,request,0.1929068360556564,0.8054123711340206,,,1296,1881
670,670,5,1,53,1,1,2,1300,1870,48,11,86,message,0.20024198427102238,0.805627147766323,,,1348,1881
671,671,2,1,54,0,0,0,901,1864,289,4,-1,,0.15812159709618875,0.8015463917525774,,,1190,1868
672,672,3,1,54,1,0,0,901,1864,289,4,-1,,0.15812159709618875,0.8015463917525774,,,1190,1868
673,673,4,1,54,1,1,0,901,1864,289,4,-1,,0.15812159709618875,0.8015463917525774,,,1190,1868
674,674,5,1,54,1,1,1,901,1864,289,4,95, ,0.15812159709618875,0.8015463917525774,,,1190,1868
675,675,2,1,55,0,0,0,1011,1523,2,404,-1,,0.1530550514216576,0.740979381443299,,,1013,1927
676,676,3,1,55,1,0,0,1011,1523,2,404,-1,,0.1530550514216576,0.740979381443299,,,1013,1927
677,677,4,1,55,1,1,0,1011,1523,2,404,-1,,0.1530550514216576,0.740979381443299,,,1013,1927
678,678,5,1,55,1,1,1,1011,1523,2,404,95, ,0.1530550514216576,0.740979381443299,,,1013,1927
679,679,2,1,56,0,0,0,1390,1523,1,405,-1,,0.2102994555353902,0.7411941580756014,,,1391,1928
680,680,3,1,56,1,0,0,1390,1523,1,405,-1,,0.2102994555353902,0.7411941580756014,,,1391,1928
681,681,4,1,56,1,1,0,1390,1523,1,405,-1,,0.2102994555353902,0.7411941580756014,,,1391,1928
682,682,5,1,56,1,1,1,1390,1523,1,405,95, ,0.2102994555353902,0.7411941580756014,,,1391,1928
683,683,2,1,57,0,0,0,1156,1953,47,14,-1,,0.17838777979431336,0.8419243986254296,,,1203,1967
684,684,3,1,57,1,0,0,1156,1953,47,14,-1,,0.17838777979431336,0.8419243986254296,,,1203,1967
685,685,4,1,57,1,1,0,1156,1953,47,14,-1,,0.17838777979431336,0.8419243986254296,,,1203,1967
686,686,5,1,57,1,1,1,1156,1953,33,14,55,FIG.,0.17732909860859045,0.8419243986254296,,,1189,1967
687,687,5,1,57,1,1,2,1195,1953,8,14,55,2,0.18133696309739866,0.8419243986254296,,,1203,1967
688,688,2,1,58,0,0,0,716,2270,259,16,-1,,0.1278735632183908,0.9785223367697594,,,975,2286
689,689,3,1,58,1,0,0,716,2270,259,16,-1,,0.1278735632183908,0.9785223367697594,,,975,2286
690,690,4,1,58,1,1,0,716,2270,259,16,-1,,0.1278735632183908,0.9785223367697594,,,975,2286
691,691,5,1,58,1,1,1,716,2270,49,12,96,Printed,0.11199334543254688,0.9776632302405498,,,765,2282
692,692,5,1,58,1,1,2,771,2270,15,16,96,by,0.1177404718693285,0.9785223367697594,,,786,2286
693,693,5,1,58,1,1,3,792,2270,45,14,96,"Jouve,",0.12318511796733213,0.9780927835051546,,,837,2284
694,694,5,1,58,1,1,4,843,2270,41,12,96,75001,0.13059588626739263,0.9776632302405498,,,884,2282
695,695,5,1,58,1,1,5,893,2270,46,12,96,PARIS,0.1385359951603146,0.9776632302405498,,,939,2282
696,696,5,1,58,1,1,6,945,2270,30,16,95,(FR),0.14519056261343014,0.9785223367697594,,,975,2286
