,Unnamed: 0,level,page_num,block_num,par_num,line_num,word_num,left,top,width,height,conf,text,x,y,label,target,right,bottom
0,0,1,1,0,0,0,0,0,0,1653,2328,-1,,0.125,0.5,,,1653,2328
1,1,2,1,1,0,0,0,144,1905,31,328,-1,,0.02412280701754386,0.8887457044673539,,,175,2233
2,2,3,1,1,1,0,0,144,1905,31,328,-1,,0.02412280701754386,0.8887457044673539,,,175,2233
3,3,4,1,1,1,1,0,144,1905,31,328,-1,,0.02412280701754386,0.8887457044673539,,,175,2233
4,4,5,1,1,1,1,1,144,2179,30,54,96,EP,0.024047186932849365,0.947594501718213,,,174,2233
5,5,5,1,1,1,1,2,144,2142,31,21,96,3,0.02412280701754386,0.9246134020618557,,,175,2163
6,6,5,1,1,1,1,3,144,2055,31,71,95,402,0.02412280701754386,0.8979810996563574,,,175,2126
7,7,5,1,1,1,1,4,144,1967,31,73,87,234,0.02412280701754386,0.8606099656357389,,,175,2040
8,8,5,1,1,1,1,5,144,1905,30,50,87,A1,0.024047186932849365,0.8290378006872853,,,174,1955
9,9,2,1,2,0,0,0,429,153,88,28,-1,,0.07153660012099214,0.07173539518900343,,,517,181
10,10,3,1,2,1,0,0,429,153,88,28,-1,,0.07153660012099214,0.07173539518900343,,,517,181
11,11,4,1,2,1,1,0,429,153,88,16,-1,,0.07153660012099214,0.06915807560137457,,,517,169
12,12,5,1,2,1,1,1,429,153,88,16,84,Europaisches,0.07153660012099214,0.06915807560137457,,,517,169
13,13,4,1,2,1,2,0,429,170,71,11,-1,,0.07025105868118572,0.07538659793814433,,,500,181
14,14,5,1,2,1,2,1,429,170,71,11,96,Patentamt,0.07025105868118572,0.07538659793814433,,,500,181
15,15,2,1,3,0,0,0,429,196,89,28,-1,,0.07161222020568662,0.09020618556701031,,,518,224
16,16,3,1,3,1,0,0,429,196,89,28,-1,,0.07161222020568662,0.09020618556701031,,,518,224
17,17,4,1,3,1,1,0,429,196,63,15,-1,,0.06964609800362977,0.08741408934707903,,,492,211
18,18,5,1,3,1,1,1,429,196,63,15,95,European,0.06964609800362977,0.08741408934707903,,,492,211
19,19,4,1,3,1,2,0,429,212,89,12,-1,,0.07161222020568662,0.0936426116838488,,,518,224
20,20,5,1,3,1,2,1,429,213,43,11,96,Patent,0.06813369630973987,0.0938573883161512,,,472,224
21,21,5,1,3,1,2,2,478,212,40,12,90,Office,0.07531760435571688,0.0936426116838488,,,518,224
22,22,2,1,4,0,0,0,429,239,109,28,-1,,0.07312462189957653,0.10867697594501718,,,538,267
23,23,3,1,4,1,0,0,429,239,109,28,-1,,0.07312462189957653,0.10867697594501718,,,538,267
24,24,4,1,4,1,1,0,429,239,109,15,-1,,0.07312462189957653,0.10588487972508591,,,538,254
25,25,5,1,4,1,1,1,429,239,40,12,93,Office,0.06790683605565638,0.1052405498281787,,,469,251
26,26,5,1,4,1,1,2,474,239,64,15,93,europ√©en,0.0765275257108288,0.10588487972508591,,,538,254
27,27,4,1,4,1,2,0,429,255,77,12,-1,,0.0707047791893527,0.11211340206185567,,,506,267
28,28,5,1,4,1,2,1,429,255,22,12,95,des,0.06654567453115548,0.11211340206185567,,,451,267
29,29,5,1,4,1,2,2,457,255,49,12,82,brevets,0.07282214156079855,0.11211340206185567,,,506,267
30,30,2,1,5,0,0,0,281,136,274,150,-1,,0.06321839080459771,0.09063573883161512,,,555,286
31,31,3,1,5,1,0,0,281,136,274,150,-1,,0.06321839080459771,0.09063573883161512,,,555,286
32,32,4,1,5,1,1,0,281,136,274,150,-1,,0.06321839080459771,0.09063573883161512,,,555,286
33,33,5,1,5,1,1,1,281,136,274,150,95, ,0.06321839080459771,0.09063573883161512,,,555,286
34,34,2,1,6,0,0,0,225,324,45,26,-1,,0.037431941923774956,0.14475945017182132,,,270,350
35,35,3,1,6,1,0,0,225,324,45,26,-1,,0.037431941923774956,0.14475945017182132,,,270,350
36,36,4,1,6,1,1,0,225,324,45,26,-1,,0.037431941923774956,0.14475945017182132,,,270,350
37,37,5,1,6,1,1,1,225,324,45,26,96,(12),0.037431941923774956,0.14475945017182132,,,270,350
38,38,2,1,7,0,0,0,1002,245,458,38,-1,,0.18617664851784635,0.1134020618556701,,,1460,283
39,39,3,1,7,1,0,0,1002,245,458,38,-1,,0.18617664851784635,0.1134020618556701,,,1460,283
40,40,4,1,7,1,1,0,1002,245,458,38,-1,,0.18617664851784635,0.1134020618556701,,,1460,283
41,41,5,1,7,1,1,1,1002,256,44,27,74,(11),0.15486993345432548,0.11576460481099657,,,1046,283
42,42,5,1,7,1,1,2,1146,245,52,32,96,EP,0.17725347852389595,0.11211340206185567,number,EP,1198,277
43,43,5,1,7,1,1,3,1214,245,20,32,96,3,0.1851179673321234,0.11211340206185567,number,3,1234,277
44,44,5,1,7,1,1,4,1248,245,69,32,96,402,0.1939655172413793,0.11211340206185567,number,402,1317,277
45,45,5,1,7,1,1,5,1331,245,69,32,88,234,0.20651845130066546,0.11211340206185567,number,34,1400,277
46,46,5,1,7,1,1,6,1413,245,47,32,87,A1,0.21725650332728372,0.11211340206185567,number,A1,1460,277
47,47,2,1,8,0,0,0,577,319,537,26,-1,,0.1278735632183908,0.14261168384879724,,,1114,345
48,48,3,1,8,1,0,0,577,319,537,26,-1,,0.1278735632183908,0.14261168384879724,,,1114,345
49,49,4,1,8,1,1,0,577,319,537,26,-1,,0.1278735632183908,0.14261168384879724,,,1114,345
50,50,5,1,8,1,1,1,577,319,156,26,96,EUROPEAN,0.09906231094978826,0.14261168384879724,,,733,345
51,51,5,1,8,1,1,2,735,320,135,24,95,PATENT,0.12137023593466424,0.14261168384879724,,,870,344
52,52,5,1,8,1,1,3,873,319,241,26,95,APPLICATION,0.1502571082879613,0.14261168384879724,,,1114,345
53,53,2,1,9,0,0,0,579,354,534,26,-1,,0.1279491833030853,0.15764604810996563,,,1113,380
54,54,3,1,9,1,0,0,579,354,534,26,-1,,0.1279491833030853,0.15764604810996563,,,1113,380
55,55,4,1,9,1,1,0,579,354,534,26,-1,,0.1279491833030853,0.15764604810996563,,,1113,380
56,56,5,1,9,1,1,1,579,354,110,25,96,published,0.09588626739261948,0.15743127147766323,,,689,379
57,57,5,1,9,1,1,2,700,354,17,20,96,in,0.10715366001209921,0.1563573883161512,,,717,374
58,58,5,1,9,1,1,3,727,354,122,21,95,accordance,0.1191772534785239,0.1565721649484536,,,849,375
59,59,5,1,9,1,1,4,850,354,67,21,96,with,0.1336206896551724,0.1565721649484536,,,917,375
60,60,5,1,9,1,1,5,926,354,39,21,93,Art.,0.14299758015728978,0.1565721649484536,,,965,375
61,61,5,1,9,1,1,6,978,354,72,26,91,153(4),0.15335753176043557,0.15764604810996563,,,1050,380
62,62,5,1,9,1,1,7,1061,354,52,21,96,EPC,0.16439806412583183,0.1565721649484536,,,1113,375
63,63,2,1,10,0,0,0,225,432,378,53,-1,,0.06261343012704174,0.19695017182130584,,,603,485
64,64,3,1,10,1,0,0,225,432,378,53,-1,,0.06261343012704174,0.19695017182130584,,,603,485
65,65,4,1,10,1,1,0,225,432,262,26,-1,,0.05384150030248034,0.19115120274914088,,,487,458
66,66,5,1,10,1,1,1,225,432,45,26,94,(43),0.037431941923774956,0.19115120274914088,,,270,458
67,67,5,1,10,1,1,2,286,434,48,18,96,Date,0.04688445251058681,0.19029209621993126,,,334,452
68,68,5,1,10,1,1,3,342,434,20,18,96,of,0.05323653962492438,0.19029209621993126,,,362,452
69,69,5,1,10,1,1,4,370,434,117,23,96,publication:,0.0648064125831821,0.19136597938144329,,,487,457
70,70,4,1,10,1,2,0,286,466,317,19,-1,,0.06722625529340592,0.20425257731958762,,,603,485
71,71,5,1,10,1,2,1,286,466,117,19,92,14.11.2018,0.052102238354506954,0.20425257731958762,publication_date,14.11.2018,403,485
72,72,5,1,10,1,2,2,426,466,84,19,92,Bulletin,0.07078039927404718,0.20425257731958762,,,510,485
73,73,5,1,10,1,2,3,519,466,84,19,96,2018/46,0.08484573502722323,0.20425257731958762,,,603,485
74,74,2,1,11,0,0,0,225,530,402,26,-1,,0.06442831215970962,0.23324742268041238,,,627,556
75,75,3,1,11,1,0,0,225,530,402,26,-1,,0.06442831215970962,0.23324742268041238,,,627,556
76,76,4,1,11,1,1,0,225,530,402,26,-1,,0.06442831215970962,0.23324742268041238,,,627,556
77,77,5,1,11,1,1,1,225,530,45,26,96,(21),0.037431941923774956,0.23324742268041238,,,270,556
78,78,5,1,11,1,1,2,285,532,115,23,96,Application,0.051799758015728975,0.23346219931271478,,,400,555
79,79,5,1,11,1,1,3,410,532,83,18,93,number:,0.06828493647912885,0.23238831615120276,,,493,550
80,80,5,1,11,1,1,4,504,532,123,18,62,18738504.2,0.08552631578947369,0.23238831615120276,application_number,18738504.2,627,550
81,81,2,1,12,0,0,0,225,596,325,26,-1,,0.05860556563823351,0.2615979381443299,,,550,622
82,82,3,1,12,1,0,0,225,596,325,26,-1,,0.05860556563823351,0.2615979381443299,,,550,622
83,83,4,1,12,1,1,0,225,596,325,26,-1,,0.05860556563823351,0.2615979381443299,,,550,622
84,84,5,1,12,1,1,1,225,596,45,26,96,(22),0.037431941923774956,0.2615979381443299,,,270,622
85,85,5,1,12,1,1,2,286,598,48,18,96,Date,0.04688445251058681,0.2607388316151203,,,334,616
86,86,5,1,12,1,1,3,342,602,12,14,96,of,0.05263157894736842,0.2615979381443299,,,354,616
87,87,5,1,12,1,1,4,355,598,67,23,96,filing:,0.058756805807622506,0.2618127147766323,,,422,621
88,88,5,1,12,1,1,5,433,598,117,18,96,16.01.2018,0.07433454325468844,0.2607388316151203,filing_date,16.01.2018,550,616
89,89,2,1,13,0,0,0,862,432,535,147,-1,,0.17082577132486387,0.21713917525773196,,,1397,579
90,90,3,1,13,1,0,0,862,432,535,147,-1,,0.17082577132486387,0.21713917525773196,,,1397,579
91,91,4,1,13,1,1,0,862,432,126,26,-1,,0.13989715668481548,0.19115120274914088,,,988,458
92,92,5,1,13,1,1,1,862,432,44,26,91,(51),0.1336963097398669,0.19115120274914088,,,906,458
93,93,5,1,13,1,1,2,923,434,25,18,93,Int,0.1414851784633999,0.19029209621993126,,,948,452
94,94,5,1,13,1,1,3,955,434,33,18,80,Cl:,0.14692982456140352,0.19029209621993126,,,988,452
95,95,4,1,13,1,2,0,922,462,475,21,-1,,0.1753629764065336,0.2029639175257732,,,1397,483
96,96,5,1,13,1,2,1,922,464,68,19,87,HO4W,0.14458560193587416,0.203393470790378,class_international,H04W,990,483
97,97,5,1,13,1,2,2,996,464,45,19,85,8/08,0.15403811252268604,0.203393470790378,class_international,8/08,1041,483
98,98,5,1,13,1,2,3,1046,462,67,15,77,(2009.01),0.16326376285541438,0.20167525773195877,,,1113,477
99,99,5,1,13,1,2,4,1193,464,68,19,31,HO4W,0.18557168784029038,0.203393470790378,,,1261,483
100,100,5,1,13,1,2,5,1267,464,58,19,88,60/00,0.19600725952813067,0.203393470790378,,,1325,483
101,101,5,1,13,1,2,6,1330,462,67,15,66,(2299-01),0.20621597096188748,0.20167525773195877,,,1397,477
102,102,4,1,13,1,3,0,862,526,403,26,-1,,0.16084392014519056,0.23152920962199314,,,1265,552
103,103,5,1,13,1,3,1,862,526,44,26,94,(86),0.1336963097398669,0.23152920962199314,,,906,552
104,104,5,1,13,1,3,2,923,528,128,18,94,International,0.14927404718693285,0.23067010309278352,,,1051,546
105,105,5,1,13,1,3,3,1060,528,111,23,96,application,0.16870840895341802,0.23174398625429554,,,1171,551
106,106,5,1,13,1,3,4,1182,528,83,18,96,number:,0.1850423472474289,0.23067010309278352,,,1265,546
107,107,4,1,13,1,4,0,923,560,225,19,-1,,0.15660919540229884,0.24463058419243985,,,1148,579
108,108,5,1,13,1,4,1,923,560,225,19,92,PCT/KR2018/000737,0.15660919540229884,0.24463058419243985,,,1148,579
109,109,2,1,14,0,0,0,862,624,573,58,-1,,0.1736993345432547,0.2804982817869416,,,1435,682
110,110,3,1,14,1,0,0,862,624,573,58,-1,,0.1736993345432547,0.2804982817869416,,,1435,682
111,111,4,1,14,1,1,0,862,624,403,26,-1,,0.16084392014519056,0.27362542955326463,,,1265,650
112,112,5,1,14,1,1,1,862,624,44,26,92,(87),0.1336963097398669,0.27362542955326463,,,906,650
113,113,5,1,14,1,1,2,923,626,128,18,92,International,0.14927404718693285,0.27276632302405496,,,1051,644
114,114,5,1,14,1,1,3,1061,626,110,23,96,publication,0.16878402903811252,0.27384020618556704,,,1171,649
115,115,5,1,14,1,1,4,1182,626,83,18,96,number:,0.1850423472474289,0.27276632302405496,,,1265,644
116,116,4,1,14,1,2,0,921,659,514,23,-1,,0.1781609195402299,0.28801546391752575,,,1435,682
117,117,5,1,14,1,2,1,921,659,22,18,93,WO,0.14095583787053842,0.2869415807560137,,,943,677
118,118,5,1,14,1,2,2,945,659,163,18,91,2018/131984,0.15524803387779795,0.2869415807560137,,,1108,677
119,119,5,1,14,1,2,3,1116,659,126,23,96,(19.07.2018,0.17831215970961886,0.28801546391752575,,,1242,682
120,120,5,1,14,1,2,4,1250,659,84,18,96,Gazette,0.19540229885057472,0.2869415807560137,,,1334,677
121,121,5,1,14,1,2,5,1342,659,93,23,96,2018/29),0.20999697519661223,0.28801546391752575,,,1435,682
122,122,2,1,15,0,0,0,224,710,1243,6,-1,,0.1278735632183908,0.30627147766323026,,,1467,716
123,123,3,1,15,1,0,0,224,710,1243,6,-1,,0.1278735632183908,0.30627147766323026,,,1467,716
124,124,4,1,15,1,1,0,224,710,1243,6,-1,,0.1278735632183908,0.30627147766323026,,,1467,716
125,125,5,1,15,1,1,1,224,710,1243,6,95, ,0.1278735632183908,0.30627147766323026,,,1467,716
126,126,2,1,16,0,0,0,225,729,599,250,-1,,0.07932546884452511,0.36683848797250856,,,824,979
127,127,3,1,16,1,0,0,225,729,599,250,-1,,0.07932546884452511,0.36683848797250856,,,824,979
128,128,4,1,16,1,1,0,225,729,388,27,-1,,0.0633696309739867,0.31894329896907214,,,613,756
129,129,5,1,16,1,1,1,225,729,45,27,96,(84),0.037431941923774956,0.31894329896907214,,,270,756
130,130,5,1,16,1,1,2,286,731,118,23,96,Designated,0.052177858439201454,0.31894329896907214,,,404,754
131,131,5,1,16,1,1,3,413,731,119,23,96,Contracting,0.07146098003629764,0.31894329896907214,,,532,754
132,132,5,1,16,1,1,4,542,731,71,19,96,States:,0.08734119782214156,0.3180841924398625,,,613,750
133,133,4,1,16,1,2,0,285,764,537,18,-1,,0.08371143375680581,0.3320446735395189,,,822,782
134,134,5,1,16,1,2,1,285,764,31,18,95,AL,0.04544767090139141,0.3320446735395189,,,316,782
135,135,5,1,16,1,2,2,323,764,31,18,95,AT,0.05119479733817302,0.3320446735395189,,,354,782
136,136,5,1,16,1,2,3,363,764,30,18,95,BE,0.05716878402903811,0.3320446735395189,,,393,782
137,137,5,1,16,1,2,4,403,764,32,18,95,BG,0.0633696309739867,0.3320446735395189,,,435,782
138,138,5,1,16,1,2,5,445,764,31,18,96,CH,0.06964609800362977,0.3320446735395189,,,476,782
139,139,5,1,16,1,2,6,486,764,32,18,96,CY,0.07592256503327284,0.3320446735395189,,,518,782
140,140,5,1,16,1,2,7,526,764,30,18,96,CZ,0.08182093163944344,0.3320446735395189,,,556,782
141,141,5,1,16,1,2,8,565,764,30,18,96,DE,0.08771929824561403,0.3320446735395189,,,595,782
142,142,5,1,16,1,2,9,605,764,32,18,90,DK,0.09392014519056262,0.3320446735395189,,,637,782
143,143,5,1,16,1,2,10,646,764,29,18,90,EE,0.0998941318814277,0.3320446735395189,,,675,782
144,144,5,1,16,1,2,11,684,764,29,18,93,ES,0.10564125831820932,0.3320446735395189,,,713,782
145,145,5,1,16,1,2,12,723,764,99,18,86,FIFRGB,0.11683303085299455,0.3320446735395189,,,822,782
146,146,4,1,16,1,3,0,286,797,538,18,-1,,0.08393829401088929,0.34621993127147765,,,824,815
147,147,5,1,16,1,3,1,286,797,34,18,69,GR,0.04582577132486389,0.34621993127147765,,,320,815
148,148,5,1,16,1,3,2,328,797,32,18,69,HR,0.05202661826981246,0.34621993127147765,,,360,815
149,149,5,1,16,1,3,3,368,797,178,18,75,HUIEISITLILT,0.0691167574107683,0.34621993127147765,,,546,815
150,150,5,1,16,1,3,4,554,797,28,18,51,LU,0.08590441621294616,0.34621993127147765,,,582,815
151,151,5,1,16,1,3,5,591,797,28,18,51,LV,0.09150030248033877,0.34621993127147765,,,619,815
152,152,5,1,16,1,3,6,627,797,35,18,93,MC,0.09747428917120388,0.34621993127147765,,,662,815
153,153,5,1,16,1,3,7,670,797,35,18,93,MK,0.10397761645493044,0.34621993127147765,,,705,815
154,154,5,1,16,1,3,8,713,797,32,18,93,MT,0.11025408348457351,0.34621993127147765,,,745,815
155,155,5,1,16,1,3,9,753,797,29,18,65,NL,0.11607683000604961,0.34621993127147765,,,782,815
156,156,5,1,16,1,3,10,791,797,33,18,65,NO,0.1221264367816092,0.34621993127147765,,,824,815
157,157,4,1,16,1,4,0,286,829,337,19,-1,,0.06873865698729582,0.360180412371134,,,623,848
158,158,5,1,16,1,4,1,286,829,28,19,96,PL,0.045372050816696916,0.360180412371134,,,314,848
159,159,5,1,16,1,4,2,323,829,29,19,94,PT,0.05104355716878403,0.360180412371134,,,352,848
160,160,5,1,16,1,4,3,360,829,33,19,33,RO,0.05694192377495463,0.360180412371134,,,393,848
161,161,5,1,16,1,4,4,403,829,15,19,33,RS,0.06208408953418028,0.360180412371134,,,418,848
162,162,5,1,16,1,4,5,420,829,52,19,92,SE,0.06745311554748941,0.360180412371134,,,472,848
163,163,5,1,16,1,4,6,480,829,61,19,86,SISK,0.07720810647307925,0.360180412371134,,,541,848
164,164,5,1,16,1,4,7,550,829,73,19,89,SMTR,0.08870235934664247,0.360180412371134,,,623,848
165,165,4,1,16,1,5,0,286,862,310,23,-1,,0.06669691470054447,0.3752147766323024,,,596,885
166,166,5,1,16,1,5,1,286,862,118,23,96,Designated,0.052177858439201454,0.3752147766323024,,,404,885
167,167,5,1,16,1,5,2,413,862,102,18,96,Extension,0.07017543859649122,0.3741408934707904,,,515,880
168,168,5,1,16,1,5,3,524,862,72,18,96,States:,0.08469449485783424,0.3741408934707904,,,596,880
169,169,4,1,16,1,6,0,286,895,74,19,-1,,0.04885057471264368,0.38853092783505155,,,360,914
170,170,5,1,16,1,6,1,286,895,33,19,96,BA,0.04575015124016939,0.38853092783505155,,,319,914
171,171,5,1,16,1,6,2,327,895,33,19,96,ME,0.05195099818511797,0.38853092783505155,,,360,914
172,172,4,1,16,1,7,0,286,928,310,23,-1,,0.06669691470054447,0.40356529209621994,,,596,951
173,173,5,1,16,1,7,1,286,928,118,23,96,Designated,0.052177858439201454,0.40356529209621994,,,404,951
174,174,5,1,16,1,7,2,411,928,104,18,96,Validation,0.07002419842710224,0.4024914089347079,,,515,946
175,175,5,1,16,1,7,3,524,928,72,18,96,States:,0.08469449485783424,0.4024914089347079,,,596,946
176,176,4,1,16,1,8,0,286,961,116,18,-1,,0.05202661826981246,0.4166666666666667,,,402,979
177,177,5,1,16,1,8,1,286,961,35,18,95,MA,0.04590139140955838,0.4166666666666667,,,321,979
178,178,5,1,16,1,8,2,330,961,34,18,95,MD,0.05248033877797943,0.4166666666666667,,,364,979
179,179,5,1,16,1,8,3,373,961,29,18,94,TN,0.05860556563823351,0.4166666666666667,,,402,979
180,180,2,1,17,0,0,0,225,1024,276,152,-1,,0.05490018148820327,0.4725085910652921,,,501,1176
181,181,3,1,17,1,0,0,225,1024,276,152,-1,,0.05490018148820327,0.4725085910652921,,,501,1176
182,182,4,1,17,1,1,0,225,1024,276,26,-1,,0.05490018148820327,0.44544673539518903,,,501,1050
183,183,5,1,17,1,1,1,225,1024,45,26,96,(30),0.037431941923774956,0.44544673539518903,,,270,1050
184,184,5,1,17,1,1,2,286,1026,77,23,94,Priority:,0.04907743496672716,0.44566151202749144,,,363,1049
185,185,5,1,17,1,1,3,385,1026,116,18,95,16.01.2017,0.06699939503932244,0.44458762886597936,priority_date_eu,16.01.2017,501,1044
186,186,4,1,17,1,2,0,384,1059,117,18,-1,,0.06692377495462795,0.4587628865979381,,,501,1077
187,187,5,1,17,1,2,1,384,1059,117,18,96,16.02.2017,0.06692377495462795,0.4587628865979381,,,501,1077
188,188,4,1,17,1,3,0,383,1092,118,18,-1,,0.06684815486993345,0.4729381443298969,,,501,1110
189,189,5,1,17,1,3,1,383,1092,118,18,96,02.05.2017,0.06684815486993345,0.4729381443298969,,,501,1110
190,190,4,1,17,1,4,0,383,1125,118,18,-1,,0.06684815486993345,0.48711340206185566,,,501,1143
191,191,5,1,17,1,4,1,383,1125,118,18,95,04.05.2017,0.06684815486993345,0.48711340206185566,,,501,1143
192,192,4,1,17,1,5,0,384,1157,117,19,-1,,0.06692377495462795,0.501073883161512,,,501,1176
193,193,5,1,17,1,5,1,384,1157,117,19,88,11.08.2017,0.06692377495462795,0.501073883161512,,,501,1176
194,194,2,1,18,0,0,0,520,1026,218,150,-1,,0.09513006654567453,0.4729381443298969,,,738,1176
195,195,3,1,18,1,0,0,520,1026,218,150,-1,,0.09513006654567453,0.4729381443298969,,,738,1176
196,196,4,1,18,1,1,0,520,1026,218,18,-1,,0.09513006654567453,0.44458762886597936,,,738,1044
197,197,5,1,18,1,1,1,520,1026,30,18,96,US,0.0809134906231095,0.44458762886597936,,,550,1044
198,198,5,1,18,1,1,2,559,1026,157,18,93,201762446786,0.09641560798548095,0.44458762886597936,,,716,1044
199,199,5,1,18,1,1,3,725,1026,13,18,93,P,0.11063218390804598,0.44458762886597936,,,738,1044
200,200,4,1,18,1,2,0,520,1059,218,18,-1,,0.09513006654567453,0.4587628865979381,,,738,1077
201,201,5,1,18,1,2,1,520,1059,30,18,96,US,0.0809134906231095,0.4587628865979381,,,550,1077
202,202,5,1,18,1,2,2,559,1059,157,18,93,201762459619,0.09641560798548095,0.4587628865979381,,,716,1077
203,203,5,1,18,1,2,3,725,1059,13,18,91,P,0.11063218390804598,0.4587628865979381,,,738,1077
204,204,4,1,18,1,3,0,520,1092,218,18,-1,,0.09513006654567453,0.4729381443298969,,,738,1110
205,205,5,1,18,1,3,1,520,1092,30,18,96,US,0.0809134906231095,0.4729381443298969,,,550,1110
206,206,5,1,18,1,3,2,559,1092,157,18,93,201762492967,0.09641560798548095,0.4729381443298969,,,716,1110
207,207,5,1,18,1,3,3,725,1092,13,18,93,P,0.11063218390804598,0.4729381443298969,,,738,1110
208,208,4,1,18,1,4,0,520,1125,218,18,-1,,0.09513006654567453,0.48711340206185566,,,738,1143
209,209,5,1,18,1,4,1,520,1125,30,18,96,US,0.0809134906231095,0.48711340206185566,,,550,1143
210,210,5,1,18,1,4,2,559,1125,157,18,87,201762501110,0.09641560798548095,0.48711340206185566,,,716,1143
211,211,5,1,18,1,4,3,725,1125,13,18,87,P,0.11063218390804598,0.48711340206185566,,,738,1143
212,212,4,1,18,1,5,0,520,1157,218,19,-1,,0.09513006654567453,0.501073883161512,,,738,1176
213,213,5,1,18,1,5,1,520,1157,30,19,96,US,0.0809134906231095,0.501073883161512,,,550,1176
214,214,5,1,18,1,5,2,559,1157,157,19,93,201762543990,0.09641560798548095,0.501073883161512,,,716,1176
215,215,5,1,18,1,5,3,725,1157,13,19,93,P,0.11063218390804598,0.501073883161512,,,738,1176
216,216,2,1,19,0,0,0,844,712,4,566,-1,,0.1279491833030853,0.4274054982817869,,,848,1278
217,217,3,1,19,1,0,0,844,712,4,566,-1,,0.1279491833030853,0.4274054982817869,,,848,1278
218,218,4,1,19,1,1,0,844,712,4,566,-1,,0.1279491833030853,0.4274054982817869,,,848,1278
219,219,5,1,19,1,1,1,844,712,4,566,95, ,0.1279491833030853,0.4274054982817869,,,848,1278
220,220,2,1,20,0,0,0,862,729,385,58,-1,,0.15948275862068967,0.32560137457044674,,,1247,787
221,221,3,1,20,1,0,0,862,729,385,58,-1,,0.15948275862068967,0.32560137457044674,,,1247,787
222,222,4,1,20,1,1,0,862,729,385,27,-1,,0.15948275862068967,0.31894329896907214,,,1247,756
223,223,5,1,20,1,1,1,862,729,44,27,96,(71),0.1336963097398669,0.31894329896907214,,,906,756
224,224,5,1,20,1,1,2,921,731,103,23,96,Applicant:,0.1470810647307925,0.31894329896907214,,,1024,754
225,225,5,1,20,1,1,3,1034,731,30,19,96,LG,0.15865093768905023,0.3180841924398625,applicant_line_1,LG,1064,750
226,226,5,1,20,1,1,4,1074,731,113,19,96,Electronics,0.17097701149425287,0.3180841924398625,applicant_line_1,Electronics,1187,750
227,227,5,1,20,1,1,5,1189,731,58,19,94,Inc.,0.18421052631578946,0.3180841924398625,applicant_line_1,Inc.,1247,750
228,228,4,1,20,1,2,0,922,764,193,23,-1,,0.15403811252268604,0.3331185567010309,,,1115,787
229,229,5,1,20,1,2,1,922,764,63,18,96,Seoul,0.1442075015124017,0.3320446735395189,,,985,782
230,230,5,1,20,1,2,2,994,764,64,18,95,07336,0.15517241379310345,0.3320446735395189,,,1058,782
231,231,5,1,20,1,2,3,1067,764,48,23,95,(KR),0.16500302480338777,0.3331185567010309,,,1115,787
232,232,2,1,21,0,0,0,862,827,253,222,-1,,0.14950090744101632,0.4029209621993127,,,1115,1049
233,233,3,1,21,1,0,0,862,827,253,222,-1,,0.14950090744101632,0.4029209621993127,,,1115,1049
234,234,4,1,21,1,1,0,862,827,162,27,-1,,0.1426194797338173,0.36103951890034364,,,1024,854
235,235,5,1,21,1,1,1,862,827,44,27,95,(72),0.1336963097398669,0.36103951890034364,,,906,854
236,236,5,1,21,1,1,2,923,829,101,19,95,Inventors:,0.1472323049001815,0.360180412371134,,,1024,848
237,237,4,1,21,1,2,0,898,862,176,22,-1,,0.14912280701754385,0.375,,,1074,884
238,238,5,1,21,1,2,1,898,867,7,8,81,¬´,0.13634301270417423,0.3741408934707904,,,905,875
239,239,5,1,21,1,2,2,923,862,54,22,93,"RYU,",0.14367816091954022,0.375,inventor_line_1,"RYU,",977,884
240,240,5,1,21,1,2,3,985,862,89,18,92,Jinsook,0.15570175438596492,0.3741408934707904,inventor_line_1,Jinsook,1074,880
241,241,4,1,21,1,3,0,922,895,193,23,-1,,0.15403811252268604,0.3893900343642612,,,1115,918
242,242,5,1,21,1,3,1,922,895,63,19,96,Seoul,0.1442075015124017,0.38853092783505155,,,985,914
243,243,5,1,21,1,3,2,994,895,64,19,96,06772,0.15517241379310345,0.38853092783505155,,,1058,914
244,244,5,1,21,1,3,3,1067,895,48,23,96,(KR),0.16500302480338777,0.3893900343642612,,,1115,918
245,245,4,1,21,1,4,0,898,928,203,23,-1,,0.1511645493042952,0.40356529209621994,,,1101,951
246,246,5,1,21,1,4,1,898,933,7,8,80,¬´,0.13634301270417423,0.4024914089347079,,,905,941
247,247,5,1,21,1,4,2,923,928,71,22,93,"PARK,",0.14496370235934664,0.40335051546391754,,,994,950
248,248,5,1,21,1,4,3,1003,928,98,23,92,Sangmin,0.15910465819721717,0.40356529209621994,,,1101,951
249,249,4,1,21,1,5,0,922,961,193,23,-1,,0.15403811252268604,0.4177405498281787,,,1115,984
250,250,5,1,21,1,5,1,922,961,63,18,96,Seoul,0.1442075015124017,0.4166666666666667,,,985,979
251,251,5,1,21,1,5,2,994,961,64,18,96,06772,0.15517241379310345,0.4166666666666667,,,1058,979
252,252,5,1,21,1,5,3,1067,961,48,23,96,(KR),0.16500302480338777,0.4177405498281787,,,1115,984
253,253,4,1,21,1,6,0,898,993,195,23,-1,,0.15055958862673927,0.43148625429553267,,,1093,1016
254,254,5,1,21,1,6,1,898,999,7,7,39,*,0.13634301270417423,0.43062714776632305,,,905,1006
255,255,5,1,21,1,6,2,923,993,47,22,93,"KIM,",0.14314882032667878,0.43127147766323026,,,970,1015
256,256,5,1,21,1,6,3,980,993,113,23,92,Hyunsook,0.15676043557168784,0.43148625429553267,,,1093,1016
257,257,4,1,21,1,7,0,922,1026,193,23,-1,,0.15403811252268604,0.44566151202749144,,,1115,1049
258,258,5,1,21,1,7,1,922,1026,63,18,96,Seoul,0.1442075015124017,0.44458762886597936,,,985,1044
259,259,5,1,21,1,7,2,994,1026,64,18,96,06772,0.15517241379310345,0.44458762886597936,,,1058,1044
260,260,5,1,21,1,7,3,1067,1026,48,23,96,(KR),0.16500302480338777,0.44566151202749144,,,1115,1049
261,261,2,1,22,0,0,0,862,1090,376,156,-1,,0.1588021778584392,0.5017182130584192,,,1238,1246
262,262,3,1,22,1,0,0,862,1090,376,156,-1,,0.1588021778584392,0.5017182130584192,,,1238,1246
263,263,4,1,22,1,1,0,862,1090,376,26,-1,,0.1588021778584392,0.4737972508591065,,,1238,1116
264,264,5,1,22,1,1,1,862,1090,44,26,96,(74),0.1336963097398669,0.4737972508591065,,,906,1116
265,265,5,1,22,1,1,2,923,1092,163,23,93,Representative:,0.15192075015124018,0.4740120274914089,,,1086,1115
266,266,5,1,22,1,1,3,1096,1092,85,22,93,"Kat√©rle,",0.1721869328493648,0.4737972508591065,representative_line_1_eu,"Katerle,",1181,1114
267,267,5,1,22,1,1,4,1189,1092,49,18,96,Axel,0.18352994555353902,0.4729381443298969,representative_line_1_eu,Axel,1238,1110
268,268,4,1,22,1,2,0,921,1125,264,18,-1,,0.15925589836660617,0.48711340206185566,,,1185,1143
269,269,5,1,22,1,2,1,921,1125,117,18,92,Wuesthoff,0.14813974591651544,0.48711340206185566,,,1038,1143
270,270,5,1,22,1,2,2,1045,1125,16,18,92,&,0.15925589836660617,0.48711340206185566,,,1061,1143
271,271,5,1,22,1,2,3,1068,1125,117,18,96,Wuesthoff,0.1703720508166969,0.48711340206185566,,,1185,1143
272,272,4,1,22,1,3,0,923,1157,289,19,-1,,0.16144888082274653,0.501073883161512,,,1212,1176
273,273,5,1,22,1,3,1,923,1157,158,19,91,Patentanwalte,0.1515426497277677,0.501073883161512,,,1081,1176
274,274,5,1,22,1,3,2,1090,1157,62,19,90,PartG,0.16954022988505746,0.501073883161512,,,1152,1176
275,275,5,1,22,1,3,3,1161,1157,51,19,91,mbB,0.1794464609800363,0.501073883161512,,,1212,1176
276,276,4,1,22,1,4,0,922,1190,209,23,-1,,0.15524803387779795,0.5161082474226805,,,1131,1213
277,277,5,1,22,1,4,1,922,1190,189,23,80,SchweigerstraBe,0.15373563218390804,0.5161082474226805,,,1111,1213
278,278,5,1,22,1,4,2,1120,1190,11,19,96,2,0.17022081064730793,0.5152491408934707,,,1131,1209
279,279,4,1,22,1,5,0,922,1223,231,23,-1,,0.15691167574107684,0.5302835051546392,,,1153,1246
280,280,5,1,22,1,5,1,922,1223,62,18,93,81541,0.1441318814277072,0.5292096219931272,,,984,1241
281,281,5,1,22,1,5,2,996,1223,101,18,81,Miinchen,0.15827283726557773,0.5292096219931272,,,1097,1241
282,282,5,1,22,1,5,3,1107,1223,46,23,96,(DE),0.17090139140955837,0.5302835051546392,,,1153,1246
283,283,2,1,23,0,0,0,224,1274,1243,6,-1,,0.1278735632183908,0.5485395189003437,,,1467,1280
284,284,3,1,23,1,0,0,224,1274,1243,6,-1,,0.1278735632183908,0.5485395189003437,,,1467,1280
285,285,4,1,23,1,1,0,224,1274,1243,6,-1,,0.1278735632183908,0.5485395189003437,,,1467,1280
286,286,5,1,23,1,1,1,224,1274,1243,6,95, ,0.1278735632183908,0.5485395189003437,,,1467,1280
287,287,2,1,24,0,0,0,225,1295,466,54,-1,,0.0692679975801573,0.5678694158075601,,,691,1349
288,288,3,1,24,1,0,0,225,1295,466,54,-1,,0.0692679975801573,0.5678694158075601,,,691,1349
289,289,4,1,24,1,1,0,225,1295,45,26,-1,,0.037431941923774956,0.5618556701030928,,,270,1321
290,290,5,1,24,1,1,1,225,1295,45,26,95,(54),0.037431941923774956,0.5618556701030928,,,270,1321
291,291,4,1,24,1,2,0,315,1328,376,21,-1,,0.07607380520266183,0.5749570446735395,,,691,1349
292,292,5,1,24,1,2,1,315,1329,56,20,96,AND,0.051875378100423475,0.5751718213058419,,,371,1349
293,293,5,1,24,1,2,2,380,1329,145,20,96,APPARATUS,0.06843617664851785,0.5751718213058419,,,525,1349
294,294,5,1,24,1,2,3,528,1328,79,21,96,FOR,0.08582879612825166,0.5749570446735395,title_line_1,FOR,607,1349
295,295,5,1,24,1,2,4,617,1328,74,21,96,SAME,0.09891107078039928,0.5749570446735395,,,691,1349
296,296,2,1,25,0,0,0,225,1402,584,382,-1,,0.07819116757410768,0.6842783505154639,,,809,1784
297,297,3,1,25,1,0,0,225,1402,584,382,-1,,0.07819116757410768,0.6842783505154639,,,809,1784
298,298,4,1,25,1,1,0,226,1402,581,27,-1,,0.07811554748941318,0.6080326460481099,,,807,1429
299,299,5,1,25,1,1,1,226,1402,44,27,90,(57),0.03750756200846945,0.6080326460481099,,,270,1429
300,300,5,1,25,1,1,2,0,0,1653,2328,34,|,0.125,0.5,,,1653,2328
301,301,5,1,25,1,1,3,315,1404,53,19,74,AUE,0.05164851784633999,0.6071735395189003,,,368,1423
302,302,5,1,25,1,1,4,375,1404,134,23,74,configuration,0.06684815486993345,0.6080326460481099,,,509,1427
303,303,5,1,25,1,1,5,518,1404,70,23,96,update,0.08363581367211131,0.6080326460481099,,,588,1427
304,304,5,1,25,1,1,6,596,1404,64,19,96,method,0.09497882637628555,0.6071735395189003,,,660,1423
305,305,5,1,25,1,1,7,661,1404,35,19,87,in,0.10261645493042952,0.6071735395189003,,,696,1423
306,306,5,1,25,1,1,8,704,1409,11,14,87,a,0.10730490018148821,0.6082474226804123,,,715,1423
307,307,5,1,25,1,1,9,721,1404,86,19,91,wireless,0.11554748941318814,0.6071735395189003,,,807,1423
308,308,4,1,25,1,2,0,225,1437,582,23,-1,,0.0780399274047187,0.6222079037800687,,,807,1460
309,309,5,1,25,1,2,1,225,1437,158,18,96,communication,0.04597701149425287,0.6211340206185567,,,383,1455
310,310,5,1,25,1,2,2,395,1438,73,22,96,system,0.06526013309134907,0.6224226804123711,,,468,1460
311,311,5,1,25,1,2,3,480,1437,38,18,96,and,0.07546884452510587,0.6211340206185567,,,518,1455
312,312,5,1,25,1,2,4,530,1442,24,13,96,an,0.08197217180883243,0.6222079037800687,,,554,1455
313,313,5,1,25,1,2,5,566,1438,105,22,96,apparatus,0.09354204476709013,0.6224226804123711,,,671,1460
314,314,5,1,25,1,2,6,682,1437,82,18,96,therefor,0.10934664246823957,0.6211340206185567,,,764,1455
315,315,5,1,25,1,2,7,774,1442,33,13,96,are,0.11955535390199637,0.6222079037800687,,,807,1455
316,316,4,1,25,1,3,0,225,1470,582,23,-1,,0.0780399274047187,0.6363831615120275,,,807,1493
317,317,5,1,25,1,3,1,225,1470,103,18,96,disclosed.,0.04181790683605566,0.6353092783505154,,,328,1488
318,318,5,1,25,1,3,2,337,1470,123,23,96,"Specifically,",0.0602692075015124,0.6363831615120275,,,460,1493
319,319,5,1,25,1,3,3,469,1474,12,14,96,a,0.07183908045977011,0.636168384879725,,,481,1488
320,320,5,1,25,1,3,4,489,1470,77,18,96,method,0.07977918935269207,0.6353092783505154,,,566,1488
321,321,5,1,25,1,3,5,573,1470,28,18,97,for,0.08877797943133696,0.6353092783505154,,,601,1488
322,322,5,1,25,1,3,6,608,1470,88,23,96,updating,0.09860859044162129,0.6363831615120275,,,696,1493
323,323,5,1,25,1,3,7,705,1474,11,14,92,a,0.1074561403508772,0.636168384879725,,,716,1488
324,324,5,1,25,1,3,8,724,1470,83,23,92,configu-,0.11577434966727163,0.6363831615120275,,,807,1493
325,325,4,1,25,1,4,0,225,1502,583,23,-1,,0.07811554748941318,0.6501288659793815,,,808,1525
326,326,5,1,25,1,4,1,225,1502,57,19,96,ration,0.03833938294010889,0.6492697594501718,,,282,1521
327,327,5,1,25,1,4,2,290,1502,20,19,96,of,0.045372050816696916,0.6492697594501718,,,310,1521
328,328,5,1,25,1,4,3,316,1507,45,14,96,user,0.05119479733817302,0.6503436426116839,,,361,1521
329,329,5,1,25,1,4,4,368,1502,110,23,96,equipment,0.06397459165154265,0.6501288659793815,,,478,1525
330,330,5,1,25,1,4,5,485,1502,47,23,96,(UE),0.07690562613430127,0.6501288659793815,,,532,1525
331,331,5,1,25,1,4,6,540,1502,24,23,96,by,0.08348457350272233,0.6501288659793815,,,564,1525
332,332,5,1,25,1,4,7,571,1507,23,14,96,an,0.08809739866908652,0.6503436426116839,,,594,1521
333,333,5,1,25,1,4,8,602,1507,73,14,96,access,0.09656684815486993,0.6503436426116839,,,675,1521
334,334,5,1,25,1,4,9,682,1502,38,19,96,and,0.1060193587416818,0.6492697594501718,,,720,1521
335,335,5,1,25,1,4,10,729,1502,79,23,96,mobility,0.1162280701754386,0.6501288659793815,,,808,1525
336,336,4,1,25,1,5,0,226,1536,581,23,-1,,0.07811554748941318,0.664733676975945,,,807,1559
337,337,5,1,25,1,5,1,226,1540,129,19,96,management,0.043935269207501515,0.6655927835051546,,,355,1559
338,338,5,1,25,1,5,2,357,1536,96,18,96,function,0.061252268602540835,0.663659793814433,,,453,1554
339,339,5,1,25,1,5,3,464,1536,63,23,96,(AMF),0.0749395039322444,0.664733676975945,,,527,1559
340,340,5,1,25,1,5,4,538,1536,15,18,96,in,0.08250151240169389,0.663659793814433,,,553,1554
341,341,5,1,25,1,5,5,563,1540,12,14,96,a,0.08605565638233514,0.6645189003436426,,,575,1554
342,342,5,1,25,1,5,6,584,1536,85,18,93,wireless,0.09475196612220206,0.663659793814433,,,669,1554
343,343,5,1,25,1,5,7,679,1536,128,18,92,communica-,0.11237144585601935,0.663659793814433,,,807,1554
344,344,4,1,25,1,6,0,225,1568,582,23,-1,,0.0780399274047187,0.678479381443299,,,807,1591
345,345,5,1,25,1,6,1,225,1568,36,19,96,tion,0.0367513611615245,0.6776202749140894,,,261,1587
346,346,5,1,25,1,6,2,269,1569,73,22,96,system,0.04620387174833636,0.6786941580756014,,,342,1591
347,347,5,1,25,1,6,3,351,1568,85,19,96,includes,0.059513006654567456,0.6776202749140894,,,436,1587
348,348,5,1,25,1,6,4,443,1568,123,23,96,determining,0.07630066545674531,0.678479381443299,,,566,1591
349,349,5,1,25,1,6,5,572,1568,85,19,96,whether,0.09293708408953417,0.6776202749140894,,,657,1587
350,350,5,1,25,1,6,6,663,1568,32,19,93,the,0.10269207501512402,0.6776202749140894,,,695,1587
351,351,5,1,25,1,6,7,703,1568,104,23,92,configura-,0.11418632788868724,0.678479381443299,,,807,1591
352,352,4,1,25,1,7,0,225,1601,584,23,-1,,0.07819116757410768,0.6926546391752577,,,809,1624
353,353,5,1,25,1,7,1,225,1601,36,18,97,tion,0.0367513611615245,0.6915807560137457,,,261,1619
354,354,5,1,25,1,7,2,269,1601,20,18,96,of,0.04219600725952813,0.6915807560137457,,,289,1619
355,355,5,1,25,1,7,3,295,1601,32,18,96,the,0.0470356926799758,0.6915807560137457,,,327,1619
356,356,5,1,25,1,7,4,336,1601,31,18,96,UE,0.05316091954022988,0.6915807560137457,title_line_1,UE,367,1619
357,357,5,1,25,1,7,5,375,1601,62,18,95,needs,0.06140350877192982,0.6915807560137457,,,437,1619
358,358,5,1,25,1,7,6,445,1602,18,17,96,to,0.06866303690260134,0.6917955326460481,,,463,1619
359,359,5,1,25,1,7,7,473,1601,23,18,96,be,0.07327586206896551,0.6915807560137457,,,496,1619
360,360,5,1,25,1,7,8,505,1601,89,23,96,changed,0.08310647307924984,0.6926546391752577,,,594,1624
361,361,5,1,25,1,7,9,601,1601,75,18,96,without,0.09656684815486993,0.6915807560137457,,,676,1619
362,362,5,1,25,1,7,10,683,1606,12,13,96,a,0.10420447670901391,0.6926546391752577,,,695,1619
363,363,5,1,25,1,7,11,704,1606,70,18,96,request,0.1117664851784634,0.6937285223367697,,,774,1624
364,364,5,1,25,1,7,12,776,1601,33,18,96,of,0.11985783424077436,0.6915807560137457,,,809,1619
365,365,4,1,25,1,8,0,225,1634,582,23,-1,,0.0780399274047187,0.7068298969072165,,,807,1657
366,366,5,1,25,1,8,1,225,1634,31,18,96,the,0.03637326073805203,0.7057560137457045,,,256,1652
367,367,5,1,25,1,8,2,265,1634,30,18,96,UE,0.04234724742891712,0.7057560137457045,,,295,1652
368,368,5,1,25,1,8,3,303,1638,24,14,96,and,0.04764065335753176,0.7066151202749141,,,327,1652
369,369,5,1,25,1,8,4,329,1634,140,23,96,transmitting,0.0603448275862069,0.7068298969072165,,,469,1657
370,370,5,1,25,1,8,5,477,1638,11,14,96,a,0.07297338173018754,0.7066151202749141,,,488,1652
371,371,5,1,25,1,8,6,497,1634,30,18,96,UE,0.07743496672716274,0.7057560137457045,,,527,1652
372,372,5,1,25,1,8,7,535,1634,134,23,96,configuration,0.0910465819721718,0.7068298969072165,,,669,1657
373,373,5,1,25,1,8,8,678,1634,71,23,93,update,0.10790986085904417,0.7068298969072165,,,749,1657
374,374,5,1,25,1,8,9,756,1638,51,14,92,com-,0.11819419237749547,0.7066151202749141,,,807,1652
375,375,4,1,25,1,9,0,226,1666,581,23,-1,,0.07811554748941318,0.7205756013745704,,,807,1689
376,376,5,1,25,1,9,1,226,1666,56,19,96,mand,0.038415003024803385,0.7197164948453608,,,282,1685
377,377,5,1,25,1,9,2,292,1671,94,18,96,message,0.05127041742286751,0.7216494845360825,,,386,1689
378,378,5,1,25,1,9,3,395,1667,18,18,96,to,0.06110102843315184,0.7199312714776632,,,413,1685
379,379,5,1,25,1,9,4,422,1666,31,19,96,the,0.066167574107683,0.7197164948453608,,,453,1685
380,380,5,1,25,1,9,5,462,1666,31,19,96,UE,0.0722171808832426,0.7197164948453608,,,493,1685
381,381,5,1,25,1,9,6,501,1666,43,19,96,when,0.07902298850574713,0.7197164948453608,,,544,1685
382,382,5,1,25,1,9,7,547,1666,50,19,95,the,0.08650937689050212,0.7197164948453608,,,597,1685
383,383,5,1,25,1,9,8,606,1666,134,23,95,configuration,0.10178463399879008,0.7205756013745704,,,740,1689
384,384,5,1,25,1,9,9,749,1666,19,19,96,of,0.1147156684815487,0.7197164948453608,,,768,1685
385,385,5,1,25,1,9,10,775,1666,32,19,96,the,0.11963097398669087,0.7197164948453608,,,807,1685
386,386,4,1,25,1,10,0,226,1699,581,23,-1,,0.07811554748941318,0.7347508591065293,,,807,1722
387,387,5,1,25,1,10,1,226,1699,30,18,96,UE,0.03644888082274652,0.7336769759450171,,,256,1717
388,388,5,1,25,1,10,2,266,1699,62,18,95,needs,0.044918330308529944,0.7336769759450171,,,328,1717
389,389,5,1,25,1,10,3,336,1700,19,17,95,to,0.052253478523895946,0.7338917525773195,,,355,1717
390,390,5,1,25,1,10,4,364,1699,24,18,96,be,0.056866303690260134,0.7336769759450171,,,388,1717
391,391,5,1,25,1,10,5,397,1699,95,23,96,"changed,",0.06722625529340592,0.7347508591065293,,,492,1722
392,392,5,1,25,1,10,6,501,1699,82,18,96,wherein,0.08197217180883243,0.7336769759450171,,,583,1717
393,393,5,1,25,1,10,7,592,1699,32,18,96,the,0.09195402298850575,0.7336769759450171,,,624,1717
394,394,5,1,25,1,10,8,633,1699,30,18,96,UE,0.09800362976406533,0.7336769759450171,,,663,1717
395,395,5,1,25,1,10,9,672,1699,135,23,96,configuration,0.1118421052631579,0.7347508591065293,,,807,1722
396,396,4,1,25,1,11,0,226,1732,581,23,-1,,0.07811554748941318,0.748926116838488,,,807,1755
397,397,5,1,25,1,11,1,226,1732,70,23,96,update,0.039473684210526314,0.748926116838488,,,296,1755
398,398,5,1,25,1,11,2,304,1732,102,19,96,command,0.05369026013309135,0.7480670103092784,,,406,1751
399,399,5,1,25,1,11,3,415,1737,81,18,95,message,0.06888989715668481,0.75,,,496,1755
400,400,5,1,25,1,11,4,498,1732,105,19,95,includes,0.08325771324863884,0.7480670103092784,,,603,1751
401,401,5,1,25,1,11,5,611,1737,24,14,96,an,0.09422262552934059,0.7491408934707904,,,635,1751
402,402,5,1,25,1,11,6,644,1732,83,23,95,updated,0.10367513611615245,0.748926116838488,,,727,1755
403,403,5,1,25,1,11,7,736,1732,30,19,92,UE,0.11358136721113128,0.7480670103092784,,,766,1751
404,404,5,1,25,1,11,8,775,1737,32,18,92,pa-,0.11963097398669087,0.75,,,807,1755
405,405,4,1,25,1,12,0,225,1766,86,18,-1,,0.04053236539624924,0.7624570446735395,,,311,1784
406,406,5,1,25,1,12,1,225,1766,86,18,96,rameter.,0.04053236539624924,0.7624570446735395,,,311,1784
407,407,2,1,26,0,0,0,316,1295,1133,21,-1,,0.13346944948578343,0.5607817869415808,,,1449,1316
408,408,3,1,26,1,0,0,316,1295,1133,21,-1,,0.13346944948578343,0.5607817869415808,,,1449,1316
409,409,4,1,26,1,1,0,316,1295,1133,21,-1,,0.13346944948578343,0.5607817869415808,,,1449,1316
410,410,5,1,26,1,1,1,316,1295,93,21,96,METHOD,0.05482456140350877,0.5607817869415808,title_line_1,METHOD,409,1316
411,411,5,1,26,1,1,2,412,1295,60,21,96,FOR,0.06684815486993345,0.5607817869415808,,,472,1316
412,412,5,1,26,1,1,3,476,1295,161,21,96,UPDATING,0.08416515426497277,0.5607817869415808,title_line_1,UPDATING,637,1316
413,413,5,1,26,1,1,4,648,1296,34,20,96,UE,0.10057471264367816,0.5609965635738832,,,682,1316
414,414,5,1,26,1,1,5,692,1295,203,21,96,CONFIGURATION,0.12000907441016334,0.5607817869415808,title_line_1,CONFIGURATION,895,1316
415,415,5,1,26,1,1,6,898,1296,50,19,96,IN,0.1395946763460375,0.5607817869415808,title_line_1,IN,948,1315
416,416,5,1,26,1,1,7,957,1295,137,21,96,WIRELESS,0.15509679370840895,0.5607817869415808,title_line_1,WIRELESS,1094,1316
417,417,5,1,26,1,1,8,1103,1295,229,21,96,COMMUNICATION,0.184134906231095,0.5607817869415808,title_line_1,COMMUNICATION,1332,1316
418,418,5,1,26,1,1,9,1343,1295,106,21,96,SYSTEM,0.21113127646702964,0.5607817869415808,title_line_1,SYSTEM,1449,1316
419,419,2,1,27,0,0,0,1078,1710,32,1,-1,,0.16545674531155474,0.7347508591065293,,,1110,1711
420,420,3,1,27,1,0,0,1078,1710,32,1,-1,,0.16545674531155474,0.7347508591065293,,,1110,1711
421,421,4,1,27,1,1,0,1078,1710,32,1,-1,,0.16545674531155474,0.7347508591065293,,,1110,1711
422,422,5,1,27,1,1,1,1078,1710,32,1,95, ,0.16545674531155474,0.7347508591065293,,,1110,1711
423,423,2,1,28,0,0,0,1221,1734,25,1,-1,,0.18655474894131882,0.7450601374570447,,,1246,1735
424,424,3,1,28,1,0,0,1221,1734,25,1,-1,,0.18655474894131882,0.7450601374570447,,,1246,1735
425,425,4,1,28,1,1,0,1221,1734,25,1,-1,,0.18655474894131882,0.7450601374570447,,,1246,1735
426,426,5,1,28,1,1,1,1221,1734,25,1,95, ,0.18655474894131882,0.7450601374570447,,,1246,1735
427,427,2,1,29,0,0,0,1109,1709,1,46,-1,,0.1678009679370841,0.7439862542955327,,,1110,1755
428,428,3,1,29,1,0,0,1109,1709,1,46,-1,,0.1678009679370841,0.7439862542955327,,,1110,1755
429,429,4,1,29,1,1,0,1109,1709,1,46,-1,,0.1678009679370841,0.7439862542955327,,,1110,1755
430,430,5,1,29,1,1,1,1109,1709,1,46,95, ,0.1678009679370841,0.7439862542955327,,,1110,1755
431,431,2,1,30,0,0,0,1078,1710,1,45,-1,,0.1631125226860254,0.7442010309278351,,,1079,1755
432,432,3,1,30,1,0,0,1078,1710,1,45,-1,,0.1631125226860254,0.7442010309278351,,,1079,1755
433,433,4,1,30,1,1,0,1078,1710,1,45,-1,,0.1631125226860254,0.7442010309278351,,,1079,1755
434,434,5,1,30,1,1,1,1078,1710,1,45,95, ,0.1631125226860254,0.7442010309278351,,,1079,1755
435,435,2,1,31,0,0,0,1078,1754,32,1,-1,,0.16545674531155474,0.7536512027491409,,,1110,1755
436,436,3,1,31,1,0,0,1078,1754,32,1,-1,,0.16545674531155474,0.7536512027491409,,,1110,1755
437,437,4,1,31,1,1,0,1078,1754,32,1,-1,,0.16545674531155474,0.7536512027491409,,,1110,1755
438,438,5,1,31,1,1,1,1078,1754,32,1,95, ,0.16545674531155474,0.7536512027491409,,,1110,1755
439,439,2,1,32,0,0,0,1244,1733,3,45,-1,,0.18836963097398668,0.7540807560137457,,,1247,1778
440,440,3,1,32,1,0,0,1244,1733,3,45,-1,,0.18836963097398668,0.7540807560137457,,,1247,1778
441,441,4,1,32,1,1,0,1244,1733,3,45,-1,,0.18836963097398668,0.7540807560137457,,,1247,1778
442,442,5,1,32,1,1,1,1244,1733,3,45,95, ,0.18836963097398668,0.7540807560137457,,,1247,1778
443,443,2,1,33,0,0,0,1221,1734,1,45,-1,,0.18473986690865093,0.7545103092783505,,,1222,1779
444,444,3,1,33,1,0,0,1221,1734,1,45,-1,,0.18473986690865093,0.7545103092783505,,,1222,1779
445,445,4,1,33,1,1,0,1221,1734,1,45,-1,,0.18473986690865093,0.7545103092783505,,,1222,1779
446,446,5,1,33,1,1,1,1221,1734,1,45,95, ,0.18473986690865093,0.7545103092783505,,,1222,1779
447,447,2,1,34,0,0,0,1220,1777,26,2,-1,,0.18647912885662432,0.7637457044673539,,,1246,1779
448,448,3,1,34,1,0,0,1220,1777,26,2,-1,,0.18647912885662432,0.7637457044673539,,,1246,1779
449,449,4,1,34,1,1,0,1220,1777,26,2,-1,,0.18647912885662432,0.7637457044673539,,,1246,1779
450,450,5,1,34,1,1,1,1220,1777,26,2,95, ,0.18647912885662432,0.7637457044673539,,,1246,1779
451,451,2,1,35,0,0,0,922,1440,506,522,-1,,0.17770719903206292,0.7306701030927835,,,1428,1962
452,452,3,1,35,1,0,0,922,1440,506,522,-1,,0.17770719903206292,0.7306701030927835,,,1428,1962
453,453,4,1,35,1,1,0,922,1440,67,15,-1,,0.14450998185117966,0.6217783505154639,,,989,1455
454,454,5,1,35,1,1,1,922,1440,39,15,48,fete.,0.1423926194797338,0.6217783505154639,,,961,1455
455,455,5,1,35,1,1,2,976,1440,13,14,87,1},0.1485934664246824,0.6215635738831615,,,989,1454
456,456,4,1,35,1,2,0,1133,1483,60,35,-1,,0.17589231699939503,0.6445446735395189,,,1193,1518
457,457,5,1,35,1,2,1,1133,1483,60,35,36,Oo,0.17589231699939503,0.6445446735395189,,,1193,1518
458,458,4,1,35,1,3,0,1123,1499,51,29,-1,,0.1736993345432547,0.6501288659793815,,,1174,1528
459,459,5,1,35,1,3,1,1123,1499,11,19,31,f,0.1706745311554749,0.6479810996563574,,,1134,1518
460,460,5,1,35,1,3,2,1147,1508,27,20,27,03,0.17551421657592256,0.6520618556701031,,,1174,1528
461,461,4,1,35,1,4,0,1105,1514,105,72,-1,,0.1750604960677556,0.665807560137457,,,1210,1586
462,462,5,1,35,1,4,1,1105,1514,105,72,37,(sit,0.1750604960677556,0.665807560137457,,,1210,1586
463,463,4,1,35,1,5,0,947,1549,269,69,-1,,0.16356624319419238,0.6801975945017182,,,1216,1618
464,464,5,1,35,1,5,1,947,1578,69,40,18,vo¬ª,0.1484422262552934,0.686426116838488,,,1016,1618
465,465,5,1,35,1,5,2,1100,1549,75,62,22,(iss,0.1720356926799758,0.6786941580756014,,,1175,1611
466,466,5,1,35,1,5,3,1205,1549,11,59,92,),0.18307622504537205,0.6780498281786942,,,1216,1608
467,467,4,1,35,1,6,0,929,1606,365,40,-1,,0.16810344827586207,0.6984536082474226,,,1294,1646
468,468,5,1,35,1,6,1,929,1606,187,40,32,(adv,0.15464307320024198,0.6984536082474226,,,1116,1646
469,469,5,1,35,1,6,2,1117,1606,94,39,42,EA,0.17604355716878403,0.6982388316151202,,,1211,1645
470,470,5,1,35,1,6,3,1264,1626,30,9,56,A,0.19343617664851784,0.7003865979381443,,,1294,1635
471,471,4,1,35,1,7,0,965,1636,345,30,-1,,0.1720356926799758,0.709192439862543,,,1310,1666
472,472,5,1,35,1,7,1,965,1636,44,24,47,ae,0.14927404718693285,0.7079037800687286,,,1009,1660
473,473,5,1,35,1,7,2,1078,1645,12,16,73,&,0.16394434361766486,0.7100515463917526,,,1090,1661
474,474,5,1,35,1,7,3,1123,1640,70,23,20,wT?,0.1751361161524501,0.7094072164948454,,,1193,1663
475,475,5,1,35,1,7,4,1248,1636,62,30,45,Can,0.19343617664851784,0.709192439862543,,,1310,1666
476,476,4,1,35,1,8,0,923,1644,404,59,-1,,0.17014519056261343,0.7188573883161512,,,1327,1703
477,477,5,1,35,1,8,1,923,1644,12,59,41,(,0.14050211736237145,0.7188573883161512,,,935,1703
478,478,5,1,35,1,8,2,962,1644,77,58,36,3.),0.1513157894736842,0.7186426116838488,,,1039,1702
479,479,5,1,35,1,8,3,1072,1655,103,47,26,"9""",0.16991833030852996,0.7210051546391752,,,1175,1702
480,480,5,1,35,1,8,4,1242,1654,85,37,0,Jab,0.19426799758015728,0.7184278350515464,,,1327,1691
481,481,4,1,35,1,9,0,929,1701,163,26,-1,,0.1528281911675741,0.7362542955326461,,,1092,1727
482,482,5,1,35,1,9,1,929,1694,163,33,41,LEAS,0.1528281911675741,0.7347508591065293,,,1092,1727
483,483,5,1,35,1,9,2,1164,1692,12,23,79,¬ß,0.17695099818511797,0.7317439862542955,,,1176,1715
484,484,5,1,35,1,9,3,1255,1692,71,36,29,(iets,0.19517543859649122,0.7345360824742269,,,1326,1728
485,485,4,1,35,1,10,0,940,1706,387,64,-1,,0.17143073200241984,0.7465635738831615,,,1327,1770
486,486,5,1,35,1,10,1,940,1706,83,51,26,Se,0.1484422262552934,0.7437714776632303,,,1023,1757
487,487,5,1,35,1,10,2,1043,1717,284,53,34,Teal),0.1792196007259528,0.748926116838488,,,1327,1770
488,488,4,1,35,1,11,0,1231,1750,142,53,-1,,0.1969147005444646,0.7631013745704467,,,1373,1803
489,489,5,1,35,1,11,1,1231,1762,80,27,53,NG,0.19222625529340592,0.7626718213058419,,,1311,1789
490,490,5,1,35,1,11,2,1351,1750,22,53,89,\,0.20598911070780399,0.7631013745704467,,,1373,1803
491,491,4,1,35,1,12,0,1032,1826,396,33,-1,,0.18602540834845735,0.7914518900343642,,,1428,1859
492,492,5,1,35,1,12,1,1032,1826,14,33,9,g,0.1571385359951603,0.7914518900343642,,,1046,1859
493,493,5,1,35,1,12,2,1356,1833,72,25,75,Ds,0.21052631578947367,0.7927405498281787,,,1428,1858
494,494,4,1,35,1,13,0,1248,1896,131,52,-1,,0.198653962492438,0.8256013745704467,,,1379,1948
495,495,5,1,35,1,13,1,1248,1911,63,21,34,oN,0.19351179673321234,0.8253865979381443,,,1311,1932
496,496,5,1,35,1,13,2,1358,1896,21,52,32,/,0.20697217180883243,0.8256013745704467,,,1379,1948
497,497,4,1,35,1,14,0,1243,1929,84,33,-1,,0.19434361766485178,0.8356958762886598,,,1327,1962
498,498,5,1,35,1,14,1,1243,1929,84,33,59,"(2,2)",0.19434361766485178,0.8356958762886598,,,1327,1962
499,499,2,1,36,0,0,0,1056,1937,250,69,-1,,0.17861464004839686,0.8468642611683849,,,1306,2006
500,500,3,1,36,1,0,0,1056,1937,250,69,-1,,0.17861464004839686,0.8468642611683849,,,1306,2006
501,501,4,1,36,1,1,0,1056,1959,13,15,-1,,0.16069267997580158,0.8447164948453608,,,1069,1974
502,502,5,1,36,1,1,1,1056,1959,13,15,87,$3,0.16069267997580158,0.8447164948453608,,,1069,1974
503,503,4,1,36,1,2,0,1292,1937,14,69,-1,,0.19646098003629764,0.8468642611683849,,,1306,2006
504,504,5,1,36,1,2,1,1303,1996,3,10,46,..,0.19729280096793708,0.8595360824742269,,,1306,2006
505,505,5,1,36,1,2,2,1292,1937,14,45,75,UTRAN),0.19646098003629764,0.8417096219931272,,,1306,1982
506,506,2,1,37,0,0,0,1316,1956,95,74,-1,,0.20621597096188748,0.8560996563573883,,,1411,2030
507,507,3,1,37,1,0,0,1316,1956,95,74,-1,,0.20621597096188748,0.8560996563573883,,,1411,2030
508,508,4,1,37,1,1,0,1316,1960,77,70,-1,,0.20485480943738657,0.8569587628865979,,,1393,2030
509,509,5,1,37,1,1,1,1316,1960,77,70,54,A,0.20485480943738657,0.8569587628865979,,,1393,2030
510,510,4,1,37,1,2,0,1397,1956,14,57,-1,,0.21234119782214156,0.8524484536082474,,,1411,2013
511,511,5,1,37,1,2,1,1397,1973,14,40,90,eNode,0.21234119782214156,0.8560996563573883,,,1411,2013
512,512,5,1,37,1,2,2,1397,1956,13,8,91,B,0.21226557773744706,0.8419243986254296,,,1410,1964
513,513,2,1,38,0,0,0,1276,1955,12,65,-1,,0.1938898971566848,0.8537371134020618,,,1288,2020
514,514,3,1,38,1,0,0,1276,1955,12,65,-1,,0.1938898971566848,0.8537371134020618,,,1288,2020
515,515,4,1,38,1,1,0,1276,1955,12,65,-1,,0.1938898971566848,0.8537371134020618,,,1288,2020
516,516,5,1,38,1,1,1,1276,2012,12,8,93,8,0.1938898971566848,0.865979381443299,,,1288,2020
517,517,5,1,38,1,1,2,1279,1955,9,48,95,access,0.1941167574107683,0.8500859106529209,,,1288,2003
518,518,2,1,39,0,0,0,1065,1755,177,334,-1,,0.17445553539019965,0.8256013745704467,,,1242,2089
519,519,3,1,39,1,0,0,1065,1755,177,334,-1,,0.17445553539019965,0.8256013745704467,,,1242,2089
520,520,4,1,39,1,1,0,1065,1755,177,309,-1,,0.17445553539019965,0.8202319587628866,,,1242,2064
521,521,5,1,39,1,1,1,1065,1755,177,309,95,  ,0.17445553539019965,0.8202319587628866,,,1242,2064
522,522,4,1,39,1,2,0,1093,2064,32,25,-1,,0.1677253478523896,0.8919673539518901,,,1125,2089
523,523,5,1,39,1,2,1,1093,2064,32,25,95,  ,0.1677253478523896,0.8919673539518901,,,1125,2089
524,524,2,1,40,0,0,0,1095,1882,5,181,-1,,0.16598608590441621,0.8472938144329897,,,1100,2063
525,525,3,1,40,1,0,0,1095,1882,5,181,-1,,0.16598608590441621,0.8472938144329897,,,1100,2063
526,526,4,1,40,1,1,0,1095,1882,5,181,-1,,0.16598608590441621,0.8472938144329897,,,1100,2063
527,527,5,1,40,1,1,1,1095,1882,5,181,95, ,0.16598608590441621,0.8472938144329897,,,1100,2063
528,528,2,1,41,0,0,0,1258,1911,15,151,-1,,0.19139443436176648,0.853307560137457,,,1273,2062
529,529,3,1,41,1,0,0,1258,1911,15,151,-1,,0.19139443436176648,0.853307560137457,,,1273,2062
530,530,4,1,41,1,1,0,1258,1911,15,151,-1,,0.19139443436176648,0.853307560137457,,,1273,2062
531,531,5,1,41,1,1,1,1259,2049,14,13,26,¬¢,0.19147005444646098,0.882946735395189,,,1273,2062
532,532,5,1,41,1,1,2,1258,2003,13,33,70,3GPP,0.1912431941923775,0.8674828178694158,,,1271,2036
533,533,5,1,41,1,1,3,1258,1938,13,57,92,Release,0.1912431941923775,0.8447164948453608,,,1271,1995
534,534,5,1,41,1,1,4,1258,1911,15,13,71,"~,",0.19139443436176648,0.823668384879725,,,1273,1924
535,535,2,1,42,0,0,0,1126,1985,186,202,-1,,0.18436176648517846,0.8960481099656358,,,1312,2187
536,536,3,1,42,1,0,0,1126,1985,186,202,-1,,0.18436176648517846,0.8960481099656358,,,1312,2187
537,537,4,1,42,1,1,0,1126,1985,22,202,-1,,0.17196007259528132,0.8960481099656358,,,1148,2187
538,538,5,1,42,1,1,1,1128,2172,11,15,81,to,0.17143073200241984,0.9362113402061856,,,1139,2187
539,539,5,1,42,1,1,2,1127,2130,12,32,62,3GPP,0.17135511191772534,0.9218213058419243,,,1139,2162
540,540,5,1,42,1,1,3,1127,2064,12,57,96,Release,0.17135511191772534,0.898840206185567,,,1139,2121
541,541,5,1,42,1,1,4,1126,2048,13,7,95,8,0.17127949183303084,0.8812285223367697,,,1139,2055
542,542,5,1,42,1,1,5,1135,1985,13,8,43,5,0.17264065335753176,0.854381443298969,,,1148,1993
543,543,4,1,42,1,2,0,1144,2033,18,105,-1,,0.17437991530550515,0.8958333333333334,,,1162,2138
544,544,5,1,42,1,2,1,1144,2033,18,105,6,UTRAN/GERAN},0.17437991530550515,0.8958333333333334,,,1162,2138
545,545,4,1,42,1,3,0,1161,2038,19,46,-1,,0.17702661826981247,0.8853092783505154,,,1180,2084
546,546,5,1,42,1,3,1,1161,2038,19,46,24,a7,0.17702661826981247,0.8853092783505154,,,1180,2084
547,547,4,1,42,1,4,0,1177,2004,82,143,-1,,0.18421052631578946,0.8915378006872853,,,1259,2147
548,548,5,1,42,1,4,1,1185,2137,7,10,75,~,0.17974894131881428,0.9201030927835051,,,1192,2147
549,549,5,1,42,1,4,2,1180,2109,79,17,27,i,0.18443738656987296,0.9095790378006873,,,1259,2126
550,550,5,1,42,1,4,3,1177,2004,65,94,34,Ce,0.18292498487598305,0.8810137457044673,,,1242,2098
551,551,4,1,42,1,5,0,1243,2017,17,41,-1,,0.18927707199032062,0.8752147766323024,,,1260,2058
552,552,5,1,42,1,5,1,1243,2017,17,41,30,Lhe.,0.18927707199032062,0.8752147766323024,,,1260,2058
553,553,4,1,42,1,6,0,1263,2064,32,76,-1,,0.19343617664851784,0.9029209621993127,,,1295,2140
554,554,5,1,42,1,6,1,1263,2107,12,33,92,Node,0.19192377495462795,0.9121563573883161,,,1275,2140
555,555,5,1,42,1,6,2,1263,2091,12,7,92,B,0.19192377495462795,0.8996993127147767,,,1275,2098
556,556,5,1,42,1,6,3,1266,2064,29,8,91,(,0.19366303690260134,0.8883161512027491,,,1295,2072
557,557,4,1,42,1,7,0,1287,2008,25,54,-1,,0.19653660012099214,0.8741408934707904,,,1312,2062
558,558,5,1,42,1,7,1,1287,2008,25,54,26,Keg,0.19653660012099214,0.8741408934707904,,,1312,2062
559,559,2,1,43,0,0,0,1113,2069,11,90,-1,,0.169162129461585,0.9080756013745704,,,1124,2159
560,560,3,1,43,1,0,0,1113,2069,11,90,-1,,0.169162129461585,0.9080756013745704,,,1124,2159
561,561,4,1,43,1,1,0,1113,2069,11,90,-1,,0.169162129461585,0.9080756013745704,,,1124,2159
562,562,5,1,43,1,1,1,1113,2118,9,41,31,cess,0.16901088929219601,0.9185996563573883,,,1122,2159
563,563,5,1,43,1,1,2,1113,2069,11,39,94,prior,0.169162129461585,0.8971219931271478,,,1124,2108
564,564,2,1,44,0,0,0,1086,2146,73,67,-1,,0.16976709013914096,0.9362113402061856,,,1159,2213
565,565,3,1,44,1,0,0,1086,2146,73,67,-1,,0.16976709013914096,0.9362113402061856,,,1159,2213
566,566,4,1,44,1,1,0,1086,2146,45,56,-1,,0.1676497277676951,0.9338487972508591,,,1131,2202
567,567,5,1,44,1,1,1,1086,2146,45,56,54,A,0.1676497277676951,0.9338487972508591,,,1131,2202
568,568,4,1,44,1,2,0,1123,2163,36,50,-1,,0.17256503327283726,0.9398625429553265,,,1159,2213
569,569,5,1,44,1,2,1,1123,2163,36,50,28,Co,0.17256503327283726,0.9398625429553265,,,1159,2213
570,570,2,1,45,0,0,0,716,2270,259,16,-1,,0.1278735632183908,0.9785223367697594,,,975,2286
571,571,3,1,45,1,0,0,716,2270,259,16,-1,,0.1278735632183908,0.9785223367697594,,,975,2286
572,572,4,1,45,1,1,0,716,2270,259,16,-1,,0.1278735632183908,0.9785223367697594,,,975,2286
573,573,5,1,45,1,1,1,716,2270,49,12,96,Printed,0.11199334543254688,0.9776632302405498,,,765,2282
574,574,5,1,45,1,1,2,771,2270,15,16,96,by,0.1177404718693285,0.9785223367697594,,,786,2286
575,575,5,1,45,1,1,3,792,2270,45,14,96,"Jouve,",0.12318511796733213,0.9780927835051546,,,837,2284
576,576,5,1,45,1,1,4,843,2270,41,12,96,75001,0.13059588626739263,0.9776632302405498,,,884,2282
577,577,5,1,45,1,1,5,893,2270,46,12,96,PARIS,0.1385359951603146,0.9776632302405498,,,939,2282
578,578,5,1,45,1,1,6,945,2270,30,16,95,(FR),0.14519056261343014,0.9785223367697594,,,975,2286
