,Unnamed: 0,level,page_num,block_num,par_num,line_num,word_num,left,top,width,height,conf,text,x,y,label,target,right,bottom
0,0,1,1,0,0,0,0,0,0,1653,2328,-1,,0.125,0.5,,,1653,2328
1,1,2,1,1,0,0,0,144,1905,31,328,-1,,0.02412280701754386,0.8887457044673539,,,175,2233
2,2,3,1,1,1,0,0,144,1905,31,328,-1,,0.02412280701754386,0.8887457044673539,,,175,2233
3,3,4,1,1,1,1,0,144,1905,31,328,-1,,0.02412280701754386,0.8887457044673539,,,175,2233
4,4,5,1,1,1,1,1,144,2179,30,54,96,EP,0.024047186932849365,0.947594501718213,,,174,2233
5,5,5,1,1,1,1,2,144,2142,31,21,94,3,0.02412280701754386,0.9246134020618557,,,175,2163
6,6,5,1,1,1,1,3,144,2055,31,71,94,366,0.02412280701754386,0.8979810996563574,,,175,2126
7,7,5,1,1,1,1,4,144,1969,31,70,93,869,0.02412280701754386,0.8608247422680413,,,175,2039
8,8,5,1,1,1,1,5,144,1905,30,50,86,A1,0.024047186932849365,0.8290378006872853,,,174,1955
9,9,2,1,2,0,0,0,429,153,88,28,-1,,0.07153660012099214,0.07173539518900343,,,517,181
10,10,3,1,2,1,0,0,429,153,88,28,-1,,0.07153660012099214,0.07173539518900343,,,517,181
11,11,4,1,2,1,1,0,429,153,88,16,-1,,0.07153660012099214,0.06915807560137457,,,517,169
12,12,5,1,2,1,1,1,429,153,88,16,84,Europaisches,0.07153660012099214,0.06915807560137457,,,517,169
13,13,4,1,2,1,2,0,429,170,71,11,-1,,0.07025105868118572,0.07538659793814433,,,500,181
14,14,5,1,2,1,2,1,429,170,71,11,96,Patentamt,0.07025105868118572,0.07538659793814433,,,500,181
15,15,2,1,3,0,0,0,429,196,89,28,-1,,0.07161222020568662,0.09020618556701031,,,518,224
16,16,3,1,3,1,0,0,429,196,89,28,-1,,0.07161222020568662,0.09020618556701031,,,518,224
17,17,4,1,3,1,1,0,429,196,63,15,-1,,0.06964609800362977,0.08741408934707903,,,492,211
18,18,5,1,3,1,1,1,429,196,63,15,95,European,0.06964609800362977,0.08741408934707903,,,492,211
19,19,4,1,3,1,2,0,429,212,89,12,-1,,0.07161222020568662,0.0936426116838488,,,518,224
20,20,5,1,3,1,2,1,429,213,43,11,96,Patent,0.06813369630973987,0.0938573883161512,,,472,224
21,21,5,1,3,1,2,2,478,212,40,12,90,Office,0.07531760435571688,0.0936426116838488,,,518,224
22,22,2,1,4,0,0,0,429,239,109,28,-1,,0.07312462189957653,0.10867697594501718,,,538,267
23,23,3,1,4,1,0,0,429,239,109,28,-1,,0.07312462189957653,0.10867697594501718,,,538,267
24,24,4,1,4,1,1,0,429,239,109,15,-1,,0.07312462189957653,0.10588487972508591,,,538,254
25,25,5,1,4,1,1,1,429,239,40,12,93,Office,0.06790683605565638,0.1052405498281787,,,469,251
26,26,5,1,4,1,1,2,474,239,64,15,93,europ√©en,0.0765275257108288,0.10588487972508591,,,538,254
27,27,4,1,4,1,2,0,429,255,77,12,-1,,0.0707047791893527,0.11211340206185567,,,506,267
28,28,5,1,4,1,2,1,429,255,22,12,95,des,0.06654567453115548,0.11211340206185567,,,451,267
29,29,5,1,4,1,2,2,457,255,49,12,82,brevets,0.07282214156079855,0.11211340206185567,,,506,267
30,30,2,1,5,0,0,0,281,136,274,150,-1,,0.06321839080459771,0.09063573883161512,,,555,286
31,31,3,1,5,1,0,0,281,136,274,150,-1,,0.06321839080459771,0.09063573883161512,,,555,286
32,32,4,1,5,1,1,0,281,136,274,150,-1,,0.06321839080459771,0.09063573883161512,,,555,286
33,33,5,1,5,1,1,1,281,136,274,150,95, ,0.06321839080459771,0.09063573883161512,,,555,286
34,34,2,1,6,0,0,0,225,324,45,26,-1,,0.037431941923774956,0.14475945017182132,,,270,350
35,35,3,1,6,1,0,0,225,324,45,26,-1,,0.037431941923774956,0.14475945017182132,,,270,350
36,36,4,1,6,1,1,0,225,324,45,26,-1,,0.037431941923774956,0.14475945017182132,,,270,350
37,37,5,1,6,1,1,1,225,324,45,26,96,(12),0.037431941923774956,0.14475945017182132,,,270,350
38,38,2,1,7,0,0,0,225,395,415,53,-1,,0.06541137326073805,0.18105670103092783,,,640,448
39,39,3,1,7,1,0,0,225,395,415,53,-1,,0.06541137326073805,0.18105670103092783,,,640,448
40,40,4,1,7,1,1,0,225,395,282,26,-1,,0.05535390199637023,0.17525773195876287,,,507,421
41,41,5,1,7,1,1,1,225,395,45,26,92,(43),0.037431941923774956,0.17525773195876287,,,270,421
42,42,5,1,7,1,1,2,285,397,222,23,90,Verdffentlichungstag:,0.05989110707803993,0.17547250859106528,,,507,420
43,43,4,1,7,1,2,0,286,430,354,18,-1,,0.07002419842710224,0.18857388316151202,,,640,448
44,44,5,1,7,1,2,1,286,430,117,18,90,29.08.2018,0.052102238354506954,0.18857388316151202,publication_date,29.08.018,403,448
45,45,5,1,7,1,2,2,426,430,121,18,91,Patentblatt,0.0735783424077435,0.18857388316151202,,,547,448
46,46,5,1,7,1,2,3,555,430,85,18,96,2018/35,0.09036600120992136,0.18857388316151202,,,640,448
47,47,2,1,8,0,0,0,225,493,377,26,-1,,0.06253781004234725,0.21735395189003437,,,602,519
48,48,3,1,8,1,0,0,225,493,377,26,-1,,0.06253781004234725,0.21735395189003437,,,602,519
49,49,4,1,8,1,1,0,225,493,377,26,-1,,0.06253781004234725,0.21735395189003437,,,602,519
50,50,5,1,8,1,1,1,225,493,45,26,91,(21),0.037431941923774956,0.21735395189003437,,,270,519
51,51,5,1,8,1,1,2,285,495,186,18,91,Anmeldenummer:,0.05716878402903811,0.21649484536082475,,,471,513
52,52,5,1,8,1,1,3,481,495,121,18,89,18157874.1,0.08189655172413793,0.21649484536082475,application_number,18157874.1,602,513
53,53,2,1,9,0,0,0,225,559,319,26,-1,,0.05815184513006655,0.24570446735395188,,,544,585
54,54,3,1,9,1,0,0,225,559,319,26,-1,,0.05815184513006655,0.24570446735395188,,,544,585
55,55,4,1,9,1,1,0,225,559,319,26,-1,,0.05815184513006655,0.24570446735395188,,,544,585
56,56,5,1,9,1,1,1,225,559,45,26,93,(22),0.037431941923774956,0.24570446735395188,,,270,585
57,57,5,1,9,1,1,2,285,561,131,23,92,Anmeldetag:,0.0530096793708409,0.24591924398625428,,,416,584
58,58,5,1,9,1,1,3,426,561,118,18,96,21.02.2018,0.07335148215366001,0.24484536082474226,filing_date,21.02.2018,544,579
59,59,2,1,10,0,0,0,1002,245,458,38,-1,,0.18617664851784635,0.1134020618556701,,,1460,283
60,60,3,1,10,1,0,0,1002,245,458,38,-1,,0.18617664851784635,0.1134020618556701,,,1460,283
61,61,4,1,10,1,1,0,1002,245,458,38,-1,,0.18617664851784635,0.1134020618556701,,,1460,283
62,62,5,1,10,1,1,1,1002,256,44,27,74,(11),0.15486993345432548,0.11576460481099657,,,1046,283
63,63,5,1,10,1,1,2,1146,245,52,32,96,EP,0.17725347852389595,0.11211340206185567,number,EP,1198,277
64,64,5,1,10,1,1,3,1214,245,20,32,96,3,0.1851179673321234,0.11211340206185567,number,3,1234,277
65,65,5,1,10,1,1,4,1249,245,68,32,96,366,0.1940411373260738,0.11211340206185567,number,366,1317,277
66,66,5,1,10,1,1,5,1332,245,67,32,93,869,0.20651845130066546,0.11211340206185567,number,869,1399,277
67,67,5,1,10,1,1,6,1413,245,47,32,89,A1,0.21725650332728372,0.11211340206185567,number,A1,1460,277
68,68,2,1,11,0,0,0,559,314,573,31,-1,,0.1278735632183908,0.14153780068728522,,,1132,345
69,69,3,1,11,1,0,0,559,314,573,31,-1,,0.1278735632183908,0.14153780068728522,,,1132,345
70,70,4,1,11,1,1,0,559,314,573,31,-1,,0.1278735632183908,0.14153780068728522,,,1132,345
71,71,5,1,11,1,1,1,559,314,230,31,92,EUROPAISCHE,0.10193587416817906,0.14153780068728522,,,789,345
72,72,5,1,11,1,1,2,802,319,330,26,91,PATENTANMELDUNG,0.14624924379915305,0.14261168384879724,,,1132,345
73,73,2,1,12,0,0,0,862,395,260,112,-1,,0.1500302480338778,0.19372852233676977,,,1122,507
74,74,3,1,12,1,0,0,862,395,260,112,-1,,0.1500302480338778,0.19372852233676977,,,1122,507
75,75,4,1,12,1,1,0,862,395,126,26,-1,,0.13989715668481548,0.17525773195876287,,,988,421
76,76,5,1,12,1,1,1,862,395,44,26,67,(51),0.1336963097398669,0.17525773195876287,,,906,421
77,77,5,1,12,1,1,2,923,397,25,18,93,Int,0.1414851784633999,0.17439862542955326,,,948,415
78,78,5,1,12,1,1,3,955,397,33,18,65,Cl:,0.14692982456140352,0.17439862542955326,,,988,415
79,79,4,1,12,1,2,0,922,425,184,21,-1,,0.15335753176043557,0.1870704467353952,,,1106,446
80,80,5,1,12,1,2,1,922,428,59,18,78,E04H,0.14390502117362372,0.1877147766323024,class_international,E04H,981,446
81,81,5,1,12,1,2,2,989,428,45,18,90,6/12,0.1529794313369631,0.1877147766323024,class_international,6/12,1034,446
82,82,5,1,12,1,2,3,1040,425,66,16,76,(2006.07),0.16228070175438597,0.18599656357388317,,,1106,441
83,83,4,1,12,1,3,0,922,455,187,21,-1,,0.15358439201451907,0.19995704467353953,,,1109,476
84,84,5,1,12,1,3,1,922,458,61,18,84,B65G,0.1440562613430127,0.20060137457044674,,,983,476
85,85,5,1,12,1,3,2,993,458,43,18,95,1104,0.15343315184513007,0.20060137457044674,,,1036,476
86,86,5,1,12,1,3,3,1042,455,67,16,89,(2006.01),0.16265880217785844,0.19888316151202748,,,1109,471
87,87,4,1,12,1,4,0,923,486,199,21,-1,,0.15464307320024198,0.21327319587628865,,,1122,507
88,88,5,1,12,1,4,1,923,488,60,19,50,GO07B,0.1441318814277072,0.21370274914089346,,,983,507
89,89,5,1,12,1,4,2,993,488,57,19,86,15/00,0.15449183303085298,0.21370274914089346,,,1050,507
90,90,5,1,12,1,4,3,1056,486,66,15,87,(2017.01),0.1647005444646098,0.21198453608247422,,,1122,501
91,91,2,1,13,0,0,0,1194,425,201,53,-1,,0.1957803992740472,0.19394329896907217,,,1395,478
92,92,3,1,13,1,0,0,1194,425,201,53,-1,,0.1957803992740472,0.19394329896907217,,,1395,478
93,93,4,1,13,1,1,0,1194,425,187,21,-1,,0.19472171808832425,0.1870704467353952,,,1381,446
94,94,5,1,13,1,1,1,1194,428,62,18,77,GO8G,0.1852692075015124,0.1877147766323024,,,1256,446
95,95,5,1,13,1,1,2,1265,428,44,18,88,1/14,0.19464609800362975,0.1877147766323024,,,1309,446
96,96,5,1,13,1,1,3,1315,425,66,16,76,(2006.01),0.20387174833635813,0.18599656357388317,,,1381,441
97,97,4,1,13,1,2,0,1194,455,201,23,-1,,0.1957803992740472,0.20038659793814434,,,1395,478
98,98,5,1,13,1,2,1,1194,458,62,20,52,GOEQ,0.1852692075015124,0.20103092783505155,,,1256,478
99,99,5,1,13,1,2,2,1265,458,58,18,83,10102,0.1957047791893527,0.20060137457044674,,,1323,476
100,100,5,1,13,1,2,3,1328,455,67,16,66,2012.91),0.20591349062310949,0.19888316151202748,,,1395,471
101,101,2,1,14,0,0,0,224,613,1243,4,-1,,0.1278735632183908,0.26417525773195877,,,1467,617
102,102,3,1,14,1,0,0,224,613,1243,4,-1,,0.1278735632183908,0.26417525773195877,,,1467,617
103,103,4,1,14,1,1,0,224,613,1243,4,-1,,0.1278735632183908,0.26417525773195877,,,1467,617
104,104,5,1,14,1,1,1,224,613,1243,4,95, ,0.1278735632183908,0.26417525773195877,,,1467,617
105,105,2,1,15,0,0,0,225,631,599,250,-1,,0.07932546884452511,0.3247422680412371,,,824,881
106,106,3,1,15,1,0,0,225,631,599,250,-1,,0.07932546884452511,0.3247422680412371,,,824,881
107,107,4,1,15,1,1,0,225,631,342,27,-1,,0.05989110707803993,0.2768470790378007,,,567,658
108,108,5,1,15,1,1,1,225,631,45,27,93,(84),0.037431941923774956,0.2768470790378007,,,270,658
109,109,5,1,15,1,1,2,286,633,100,19,93,Benannte,0.050816696914700546,0.2759879725085911,,,386,652
110,110,5,1,15,1,1,3,393,633,174,23,92,Vertragsstaaten:,0.07259528130671507,0.2768470790378007,,,567,656
111,111,4,1,15,1,2,0,285,666,537,18,-1,,0.08371143375680581,0.28994845360824745,,,822,684
112,112,5,1,15,1,2,1,285,666,31,18,94,AL,0.04544767090139141,0.28994845360824745,,,316,684
113,113,5,1,15,1,2,2,323,666,31,18,94,AT,0.05119479733817302,0.28994845360824745,,,354,684
114,114,5,1,15,1,2,3,363,666,30,18,95,BE,0.05716878402903811,0.28994845360824745,,,393,684
115,115,5,1,15,1,2,4,403,666,32,18,95,BG,0.0633696309739867,0.28994845360824745,,,435,684
116,116,5,1,15,1,2,5,445,666,31,18,95,CH,0.06964609800362977,0.28994845360824745,,,476,684
117,117,5,1,15,1,2,6,486,666,32,18,96,CY,0.07592256503327284,0.28994845360824745,,,518,684
118,118,5,1,15,1,2,7,526,666,30,18,96,CZ,0.08182093163944344,0.28994845360824745,,,556,684
119,119,5,1,15,1,2,8,565,666,30,18,96,DE,0.08771929824561403,0.28994845360824745,,,595,684
120,120,5,1,15,1,2,9,605,666,32,18,93,DK,0.09392014519056262,0.28994845360824745,,,637,684
121,121,5,1,15,1,2,10,646,666,29,18,93,EE,0.0998941318814277,0.28994845360824745,,,675,684
122,122,5,1,15,1,2,11,684,666,29,18,93,ES,0.10564125831820932,0.28994845360824745,,,713,684
123,123,5,1,15,1,2,12,723,666,99,18,86,FIFRGB,0.11683303085299455,0.28994845360824745,,,822,684
124,124,4,1,15,1,3,0,285,699,539,18,-1,,0.0838626739261948,0.30412371134020616,,,824,717
125,125,5,1,15,1,3,1,285,699,35,18,94,GR,0.04575015124016939,0.30412371134020616,,,320,717
126,126,5,1,15,1,3,2,328,699,32,18,94,HR,0.05202661826981246,0.30412371134020616,,,360,717
127,127,5,1,15,1,3,3,368,699,14,18,41,HU,0.05671506352087114,0.30412371134020616,,,382,717
128,128,5,1,15,1,3,4,385,699,43,18,41,IE,0.06147912885662432,0.30412371134020616,,,428,717
129,129,5,1,15,1,3,5,436,699,20,18,47,IS,0.06745311554748941,0.30412371134020616,,,456,717
130,130,5,1,15,1,3,6,464,699,20,18,47,IT,0.07168784029038112,0.30412371134020616,,,484,717
131,131,5,1,15,1,3,7,492,699,54,18,83,LILT,0.07849364791288566,0.30412371134020616,,,546,717
132,132,5,1,15,1,3,8,554,699,28,18,75,LU,0.08590441621294616,0.30412371134020616,,,582,717
133,133,5,1,15,1,3,9,591,699,28,18,75,LV,0.09150030248033877,0.30412371134020616,,,619,717
134,134,5,1,15,1,3,10,627,699,35,18,95,MC,0.09747428917120388,0.30412371134020616,,,662,717
135,135,5,1,15,1,3,11,670,699,35,18,94,MK,0.10397761645493044,0.30412371134020616,,,705,717
136,136,5,1,15,1,3,12,713,699,32,18,93,MT,0.11025408348457351,0.30412371134020616,,,745,717
137,137,5,1,15,1,3,13,753,699,29,18,20,NL,0.11607683000604961,0.30412371134020616,,,782,717
138,138,5,1,15,1,3,14,791,699,33,18,20,NO,0.1221264367816092,0.30412371134020616,,,824,717
139,139,4,1,15,1,4,0,286,732,336,18,-1,,0.06866303690260134,0.31829896907216493,,,622,750
140,140,5,1,15,1,4,1,286,732,28,18,95,PL,0.045372050816696916,0.31829896907216493,,,314,750
141,141,5,1,15,1,4,2,323,732,29,18,92,PT,0.05104355716878403,0.31829896907216493,,,352,750
142,142,5,1,15,1,4,3,360,732,58,18,92,RORS,0.058832425892317,0.31829896907216493,,,418,750
143,143,5,1,15,1,4,4,420,732,52,18,96,SE,0.06745311554748941,0.31829896907216493,,,472,750
144,144,5,1,15,1,4,5,480,732,20,18,91,SI,0.07410768300060495,0.31829896907216493,,,500,750
145,145,5,1,15,1,4,6,510,732,31,18,91,SK,0.0794767090139141,0.31829896907216493,,,541,750
146,146,5,1,15,1,4,7,550,732,72,18,91,SMTR,0.08862673926194797,0.31829896907216493,,,622,750
147,147,4,1,15,1,5,0,286,765,330,23,-1,,0.06820931639443437,0.3335481099656357,,,616,788
148,148,5,1,15,1,5,1,286,765,100,18,92,Benannte,0.050816696914700546,0.3324742268041237,,,386,783
149,149,5,1,15,1,5,2,395,765,221,23,91,Erstreckungsstaaten:,0.0764519056261343,0.3335481099656357,,,616,788
150,150,4,1,15,1,6,0,286,797,74,19,-1,,0.04885057471264368,0.34643470790378006,,,360,816
151,151,5,1,15,1,6,1,286,797,33,19,96,BA,0.04575015124016939,0.34643470790378006,,,319,816
152,152,5,1,15,1,6,2,327,797,33,19,96,ME,0.05195099818511797,0.34643470790378006,,,360,816
153,153,4,1,15,1,7,0,286,830,322,23,-1,,0.06760435571687841,0.36146907216494845,,,608,853
154,154,5,1,15,1,7,1,286,830,100,18,92,Benannte,0.050816696914700546,0.3603951890034364,,,386,848
155,155,5,1,15,1,7,2,393,830,215,23,92,Validierungsstaaten:,0.07569570477918935,0.36146907216494845,,,608,853
156,156,4,1,15,1,8,0,286,863,116,18,-1,,0.05202661826981246,0.3745704467353952,,,402,881
157,157,5,1,15,1,8,1,286,863,35,18,95,MA,0.04590139140955838,0.3745704467353952,,,321,881
158,158,5,1,15,1,8,2,330,863,34,18,94,MD,0.05248033877797943,0.3745704467353952,,,364,881
159,159,5,1,15,1,8,3,373,863,29,18,92,TN,0.05860556563823351,0.3745704467353952,,,402,881
160,160,2,1,16,0,0,0,225,927,491,26,-1,,0.07115849969751967,0.40378006872852235,,,716,953
161,161,3,1,16,1,0,0,225,927,491,26,-1,,0.07115849969751967,0.40378006872852235,,,716,953
162,162,4,1,16,1,1,0,225,927,491,26,-1,,0.07115849969751967,0.40378006872852235,,,716,953
163,163,5,1,16,1,1,1,225,927,45,26,92,(30),0.037431941923774956,0.40378006872852235,,,270,953
164,164,5,1,16,1,1,2,286,929,86,18,58,Prioritat:,0.04975801572897762,0.4029209621993127,,,372,947
165,165,5,1,16,1,1,3,383,929,118,18,95,22.02.2017,0.06684815486993345,0.4029209621993127,priority_date_eu,22.02.2017,501,947
166,166,5,1,16,1,1,4,520,929,30,18,95,DE,0.0809134906231095,0.4029209621993127,,,550,947
167,167,5,1,16,1,1,5,559,929,157,18,96,102017202880,0.09641560798548095,0.4029209621993127,,,716,947
168,168,2,1,17,0,0,0,845,614,2,369,-1,,0.1279491833030853,0.3429982817869416,,,847,983
169,169,3,1,17,1,0,0,845,614,2,369,-1,,0.1279491833030853,0.3429982817869416,,,847,983
170,170,4,1,17,1,1,0,845,614,2,369,-1,,0.1279491833030853,0.3429982817869416,,,847,983
171,171,5,1,17,1,1,1,845,614,2,369,95, ,0.1279491833030853,0.3429982817869416,,,847,983
172,172,2,1,18,0,0,0,862,631,463,58,-1,,0.16538112522686024,0.28350515463917525,,,1325,689
173,173,3,1,18,1,0,0,862,631,463,58,-1,,0.16538112522686024,0.28350515463917525,,,1325,689
174,174,4,1,18,1,1,0,862,631,463,27,-1,,0.16538112522686024,0.2768470790378007,,,1325,658
175,175,5,1,18,1,1,1,862,631,44,27,93,(71),0.1336963097398669,0.2768470790378007,,,906,658
176,176,5,1,18,1,1,2,921,633,107,19,92,Anmelder:,0.14738354506957047,0.2759879725085911,,,1028,652
177,177,5,1,18,1,1,3,1038,633,48,19,93,SHB,0.16061705989110708,0.2759879725085911,applicant_line_1,SHB,1086,652
178,178,5,1,18,1,1,4,1095,633,152,23,83,Hebezeugbau,0.17710223835450695,0.2768470790378007,applicant_line_1,Hebezeugbau,1247,656
179,179,5,1,18,1,1,5,1256,633,69,19,96,GmbH,0.19517543859649122,0.2759879725085911,applicant_line_1,GmbH,1325,652
180,180,4,1,18,1,2,0,922,666,287,23,-1,,0.16114640048396855,0.29102233676975947,,,1209,689
181,181,5,1,18,1,2,1,922,666,64,18,93,07318,0.1442831215970962,0.28994845360824745,,,986,684
182,182,5,1,18,1,2,2,995,666,159,18,91,Saalfeld/Saale,0.16250756200846944,0.28994845360824745,,,1154,684
183,183,5,1,18,1,2,3,1162,666,47,23,96,(DE),0.1792952208106473,0.29102233676975947,,,1209,689
184,184,2,1,19,0,0,0,862,730,386,58,-1,,0.15955837870538414,0.32603092783505155,,,1248,788
185,185,3,1,19,1,0,0,862,730,386,58,-1,,0.15955837870538414,0.32603092783505155,,,1248,788
186,186,4,1,19,1,1,0,862,730,386,26,-1,,0.15955837870538414,0.31915807560137455,,,1248,756
187,187,5,1,19,1,1,1,862,730,44,26,91,(72),0.1336963097398669,0.31915807560137455,,,906,756
188,188,5,1,19,1,1,2,923,732,86,18,91,Erfinder:,0.14609800362976408,0.31829896907216493,,,1009,750
189,189,5,1,19,1,1,3,1018,732,106,22,95,"VOGLER,",0.161978221415608,0.31915807560137455,inventor_line_1,"VOLGER,",1124,754
190,190,5,1,19,1,1,4,1132,732,116,18,96,Alexander,0.17997580157289775,0.31829896907216493,inventor_line_1,Alexander,1248,750
191,191,4,1,19,1,2,0,922,765,188,23,-1,,0.15366001209921354,0.3335481099656357,,,1110,788
192,192,5,1,19,1,2,1,922,765,65,18,91,35614,0.1443587416817907,0.3324742268041237,,,987,783
193,193,5,1,19,1,2,2,994,765,61,18,91,ABlar,0.15494555353901995,0.3324742268041237,,,1055,783
194,194,5,1,19,1,2,3,1063,765,47,23,96,(DE),0.16432244404113733,0.3335481099656357,,,1110,788
195,195,2,1,20,0,0,0,862,828,529,90,-1,,0.1703720508166969,0.375,,,1391,918
196,196,3,1,20,1,0,0,862,828,529,90,-1,,0.1703720508166969,0.375,,,1391,918
197,197,4,1,20,1,1,0,862,828,529,26,-1,,0.1703720508166969,0.36125429553264604,,,1391,854
198,198,5,1,20,1,1,1,862,828,44,26,93,(74),0.1336963097398669,0.36125429553264604,,,906,854
199,199,5,1,20,1,1,2,921,830,97,18,92,Vertreter:,0.14662734422262552,0.3603951890034364,,,1018,848
200,200,5,1,20,1,1,3,1029,830,81,18,93,Liedtke,0.1617513611615245,0.3603951890034364,representative_line_1_eu,Liedtke,1110,848
201,201,5,1,20,1,1,4,1119,830,15,18,93,&,0.1703720508166969,0.3603951890034364,representative_line_1_eu,&,1134,848
202,202,5,1,20,1,1,5,1143,830,83,18,93,Partner,0.1791439806412583,0.3603951890034364,representative_line_1_eu,Partner,1226,848
203,203,5,1,20,1,1,6,1234,830,157,18,87,Patentanwalte,0.198502722323049,0.3603951890034364,representative_line_1_eu,Patentanw‚àö¬ßlte,1391,848
204,204,4,1,20,1,2,0,922,863,370,23,-1,,0.16742286751361163,0.3756443298969072,,,1292,886
205,205,5,1,20,1,2,1,922,863,305,23,15,Gerhart-Hauptmann-StrafBe,0.16250756200846944,0.3756443298969072,,,1227,886
206,206,5,1,20,1,2,2,1238,863,54,18,96,10/11,0.19131881427707198,0.3745704467353952,,,1292,881
207,207,4,1,20,1,3,0,922,895,191,23,-1,,0.15388687235329704,0.3893900343642612,,,1113,918
208,208,5,1,20,1,3,1,922,895,64,19,96,99096,0.1442831215970962,0.38853092783505155,,,986,914
209,209,5,1,20,1,3,2,996,895,63,19,96,Erfurt,0.15539927404718692,0.38853092783505155,,,1059,914
210,210,5,1,20,1,3,3,1066,895,47,23,96,(DE),0.1647761645493043,0.3893900343642612,,,1113,918
211,211,2,1,21,0,0,0,224,980,1243,4,-1,,0.1278735632183908,0.4218213058419244,,,1467,984
212,212,3,1,21,1,0,0,224,980,1243,4,-1,,0.1278735632183908,0.4218213058419244,,,1467,984
213,213,4,1,21,1,1,0,224,980,1243,4,-1,,0.1278735632183908,0.4218213058419244,,,1467,984
214,214,5,1,21,1,1,1,224,980,1243,4,95, ,0.1278735632183908,0.4218213058419244,,,1467,984
215,215,2,1,22,0,0,0,225,1001,45,26,-1,,0.037431941923774956,0.43556701030927836,,,270,1027
216,216,3,1,22,1,0,0,225,1001,45,26,-1,,0.037431941923774956,0.43556701030927836,,,270,1027
217,217,4,1,22,1,1,0,225,1001,45,26,-1,,0.037431941923774956,0.43556701030927836,,,270,1027
218,218,5,1,22,1,1,1,225,1001,45,26,96,(54),0.037431941923774956,0.43556701030927836,,,270,1027
219,219,2,1,23,0,0,0,224,1075,584,943,-1,,0.0780399274047187,0.6643041237113402,,,808,2018
220,220,3,1,23,1,0,0,224,1075,584,840,-1,,0.0780399274047187,0.6421821305841925,,,808,1915
221,221,4,1,23,1,1,0,225,1075,582,26,-1,,0.0780399274047187,0.46735395189003437,,,807,1101
222,222,5,1,23,1,1,1,225,1075,45,26,90,(57),0.037431941923774956,0.46735395189003437,,,270,1101
223,223,5,1,23,1,1,2,316,1077,33,18,23,Die,0.05028735632183908,0.46649484536082475,,,349,1095
224,224,5,1,23,1,1,3,355,1077,100,23,90,Erfindung,0.061252268602540835,0.4675687285223368,,,455,1100
225,225,5,1,23,1,1,4,461,1077,64,18,71,betrifft,0.07456140350877193,0.46649484536082475,,,525,1095
226,226,5,1,23,1,1,5,529,1077,30,18,93,ein,0.0822746521476104,0.46649484536082475,,,559,1095
227,227,5,1,23,1,1,6,565,1077,195,23,92,Steuerungssystem,0.10019661222020569,0.4675687285223368,,,760,1100
228,228,5,1,23,1,1,7,767,1077,40,23,96,(16),0.11902601330913491,0.4675687285223368,,,807,1100
229,229,4,1,23,1,2,0,224,1109,583,23,-1,,0.0779643073200242,0.48131443298969073,,,807,1132
230,230,5,1,23,1,2,1,224,1109,28,19,81,fiir,0.035995160314579555,0.4804553264604811,,,252,1128
231,231,5,1,23,1,2,2,261,1109,43,19,96,eine,0.04272534785238959,0.4804553264604811,,,304,1128
232,232,5,1,23,1,2,3,313,1109,71,19,88,Anzahl,0.05270719903206292,0.4804553264604811,,,384,1128
233,233,5,1,23,1,2,4,394,1109,149,19,91,automatischer,0.07085601935874168,0.4804553264604811,,,543,1128
234,234,5,1,23,1,2,5,553,1109,111,19,77,Parkhauser,0.09202964307320025,0.4804553264604811,,,664,1128
235,235,5,1,23,1,2,6,667,1109,51,23,96,(1.1,0.10473381730187538,0.48131443298969073,,,718,1132
236,236,5,1,23,1,2,7,732,1109,27,19,93,bis,0.11274954627949184,0.4804553264604811,,,759,1128
237,237,5,1,23,1,2,8,771,1109,36,23,87,1.y),0.11932849364791288,0.48131443298969073,,,807,1132
238,238,4,1,23,1,3,0,226,1142,582,23,-1,,0.07819116757410768,0.4954896907216495,,,808,1165
239,239,5,1,23,1,3,1,226,1142,30,18,93,mit,0.03644888082274652,0.4944158075601375,,,256,1160
240,240,5,1,23,1,3,2,267,1142,108,18,92,zumindest,0.048548094373865695,0.4944158075601375,,,375,1160
241,241,5,1,23,1,3,3,388,1142,52,18,93,einer,0.06261343012704174,0.4944158075601375,,,440,1160
242,242,5,1,23,1,3,4,453,1142,355,23,92,Nutzer-Datenverarbeitungseinheit,0.09535692679975802,0.4954896907216495,,,808,1165
243,243,4,1,23,1,4,0,225,1175,583,24,-1,,0.07811554748941318,0.5098797250859106,,,808,1199
244,244,5,1,23,1,4,1,225,1175,47,24,93,"(15),",0.03758318209316394,0.5098797250859106,,,272,1199
245,245,5,1,23,1,4,2,286,1175,113,19,91,umfassend,0.051799758015728975,0.5088058419243986,,,399,1194
246,246,5,1,23,1,4,3,412,1175,30,19,93,ein,0.06457955232909861,0.5088058419243986,,,442,1194
247,247,5,1,23,1,4,4,454,1175,245,24,92,Anwendungsprogramm,0.08718995765275257,0.5098797250859106,,,699,1199
248,248,5,1,23,1,4,5,714,1175,30,19,96,mit,0.11025408348457351,0.5088058419243986,,,744,1194
249,249,5,1,23,1,4,6,756,1175,52,19,96,einer,0.11826981246218995,0.5088058419243986,,,808,1194
250,250,4,1,23,1,5,0,226,1208,582,23,-1,,0.07819116757410768,0.523840206185567,,,808,1231
251,251,5,1,23,1,5,1,226,1208,179,19,92,Nutzeroberflache,0.04771627344222625,0.5229810996563574,,,405,1227
252,252,5,1,23,1,5,2,413,1213,33,14,96,zur,0.06495765275257108,0.5240549828178694,,,446,1227
253,253,5,1,23,1,5,3,454,1208,89,19,96,Auswahl,0.07539322444041137,0.5229810996563574,,,543,1227
254,254,5,1,23,1,5,4,552,1208,37,19,93,und,0.08628251663641863,0.5229810996563574,,,589,1227
255,255,5,1,23,1,5,5,599,1208,92,23,91,Buchung,0.09754990925589836,0.523840206185567,,,691,1231
256,256,5,1,23,1,5,6,700,1208,108,19,91,zumindest,0.11403508771929824,0.5229810996563574,,,808,1227
257,257,4,1,23,1,6,0,225,1241,582,23,-1,,0.0780399274047187,0.5380154639175257,,,807,1264
258,258,5,1,23,1,6,1,225,1241,55,18,92,eines,0.038188142770719906,0.5369415807560137,,,280,1259
259,259,5,1,23,1,6,2,290,1241,126,18,91,Parkraumes,0.05338777979431337,0.5369415807560137,,,416,1259
260,260,5,1,23,1,6,3,426,1241,31,23,90,(P1,0.06677253478523897,0.5380154639175257,,,457,1264
261,261,5,1,23,1,6,4,470,1241,29,18,96,bis,0.07327586206896551,0.5369415807560137,,,499,1259
262,262,5,1,23,1,6,5,508,1241,34,23,95,Pn),0.0794010889292196,0.5380154639175257,,,542,1264
263,263,5,1,23,1,6,6,552,1241,96,18,96,innerhalb,0.09074410163339383,0.5369415807560137,,,648,1259
264,264,5,1,23,1,6,7,656,1241,56,18,92,eines,0.10344827586206896,0.5369415807560137,,,712,1259
265,265,5,1,23,1,6,8,721,1242,86,17,92,automa-,0.11554748941318814,0.5371563573883161,,,807,1259
266,266,4,1,23,1,7,0,225,1274,582,23,-1,,0.0780399274047187,0.5521907216494846,,,807,1297
267,267,5,1,23,1,7,1,225,1274,73,18,92,tischen,0.039549304295220813,0.5511168384879725,,,298,1292
268,268,5,1,23,1,7,2,309,1274,111,18,91,Parkhauses,0.055127041742286755,0.5511168384879725,,,420,1292
269,269,5,1,23,1,7,3,422,1274,56,23,96,(1.1,0.06805807622504537,0.5521907216494846,,,478,1297
270,270,5,1,23,1,7,4,491,1274,28,18,92,bis,0.07637628554143981,0.5511168384879725,,,519,1292
271,271,5,1,23,1,7,5,529,1274,37,23,89,1.y),0.08280399274047187,0.5521907216494846,,,566,1297
272,272,5,1,23,1,7,6,576,1274,37,18,95,und,0.08991228070175439,0.5511168384879725,,,613,1292
273,273,5,1,23,1,7,7,622,1274,44,18,93,eine,0.09739866908650938,0.5511168384879725,,,666,1292
274,274,5,1,23,1,7,8,675,1274,132,18,91,Kommunika-,0.11206896551724138,0.5511168384879725,,,807,1292
275,275,4,1,23,1,8,0,225,1306,583,23,-1,,0.07811554748941318,0.5659364261168385,,,808,1329
276,276,5,1,23,1,8,1,225,1306,173,19,91,tionsschnittstelle,0.047111312764670295,0.5650773195876289,,,398,1325
277,277,5,1,23,1,8,2,413,1306,60,23,96,(15.1),0.06699939503932244,0.5659364261168385,,,473,1329
278,278,5,1,23,1,8,3,487,1311,33,14,96,zur,0.07614942528735633,0.5661512027491409,,,520,1325
279,279,5,1,23,1,8,4,535,1306,161,19,96,Kommunikation,0.09308832425892317,0.5650773195876289,,,696,1325
280,280,5,1,23,1,8,5,712,1306,30,19,95,mit,0.10995160314579552,0.5650773195876289,,,742,1325
281,281,5,1,23,1,8,6,756,1306,52,19,95,einer,0.11826981246218995,0.5650773195876289,,,808,1325
282,282,4,1,23,1,9,0,225,1339,582,23,-1,,0.0780399274047187,0.5801116838487973,,,807,1362
283,283,5,1,23,1,9,1,225,1339,96,18,92,zentralen,0.04128856624319419,0.5790378006872853,,,321,1357
284,284,5,1,23,1,9,2,330,1339,151,18,92,Recheneinheit,0.06132788868723533,0.5790378006872853,,,481,1357
285,285,5,1,23,1,9,3,488,1339,46,23,94,"(17),",0.07728372655777374,0.5801116838487973,,,534,1362
286,286,5,1,23,1,9,4,543,1339,37,18,93,und,0.08492135511191773,0.5790378006872853,,,580,1357
287,287,5,1,23,1,9,5,588,1339,101,18,92,zumindest,0.09656684815486993,0.5790378006872853,,,689,1357
288,288,5,1,23,1,9,6,690,1339,66,18,93,einer,0.10934664246823957,0.5790378006872853,,,756,1357
289,289,5,1,23,1,9,7,762,1344,45,13,91,zen-,0.11864791288566243,0.5801116838487973,,,807,1357
290,290,4,1,23,1,10,0,225,1372,582,23,-1,,0.0780399274047187,0.594286941580756,,,807,1395
291,291,5,1,23,1,10,1,225,1372,57,19,92,tralen,0.03833938294010889,0.5934278350515464,,,282,1391
292,292,5,1,23,1,10,2,296,1372,151,19,89,Recheneinheit,0.056185722928009676,0.5934278350515464,,,447,1391
293,293,5,1,23,1,10,3,458,1372,46,23,93,"(17),",0.07274652147610405,0.594286941580756,,,504,1395
294,294,5,1,23,1,10,4,519,1372,113,19,91,umfassend,0.08703871748336359,0.5934278350515464,,,632,1391
295,295,5,1,23,1,10,5,644,1372,108,19,91,zumindest,0.10556563823351482,0.5934278350515464,,,752,1391
296,296,5,1,23,1,10,6,764,1372,43,19,96,eine,0.11879915305505143,0.5934278350515464,,,807,1391
297,297,4,1,23,1,11,0,225,1405,582,23,-1,,0.0780399274047187,0.6084621993127147,,,807,1428
298,298,5,1,23,1,11,1,225,1405,300,18,91,Kommunikationsschnittstelle,0.05671506352087114,0.6073883161512027,,,525,1423
299,299,5,1,23,1,11,2,534,1405,60,23,96,(17.1),0.0852994555353902,0.6084621993127147,,,594,1428
300,300,5,1,23,1,11,3,603,1410,33,13,95,zur,0.09369328493647913,0.6084621993127147,,,636,1423
301,301,5,1,23,1,11,4,645,1405,162,18,96,Kommunikation,0.10980036297640654,0.6073883161512027,,,807,1423
302,302,4,1,23,1,12,0,226,1438,581,23,-1,,0.07811554748941318,0.6226374570446735,,,807,1461
303,303,5,1,23,1,12,1,226,1438,30,18,96,mit,0.03644888082274652,0.6215635738831615,,,256,1456
304,304,5,1,23,1,12,2,264,1438,52,18,96,einer,0.043859649122807015,0.6215635738831615,,,316,1456
305,305,5,1,23,1,12,3,323,1438,72,18,96,Anzahl,0.05429522081064731,0.6215635738831615,,,395,1456
306,306,5,1,23,1,12,4,404,1442,37,14,92,von,0.06389897156684815,0.6224226804123711,,,441,1456
307,307,5,1,23,1,12,5,452,1438,355,23,92,Nutzer-Datenverarbeitungseinhei-,0.09520568663036903,0.6226374570446735,,,807,1461
308,308,4,1,23,1,13,0,225,1470,582,23,-1,,0.0780399274047187,0.6363831615120275,,,807,1493
309,309,5,1,23,1,13,1,225,1471,31,18,96,ten,0.03637326073805203,0.6357388316151202,,,256,1489
310,310,5,1,23,1,13,2,264,1470,39,23,96,(15),0.042876588021778586,0.6363831615120275,,,303,1493
311,311,5,1,23,1,13,3,311,1470,36,19,93,und,0.04975801572897762,0.6355240549828178,,,347,1489
312,312,5,1,23,1,13,4,354,1470,109,19,91,zumindest,0.0617816091954023,0.6355240549828178,,,463,1489
313,313,5,1,23,1,13,5,468,1470,43,19,92,eine,0.07403206291591047,0.6355240549828178,,,511,1489
314,314,5,1,23,1,13,6,519,1470,288,19,91,Kommunikationsschnittstel-,0.10027223230490018,0.6355240549828178,,,807,1489
315,315,4,1,23,1,14,0,226,1503,578,23,-1,,0.0778886872353297,0.6505584192439863,,,804,1526
316,316,5,1,23,1,14,1,226,1503,16,18,96,le,0.03539019963702359,0.6494845360824743,,,242,1521
317,317,5,1,23,1,14,2,252,1503,60,23,96,(17.2),0.0426497277676951,0.6505584192439863,,,312,1526
318,318,5,1,23,1,14,3,322,1508,32,13,96,zur,0.051119177253478525,0.6505584192439863,,,354,1521
319,319,5,1,23,1,14,4,364,1503,161,18,96,Kommunikation,0.06722625529340592,0.6494845360824743,,,525,1521
320,320,5,1,23,1,14,5,537,1503,30,18,96,mit,0.08348457350272233,0.6494845360824743,,,567,1521
321,321,5,1,23,1,14,6,576,1503,37,18,93,den,0.08991228070175439,0.6494845360824743,,,613,1521
322,322,5,1,23,1,14,7,625,1503,132,18,89,Parkhausern,0.10450695704779189,0.6494845360824743,,,757,1521
323,323,5,1,23,1,14,8,768,1503,36,23,96,(1.1,0.11887477313974591,0.6505584192439863,,,804,1526
324,324,4,1,23,1,15,0,226,1536,582,23,-1,,0.07819116757410768,0.664733676975945,,,808,1559
325,325,5,1,23,1,15,1,226,1536,28,18,93,bis,0.036297640653357534,0.663659793814433,,,254,1554
326,326,5,1,23,1,15,2,260,1536,43,23,92,"1.y),",0.04257410768300061,0.664733676975945,,,303,1559
327,327,5,1,23,1,15,3,308,1536,97,18,89,wobeidie,0.05391712038717483,0.663659793814433,,,405,1554
328,328,5,1,23,1,15,4,410,1536,83,18,92,zentrale,0.06828493647912885,0.663659793814433,,,493,1554
329,329,5,1,23,1,15,5,499,1536,151,18,92,Recheneinheit,0.08688747731397459,0.663659793814433,,,650,1554
330,330,5,1,23,1,15,6,654,1536,40,23,93,(17),0.10193587416817906,0.664733676975945,,,694,1559
331,331,5,1,23,1,15,7,700,1536,108,18,92,zumindest,0.11403508771929824,0.663659793814433,,,808,1554
332,332,4,1,23,1,16,0,226,1569,581,23,-1,,0.07811554748941318,0.6789089347079038,,,807,1592
333,333,5,1,23,1,16,1,226,1569,15,18,93,in,0.0353145795523291,0.6778350515463918,,,241,1587
334,334,5,1,23,1,16,2,247,1569,137,23,90,Abhangigkeit,0.04771627344222625,0.6789089347079038,,,384,1592
335,335,5,1,23,1,16,3,389,1569,53,18,96,einer,0.06284029038112522,0.6778350515463918,,,442,1587
336,336,5,1,23,1,16,4,447,1569,29,18,96,bei,0.06979733817301875,0.6778350515463918,,,476,1587
337,337,5,1,23,1,16,5,482,1569,34,18,93,der,0.07546884452510587,0.6778350515463918,,,516,1587
338,338,5,1,23,1,16,6,521,1569,92,23,92,Buchung,0.08575317604355717,0.6789089347079038,,,613,1592
339,339,5,1,23,1,16,7,620,1569,92,18,91,und/oder,0.10072595281306715,0.6778350515463918,,,712,1587
340,340,5,1,23,1,16,8,716,1569,91,18,92,wahrend,0.11516938898971567,0.6778350515463918,,,807,1587
341,341,4,1,23,1,17,0,225,1602,582,23,-1,,0.0780399274047187,0.6930841924398625,,,807,1625
342,342,5,1,23,1,17,1,225,1602,52,18,93,einer,0.03796128251663642,0.6920103092783505,,,277,1620
343,343,5,1,23,1,17,2,286,1602,129,23,91,Annaherung,0.0530096793708409,0.6930841924398625,,,415,1625
344,344,5,1,23,1,17,3,427,1606,24,14,96,an,0.06639443436176648,0.6928694158075601,,,451,1620
345,345,5,1,23,1,17,4,462,1602,37,18,93,das,0.07267090139140955,0.6920103092783505,,,499,1620
346,346,5,1,23,1,17,5,510,1602,97,23,93,gebuchte,0.08446763460375076,0.6930841924398625,,,607,1625
347,347,5,1,23,1,17,6,619,1602,98,18,91,Parkhaus,0.10102843315184513,0.6920103092783505,,,717,1620
348,348,5,1,23,1,17,7,728,1602,36,23,95,(1.1,0.11282516636418632,0.6930841924398625,,,764,1625
349,349,5,1,23,1,17,8,779,1602,28,18,96,bis,0.11993345432546884,0.6920103092783505,,,807,1620
350,350,4,1,23,1,18,0,227,1634,580,23,-1,,0.07819116757410768,0.7068298969072165,,,807,1657
351,351,5,1,23,1,18,1,227,1634,36,23,74,1.y),0.03705384150030248,0.7068298969072165,,,263,1657
352,352,5,1,23,1,18,2,269,1639,36,14,92,von,0.04340592861464005,0.7070446735395189,,,305,1653
353,353,5,1,23,1,18,3,311,1634,101,19,92,zumindest,0.05467332123411978,0.7059707903780069,,,412,1653
354,354,5,1,23,1,18,4,413,1634,64,19,92,einer,0.06730187537810042,0.7059707903780069,,,477,1653
355,355,5,1,23,1,18,5,483,1634,324,23,91,Nutzer-Datenverarbeitungsein-,0.09754990925589836,0.7068298969072165,,,807,1657
356,356,4,1,23,1,19,0,226,1667,581,23,-1,,0.07811554748941318,0.7210051546391752,,,807,1690
357,357,5,1,23,1,19,1,226,1667,37,18,93,heit,0.036978221415607984,0.7199312714776632,,,263,1685
358,358,5,1,23,1,19,2,267,1667,40,23,96,(15),0.04340592861464005,0.7210051546391752,,,307,1690
359,359,5,1,23,1,19,3,314,1672,24,13,96,an,0.049304295220810646,0.7210051546391752,,,338,1685
360,360,5,1,23,1,19,4,343,1667,31,18,93,die,0.05421960072595281,0.7199312714776632,,,374,1685
361,361,5,1,23,1,19,5,379,1667,84,18,92,zentrale,0.06367211131276466,0.7199312714776632,,,463,1685
362,362,5,1,23,1,19,6,469,1667,151,18,91,Recheneinheit,0.0823502722323049,0.7199312714776632,,,620,1685
363,363,5,1,23,1,19,7,624,1667,41,23,91,(17),0.09747428917120388,0.7210051546391752,,,665,1690
364,364,5,1,23,1,19,8,672,1667,135,18,73,Ubermittelten,0.1118421052631579,0.7199312714776632,,,807,1685
365,365,4,1,23,1,20,0,224,1700,580,23,-1,,0.07773744706594071,0.7351804123711341,,,804,1723
366,366,5,1,23,1,20,1,224,1700,130,18,89,Ankunftszeit,0.04370840895341803,0.7341065292096219,,,354,1718
367,367,5,1,23,1,20,2,362,1700,20,23,87,(t),0.056261343012704176,0.7351804123711341,,,382,1723
368,368,5,1,23,1,20,3,391,1700,37,18,94,und,0.061932849364791286,0.7341065292096219,,,428,1718
369,369,5,1,23,1,20,4,437,1700,15,18,93,in,0.06722625529340592,0.7341065292096219,,,452,1718
370,370,5,1,23,1,20,5,460,1700,138,23,91,Abhangigkeit,0.08000604960677556,0.7351804123711341,,,598,1723
371,371,5,1,23,1,20,6,605,1700,52,18,93,einer,0.0954325468844525,0.7341065292096219,,,657,1718
372,372,5,1,23,1,20,7,665,1700,98,23,92,Belegung,0.10798548094373865,0.7351804123711341,,,763,1723
373,373,5,1,23,1,20,8,772,1700,32,23,85,(B1,0.1191772534785239,0.7351804123711341,,,804,1723
374,374,4,1,23,1,21,0,226,1732,581,23,-1,,0.07811554748941318,0.748926116838488,,,807,1755
375,375,5,1,23,1,21,1,226,1732,28,19,97,bis,0.036297640653357534,0.7480670103092784,,,254,1751
376,376,5,1,23,1,21,2,261,1732,33,23,97,By),0.04196914700544464,0.748926116838488,,,294,1755
377,377,5,1,23,1,21,3,302,1732,36,19,93,des,0.04839685420447671,0.7480670103092784,,,338,1751
378,378,5,1,23,1,21,4,345,1732,110,23,92,gebuchten,0.060496067755595885,0.748926116838488,,,455,1755
379,379,5,1,23,1,21,5,463,1732,112,19,91,Parkhauses,0.07849364791288566,0.7480670103092784,,,575,1751
380,380,5,1,23,1,21,6,576,1732,54,23,96,(1.1,0.0911978221415608,0.748926116838488,,,630,1755
381,381,5,1,23,1,21,7,641,1732,28,19,93,bis,0.09906231094978826,0.7480670103092784,,,669,1751
382,382,5,1,23,1,21,8,677,1732,36,23,91,1.y),0.10511191772534785,0.748926116838488,,,713,1755
383,383,5,1,23,1,21,9,722,1732,85,23,91,Einlage-,0.11562310949788264,0.748926116838488,,,807,1755
384,384,4,1,23,1,22,0,225,1766,582,23,-1,,0.0780399274047187,0.7635309278350515,,,807,1789
385,385,5,1,23,1,22,1,225,1766,167,23,92,rungszeitpunkte,0.04665759225650333,0.7635309278350515,,,392,1789
386,386,5,1,23,1,22,2,398,1766,37,18,93,und,0.06299153055051422,0.7624570446735395,,,435,1784
387,387,5,1,23,1,22,3,440,1766,254,23,91,Auslagerungszeitpunkte,0.08575317604355717,0.7635309278350515,,,694,1789
388,388,5,1,23,1,22,4,698,1770,24,14,93,zu,0.1073805202661827,0.7633161512027491,,,722,1784
389,389,5,1,23,1,22,5,728,1766,79,23,92,parken-,0.11607683000604961,0.7635309278350515,,,807,1789
390,390,4,1,23,1,23,0,225,1799,582,23,-1,,0.0780399274047187,0.7777061855670103,,,807,1822
391,391,5,1,23,1,23,1,225,1799,34,18,93,der,0.03660012099213551,0.7766323024054983,,,259,1817
392,392,5,1,23,1,23,2,271,1799,111,23,91,Fahrzeuge,0.049379915305505145,0.7777061855670103,,,382,1822
393,393,5,1,23,1,23,3,394,1799,27,23,96,(3),0.06163036902601331,0.7777061855670103,,,421,1822
394,394,5,1,23,1,23,4,434,1799,15,18,96,in,0.06677253478523897,0.7766323024054983,,,449,1817
395,395,5,1,23,1,23,5,462,1799,37,18,96,das,0.07267090139140955,0.7766323024054983,,,499,1817
396,396,5,1,23,1,23,6,511,1799,47,18,96,oder,0.080837870538415,0.7766323024054983,,,558,1817
397,397,5,1,23,1,23,7,569,1803,37,14,96,aus,0.08885359951603146,0.7774914089347079,,,606,1817
398,398,5,1,23,1,23,8,617,1799,45,18,93,dem,0.09671808832425892,0.7766323024054983,,,662,1817
399,399,5,1,23,1,23,9,675,1799,132,18,91,betreffenden,0.11206896551724138,0.7766323024054983,,,807,1817
400,400,4,1,23,1,24,0,226,1831,581,23,-1,,0.07811554748941318,0.7914518900343642,,,807,1854
401,401,5,1,23,1,24,1,226,1831,86,19,92,Parkhaus,0.040683605565638235,0.7905927835051546,,,312,1850
402,402,5,1,23,1,24,2,314,1831,51,23,96,(1.1,0.05134603750756201,0.7914518900343642,,,365,1854
403,403,5,1,23,1,24,3,374,1831,28,19,92,bis,0.05868118572292801,0.7905927835051546,,,402,1850
404,404,5,1,23,1,24,4,410,1831,35,23,89,1.y),0.06465517241379311,0.7914518900343642,,,445,1854
405,405,5,1,23,1,24,5,452,1831,36,19,93,und,0.07108287961282517,0.7905927835051546,,,488,1850
406,406,5,1,23,1,24,6,495,1831,209,23,91,Umpositionierungen,0.09066848154869933,0.7914518900343642,,,704,1854
407,407,5,1,23,1,24,7,709,1836,37,14,92,von,0.11002722323049002,0.7916666666666666,,,746,1850
408,408,5,1,23,1,24,8,753,1831,54,19,92,Fahr-,0.11796733212341198,0.7905927835051546,,,807,1850
409,409,4,1,23,1,25,0,225,1864,582,23,-1,,0.0780399274047187,0.805627147766323,,,807,1887
410,410,5,1,23,1,25,1,225,1869,63,18,92,zeugen,0.03879310344827586,0.8067010309278351,,,288,1887
411,411,5,1,23,1,25,2,291,1864,46,23,96,(3),0.04748941318814277,0.805627147766323,,,337,1887
412,412,5,1,23,1,25,3,346,1864,95,18,96,innerhalb,0.059513006654567456,0.804553264604811,,,441,1882
413,413,5,1,23,1,25,4,448,1864,38,18,93,des,0.0706291591046582,0.804553264604811,,,486,1882
414,414,5,1,23,1,25,5,494,1864,112,18,91,Parkhauses,0.08318209316394434,0.804553264604811,,,606,1882
415,415,5,1,23,1,25,6,607,1864,55,23,96,(1.1,0.09596188747731398,0.805627147766323,,,662,1887
416,416,5,1,23,1,25,7,674,1864,28,18,93,bis,0.10405323653962492,0.804553264604811,,,702,1882
417,417,5,1,23,1,25,8,711,1864,36,23,83,1.y),0.11025408348457351,0.805627147766323,,,747,1887
418,418,5,1,23,1,25,9,755,1865,52,17,92,steu-,0.11811857229280097,0.8047680412371134,,,807,1882
419,419,4,1,23,1,26,0,225,1897,32,18,-1,,0.03644888082274652,0.8187285223367697,,,257,1915
420,420,5,1,23,1,26,1,225,1897,32,18,94,ert.,0.03644888082274652,0.8187285223367697,,,257,1915
421,421,3,1,23,2,0,0,225,1929,582,89,-1,,0.0780399274047187,0.8477233676975945,,,807,2018
422,422,4,1,23,2,1,0,271,1929,535,23,-1,,0.08144283121597096,0.8335481099656358,,,806,1952
423,423,5,1,23,2,1,1,271,1929,33,19,93,Die,0.043481548699334543,0.8326890034364262,,,304,1948
424,424,5,1,23,2,1,2,316,1929,99,23,92,Erfindung,0.05527828191167574,0.8335481099656358,,,415,1952
425,425,5,1,23,2,1,3,428,1929,65,19,90,betrifft,0.06964609800362977,0.8326890034364262,,,493,1948
426,426,5,1,23,2,1,4,502,1929,94,19,93,weiterhin,0.08303085299455536,0.8326890034364262,,,596,1948
427,427,5,1,23,2,1,5,609,1929,29,19,96,ein,0.09429824561403509,0.8326890034364262,,,638,1948
428,428,5,1,23,2,1,6,648,1929,104,19,94,Verfahren,0.10586811857229281,0.8326890034364262,,,752,1948
429,429,5,1,23,2,1,7,764,1934,42,14,94,zum,0.11872353297035693,0.8337628865979382,,,806,1948
430,430,4,1,23,2,2,0,225,1963,582,23,-1,,0.0780399274047187,0.8481529209621993,,,807,1986
431,431,5,1,23,2,2,1,225,1963,74,18,91,Betrieb,0.039624924379915306,0.8470790378006873,,,299,1981
432,432,5,1,23,2,2,2,307,1963,52,18,96,einer,0.050362976406533574,0.8470790378006873,,,359,1981
433,433,5,1,23,2,2,3,366,1963,71,18,91,Anzahl,0.06072292800967937,0.8470790378006873,,,437,1981
434,434,5,1,23,2,2,4,446,1963,149,18,91,automatischer,0.07872050816696914,0.8470790378006873,,,595,1981
435,435,5,1,23,2,2,5,603,1963,112,18,91,Parkhauser,0.09966727162734422,0.8470790378006873,,,715,1981
436,436,5,1,23,2,2,6,717,1963,50,23,96,(1.1,0.11222020568663037,0.8481529209621993,,,767,1986
437,437,5,1,23,2,2,7,779,1963,28,18,96,bis,0.11993345432546884,0.8470790378006873,,,807,1981
438,438,4,1,23,2,3,0,227,1995,41,23,-1,,0.037431941923774956,0.8618986254295533,,,268,2018
439,439,5,1,23,2,3,1,227,1995,41,23,44,1.y).,0.037431941923774956,0.8618986254295533,,,268,2018
440,440,2,1,24,0,0,0,316,996,770,26,-1,,0.1060193587416818,0.4334192439862543,,,1086,1022
441,441,3,1,24,1,0,0,316,996,770,26,-1,,0.1060193587416818,0.4334192439862543,,,1086,1022
442,442,4,1,24,1,1,0,316,996,770,26,-1,,0.1060193587416818,0.4334192439862543,,,1086,1022
443,443,5,1,24,1,1,1,316,1001,290,21,92,STEUERUNGSSYSTEM,0.06972171808832425,0.43449312714776633,title_line_1,STEUERUNGSSYSTEM,606,1022
444,444,5,1,24,1,1,2,617,996,52,26,93,FUR,0.09724742891712039,0.4334192439862543,title_line_1,F‚àö√∫R,669,1022
445,445,5,1,24,1,1,3,677,1001,213,21,90,AUTOMATISCHE,0.11849667271627344,0.43449312714776633,title_line_1,AUTOMATISCHE,890,1022
446,446,5,1,24,1,1,4,901,996,185,26,92,PARKHAUSER,0.1502571082879613,0.4334192439862543,title_line_1,PARKH‚àö√ëUSER,1086,1022
447,447,2,1,25,0,0,0,886,1111,577,833,-1,,0.17763157894736842,0.6561426116838488,,,1463,1944
448,448,3,1,25,1,0,0,886,1111,577,833,-1,,0.17763157894736842,0.6561426116838488,,,1463,1944
449,449,4,1,25,1,1,0,886,1111,577,833,-1,,0.17763157894736842,0.6561426116838488,,,1463,1944
450,450,5,1,25,1,1,1,886,1111,577,833,95, ,0.17763157894736842,0.6561426116838488,,,1463,1944
451,451,2,1,26,0,0,0,950,2017,87,31,-1,,0.1502571082879613,0.8730670103092784,,,1037,2048
452,452,3,1,26,1,0,0,950,2017,87,31,-1,,0.1502571082879613,0.8730670103092784,,,1037,2048
453,453,4,1,26,1,1,0,950,2017,87,31,-1,,0.1502571082879613,0.8730670103092784,,,1037,2048
454,454,5,1,26,1,1,1,950,2017,42,31,94,FIG,0.14685420447670902,0.8730670103092784,,,992,2048
455,455,5,1,26,1,1,2,1005,2017,32,30,94,14,0.1544162129461585,0.872852233676976,,,1037,2047
456,456,2,1,27,0,0,0,716,2270,259,16,-1,,0.1278735632183908,0.9785223367697594,,,975,2286
457,457,3,1,27,1,0,0,716,2270,259,16,-1,,0.1278735632183908,0.9785223367697594,,,975,2286
458,458,4,1,27,1,1,0,716,2270,259,16,-1,,0.1278735632183908,0.9785223367697594,,,975,2286
459,459,5,1,27,1,1,1,716,2270,49,12,96,Printed,0.11199334543254688,0.9776632302405498,,,765,2282
460,460,5,1,27,1,1,2,771,2270,15,16,96,by,0.1177404718693285,0.9785223367697594,,,786,2286
461,461,5,1,27,1,1,3,792,2270,45,14,96,"Jouve,",0.12318511796733213,0.9780927835051546,,,837,2284
462,462,5,1,27,1,1,4,843,2270,41,12,96,75001,0.13059588626739263,0.9776632302405498,,,884,2282
463,463,5,1,27,1,1,5,893,2270,46,12,96,PARIS,0.1385359951603146,0.9776632302405498,,,939,2282
464,464,5,1,27,1,1,6,945,2270,30,16,95,(FR),0.14519056261343014,0.9785223367697594,,,975,2286
