,Unnamed: 0,level,page_num,block_num,par_num,line_num,word_num,left,top,width,height,conf,text,x,y,label,target,right,bottom
0,0,1,1,0,0,0,0,0,0,1653,2328,-1,,0.125,0.5,,,1653,2328
1,1,2,1,1,0,0,0,144,1905,31,328,-1,,0.02412280701754386,0.8887457044673539,,,175,2233
2,2,3,1,1,1,0,0,144,1905,31,328,-1,,0.02412280701754386,0.8887457044673539,,,175,2233
3,3,4,1,1,1,1,0,144,1905,31,328,-1,,0.02412280701754386,0.8887457044673539,,,175,2233
4,4,5,1,1,1,1,1,144,2179,30,54,96,EP,0.024047186932849365,0.947594501718213,,,174,2233
5,5,5,1,1,1,1,2,144,2142,31,21,96,3,0.02412280701754386,0.9246134020618557,,,175,2163
6,6,5,1,1,1,1,3,144,2055,31,71,96,399,0.02412280701754386,0.8979810996563574,,,175,2126
7,7,5,1,1,1,1,4,144,1968,31,71,86,796,0.02412280701754386,0.8606099656357389,,,175,2039
8,8,5,1,1,1,1,5,144,1905,30,50,86,A1,0.024047186932849365,0.8290378006872853,,,174,1955
9,9,2,1,2,0,0,0,429,153,88,28,-1,,0.07153660012099214,0.07173539518900343,,,517,181
10,10,3,1,2,1,0,0,429,153,88,28,-1,,0.07153660012099214,0.07173539518900343,,,517,181
11,11,4,1,2,1,1,0,429,153,88,16,-1,,0.07153660012099214,0.06915807560137457,,,517,169
12,12,5,1,2,1,1,1,429,153,88,16,84,Europaisches,0.07153660012099214,0.06915807560137457,,,517,169
13,13,4,1,2,1,2,0,429,170,71,11,-1,,0.07025105868118572,0.07538659793814433,,,500,181
14,14,5,1,2,1,2,1,429,170,71,11,96,Patentamt,0.07025105868118572,0.07538659793814433,,,500,181
15,15,2,1,3,0,0,0,429,196,89,28,-1,,0.07161222020568662,0.09020618556701031,,,518,224
16,16,3,1,3,1,0,0,429,196,89,28,-1,,0.07161222020568662,0.09020618556701031,,,518,224
17,17,4,1,3,1,1,0,429,196,63,15,-1,,0.06964609800362977,0.08741408934707903,,,492,211
18,18,5,1,3,1,1,1,429,196,63,15,95,European,0.06964609800362977,0.08741408934707903,,,492,211
19,19,4,1,3,1,2,0,429,212,89,12,-1,,0.07161222020568662,0.0936426116838488,,,518,224
20,20,5,1,3,1,2,1,429,213,43,11,96,Patent,0.06813369630973987,0.0938573883161512,,,472,224
21,21,5,1,3,1,2,2,478,212,40,12,90,Office,0.07531760435571688,0.0936426116838488,,,518,224
22,22,2,1,4,0,0,0,429,239,109,28,-1,,0.07312462189957653,0.10867697594501718,,,538,267
23,23,3,1,4,1,0,0,429,239,109,28,-1,,0.07312462189957653,0.10867697594501718,,,538,267
24,24,4,1,4,1,1,0,429,239,109,15,-1,,0.07312462189957653,0.10588487972508591,,,538,254
25,25,5,1,4,1,1,1,429,239,40,12,93,Office,0.06790683605565638,0.1052405498281787,,,469,251
26,26,5,1,4,1,1,2,474,239,64,15,93,europ√©en,0.0765275257108288,0.10588487972508591,,,538,254
27,27,4,1,4,1,2,0,429,255,77,12,-1,,0.0707047791893527,0.11211340206185567,,,506,267
28,28,5,1,4,1,2,1,429,255,22,12,95,des,0.06654567453115548,0.11211340206185567,,,451,267
29,29,5,1,4,1,2,2,457,255,49,12,82,brevets,0.07282214156079855,0.11211340206185567,,,506,267
30,30,2,1,5,0,0,0,281,136,274,150,-1,,0.06321839080459771,0.09063573883161512,,,555,286
31,31,3,1,5,1,0,0,281,136,274,150,-1,,0.06321839080459771,0.09063573883161512,,,555,286
32,32,4,1,5,1,1,0,281,136,274,150,-1,,0.06321839080459771,0.09063573883161512,,,555,286
33,33,5,1,5,1,1,1,281,136,274,150,95, ,0.06321839080459771,0.09063573883161512,,,555,286
34,34,2,1,6,0,0,0,225,324,45,26,-1,,0.037431941923774956,0.14475945017182132,,,270,350
35,35,3,1,6,1,0,0,225,324,45,26,-1,,0.037431941923774956,0.14475945017182132,,,270,350
36,36,4,1,6,1,1,0,225,324,45,26,-1,,0.037431941923774956,0.14475945017182132,,,270,350
37,37,5,1,6,1,1,1,225,324,45,26,96,(12),0.037431941923774956,0.14475945017182132,,,270,350
38,38,2,1,7,0,0,0,225,395,378,53,-1,,0.06261343012704174,0.18105670103092783,,,603,448
39,39,3,1,7,1,0,0,225,395,378,53,-1,,0.06261343012704174,0.18105670103092783,,,603,448
40,40,4,1,7,1,1,0,225,395,262,26,-1,,0.05384150030248034,0.17525773195876287,,,487,421
41,41,5,1,7,1,1,1,225,395,45,26,95,(43),0.037431941923774956,0.17525773195876287,,,270,421
42,42,5,1,7,1,1,2,286,397,48,18,95,Date,0.04688445251058681,0.17439862542955326,,,334,415
43,43,5,1,7,1,1,3,342,397,20,18,96,of,0.05323653962492438,0.17439862542955326,,,362,415
44,44,5,1,7,1,1,4,370,397,117,23,96,publication:,0.0648064125831821,0.17547250859106528,,,487,420
45,45,4,1,7,1,2,0,286,430,317,18,-1,,0.06722625529340592,0.18857388316151202,,,603,448
46,46,5,1,7,1,2,1,286,430,117,18,96,07.11.2018,0.052102238354506954,0.18857388316151202,publication_date,07.11.2018,403,448
47,47,5,1,7,1,2,2,426,430,84,18,95,Bulletin,0.07078039927404718,0.18857388316151202,,,510,448
48,48,5,1,7,1,2,3,519,430,84,18,95,2018/45,0.08484573502722323,0.18857388316151202,,,603,448
49,49,2,1,8,0,0,0,225,493,402,26,-1,,0.06442831215970962,0.21735395189003437,,,627,519
50,50,3,1,8,1,0,0,225,493,402,26,-1,,0.06442831215970962,0.21735395189003437,,,627,519
51,51,4,1,8,1,1,0,225,493,402,26,-1,,0.06442831215970962,0.21735395189003437,,,627,519
52,52,5,1,8,1,1,1,225,493,45,26,96,(21),0.037431941923774956,0.21735395189003437,,,270,519
53,53,5,1,8,1,1,2,285,495,115,23,96,Application,0.051799758015728975,0.21756872852233677,,,400,518
54,54,5,1,8,1,1,3,410,495,83,18,93,number:,0.06828493647912885,0.21649484536082475,,,493,513
55,55,5,1,8,1,1,4,505,495,122,18,92,18180837.9,0.08560193587416817,0.21649484536082475,application_number,18180837.9,627,513
56,56,2,1,9,0,0,0,225,559,325,26,-1,,0.05860556563823351,0.24570446735395188,,,550,585
57,57,3,1,9,1,0,0,225,559,325,26,-1,,0.05860556563823351,0.24570446735395188,,,550,585
58,58,4,1,9,1,1,0,225,559,325,26,-1,,0.05860556563823351,0.24570446735395188,,,550,585
59,59,5,1,9,1,1,1,225,559,45,26,96,(22),0.037431941923774956,0.24570446735395188,,,270,585
60,60,5,1,9,1,1,2,286,561,48,18,96,Date,0.04688445251058681,0.24484536082474226,,,334,579
61,61,5,1,9,1,1,3,342,566,12,13,96,of,0.05263157894736842,0.24591924398625428,,,354,579
62,62,5,1,9,1,1,4,355,561,67,23,96,filing:,0.058756805807622506,0.24591924398625428,,,422,584
63,63,5,1,9,1,1,5,432,561,118,18,96,06.08.2013,0.07425892316999395,0.24484536082474226,filing_date,06.08.2013,550,579
64,64,2,1,10,0,0,0,577,319,537,26,-1,,0.1278735632183908,0.14261168384879724,,,1114,345
65,65,3,1,10,1,0,0,577,319,537,26,-1,,0.1278735632183908,0.14261168384879724,,,1114,345
66,66,4,1,10,1,1,0,577,319,537,26,-1,,0.1278735632183908,0.14261168384879724,,,1114,345
67,67,5,1,10,1,1,1,577,319,156,26,95,EUROPEAN,0.09906231094978826,0.14261168384879724,,,733,345
68,68,5,1,10,1,1,2,735,320,135,24,95,PATENT,0.12137023593466424,0.14261168384879724,,,870,344
69,69,5,1,10,1,1,3,873,319,241,26,96,APPLICATION,0.1502571082879613,0.14261168384879724,,,1114,345
70,70,2,1,11,0,0,0,862,245,598,292,-1,,0.17558983666061706,0.16795532646048109,,,1460,537
71,71,3,1,11,1,0,0,862,245,598,292,-1,,0.17558983666061706,0.16795532646048109,,,1460,537
72,72,4,1,11,1,1,0,1002,245,458,38,-1,,0.18617664851784635,0.1134020618556701,,,1460,283
73,73,5,1,11,1,1,1,1002,256,44,27,94,(11),0.15486993345432548,0.11576460481099657,,,1046,283
74,74,5,1,11,1,1,2,1146,245,52,32,96,EP,0.17725347852389595,0.11211340206185567,number,EP,1198,277
75,75,5,1,11,1,1,3,1214,245,20,32,92,3,0.1851179673321234,0.11211340206185567,number,3,1234,277
76,76,5,1,11,1,1,4,1249,245,68,32,92,399,0.1940411373260738,0.11211340206185567,number,399,1317,277
77,77,5,1,11,1,1,5,1332,245,68,32,91,796,0.20659407138535996,0.11211340206185567,number,796,1400,277
78,78,5,1,11,1,1,6,1413,245,47,32,87,A1,0.21725650332728372,0.11211340206185567,number,A1,1460,277
79,79,4,1,11,1,2,0,862,395,126,26,-1,,0.13989715668481548,0.17525773195876287,,,988,421
80,80,5,1,11,1,2,1,862,395,44,26,93,(51),0.1336963097398669,0.17525773195876287,,,906,421
81,81,5,1,11,1,2,2,923,397,25,18,93,Int,0.1414851784633999,0.17439862542955326,,,948,415
82,82,5,1,11,1,2,3,955,397,33,18,78,Cl:,0.14692982456140352,0.17439862542955326,,,988,415
83,83,4,1,11,1,3,0,922,425,475,21,-1,,0.1753629764065336,0.1870704467353952,,,1397,446
84,84,5,1,11,1,3,1,922,428,68,18,88,HO4W,0.14458560193587416,0.1877147766323024,class_international,H04W,990,446
85,85,5,1,11,1,3,2,995,428,59,18,68,36104,0.15494555353901995,0.1877147766323024,class_international,36/04,1054,446
86,86,5,1,11,1,3,3,1059,425,67,16,82,(2009.07),0.16522988505747127,0.18599656357388317,,,1126,441
87,87,5,1,11,1,3,4,1193,428,68,18,88,HO4W,0.18557168784029038,0.1877147766323024,,,1261,446
88,88,5,1,11,1,3,5,1268,428,57,18,86,16/32,0.19608287961282517,0.1877147766323024,,,1325,446
89,89,5,1,11,1,3,6,1330,425,67,16,87,(2009.01),0.20621597096188748,0.18599656357388317,,,1397,441
90,90,4,1,11,1,4,0,922,455,475,21,-1,,0.1753629764065336,0.19995704467353953,,,1397,476
91,91,5,1,11,1,4,1,922,458,68,18,77,HO4W,0.14458560193587416,0.20060137457044674,,,990,476
92,92,5,1,11,1,4,2,996,458,58,18,62,72104,0.15502117362371445,0.20060137457044674,,,1054,476
93,93,5,1,11,1,4,3,1059,455,67,16,68,(2009.01),0.16522988505747127,0.19888316151202748,,,1126,471
94,94,5,1,11,1,4,4,1193,458,68,18,88,HO4W,0.18557168784029038,0.20060137457044674,,,1261,476
95,95,5,1,11,1,4,5,1265,458,60,18,84,40/24,0.1958560193587417,0.20060137457044674,,,1325,476
96,96,5,1,11,1,4,6,1330,455,67,16,72,(2009.01),0.20621597096188748,0.19888316151202748,,,1397,471
97,97,4,1,11,1,5,0,922,486,475,21,-1,,0.1753629764065336,0.21327319587628865,,,1397,507
98,98,5,1,11,1,5,1,922,488,68,19,88,HO4W,0.14458560193587416,0.21370274914089346,,,990,507
99,99,5,1,11,1,5,2,996,488,58,19,69,28/18,0.15502117362371445,0.21370274914089346,,,1054,507
100,100,5,1,11,1,5,3,1059,486,67,15,78,(2009.01),0.16522988505747127,0.21198453608247422,,,1126,501
101,101,5,1,11,1,5,4,1193,488,68,19,90,HO4W,0.18557168784029038,0.21370274914089346,,,1261,507
102,102,5,1,11,1,5,5,1267,488,58,19,96,92/20,0.19600725952813067,0.21370274914089346,,,1325,507
103,103,5,1,11,1,5,6,1330,486,67,15,88,(2009.01),0.20621597096188748,0.21198453608247422,,,1397,501
104,104,4,1,11,1,6,0,922,516,475,21,-1,,0.1753629764065336,0.226159793814433,,,1397,537
105,105,5,1,11,1,6,1,922,519,68,18,89,HO4W,0.14458560193587416,0.2268041237113402,,,990,537
106,106,5,1,11,1,6,2,997,519,57,18,92,76/15,0.15509679370840895,0.2268041237113402,,,1054,537
107,107,5,1,11,1,6,3,1059,516,67,16,78,(2018.91),0.16522988505747127,0.22508591065292097,,,1126,532
108,108,5,1,11,1,6,4,1193,519,68,18,89,HO4W,0.18557168784029038,0.2268041237113402,,,1261,537
109,109,5,1,11,1,6,5,1267,519,57,18,96,84/04,0.19593163944343617,0.2268041237113402,,,1324,537
110,110,5,1,11,1,6,6,1330,516,67,16,72,(2009.01),0.20621597096188748,0.22508591065292097,,,1397,532
111,111,2,1,12,0,0,0,224,613,1243,4,-1,,0.1278735632183908,0.26417525773195877,,,1467,617
112,112,3,1,12,1,0,0,224,613,1243,4,-1,,0.1278735632183908,0.26417525773195877,,,1467,617
113,113,4,1,12,1,1,0,224,613,1243,4,-1,,0.1278735632183908,0.26417525773195877,,,1467,617
114,114,5,1,12,1,1,1,224,613,1243,4,95, ,0.1278735632183908,0.26417525773195877,,,1467,617
115,115,2,1,13,0,0,0,225,631,599,119,-1,,0.07932546884452511,0.296606529209622,,,824,750
116,116,3,1,13,1,0,0,225,631,599,119,-1,,0.07932546884452511,0.296606529209622,,,824,750
117,117,4,1,13,1,1,0,225,631,388,27,-1,,0.0633696309739867,0.2768470790378007,,,613,658
118,118,5,1,13,1,1,1,225,631,45,27,96,(84),0.037431941923774956,0.2768470790378007,,,270,658
119,119,5,1,13,1,1,2,286,633,118,23,96,Designated,0.052177858439201454,0.2768470790378007,,,404,656
120,120,5,1,13,1,1,3,413,633,119,23,96,Contracting,0.07146098003629764,0.2768470790378007,,,532,656
121,121,5,1,13,1,1,4,542,633,71,19,96,States:,0.08734119782214156,0.2759879725085911,,,613,652
122,122,4,1,13,1,2,0,285,666,537,18,-1,,0.08371143375680581,0.28994845360824745,,,822,684
123,123,5,1,13,1,2,1,285,666,31,18,94,AL,0.04544767090139141,0.28994845360824745,,,316,684
124,124,5,1,13,1,2,2,323,666,31,18,94,AT,0.05119479733817302,0.28994845360824745,,,354,684
125,125,5,1,13,1,2,3,363,666,30,18,96,BE,0.05716878402903811,0.28994845360824745,,,393,684
126,126,5,1,13,1,2,4,403,666,32,18,96,BG,0.0633696309739867,0.28994845360824745,,,435,684
127,127,5,1,13,1,2,5,445,666,31,18,96,CH,0.06964609800362977,0.28994845360824745,,,476,684
128,128,5,1,13,1,2,6,486,666,32,18,95,CY,0.07592256503327284,0.28994845360824745,,,518,684
129,129,5,1,13,1,2,7,526,666,30,18,93,CZ,0.08182093163944344,0.28994845360824745,,,556,684
130,130,5,1,13,1,2,8,565,666,30,18,93,DE,0.08771929824561403,0.28994845360824745,,,595,684
131,131,5,1,13,1,2,9,605,666,32,18,95,DK,0.09392014519056262,0.28994845360824745,,,637,684
132,132,5,1,13,1,2,10,646,666,29,18,95,EE,0.0998941318814277,0.28994845360824745,,,675,684
133,133,5,1,13,1,2,11,684,666,29,18,93,ES,0.10564125831820932,0.28994845360824745,,,713,684
134,134,5,1,13,1,2,12,723,666,57,18,90,FIFR,0.11365698729582577,0.28994845360824745,,,780,684
135,135,5,1,13,1,2,13,788,666,34,18,95,GB,0.12174833635813673,0.28994845360824745,,,822,684
136,136,4,1,13,1,3,0,285,699,539,18,-1,,0.0838626739261948,0.30412371134020616,,,824,717
137,137,5,1,13,1,3,1,285,699,297,18,83,GRHRHUIEISITLILTLU,0.06556261343012704,0.30412371134020616,,,582,717
138,138,5,1,13,1,3,2,591,699,28,18,85,LV,0.09150030248033877,0.30412371134020616,,,619,717
139,139,5,1,13,1,3,3,627,699,35,18,85,MC,0.09747428917120388,0.30412371134020616,,,662,717
140,140,5,1,13,1,3,4,670,699,35,18,94,MK,0.10397761645493044,0.30412371134020616,,,705,717
141,141,5,1,13,1,3,5,713,699,32,18,91,MT,0.11025408348457351,0.30412371134020616,,,745,717
142,142,5,1,13,1,3,6,753,699,29,18,49,NL,0.11607683000604961,0.30412371134020616,,,782,717
143,143,5,1,13,1,3,7,791,699,33,18,49,NO,0.1221264367816092,0.30412371134020616,,,824,717
144,144,4,1,13,1,4,0,286,732,336,18,-1,,0.06866303690260134,0.31829896907216493,,,622,750
145,145,5,1,13,1,4,1,286,732,28,18,93,PL,0.045372050816696916,0.31829896907216493,,,314,750
146,146,5,1,13,1,4,2,323,732,29,18,92,PT,0.05104355716878403,0.31829896907216493,,,352,750
147,147,5,1,13,1,4,3,360,732,58,18,92,RORS,0.058832425892317,0.31829896907216493,,,418,750
148,148,5,1,13,1,4,4,420,732,52,18,92,SE,0.06745311554748941,0.31829896907216493,,,472,750
149,149,5,1,13,1,4,5,480,732,20,18,95,SI,0.07410768300060495,0.31829896907216493,,,500,750
150,150,5,1,13,1,4,6,510,732,31,18,93,SK,0.0794767090139141,0.31829896907216493,,,541,750
151,151,5,1,13,1,4,7,550,732,72,18,90,SMTR,0.08862673926194797,0.31829896907216493,,,622,750
152,152,2,1,14,0,0,0,225,795,460,27,-1,,0.06881427707199032,0.3472938144329897,,,685,822
153,153,3,1,14,1,0,0,225,795,460,27,-1,,0.06881427707199032,0.3472938144329897,,,685,822
154,154,4,1,14,1,1,0,225,795,460,27,-1,,0.06881427707199032,0.3472938144329897,,,685,822
155,155,5,1,14,1,1,1,225,795,45,27,96,(30),0.037431941923774956,0.3472938144329897,,,270,822
156,156,5,1,14,1,1,2,286,797,77,23,93,Priority:,0.04907743496672716,0.3472938144329897,,,363,820
157,157,5,1,14,1,1,3,383,797,118,19,93,28.12.2012,0.06684815486993345,0.34643470790378006,,,501,816
158,158,5,1,14,1,1,4,519,797,27,19,96,JP,0.08053539019963703,0.34643470790378006,,,546,816
159,159,5,1,14,1,1,5,555,797,130,19,96,2012288209,0.09376890502117362,0.34643470790378006,,,685,816
160,160,2,1,15,0,0,0,225,861,596,86,-1,,0.07909860859044163,0.38831615120274915,,,821,947
161,161,3,1,15,1,0,0,225,861,596,86,-1,,0.07909860859044163,0.38831615120274915,,,821,947
162,162,4,1,15,1,1,0,225,861,596,26,-1,,0.07909860859044163,0.3754295532646048,,,821,887
163,163,5,1,15,1,1,1,225,861,45,26,96,(62),0.037431941923774956,0.3754295532646048,,,270,887
164,164,5,1,15,1,1,2,286,863,107,18,96,Document,0.05134603750756201,0.3745704467353952,,,393,881
165,165,5,1,15,1,1,3,402,863,105,23,96,number(s),0.06873865698729582,0.3756443298969072,,,507,886
166,166,5,1,15,1,1,4,516,863,20,18,96,of,0.07955232909860858,0.3745704467353952,,,536,881
167,167,5,1,15,1,1,5,542,863,32,18,96,the,0.08439201451905626,0.3745704467353952,,,574,881
168,168,5,1,15,1,1,6,583,863,65,18,96,earlier,0.09308832425892317,0.3745704467353952,,,648,881
169,169,5,1,15,1,1,7,655,863,140,23,94,application(s),0.10964912280701754,0.3756443298969072,,,795,886
170,170,5,1,15,1,1,8,805,863,16,18,96,in,0.12295825771324864,0.3745704467353952,,,821,881
171,171,4,1,15,1,2,0,286,895,308,19,-1,,0.06654567453115548,0.38853092783505155,,,594,914
172,172,5,1,15,1,2,1,286,895,109,19,96,accordance,0.051497277676950996,0.38853092783505155,,,395,914
173,173,5,1,15,1,2,2,395,895,60,19,96,with,0.06427707199032062,0.38853092783505155,,,455,914
174,174,5,1,15,1,2,3,464,895,35,19,96,Art.,0.07282214156079855,0.38853092783505155,,,499,914
175,175,5,1,15,1,2,4,508,895,25,19,96,76,0.07872050816696914,0.38853092783505155,,,533,914
176,176,5,1,15,1,2,5,542,895,52,19,96,EPC:,0.08590441621294616,0.38853092783505155,,,594,914
177,177,4,1,15,1,3,0,286,929,250,18,-1,,0.06215970961887477,0.4029209621993127,,,536,947
178,178,5,1,15,1,3,1,286,929,124,18,86,13869592.9,0.05263157894736842,0.4029209621993127,,,410,947
179,179,5,1,15,1,3,2,417,929,7,18,86,/,0.06359649122807018,0.4029209621993127,,,424,947
180,180,5,1,15,1,3,3,432,929,11,18,74,2,0.066167574107683,0.4029209621993127,,,443,947
181,181,5,1,15,1,3,4,451,929,35,18,74,941,0.07085601935874168,0.4029209621993127,,,486,947
182,182,5,1,15,1,3,5,498,929,38,18,96,050,0.07819116757410768,0.4029209621993127,,,536,947
183,183,2,1,16,0,0,0,225,992,363,58,-1,,0.06147912885662432,0.438573883161512,,,588,1050
184,184,3,1,16,1,0,0,225,992,363,58,-1,,0.06147912885662432,0.438573883161512,,,588,1050
185,185,4,1,16,1,1,0,225,992,363,26,-1,,0.06147912885662432,0.43170103092783507,,,588,1018
186,186,5,1,16,1,1,1,225,992,45,26,96,(71),0.037431941923774956,0.43170103092783507,,,270,1018
187,187,5,1,16,1,1,2,285,994,103,23,96,Applicant:,0.05089231699939504,0.4319158075601375,,,388,1017
188,188,5,1,16,1,1,3,397,994,48,18,96,NEC,0.06367211131276466,0.43084192439862545,applicant_line_1,NEC,445,1012
189,189,5,1,16,1,1,4,454,994,134,23,96,Corporation,0.07879612825166364,0.4319158075601375,applicant_line_1,Corporation,588,1017
190,190,4,1,16,1,2,0,285,1027,228,23,-1,,0.0603448275862069,0.44609106529209624,,,513,1050
191,191,5,1,16,1,2,1,285,1027,69,23,96,Tokyo,0.048321234119782216,0.44609106529209624,,,354,1050
192,192,5,1,16,1,2,2,363,1027,96,18,95,108-8001,0.06215970961887477,0.44501718213058417,,,459,1045
193,193,5,1,16,1,2,3,470,1027,43,23,96,(JP),0.07433454325468844,0.44609106529209624,,,513,1050
194,194,2,1,17,0,0,0,225,1090,306,91,-1,,0.05716878402903811,0.4877577319587629,,,531,1181
195,195,3,1,17,1,0,0,225,1090,306,91,-1,,0.05716878402903811,0.4877577319587629,,,531,1181
196,196,4,1,17,1,1,0,225,1090,163,26,-1,,0.046355111917725345,0.4737972508591065,,,388,1116
197,197,5,1,17,1,1,1,225,1090,45,26,96,(72),0.037431941923774956,0.4737972508591065,,,270,1116
198,198,5,1,17,1,1,2,287,1092,101,18,96,Inventors:,0.05104355716878403,0.4729381443298969,,,388,1110
199,199,4,1,17,1,2,0,262,1125,228,22,-1,,0.056866303690260134,0.4879725085910653,,,490,1147
200,200,5,1,17,1,2,1,262,1131,7,7,79,*,0.04015426497277677,0.48732817869415807,,,269,1138
201,201,5,1,17,1,2,2,285,1125,112,19,90,"AMINAKA,",0.051572897761645496,0.48732817869415807,inventor_line_1,"AMINAKA,",397,1144
202,202,5,1,17,1,2,3,399,1125,91,22,96,Hiroaki,0.06722625529340592,0.4879725085910653,inventor_line_1,Hiroaki,490,1147
203,203,4,1,17,1,3,0,286,1158,245,23,-1,,0.0617816091954023,0.5023625429553265,,,531,1181
204,204,5,1,17,1,3,1,286,1158,116,22,96,"Minato-ku,",0.05202661826981246,0.502147766323024,,,402,1180
205,205,5,1,17,1,3,2,411,1158,69,23,96,Tokyo,0.06737749546279492,0.5023625429553265,,,480,1181
206,206,5,1,17,1,3,3,489,1158,42,23,96,(JP),0.07713248638838476,0.5023625429553265,,,531,1181
207,207,2,1,18,0,0,0,898,633,270,56,-1,,0.15623109497882637,0.28393470790378006,,,1168,689
208,208,3,1,18,1,0,0,898,633,270,56,-1,,0.15623109497882637,0.28393470790378006,,,1168,689
209,209,4,1,18,1,1,0,898,633,208,23,-1,,0.1515426497277677,0.2768470790378007,,,1106,656
210,210,5,1,18,1,1,1,898,639,7,7,66,¬´,0.13634301270417423,0.2759879725085911,,,905,646
211,211,5,1,18,1,1,2,923,633,91,23,88,"FUTAKI,",0.14647610405323655,0.2768470790378007,,,1014,656
212,212,5,1,18,1,1,3,1024,633,82,19,96,Hisashi,0.16107078039927405,0.2759879725085911,,,1106,652
213,213,4,1,18,1,2,0,923,666,245,23,-1,,0.15812159709618875,0.29102233676975947,,,1168,689
214,214,5,1,18,1,2,1,923,666,116,22,96,"Minato-ku,",0.1483666061705989,0.29080756013745707,,,1039,688
215,215,5,1,18,1,2,2,1047,666,70,23,96,Tokyo,0.16364186327888688,0.29102233676975947,,,1117,689
216,216,5,1,18,1,2,3,1125,666,43,23,96,(JP),0.1733968542044767,0.29102233676975947,,,1168,689
217,217,2,1,19,0,0,0,922,732,544,154,-1,,0.18058076225045372,0.3475085910652921,,,1466,886
218,218,3,1,19,1,0,0,923,732,543,56,-1,,0.18065638233514822,0.32646048109965636,,,1466,788
219,219,4,1,19,1,1,0,923,732,543,23,-1,,0.18065638233514822,0.31937285223367695,,,1466,755
220,220,5,1,19,1,1,1,923,732,163,23,96,Representative:,0.15192075015124018,0.31937285223367695,,,1086,755
221,221,5,1,19,1,1,2,1094,732,138,23,95,"MacDougall,",0.17589231699939503,0.31937285223367695,representative_line_1_eu,"MacDougall,",1232,755
222,222,5,1,19,1,1,3,1238,732,49,18,96,Alan,0.1909407138535995,0.31829896907216493,representative_line_1_eu,Alan,1287,750
223,223,5,1,19,1,1,4,1294,732,55,18,96,John,0.1998638838475499,0.31829896907216493,representative_line_1_eu,John,1349,750
224,224,5,1,19,1,1,5,1356,732,61,18,80,Shaw,0.20969449485783423,0.31829896907216493,representative_line_1_eu,Shaw,1417,750
225,225,5,1,19,1,1,6,1422,732,44,18,73,etal,0.21839080459770116,0.31829896907216493,,,1466,750
226,226,4,1,19,1,2,0,923,765,236,23,-1,,0.15744101633393828,0.3335481099656357,,,1159,788
227,227,5,1,19,1,2,1,923,765,79,23,93,Mathys,0.1455686630369026,0.3335481099656357,,,1002,788
228,228,5,1,19,1,2,2,1011,765,16,18,93,&,0.1541137326073805,0.3324742268041237,,,1027,783
229,229,5,1,19,1,2,3,1035,765,72,23,96,Squire,0.161978221415608,0.3335481099656357,,,1107,788
230,230,5,1,19,1,2,4,1116,765,43,18,96,LLP,0.1720356926799758,0.3324742268041237,,,1159,783
231,231,3,1,19,2,0,0,922,797,114,19,-1,,0.14806412583182094,0.34643470790378006,,,1036,816
232,232,4,1,19,2,1,0,922,797,114,19,-1,,0.14806412583182094,0.34643470790378006,,,1036,816
233,233,5,1,19,2,1,1,922,797,40,19,96,The,0.1424682395644283,0.34643470790378006,,,962,816
234,234,5,1,19,2,1,2,971,797,65,19,96,Shard,0.15176950998185118,0.34643470790378006,,,1036,816
235,235,3,1,19,3,0,0,922,830,276,23,-1,,0.1603145795523291,0.36146907216494845,,,1198,853
236,236,4,1,19,3,1,0,922,830,276,23,-1,,0.1603145795523291,0.36146907216494845,,,1198,853
237,237,5,1,19,3,1,1,922,830,24,18,96,32,0.1412583182093164,0.3603951890034364,,,946,848
238,238,5,1,19,3,1,2,956,830,70,18,96,London,0.1498790078644888,0.3603951890034364,,,1026,848
239,239,5,1,19,3,1,3,1029,830,80,23,96,Bridge,0.16167574107683,0.36146907216494845,,,1109,853
240,240,5,1,19,3,1,4,1111,830,87,18,96,Street,0.17460677555958862,0.3603951890034364,,,1198,848
241,241,3,1,19,4,0,0,923,863,248,23,-1,,0.15834845735027223,0.3756443298969072,,,1171,886
242,242,4,1,19,4,1,0,923,863,248,23,-1,,0.15834845735027223,0.3756443298969072,,,1171,886
243,243,5,1,19,4,1,1,923,863,84,18,93,London,0.14594676346037508,0.3745704467353952,,,1007,881
244,244,5,1,19,4,1,2,1016,863,41,18,85,SE1,0.15676043557168784,0.3745704467353952,,,1057,881
245,245,5,1,19,4,1,3,1067,863,46,18,84,9SG,0.1648517846339988,0.3745704467353952,,,1113,881
246,246,5,1,19,4,1,4,1123,863,48,23,96,(GB),0.1734724742891712,0.3756443298969072,,,1171,886
247,247,2,1,20,0,0,0,862,929,582,116,-1,,0.17437991530550515,0.42396907216494845,,,1444,1045
248,248,3,1,20,1,0,0,862,929,582,116,-1,,0.17437991530550515,0.42396907216494845,,,1444,1045
249,249,4,1,20,1,1,0,862,929,99,18,-1,,0.13785541439806412,0.4029209621993127,,,961,947
250,250,5,1,20,1,1,1,862,929,99,18,96,Remarks:,0.13785541439806412,0.4029209621993127,,,961,947
251,251,4,1,20,1,2,0,922,961,477,23,-1,,0.17551421657592256,0.4177405498281787,,,1399,984
252,252,5,1,20,1,2,1,922,961,43,19,96,This,0.1426950998185118,0.4168814432989691,,,965,980
253,253,5,1,20,1,2,2,974,961,111,23,96,application,0.15570175438596492,0.4177405498281787,,,1085,984
254,254,5,1,20,1,2,3,1093,966,42,14,96,was,0.16848154869933454,0.4179553264604811,,,1135,980
255,255,5,1,20,1,2,4,1142,961,43,19,96,filed,0.17596793708408953,0.4168814432989691,,,1185,980
256,256,5,1,20,1,2,5,1193,966,25,14,96,on,0.1823200241984271,0.4179553264604811,,,1218,980
257,257,5,1,20,1,2,6,1226,961,121,19,96,29-06-2018,0.19457047791893528,0.4168814432989691,,,1347,980
258,258,5,1,20,1,2,7,1356,966,23,14,95,as,0.20682093163944343,0.4179553264604811,representative_line_1_eu,al,1379,980
259,259,5,1,20,1,2,8,1388,966,11,14,95,a,0.21075317604355717,0.4179553264604811,,,1399,980
260,260,4,1,20,1,3,0,922,994,522,23,-1,,0.17891712038717483,0.4319158075601375,,,1444,1017
261,261,5,1,20,1,3,1,922,994,96,18,96,divisional,0.14670296430732002,0.43084192439862545,,,1018,1012
262,262,5,1,20,1,3,2,1026,994,112,23,96,application,0.16364186327888688,0.4319158075601375,,,1138,1017
263,263,5,1,20,1,3,3,1147,995,19,17,96,to,0.17490925589836662,0.43105670103092786,,,1166,1012
264,264,5,1,20,1,3,4,1174,994,31,18,96,the,0.17990018148820328,0.43084192439862545,,,1205,1012
265,265,5,1,20,1,3,5,1214,994,112,23,96,application,0.19207501512401695,0.4319158075601375,,,1326,1017
266,266,5,1,20,1,3,6,1336,994,108,18,96,mentioned,0.2102238354506957,0.43084192439862545,,,1444,1012
267,267,4,1,20,1,4,0,923,1027,209,18,-1,,0.15539927404718692,0.44501718213058417,,,1132,1045
268,268,5,1,20,1,4,1,923,1027,50,18,92,under,0.14337568058076225,0.44501718213058417,,,973,1045
269,269,5,1,20,1,4,2,975,1027,61,18,85,INID,0.15207199032062915,0.44501718213058417,,,1036,1045
270,270,5,1,20,1,4,3,1044,1027,50,18,96,code,0.16167574107683,0.44501718213058417,,,1094,1045
271,271,5,1,20,1,4,4,1103,1027,29,18,96,62.,0.16901088929219601,0.44501718213058417,,,1132,1045
272,272,2,1,21,0,0,0,845,614,2,599,-1,,0.1279491833030853,0.39239690721649484,,,847,1213
273,273,3,1,21,1,0,0,845,614,2,599,-1,,0.1279491833030853,0.39239690721649484,,,847,1213
274,274,4,1,21,1,1,0,845,614,2,599,-1,,0.1279491833030853,0.39239690721649484,,,847,1213
275,275,5,1,21,1,1,1,845,614,2,599,95, ,0.1279491833030853,0.39239690721649484,,,847,1213
276,276,2,1,22,0,0,0,224,1211,1243,3,-1,,0.1278735632183908,0.5208333333333334,,,1467,1214
277,277,3,1,22,1,0,0,224,1211,1243,3,-1,,0.1278735632183908,0.5208333333333334,,,1467,1214
278,278,4,1,22,1,1,0,224,1211,1243,3,-1,,0.1278735632183908,0.5208333333333334,,,1467,1214
279,279,5,1,22,1,1,1,224,1211,1243,3,95, ,0.1278735632183908,0.5208333333333334,,,1467,1214
280,280,2,1,23,0,0,0,225,1230,45,27,-1,,0.037431941923774956,0.5341494845360825,,,270,1257
281,281,3,1,23,1,0,0,225,1230,45,27,-1,,0.037431941923774956,0.5341494845360825,,,270,1257
282,282,4,1,23,1,1,0,225,1230,45,27,-1,,0.037431941923774956,0.5341494845360825,,,270,1257
283,283,5,1,23,1,1,1,225,1230,45,27,96,(54),0.037431941923774956,0.5341494845360825,,,270,1257
284,284,2,1,24,0,0,0,225,1304,582,189,-1,,0.0780399274047187,0.6007302405498282,,,807,1493
285,285,3,1,24,1,0,0,225,1304,582,189,-1,,0.0780399274047187,0.6007302405498282,,,807,1493
286,286,4,1,24,1,1,0,225,1304,582,27,-1,,0.0780399274047187,0.5659364261168385,,,807,1331
287,287,5,1,24,1,1,1,225,1304,45,27,94,(57),0.037431941923774956,0.5659364261168385,,,270,1331
288,288,5,1,24,1,1,2,315,1306,15,19,50,A,0.04877495462794918,0.5650773195876289,,,330,1325
289,289,5,1,24,1,1,3,337,1306,38,19,63,first,0.05384150030248034,0.5650773195876289,,,375,1325
290,290,5,1,24,1,1,4,384,1306,50,19,95,base,0.06185722928009679,0.5650773195876289,,,434,1325
291,291,5,1,24,1,1,5,442,1306,67,19,95,station,0.07191470054446461,0.5650773195876289,,,509,1325
292,292,5,1,24,1,1,6,519,1306,27,23,96,(1),0.08053539019963703,0.5659364261168385,,,546,1329
293,293,5,1,24,1,1,7,556,1306,15,19,96,is,0.0852238354506957,0.5650773195876289,,,571,1325
294,294,5,1,24,1,1,8,579,1306,109,23,95,configured,0.09581064730792499,0.5659364261168385,,,688,1329
295,295,5,1,24,1,1,9,697,1307,18,18,95,to,0.10677555958862674,0.5652920962199313,,,715,1325
296,296,5,1,24,1,1,10,724,1306,55,22,96,"send,",0.11365698729582577,0.5657216494845361,,,779,1328
297,297,5,1,24,1,1,11,788,1307,19,18,96,to,0.1206140350877193,0.5652920962199313,,,807,1325
298,298,4,1,24,1,2,0,225,1339,582,23,-1,,0.0780399274047187,0.5801116838487973,,,807,1362
299,299,5,1,24,1,2,1,225,1344,11,13,88,a,0.034860859044162126,0.5801116838487973,,,236,1357
300,300,5,1,24,1,2,2,244,1344,61,13,88,second,0.04151542649727768,0.5801116838487973,,,305,1357
301,301,5,1,24,1,2,3,308,1339,56,18,96,base,0.050816696914700546,0.5790378006872853,,,364,1357
302,302,5,1,24,1,2,4,366,1339,75,18,96,station,0.06102540834845735,0.5790378006872853,,,441,1357
303,303,5,1,24,1,2,5,443,1339,45,23,96,"(2),",0.07040229885057471,0.5801116838487973,,,488,1362
304,304,5,1,24,1,2,6,492,1339,49,21,96,first,0.07811554748941318,0.5796821305841925,,,541,1360
305,305,5,1,24,1,2,7,548,1339,134,23,96,configuration,0.09301270417422867,0.5801116838487973,,,682,1362
306,306,5,1,24,1,2,8,691,1339,116,18,96,information,0.1132788868723533,0.5790378006872853,,,807,1357
307,307,4,1,24,1,3,0,225,1372,582,23,-1,,0.0780399274047187,0.594286941580756,,,807,1395
308,308,5,1,24,1,3,1,225,1372,39,19,96,that,0.036978221415607984,0.5934278350515464,,,264,1391
309,309,5,1,24,1,3,2,273,1372,15,19,96,is,0.042422867513611615,0.5934278350515464,,,288,1391
310,310,5,1,24,1,3,3,298,1377,107,18,96,necessary,0.05316091954022988,0.595360824742268,,,405,1395
311,311,5,1,24,1,3,4,413,1373,19,18,96,to,0.06389897156684815,0.5936426116838488,,,432,1391
312,312,5,1,24,1,3,5,441,1372,92,19,96,establish,0.073653962492438,0.5934278350515464,,,533,1391
313,313,5,1,24,1,3,6,542,1377,12,14,96,a,0.08287961282516637,0.5945017182130584,,,554,1391
314,314,5,1,24,1,3,7,563,1372,45,19,96,data,0.08855111917725347,0.5934278350515464,,,608,1391
315,315,5,1,24,1,3,8,619,1372,66,19,96,bearer,0.09860859044162129,0.5934278350515464,,,685,1391
316,316,5,1,24,1,3,9,694,1372,37,19,95,and,0.10775862068965517,0.5934278350515464,,,731,1391
317,317,5,1,24,1,3,10,742,1377,11,14,96,a,0.11305202661826981,0.5945017182130584,,,753,1391
318,318,5,1,24,1,3,11,762,1372,45,19,96,data,0.11864791288566243,0.5934278350515464,,,807,1391
319,319,4,1,24,1,4,0,225,1405,582,23,-1,,0.0780399274047187,0.6084621993127147,,,807,1428
320,320,5,1,24,1,4,1,225,1405,51,18,94,radio,0.03788566243194193,0.6073883161512027,,,276,1423
321,321,5,1,24,1,4,2,295,1405,67,18,96,bearer,0.049682395644283124,0.6073883161512027,,,362,1423
322,322,5,1,24,1,4,3,379,1405,16,18,96,in,0.05852994555353902,0.6073883161512027,,,395,1423
323,323,5,1,24,1,4,4,412,1405,32,18,95,the,0.0647307924984876,0.6073883161512027,,,444,1423
324,324,5,1,24,1,4,5,461,1405,75,18,96,second,0.07539322444041137,0.6073883161512027,,,536,1423
325,325,5,1,24,1,4,6,555,1405,49,18,96,base,0.08764367816091954,0.6073883161512027,,,604,1423
326,326,5,1,24,1,4,7,621,1405,68,18,96,station,0.09906231094978826,0.6073883161512027,,,689,1423
327,327,5,1,24,1,4,8,707,1405,28,23,96,(2),0.10904416212946158,0.6084621993127147,,,735,1428
328,328,5,1,24,1,4,9,751,1405,28,18,96,for,0.11569872958257713,0.6073883161512027,,,779,1423
329,329,5,1,24,1,4,10,795,1410,12,13,96,a,0.12114337568058076,0.6084621993127147,,,807,1423
330,330,4,1,24,1,5,0,225,1438,582,23,-1,,0.0780399274047187,0.6226374570446735,,,807,1461
331,331,5,1,24,1,5,1,225,1438,106,23,90,C/U-plane,0.04204476709013914,0.6226374570446735,,,331,1461
332,332,5,1,24,1,5,2,341,1438,42,23,96,split,0.054748941318814276,0.6226374570446735,,,383,1461
333,333,5,1,24,1,5,3,391,1438,89,18,96,scenario,0.06586509376890502,0.6215635738831615,,,480,1456
334,334,5,1,24,1,5,4,491,1438,75,23,95,(S105).,0.07993042952208107,0.6226374570446735,,,566,1461
335,335,5,1,24,1,5,5,578,1438,79,21,96,"Further,",0.09339080459770115,0.6222079037800687,,,657,1459
336,336,5,1,24,1,5,6,668,1438,32,18,96,the,0.10344827586206896,0.6215635738831615,,,700,1456
337,337,5,1,24,1,5,7,709,1438,39,18,97,first,0.11017846339987901,0.6215635738831615,,,748,1456
338,338,5,1,24,1,5,8,758,1438,49,18,96,base,0.11834543254688445,0.6215635738831615,,,807,1456
339,339,4,1,24,1,6,0,225,1470,582,23,-1,,0.0780399274047187,0.6363831615120275,,,807,1493
340,340,5,1,24,1,6,1,225,1470,68,19,96,station,0.039171203871748335,0.6355240549828178,,,293,1489
341,341,5,1,24,1,6,2,305,1470,26,23,96,(1),0.04809437386569873,0.6363831615120275,,,331,1493
342,342,5,1,24,1,6,3,345,1470,14,19,96,is,0.05323653962492438,0.6355240549828178,,,359,1489
343,343,5,1,24,1,6,4,370,1470,109,23,96,configured,0.06420145190562614,0.6363831615120275,,,479,1493
344,344,5,1,24,1,6,5,491,1471,18,18,96,to,0.07562008469449485,0.6357388316151202,,,509,1489
345,345,5,1,24,1,6,6,521,1470,49,23,96,keep,0.08250151240169389,0.6363831615120275,,,570,1493
346,346,5,1,24,1,6,7,581,1470,32,19,96,the,0.09029038112522686,0.6355240549828178,,,613,1489
347,347,5,1,24,1,6,8,623,1470,39,19,96,first,0.09717180883242589,0.6355240549828178,,,662,1489
348,348,5,1,24,1,6,9,672,1470,135,23,96,configuration,0.1118421052631579,0.6363831615120275,,,807,1493
349,349,2,1,25,0,0,0,468,1545,2,55,-1,,0.07093163944343618,0.6754725085910653,,,470,1600
350,350,3,1,25,1,0,0,468,1545,2,55,-1,,0.07093163944343618,0.6754725085910653,,,470,1600
351,351,4,1,25,1,1,0,468,1545,2,55,-1,,0.07093163944343618,0.6754725085910653,,,470,1600
352,352,5,1,25,1,1,1,468,1545,2,55,95, ,0.07093163944343618,0.6754725085910653,,,470,1600
353,353,2,1,26,0,0,0,395,1599,197,2,-1,,0.07463702359346643,0.6872852233676976,,,592,1601
354,354,3,1,26,1,0,0,395,1599,197,2,-1,,0.07463702359346643,0.6872852233676976,,,592,1601
355,355,4,1,26,1,1,0,395,1599,197,2,-1,,0.07463702359346643,0.6872852233676976,,,592,1601
356,356,5,1,26,1,1,1,395,1599,197,2,95, ,0.07463702359346643,0.6872852233676976,,,592,1601
357,357,2,1,27,0,0,0,638,1921,163,50,-1,,0.1088173018753781,0.8359106529209622,,,801,1971
358,358,3,1,27,1,0,0,638,1921,163,50,-1,,0.1088173018753781,0.8359106529209622,,,801,1971
359,359,4,1,27,1,1,0,669,1921,132,14,-1,,0.11116152450090744,0.8281786941580757,,,801,1935
360,360,5,1,27,1,1,1,669,1921,39,14,82,E-RAB,0.10412885662431942,0.8281786941580757,,,708,1935
361,361,5,1,27,1,1,2,716,1921,85,13,82,CONFIGRAION,0.1147156684815487,0.8279639175257731,,,801,1934
362,362,4,1,27,1,2,0,638,1957,125,14,-1,,0.1059437386569873,0.8436426116838488,,,763,1971
363,363,5,1,27,1,2,1,638,1957,125,14,26,DRB_CONFIGRATION,0.1059437386569873,0.8436426116838488,,,763,1971
364,364,2,1,28,0,0,0,427,1950,683,78,-1,,0.1162280701754386,0.854381443298969,,,1110,2028
365,365,3,1,28,1,0,0,427,1950,683,78,-1,,0.1162280701754386,0.854381443298969,,,1110,2028
366,366,4,1,28,1,1,0,427,1950,211,28,-1,,0.08053539019963703,0.8436426116838488,,,638,1978
367,367,5,1,28,1,1,1,427,1950,211,28,95, ,0.08053539019963703,0.8436426116838488,,,638,1978
368,368,4,1,28,1,2,0,431,1978,486,24,-1,,0.10193587416817906,0.8548109965635738,,,917,2002
369,369,5,1,28,1,2,1,431,1978,486,24,95, ,0.10193587416817906,0.8548109965635738,,,917,2002
370,370,4,1,28,1,3,0,427,2002,683,26,-1,,0.1162280701754386,0.8655498281786942,,,1110,2028
371,371,5,1,28,1,3,1,427,2002,683,26,95, ,0.1162280701754386,0.8655498281786942,,,1110,2028
372,372,2,1,29,0,0,0,578,1599,2,570,-1,,0.08756805807622504,0.8092783505154639,,,580,2169
373,373,3,1,29,1,0,0,578,1599,2,570,-1,,0.08756805807622504,0.8092783505154639,,,580,2169
374,374,4,1,29,1,1,0,578,1599,2,570,-1,,0.08756805807622504,0.8092783505154639,,,580,2169
375,375,5,1,29,1,1,1,578,1599,2,570,95, ,0.08756805807622504,0.8092783505154639,,,580,2169
376,376,2,1,30,0,0,0,419,1540,823,462,-1,,0.12560496067755597,0.7607388316151202,,,1242,2002
377,377,3,1,30,1,0,0,419,1540,823,462,-1,,0.12560496067755597,0.7607388316151202,,,1242,2002
378,378,4,1,30,1,1,0,427,1540,692,111,-1,,0.11690865093768905,0.685352233676976,,,1119,1651
379,379,5,1,30,1,1,1,427,1540,692,111,95,   ,0.11690865093768905,0.685352233676976,,,1119,1651
380,380,4,1,30,1,2,0,419,1651,823,263,-1,,0.12560496067755597,0.7656786941580757,,,1242,1914
381,381,5,1,30,1,2,1,419,1651,823,263,95,   ,0.12560496067755597,0.7656786941580757,,,1242,1914
382,382,4,1,30,1,3,0,419,1914,823,36,-1,,0.12560496067755597,0.8298969072164949,,,1242,1950
383,383,5,1,30,1,3,1,419,1914,823,36,95,   ,0.12560496067755597,0.8298969072164949,,,1242,1950
384,384,4,1,30,1,4,0,763,1950,321,27,-1,,0.139670296430732,0.8434278350515464,,,1084,1977
385,385,5,1,30,1,4,1,763,1950,321,27,95, ,0.139670296430732,0.8434278350515464,,,1084,1977
386,386,4,1,30,1,5,0,1064,1978,20,24,-1,,0.16243194192377494,0.8548109965635738,,,1084,2002
387,387,5,1,30,1,5,1,1064,1978,20,24,95, ,0.16243194192377494,0.8548109965635738,,,1084,2002
388,388,2,1,31,0,0,0,599,2079,428,55,-1,,0.12295825771324864,0.9048539518900344,,,1027,2134
389,389,3,1,31,1,0,0,599,2079,428,55,-1,,0.12295825771324864,0.9048539518900344,,,1027,2134
390,390,4,1,31,1,1,0,599,2079,269,15,-1,,0.11093466424682395,0.8962628865979382,,,868,2094
391,391,5,1,31,1,1,1,599,2080,54,13,54,C-PLANE,0.09467634603750756,0.8962628865979382,,,653,2093
392,392,5,1,31,1,1,2,672,2079,59,15,79,(CONTROL,0.10609497882637628,0.8962628865979382,,,731,2094
393,393,5,1,31,1,1,3,739,2079,31,14,92,DATA,0.11411070780399274,0.8960481099656358,,,770,2093
394,394,5,1,31,1,1,4,778,2079,90,15,92,TRANSHISSIN),0.12447065940713854,0.8962628865979382,,,868,2094
395,395,4,1,31,1,2,0,773,2119,254,15,-1,,0.13611615245009073,0.9134450171821306,,,1027,2134
396,396,5,1,31,1,2,1,773,2119,55,14,10,UHPLANE,0.12106775559588627,0.9132302405498282,,,828,2133
397,397,5,1,31,1,2,2,0,0,1653,2328,38,_,0.125,0.5,,,1653,2328
398,398,5,1,31,1,2,3,847,2119,35,15,38,(USER,0.1307471264367816,0.9134450171821306,,,882,2134
399,399,5,1,31,1,2,4,890,2119,31,14,90,DATA,0.13694797338173018,0.9132302405498282,,,921,2133
400,400,5,1,31,1,2,5,929,2119,98,15,90,TRANSMISSION),0.14791288566243194,0.9134450171821306,,,1027,2134
401,401,2,1,32,0,0,0,316,1230,887,21,-1,,0.11486690865093768,0.532860824742268,,,1203,1251
402,402,3,1,32,1,0,0,316,1230,887,21,-1,,0.11486690865093768,0.532860824742268,,,1203,1251
403,403,4,1,32,1,1,0,316,1230,887,21,-1,,0.11486690865093768,0.532860824742268,,,1203,1251
404,404,5,1,32,1,1,1,316,1230,156,21,91,INTER-CELL,0.05958862673926195,0.532860824742268,title_line_1,INTER-CELL,472,1251
405,405,5,1,32,1,1,2,482,1230,133,21,96,MOVEMENT,0.08295523290986086,0.532860824742268,title_line_1,MOVEMENT,615,1251
406,406,5,1,32,1,1,3,617,1231,48,20,96,IN,0.0969449485783424,0.5330756013745704,title_line_1,IN,665,1251
407,407,5,1,32,1,1,4,675,1230,90,21,96,SMALL,0.1088929219600726,0.532860824742268,title_line_1,SMALL,765,1251
408,408,5,1,32,1,1,5,774,1230,68,21,94,CELL,0.12220205686630368,0.532860824742268,title_line_1,CELL,842,1251
409,409,5,1,32,1,1,6,852,1230,186,21,96,ENHANCEMENT,0.14292196007259528,0.532860824742268,title_line_1,ENHANCEMENT,1038,1251
410,410,5,1,32,1,1,7,1041,1230,162,21,96,SCENARIO,0.16969147005444646,0.532860824742268,title_line_1,SCENARIO,1203,1251
411,411,2,1,33,0,0,0,883,1306,583,183,-1,,0.17763157894736842,0.6003006872852233,,,1466,1489
412,412,3,1,33,1,0,0,883,1306,583,183,-1,,0.17763157894736842,0.6003006872852233,,,1466,1489
413,413,4,1,33,1,1,0,885,1306,581,23,-1,,0.17778281911675742,0.5659364261168385,,,1466,1329
414,414,5,1,33,1,1,1,885,1306,102,19,96,information,0.14156079854809436,0.5650773195876289,,,987,1325
415,415,5,1,33,1,1,2,990,1306,33,19,96,in,0.15222323049001815,0.5650773195876289,,,1023,1325
416,416,5,1,33,1,1,3,1029,1306,18,19,96,the,0.1569872958257713,0.5650773195876289,,,1047,1325
417,417,5,1,33,1,1,4,1049,1306,56,19,96,first,0.1628856624319419,0.5650773195876289,,,1105,1325
418,418,5,1,33,1,1,5,1111,1306,50,19,96,base,0.17180883242589232,0.5650773195876289,,,1161,1325
419,419,5,1,33,1,1,6,1167,1306,68,19,96,station,0.18163944343617666,0.5650773195876289,,,1235,1325
420,420,5,1,33,1,1,7,1242,1306,26,23,96,(1),0.1898064125831821,0.5659364261168385,,,1268,1329
421,421,5,1,33,1,1,8,1275,1311,49,14,94,even,0.19653660012099214,0.5661512027491409,,,1324,1325
422,422,5,1,33,1,1,9,1331,1306,47,19,94,after,0.20485480943738657,0.5650773195876289,,,1378,1325
423,423,5,1,33,1,1,10,1383,1306,32,19,96,the,0.21158499697519662,0.5650773195876289,,,1415,1325
424,424,5,1,33,1,1,11,1421,1306,45,19,96,data,0.21831518451300666,0.5650773195876289,,,1466,1325
425,425,4,1,33,1,2,0,885,1339,581,18,-1,,0.17778281911675742,0.5790378006872853,,,1466,1357
426,426,5,1,33,1,2,1,885,1339,67,18,96,bearer,0.13891409558378706,0.5790378006872853,,,952,1357
427,427,5,1,33,1,2,2,960,1339,38,18,96,and,0.14806412583182094,0.5790378006872853,,,998,1357
428,428,5,1,33,1,2,3,1007,1339,32,18,96,the,0.15471869328493648,0.5790378006872853,,,1039,1357
429,429,5,1,33,1,2,4,1048,1339,45,18,96,data,0.1619026013309135,0.5790378006872853,,,1093,1357
430,430,5,1,33,1,2,5,1102,1339,52,18,96,radio,0.1705989110707804,0.5790378006872853,,,1154,1357
431,431,5,1,33,1,2,6,1163,1339,68,18,96,bearer,0.1810344827586207,0.5790378006872853,,,1231,1357
432,432,5,1,33,1,2,7,1239,1344,32,13,96,are,0.1898064125831821,0.5801116838487973,,,1271,1357
433,433,5,1,33,1,2,8,1280,1339,119,18,96,established,0.2025862068965517,0.5790378006872853,,,1399,1357
434,434,5,1,33,1,2,9,1410,1339,15,18,96,in,0.21438294010889292,0.5790378006872853,,,1425,1357
435,435,5,1,33,1,2,10,1434,1339,32,18,96,the,0.21929824561403508,0.5790378006872853,,,1466,1357
436,436,4,1,33,1,3,0,884,1372,581,23,-1,,0.17763157894736842,0.594286941580756,,,1465,1395
437,437,5,1,33,1,3,1,884,1372,74,19,96,second,0.13929219600725953,0.5934278350515464,,,958,1391
438,438,5,1,33,1,3,2,969,1372,37,19,96,base,0.14934966727162735,0.5934278350515464,,,1006,1391
439,439,5,1,33,1,3,3,1007,1372,89,19,96,station,0.1590290381125227,0.5934278350515464,,,1096,1391
440,440,5,1,33,1,3,4,1107,1372,27,23,96,(2),0.169464609800363,0.594286941580756,,,1134,1395
441,441,5,1,33,1,3,5,1144,1372,75,23,96,(S109).,0.17869026013309136,0.594286941580756,,,1219,1395
442,442,5,1,33,1,3,6,1231,1372,11,19,93,It,0.1870084694494858,0.5934278350515464,representative_line_1_eu,et,1242,1391
443,443,5,1,33,1,3,7,1251,1372,15,19,93,is,0.19033575317604357,0.5934278350515464,,,1266,1391
444,444,5,1,33,1,3,8,1276,1372,48,22,96,"thus,",0.19661222020568664,0.5940721649484536,,,1324,1394
445,445,5,1,33,1,3,9,1334,1372,28,19,96,for,0.20387174833635813,0.5934278350515464,,,1362,1391
446,446,5,1,33,1,3,10,1371,1372,94,23,96,"example,",0.21445856019358742,0.594286941580756,,,1465,1395
447,447,4,1,33,1,4,0,885,1405,581,23,-1,,0.17778281911675742,0.6084621993127147,,,1466,1428
448,448,5,1,33,1,4,1,885,1405,85,23,96,possible,0.14027525710828795,0.6084621993127147,,,970,1428
449,449,5,1,33,1,4,2,975,1406,18,17,96,to,0.14882032667876588,0.6076030927835051,,,993,1423
450,450,5,1,33,1,4,3,999,1405,103,18,96,contribute,0.1588777979431337,0.6073883161512027,,,1102,1423
451,451,5,1,33,1,4,4,1108,1406,18,17,88,to,0.16893526920750151,0.6076030927835051,,,1126,1423
452,452,5,1,33,1,4,5,1132,1410,11,13,73,a,0.1720356926799758,0.6084621993127147,,,1143,1423
453,453,5,1,33,1,4,6,1149,1405,96,18,73,reduction,0.1810344827586207,0.6073883161512027,,,1245,1423
454,454,5,1,33,1,4,7,1252,1405,15,18,91,in,0.19048699334543254,0.6073883161512027,,,1267,1423
455,455,5,1,33,1,4,8,1273,1410,12,13,91,a,0.19343617664851784,0.6084621993127147,,,1285,1423
456,456,5,1,33,1,4,9,1292,1405,43,23,96,path,0.198653962492438,0.6084621993127147,,,1335,1428
457,457,5,1,33,1,4,10,1341,1405,64,18,96,switch,0.20765275257108287,0.6073883161512027,,,1405,1423
458,458,5,1,33,1,4,11,1410,1405,56,23,95,delay,0.21748336358136722,0.6084621993127147,,,1466,1428
459,459,4,1,33,1,5,0,883,1438,231,18,-1,,0.15101330913490624,0.6215635738831615,,,1114,1456
460,460,5,1,33,1,5,1,883,1438,56,18,96,when,0.13777979431336962,0.6215635738831615,,,939,1456
461,461,5,1,33,1,5,2,949,1442,11,14,95,a,0.1443587416817907,0.6224226804123711,,,960,1456
462,462,5,1,33,1,5,3,971,1438,30,18,95,UE,0.14912280701754385,0.6215635738831615,,,1001,1456
463,463,5,1,33,1,5,4,1012,1442,68,14,96,moves,0.15819721718088325,0.6224226804123711,,,1080,1456
464,464,5,1,33,1,5,5,1090,1438,24,18,96,be,0.16666666666666666,0.6215635738831615,,,1114,1456
465,465,4,1,33,1,6,0,884,1470,94,19,-1,,0.14080459770114942,0.6355240549828178,,,978,1489
466,466,5,1,33,1,6,1,884,1470,94,19,95,scenario.,0.14080459770114942,0.6355240549828178,,,978,1489
467,467,2,1,34,0,0,0,1139,1438,328,23,-1,,0.1970659407138536,0.6226374570446735,,,1467,1461
468,468,3,1,34,1,0,0,1139,1438,328,23,-1,,0.1970659407138536,0.6226374570446735,,,1467,1461
469,469,4,1,34,1,1,0,1139,1438,328,23,-1,,0.1970659407138536,0.6226374570446735,,,1467,1461
470,470,5,1,34,1,1,1,1139,1442,38,14,82,een,0.1751361161524501,0.6224226804123711,,,1177,1456
471,471,5,1,34,1,1,2,1188,1438,45,18,93,cells,0.18307622504537205,0.6215635738831615,,,1233,1456
472,472,5,1,34,1,1,3,1244,1438,15,18,95,in,0.18927707199032062,0.6215635738831615,,,1259,1456
473,473,5,1,34,1,1,4,1269,1438,32,18,93,the,0.19434361766485178,0.6215635738831615,,,1301,1456
474,474,5,1,34,1,1,5,1311,1438,105,23,92,C/U-plane,0.20621597096188748,0.6226374570446735,,,1416,1461
475,475,5,1,34,1,1,6,1425,1438,42,23,96,split,0.21869328493647913,0.6226374570446735,,,1467,1461
476,476,2,1,35,0,0,0,1117,1543,179,56,-1,,0.1824712643678161,0.6748281786941581,,,1296,1599
477,477,3,1,35,1,0,0,1117,1543,179,56,-1,,0.1824712643678161,0.6748281786941581,,,1296,1599
478,478,4,1,35,1,1,0,1117,1543,179,56,-1,,0.1824712643678161,0.6748281786941581,,,1296,1599
479,479,5,1,35,1,1,1,1117,1554,23,14,18,r,0.1706745311554749,0.6705326460481099,,,1140,1568
480,480,5,1,35,1,1,2,1200,1543,96,56,24,[s¬´,0.18874773139745918,0.6748281786941581,,,1296,1599
481,481,2,1,36,0,0,0,1115,1438,5,161,-1,,0.16901088929219601,0.6522766323024055,,,1120,1599
482,482,3,1,36,1,0,0,1115,1438,5,161,-1,,0.16901088929219601,0.6522766323024055,,,1120,1599
483,483,4,1,36,1,1,0,1115,1438,5,161,-1,,0.16901088929219601,0.6522766323024055,,,1120,1599
484,484,5,1,36,1,1,1,1115,1438,5,161,95, ,0.16901088929219601,0.6522766323024055,,,1120,1599
485,485,2,1,37,0,0,0,944,1622,175,29,-1,,0.1560042347247429,0.7029639175257731,,,1119,1651
486,486,3,1,37,1,0,0,944,1622,175,29,-1,,0.1560042347247429,0.7029639175257731,,,1119,1651
487,487,4,1,37,1,1,0,944,1622,175,29,-1,,0.1560042347247429,0.7029639175257731,,,1119,1651
488,488,5,1,37,1,1,1,944,1622,175,29,95,  ,0.1560042347247429,0.7029639175257731,,,1119,1651
489,489,2,1,38,0,0,0,843,1629,112,35,-1,,0.13596491228070176,0.7072594501718213,,,955,1664
490,490,3,1,38,1,0,0,843,1629,112,35,-1,,0.13596491228070176,0.7072594501718213,,,955,1664
491,491,4,1,38,1,1,0,855,1629,89,15,-1,,0.13604053236539626,0.7029639175257731,,,944,1644
492,492,5,1,38,1,1,1,855,1630,31,13,83,KEEP,0.13165456745311555,0.7029639175257731,,,886,1643
493,493,5,1,38,1,1,2,896,1629,48,15,83,(STORE),0.13914095583787053,0.7029639175257731,,,944,1644
494,494,4,1,38,1,2,0,843,1650,112,14,-1,,0.13596491228070176,0.7117697594501718,,,955,1664
495,495,5,1,38,1,2,1,843,1650,23,14,78,LPN,0.12923472474289172,0.7117697594501718,,,866,1664
496,496,5,1,38,1,2,2,874,1650,39,14,78,E-RAB,0.13513309134906232,0.7117697594501718,,,913,1664
497,497,5,1,38,1,2,3,922,1650,33,14,79,"INFO,",0.14193889897156683,0.7117697594501718,,,955,1664
498,498,2,1,39,0,0,0,894,1976,190,3,-1,,0.14957652752571082,0.8494415807560137,,,1084,1979
499,499,3,1,39,1,0,0,894,1976,190,3,-1,,0.14957652752571082,0.8494415807560137,,,1084,1979
500,500,4,1,39,1,1,0,894,1976,190,3,-1,,0.14957652752571082,0.8494415807560137,,,1084,1979
501,501,5,1,39,1,1,1,894,1976,190,3,95, ,0.14957652752571082,0.8494415807560137,,,1084,1979
502,502,2,1,40,0,0,0,901,1983,311,38,-1,,0.15978523895946764,0.8599656357388317,,,1212,2021
503,503,3,1,40,1,0,0,901,1983,311,38,-1,,0.15978523895946764,0.8599656357388317,,,1212,2021
504,504,4,1,40,1,1,0,917,1983,147,13,-1,,0.14980338777979432,0.8545962199312714,,,1064,1996
505,505,5,1,40,1,1,1,917,1983,31,13,89,PATH,0.14103145795523292,0.8545962199312714,,,948,1996
506,506,5,1,40,1,1,2,955,1983,47,13,89,SWITCH,0.14798850574712644,0.8545962199312714,,,1002,1996
507,507,5,1,40,1,1,3,1010,1983,54,13,90,REQUEST,0.15683605565638234,0.8545962199312714,,,1064,1996
508,508,4,1,40,1,2,0,901,2002,311,19,-1,,0.15978523895946764,0.8640463917525774,,,1212,2021
509,509,5,1,40,1,2,1,901,2002,14,10,0,r,0.13732607380520268,0.8621134020618557,,,915,2012
510,510,5,1,40,1,2,2,1110,2007,47,14,79,BEARER,0.17143073200241984,0.8651202749140894,,,1157,2021
511,511,5,1,40,1,2,3,1165,2007,47,14,73,HODIFY,0.17974894131881428,0.8651202749140894,,,1212,2021
512,512,2,1,41,0,0,0,426,2002,812,110,-1,,0.12583182093163944,0.8835910652920962,,,1238,2112
513,513,3,1,41,1,0,0,426,2002,812,110,-1,,0.12583182093163944,0.8835910652920962,,,1238,2112
514,514,4,1,41,1,1,0,427,2002,811,38,-1,,0.12590744101633394,0.868127147766323,,,1238,2040
515,515,5,1,41,1,1,1,427,2002,811,38,95,   ,0.12590744101633394,0.868127147766323,,,1238,2040
516,516,4,1,41,1,2,0,431,2040,468,32,-1,,0.10057471264367816,0.8831615120274914,,,899,2072
517,517,5,1,41,1,2,1,431,2040,468,32,95,  ,0.10057471264367816,0.8831615120274914,,,899,2072
518,518,4,1,41,1,3,0,426,2072,475,40,-1,,0.10034785238959468,0.8986254295532646,,,901,2112
519,519,5,1,41,1,3,1,426,2072,475,40,95,   ,0.10034785238959468,0.8986254295532646,,,901,2112
520,520,2,1,42,0,0,0,426,2034,812,107,-1,,0.12583182093163944,0.896692439862543,,,1238,2141
521,521,3,1,42,1,0,0,426,2034,812,107,-1,,0.12583182093163944,0.896692439862543,,,1238,2141
522,522,4,1,42,1,1,0,426,2034,812,107,-1,,0.12583182093163944,0.896692439862543,,,1238,2141
523,523,5,1,42,1,1,1,426,2121,312,20,95, ,0.08802177858439202,0.9153780068728522,,,738,2141
524,524,5,1,42,1,1,2,1068,2034,170,87,95,   ,0.17437991530550515,0.8923969072164949,,,1238,2121
525,525,2,1,43,0,0,0,913,2041,155,15,-1,,0.14980338777979432,0.8799398625429553,,,1068,2056
526,526,3,1,43,1,0,0,913,2041,155,15,-1,,0.14980338777979432,0.8799398625429553,,,1068,2056
527,527,4,1,43,1,1,0,913,2041,155,15,-1,,0.14980338777979432,0.8799398625429553,,,1068,2056
528,528,5,1,43,1,1,1,913,2041,31,15,81,PATH,0.14042649727767695,0.8799398625429553,,,944,2056
529,529,5,1,43,1,1,2,952,2042,46,13,77,SWITCH,0.14745916515426497,0.8799398625429553,,,998,2055
530,530,5,1,43,1,1,3,1006,2041,62,14,89,RESPONSE,0.15683605565638234,0.8797250859106529,,,1068,2055
531,531,2,1,44,0,0,0,426,2121,653,52,-1,,0.11380822746521477,0.9222508591065293,,,1079,2173
532,532,3,1,44,1,0,0,426,2121,653,52,-1,,0.11380822746521477,0.9222508591065293,,,1079,2173
533,533,4,1,44,1,1,0,1077,2121,2,20,-1,,0.1630369026013309,0.9153780068728522,,,1079,2141
534,534,5,1,44,1,1,1,1077,2121,2,20,95, ,0.1630369026013309,0.9153780068728522,,,1079,2141
535,535,4,1,44,1,2,0,426,2141,312,32,-1,,0.08802177858439202,0.9265463917525774,,,738,2173
536,536,5,1,44,1,2,1,426,2141,312,32,95, ,0.08802177858439202,0.9265463917525774,,,738,2173
537,537,2,1,45,0,0,0,1236,1599,2,568,-1,,0.18708408953418026,0.8088487972508591,,,1238,2167
538,538,3,1,45,1,0,0,1236,1599,2,568,-1,,0.18708408953418026,0.8088487972508591,,,1238,2167
539,539,4,1,45,1,1,0,1236,1599,2,568,-1,,0.18708408953418026,0.8088487972508591,,,1238,2167
540,540,5,1,45,1,1,1,1236,1599,2,568,95, ,0.18708408953418026,0.8088487972508591,,,1238,2167
541,541,2,1,46,0,0,0,1077,2140,112,28,-1,,0.17135511191772534,0.9252577319587629,,,1189,2168
542,542,3,1,46,1,0,0,1077,2140,112,28,-1,,0.17135511191772534,0.9252577319587629,,,1189,2168
543,543,4,1,46,1,1,0,1077,2140,112,28,-1,,0.17135511191772534,0.9252577319587629,,,1189,2168
544,544,5,1,46,1,1,1,1077,2140,3,28,78,|,0.1631125226860254,0.9252577319587629,,,1080,2168
545,545,5,1,46,1,1,2,1112,2145,39,22,89,Fig.,0.17112825166364187,0.9261168384879725,,,1151,2167
546,546,5,1,46,1,1,3,1172,2145,17,19,79,11,0.17853901996370236,0.9254725085910653,,,1189,2164
547,547,2,1,47,0,0,0,716,2270,259,16,-1,,0.1278735632183908,0.9785223367697594,,,975,2286
548,548,3,1,47,1,0,0,716,2270,259,16,-1,,0.1278735632183908,0.9785223367697594,,,975,2286
549,549,4,1,47,1,1,0,716,2270,259,16,-1,,0.1278735632183908,0.9785223367697594,,,975,2286
550,550,5,1,47,1,1,1,716,2270,49,12,96,Printed,0.11199334543254688,0.9776632302405498,,,765,2282
551,551,5,1,47,1,1,2,771,2270,15,16,96,by,0.1177404718693285,0.9785223367697594,,,786,2286
552,552,5,1,47,1,1,3,792,2270,45,14,96,"Jouve,",0.12318511796733213,0.9780927835051546,,,837,2284
553,553,5,1,47,1,1,4,843,2270,41,12,96,75001,0.13059588626739263,0.9776632302405498,,,884,2282
554,554,5,1,47,1,1,5,893,2270,46,12,96,PARIS,0.1385359951603146,0.9776632302405498,,,939,2282
555,555,5,1,47,1,1,6,945,2270,30,16,95,(FR),0.14519056261343014,0.9785223367697594,,,975,2286
