,Unnamed: 0,level,page_num,block_num,par_num,line_num,word_num,left,top,width,height,conf,text,x,y,label,target,right,bottom
0,0,1,1,0,0,0,0,0,0,1653,2328,-1,,0.125,0.5,,,1653,2328
1,1,2,1,1,0,0,0,144,1905,31,328,-1,,0.02412280701754386,0.8887457044673539,,,175,2233
2,2,3,1,1,1,0,0,144,1905,31,328,-1,,0.02412280701754386,0.8887457044673539,,,175,2233
3,3,4,1,1,1,1,0,144,1905,31,328,-1,,0.02412280701754386,0.8887457044673539,,,175,2233
4,4,5,1,1,1,1,1,144,2179,30,54,94,EP,0.024047186932849365,0.947594501718213,,,174,2233
5,5,5,1,1,1,1,2,144,2142,31,21,94,3,0.02412280701754386,0.9246134020618557,,,175,2163
6,6,5,1,1,1,1,3,144,2055,31,71,94,398,0.02412280701754386,0.8979810996563574,,,175,2126
7,7,5,1,1,1,1,4,144,1974,31,66,93,461,0.02412280701754386,0.8621134020618557,,,175,2040
8,8,5,1,1,1,1,5,144,1905,30,50,88,A1,0.024047186932849365,0.8290378006872853,,,174,1955
9,9,2,1,2,0,0,0,429,153,88,28,-1,,0.07153660012099214,0.07173539518900343,,,517,181
10,10,3,1,2,1,0,0,429,153,88,28,-1,,0.07153660012099214,0.07173539518900343,,,517,181
11,11,4,1,2,1,1,0,429,153,88,16,-1,,0.07153660012099214,0.06915807560137457,,,517,169
12,12,5,1,2,1,1,1,429,153,88,16,84,Europaisches,0.07153660012099214,0.06915807560137457,,,517,169
13,13,4,1,2,1,2,0,429,170,71,11,-1,,0.07025105868118572,0.07538659793814433,,,500,181
14,14,5,1,2,1,2,1,429,170,71,11,96,Patentamt,0.07025105868118572,0.07538659793814433,,,500,181
15,15,2,1,3,0,0,0,429,196,89,28,-1,,0.07161222020568662,0.09020618556701031,,,518,224
16,16,3,1,3,1,0,0,429,196,89,28,-1,,0.07161222020568662,0.09020618556701031,,,518,224
17,17,4,1,3,1,1,0,429,196,63,15,-1,,0.06964609800362977,0.08741408934707903,,,492,211
18,18,5,1,3,1,1,1,429,196,63,15,95,European,0.06964609800362977,0.08741408934707903,,,492,211
19,19,4,1,3,1,2,0,429,212,89,12,-1,,0.07161222020568662,0.0936426116838488,,,518,224
20,20,5,1,3,1,2,1,429,213,43,11,96,Patent,0.06813369630973987,0.0938573883161512,,,472,224
21,21,5,1,3,1,2,2,478,212,40,12,90,Office,0.07531760435571688,0.0936426116838488,,,518,224
22,22,2,1,4,0,0,0,429,239,109,28,-1,,0.07312462189957653,0.10867697594501718,,,538,267
23,23,3,1,4,1,0,0,429,239,109,28,-1,,0.07312462189957653,0.10867697594501718,,,538,267
24,24,4,1,4,1,1,0,429,239,109,15,-1,,0.07312462189957653,0.10588487972508591,,,538,254
25,25,5,1,4,1,1,1,429,239,40,12,93,Office,0.06790683605565638,0.1052405498281787,,,469,251
26,26,5,1,4,1,1,2,474,239,64,15,93,europ√©en,0.0765275257108288,0.10588487972508591,,,538,254
27,27,4,1,4,1,2,0,429,255,77,12,-1,,0.0707047791893527,0.11211340206185567,,,506,267
28,28,5,1,4,1,2,1,429,255,22,12,95,des,0.06654567453115548,0.11211340206185567,,,451,267
29,29,5,1,4,1,2,2,457,255,49,12,82,brevets,0.07282214156079855,0.11211340206185567,,,506,267
30,30,2,1,5,0,0,0,281,136,274,150,-1,,0.06321839080459771,0.09063573883161512,,,555,286
31,31,3,1,5,1,0,0,281,136,274,150,-1,,0.06321839080459771,0.09063573883161512,,,555,286
32,32,4,1,5,1,1,0,281,136,274,150,-1,,0.06321839080459771,0.09063573883161512,,,555,286
33,33,5,1,5,1,1,1,281,136,274,150,95, ,0.06321839080459771,0.09063573883161512,,,555,286
34,34,2,1,6,0,0,0,225,324,45,26,-1,,0.037431941923774956,0.14475945017182132,,,270,350
35,35,3,1,6,1,0,0,225,324,45,26,-1,,0.037431941923774956,0.14475945017182132,,,270,350
36,36,4,1,6,1,1,0,225,324,45,26,-1,,0.037431941923774956,0.14475945017182132,,,270,350
37,37,5,1,6,1,1,1,225,324,45,26,96,(12),0.037431941923774956,0.14475945017182132,,,270,350
38,38,2,1,7,0,0,0,225,395,378,53,-1,,0.06261343012704174,0.18105670103092783,,,603,448
39,39,3,1,7,1,0,0,225,395,378,53,-1,,0.06261343012704174,0.18105670103092783,,,603,448
40,40,4,1,7,1,1,0,225,395,262,26,-1,,0.05384150030248034,0.17525773195876287,,,487,421
41,41,5,1,7,1,1,1,225,395,45,26,95,(43),0.037431941923774956,0.17525773195876287,,,270,421
42,42,5,1,7,1,1,2,286,397,48,18,95,Date,0.04688445251058681,0.17439862542955326,,,334,415
43,43,5,1,7,1,1,3,342,397,20,18,96,of,0.05323653962492438,0.17439862542955326,,,362,415
44,44,5,1,7,1,1,4,370,397,117,23,96,publication:,0.0648064125831821,0.17547250859106528,,,487,420
45,45,4,1,7,1,2,0,286,430,317,18,-1,,0.06722625529340592,0.18857388316151202,,,603,448
46,46,5,1,7,1,2,1,286,430,117,18,96,07.11.2018,0.052102238354506954,0.18857388316151202,publication_date,07.11.2018,403,448
47,47,5,1,7,1,2,2,426,430,84,18,95,Bulletin,0.07078039927404718,0.18857388316151202,,,510,448
48,48,5,1,7,1,2,3,519,430,84,18,95,2018/45,0.08484573502722323,0.18857388316151202,,,603,448
49,49,2,1,8,0,0,0,225,493,403,26,-1,,0.06450393224440411,0.21735395189003437,,,628,519
50,50,3,1,8,1,0,0,225,493,403,26,-1,,0.06450393224440411,0.21735395189003437,,,628,519
51,51,4,1,8,1,1,0,225,493,403,26,-1,,0.06450393224440411,0.21735395189003437,,,628,519
52,52,5,1,8,1,1,1,225,493,45,26,96,(21),0.037431941923774956,0.21735395189003437,,,270,519
53,53,5,1,8,1,1,2,285,495,115,23,96,Application,0.051799758015728975,0.21756872852233677,,,400,518
54,54,5,1,8,1,1,3,410,495,83,18,93,number:,0.06828493647912885,0.21649484536082475,,,493,513
55,55,5,1,8,1,1,4,505,495,123,18,78,18179515.4,0.08567755595886267,0.21649484536082475,application_number,18179515.4,628,513
56,56,2,1,9,0,0,0,225,559,325,26,-1,,0.05860556563823351,0.24570446735395188,,,550,585
57,57,3,1,9,1,0,0,225,559,325,26,-1,,0.05860556563823351,0.24570446735395188,,,550,585
58,58,4,1,9,1,1,0,225,559,325,26,-1,,0.05860556563823351,0.24570446735395188,,,550,585
59,59,5,1,9,1,1,1,225,559,45,26,96,(22),0.037431941923774956,0.24570446735395188,,,270,585
60,60,5,1,9,1,1,2,286,561,48,18,96,Date,0.04688445251058681,0.24484536082474226,,,334,579
61,61,5,1,9,1,1,3,342,566,12,13,96,of,0.05263157894736842,0.24591924398625428,,,354,579
62,62,5,1,9,1,1,4,355,561,67,23,96,filing:,0.058756805807622506,0.24591924398625428,,,422,584
63,63,5,1,9,1,1,5,433,561,117,18,96,13.05.2015,0.07433454325468844,0.24484536082474226,filing_date,13.05.2015,550,579
64,64,2,1,10,0,0,0,1002,245,458,38,-1,,0.18617664851784635,0.1134020618556701,,,1460,283
65,65,3,1,10,1,0,0,1002,245,458,38,-1,,0.18617664851784635,0.1134020618556701,,,1460,283
66,66,4,1,10,1,1,0,1002,245,458,38,-1,,0.18617664851784635,0.1134020618556701,,,1460,283
67,67,5,1,10,1,1,1,1002,256,44,27,74,(11),0.15486993345432548,0.11576460481099657,,,1046,283
68,68,5,1,10,1,1,2,1146,245,52,32,95,EP,0.17725347852389595,0.11211340206185567,number,EP,1198,277
69,69,5,1,10,1,1,3,1214,245,20,32,95,3,0.1851179673321234,0.11211340206185567,number,3,1234,277
70,70,5,1,10,1,1,4,1249,245,68,32,96,398,0.1940411373260738,0.11211340206185567,number,398,1317,277
71,71,5,1,10,1,1,5,1331,245,63,32,93,461,0.20606473079249849,0.11211340206185567,number,461,1394,277
72,72,5,1,10,1,1,6,1413,245,47,32,86,A1,0.21725650332728372,0.11211340206185567,number,A1,1460,277
73,73,2,1,11,0,0,0,577,319,537,26,-1,,0.1278735632183908,0.14261168384879724,,,1114,345
74,74,3,1,11,1,0,0,577,319,537,26,-1,,0.1278735632183908,0.14261168384879724,,,1114,345
75,75,4,1,11,1,1,0,577,319,537,26,-1,,0.1278735632183908,0.14261168384879724,,,1114,345
76,76,5,1,11,1,1,1,577,319,156,26,95,EUROPEAN,0.09906231094978826,0.14261168384879724,,,733,345
77,77,5,1,11,1,1,2,735,320,135,24,95,PATENT,0.12137023593466424,0.14261168384879724,,,870,344
78,78,5,1,11,1,1,3,873,319,241,26,96,APPLICATION,0.1502571082879613,0.14261168384879724,,,1114,345
79,79,2,1,12,0,0,0,862,395,256,51,-1,,0.14972776769509982,0.18062714776632302,,,1118,446
80,80,3,1,12,1,0,0,862,395,256,51,-1,,0.14972776769509982,0.18062714776632302,,,1118,446
81,81,4,1,12,1,1,0,862,395,126,26,-1,,0.13989715668481548,0.17525773195876287,,,988,421
82,82,5,1,12,1,1,1,862,395,44,26,67,(51),0.1336963097398669,0.17525773195876287,,,906,421
83,83,5,1,12,1,1,2,923,397,25,18,93,Int,0.1414851784633999,0.17439862542955326,,,948,415
84,84,5,1,12,1,1,3,955,397,33,18,65,Cl:,0.14692982456140352,0.17439862542955326,,,988,415
85,85,4,1,12,1,2,0,921,425,197,21,-1,,0.154189352692075,0.1870704467353952,,,1118,446
86,86,5,1,12,1,2,1,921,428,60,18,91,A24F,0.14382940108892922,0.1877147766323024,class_international,A24F,981,446
87,87,5,1,12,1,2,2,987,428,59,18,82,47100,0.15373563218390804,0.1877147766323024,class_international,47/00,1046,446
88,88,5,1,12,1,2,3,1051,425,67,16,91,(2006.07),0.16401996370235936,0.18599656357388317,,,1118,441
89,89,2,1,13,0,0,0,224,614,1243,2,-1,,0.1278735632183908,0.26417525773195877,,,1467,616
90,90,3,1,13,1,0,0,224,614,1243,2,-1,,0.1278735632183908,0.26417525773195877,,,1467,616
91,91,4,1,13,1,1,0,224,614,1243,2,-1,,0.1278735632183908,0.26417525773195877,,,1467,616
92,92,5,1,13,1,1,1,224,614,1243,2,95, ,0.1278735632183908,0.26417525773195877,,,1467,616
93,93,2,1,14,0,0,0,225,631,599,119,-1,,0.07932546884452511,0.296606529209622,,,824,750
94,94,3,1,14,1,0,0,225,631,599,119,-1,,0.07932546884452511,0.296606529209622,,,824,750
95,95,4,1,14,1,1,0,225,631,388,27,-1,,0.0633696309739867,0.2768470790378007,,,613,658
96,96,5,1,14,1,1,1,225,631,45,27,96,(84),0.037431941923774956,0.2768470790378007,,,270,658
97,97,5,1,14,1,1,2,286,633,118,23,96,Designated,0.052177858439201454,0.2768470790378007,,,404,656
98,98,5,1,14,1,1,3,413,633,119,23,96,Contracting,0.07146098003629764,0.2768470790378007,,,532,656
99,99,5,1,14,1,1,4,542,633,71,19,96,States:,0.08734119782214156,0.2759879725085911,,,613,652
100,100,4,1,14,1,2,0,285,666,537,18,-1,,0.08371143375680581,0.28994845360824745,,,822,684
101,101,5,1,14,1,2,1,285,666,31,18,94,AL,0.04544767090139141,0.28994845360824745,,,316,684
102,102,5,1,14,1,2,2,323,666,31,18,94,AT,0.05119479733817302,0.28994845360824745,,,354,684
103,103,5,1,14,1,2,3,363,666,30,18,96,BE,0.05716878402903811,0.28994845360824745,,,393,684
104,104,5,1,14,1,2,4,403,666,32,18,96,BG,0.0633696309739867,0.28994845360824745,,,435,684
105,105,5,1,14,1,2,5,445,666,31,18,96,CH,0.06964609800362977,0.28994845360824745,,,476,684
106,106,5,1,14,1,2,6,486,666,32,18,95,CY,0.07592256503327284,0.28994845360824745,,,518,684
107,107,5,1,14,1,2,7,526,666,30,18,93,CZ,0.08182093163944344,0.28994845360824745,,,556,684
108,108,5,1,14,1,2,8,565,666,30,18,93,DE,0.08771929824561403,0.28994845360824745,,,595,684
109,109,5,1,14,1,2,9,605,666,32,18,95,DK,0.09392014519056262,0.28994845360824745,,,637,684
110,110,5,1,14,1,2,10,646,666,29,18,95,EE,0.0998941318814277,0.28994845360824745,,,675,684
111,111,5,1,14,1,2,11,684,666,29,18,93,ES,0.10564125831820932,0.28994845360824745,,,713,684
112,112,5,1,14,1,2,12,723,666,57,18,90,FIFR,0.11365698729582577,0.28994845360824745,,,780,684
113,113,5,1,14,1,2,13,788,666,34,18,95,GB,0.12174833635813673,0.28994845360824745,,,822,684
114,114,4,1,14,1,3,0,285,699,539,18,-1,,0.0838626739261948,0.30412371134020616,,,824,717
115,115,5,1,14,1,3,1,285,699,297,18,83,GRHRHUIEISITLILTLU,0.06556261343012704,0.30412371134020616,,,582,717
116,116,5,1,14,1,3,2,591,699,28,18,85,LV,0.09150030248033877,0.30412371134020616,,,619,717
117,117,5,1,14,1,3,3,627,699,35,18,85,MC,0.09747428917120388,0.30412371134020616,,,662,717
118,118,5,1,14,1,3,4,670,699,35,18,94,MK,0.10397761645493044,0.30412371134020616,,,705,717
119,119,5,1,14,1,3,5,713,699,32,18,91,MT,0.11025408348457351,0.30412371134020616,,,745,717
120,120,5,1,14,1,3,6,753,699,29,18,49,NL,0.11607683000604961,0.30412371134020616,,,782,717
121,121,5,1,14,1,3,7,791,699,33,18,49,NO,0.1221264367816092,0.30412371134020616,,,824,717
122,122,4,1,14,1,4,0,286,732,336,18,-1,,0.06866303690260134,0.31829896907216493,,,622,750
123,123,5,1,14,1,4,1,286,732,28,18,93,PL,0.045372050816696916,0.31829896907216493,,,314,750
124,124,5,1,14,1,4,2,323,732,29,18,92,PT,0.05104355716878403,0.31829896907216493,,,352,750
125,125,5,1,14,1,4,3,360,732,58,18,92,RORS,0.058832425892317,0.31829896907216493,,,418,750
126,126,5,1,14,1,4,4,420,732,52,18,92,SE,0.06745311554748941,0.31829896907216493,,,472,750
127,127,5,1,14,1,4,5,480,732,20,18,95,SI,0.07410768300060495,0.31829896907216493,,,500,750
128,128,5,1,14,1,4,6,510,732,31,18,93,SK,0.0794767090139141,0.31829896907216493,,,541,750
129,129,5,1,14,1,4,7,550,732,72,18,90,SMTR,0.08862673926194797,0.31829896907216493,,,622,750
130,130,2,1,15,0,0,0,225,795,596,152,-1,,0.07909860859044163,0.3741408934707904,,,821,947
131,131,3,1,15,1,0,0,225,795,513,27,-1,,0.07282214156079855,0.3472938144329897,,,738,822
132,132,4,1,15,1,1,0,225,795,513,27,-1,,0.07282214156079855,0.3472938144329897,,,738,822
133,133,5,1,15,1,1,1,225,795,45,27,96,(30),0.037431941923774956,0.3472938144329897,,,270,822
134,134,5,1,15,1,1,2,286,797,77,23,94,Priority:,0.04907743496672716,0.3472938144329897,,,363,820
135,135,5,1,15,1,1,3,384,797,118,19,94,13.05.2014,0.06699939503932244,0.34643470790378006,priority_date_eu,13.05.2014,502,816
136,136,5,1,15,1,1,4,520,797,30,19,96,US,0.0809134906231095,0.34643470790378006,,,550,816
137,137,5,1,15,1,1,5,559,797,157,19,90,201461992710,0.09641560798548095,0.34643470790378006,,,716,816
138,138,5,1,15,1,1,6,725,797,13,19,90,P,0.11063218390804598,0.34643470790378006,,,738,816
139,139,3,1,15,2,0,0,225,861,596,86,-1,,0.07909860859044163,0.38831615120274915,,,821,947
140,140,4,1,15,2,1,0,225,861,596,26,-1,,0.07909860859044163,0.3754295532646048,,,821,887
141,141,5,1,15,2,1,1,225,861,45,26,96,(62),0.037431941923774956,0.3754295532646048,,,270,887
142,142,5,1,15,2,1,2,286,863,107,18,96,Document,0.05134603750756201,0.3745704467353952,,,393,881
143,143,5,1,15,2,1,3,402,863,105,23,96,number(s),0.06873865698729582,0.3756443298969072,,,507,886
144,144,5,1,15,2,1,4,516,863,20,18,96,of,0.07955232909860858,0.3745704467353952,,,536,881
145,145,5,1,15,2,1,5,542,863,32,18,96,the,0.08439201451905626,0.3745704467353952,,,574,881
146,146,5,1,15,2,1,6,583,863,65,18,96,earlier,0.09308832425892317,0.3745704467353952,,,648,881
147,147,5,1,15,2,1,7,655,863,140,23,94,application(s),0.10964912280701754,0.3756443298969072,,,795,886
148,148,5,1,15,2,1,8,805,863,16,18,96,in,0.12295825771324864,0.3745704467353952,,,821,881
149,149,4,1,15,2,2,0,286,895,308,19,-1,,0.06654567453115548,0.38853092783505155,,,594,914
150,150,5,1,15,2,2,1,286,895,109,19,96,accordance,0.051497277676950996,0.38853092783505155,,,395,914
151,151,5,1,15,2,2,2,395,895,60,19,96,with,0.06427707199032062,0.38853092783505155,,,455,914
152,152,5,1,15,2,2,3,464,895,35,19,96,Art.,0.07282214156079855,0.38853092783505155,,,499,914
153,153,5,1,15,2,2,4,508,895,25,19,96,76,0.07872050816696914,0.38853092783505155,,,533,914
154,154,5,1,15,2,2,5,542,895,52,19,96,EPC:,0.08590441621294616,0.38853092783505155,,,594,914
155,155,4,1,15,2,3,0,286,929,250,18,-1,,0.06215970961887477,0.4029209621993127,,,536,947
156,156,5,1,15,2,3,1,286,929,124,18,75,15791925.9,0.05263157894736842,0.4029209621993127,,,410,947
157,157,5,1,15,2,3,2,417,929,7,18,75,/,0.06359649122807018,0.4029209621993127,,,424,947
158,158,5,1,15,2,3,3,432,929,11,18,94,3,0.066167574107683,0.4029209621993127,,,443,947
159,159,5,1,15,2,3,4,452,929,37,18,94,142,0.07115849969751967,0.4029209621993127,,,489,947
160,160,5,1,15,2,3,5,498,929,38,18,95,505,0.07819116757410768,0.4029209621993127,,,536,947
161,161,2,1,16,0,0,0,225,992,437,58,-1,,0.06707501512401694,0.438573883161512,,,662,1050
162,162,3,1,16,1,0,0,225,992,437,58,-1,,0.06707501512401694,0.438573883161512,,,662,1050
163,163,4,1,16,1,1,0,225,992,437,26,-1,,0.06707501512401694,0.43170103092783507,,,662,1018
164,164,5,1,16,1,1,1,225,992,45,26,96,(71),0.037431941923774956,0.43170103092783507,,,270,1018
165,165,5,1,16,1,1,2,285,994,103,23,93,Applicant:,0.05089231699939504,0.4319158075601375,,,388,1017
166,166,5,1,16,1,1,3,397,994,84,18,93,Fontem,0.06639443436176648,0.43084192439862545,applicant_line_1,Fontem,481,1012
167,167,5,1,16,1,1,4,491,994,99,23,96,Holdings,0.08174531155474894,0.4319158075601375,applicant_line_1,Holdings,590,1017
168,168,5,1,16,1,1,5,598,994,13,18,91,4,0.09142468239564429,0.43084192439862545,applicant_line_1,4,611,1012
169,169,5,1,16,1,1,6,619,994,43,18,91,B.V.,0.09686932849364792,0.43084192439862545,applicant_line_1,B.V.,662,1012
170,170,4,1,16,1,2,0,286,1027,284,23,-1,,0.0647307924984876,0.44609106529209624,,,570,1050
171,171,5,1,16,1,2,1,286,1027,51,18,96,1083,0.047111312764670295,0.44501718213058417,,,337,1045
172,172,5,1,16,1,2,2,346,1027,31,18,96,HN,0.05467332123411978,0.44501718213058417,,,377,1045
173,173,5,1,16,1,2,3,385,1027,130,18,96,Amsterdam,0.06805807622504537,0.44501718213058417,,,515,1045
174,174,5,1,16,1,2,4,524,1027,46,23,96,(NL),0.08272837265577737,0.44609106529209624,,,570,1050
175,175,2,1,17,0,0,0,845,614,2,468,-1,,0.1279491833030853,0.3642611683848797,,,847,1082
176,176,3,1,17,1,0,0,845,614,2,468,-1,,0.1279491833030853,0.3642611683848797,,,847,1082
177,177,4,1,17,1,1,0,845,614,2,468,-1,,0.1279491833030853,0.3642611683848797,,,847,1082
178,178,5,1,17,1,1,1,845,614,2,468,95, ,0.1279491833030853,0.3642611683848797,,,847,1082
179,179,2,1,18,0,0,0,862,631,340,58,-1,,0.1560798548094374,0.28350515463917525,,,1202,689
180,180,3,1,18,1,0,0,862,631,340,58,-1,,0.1560798548094374,0.28350515463917525,,,1202,689
181,181,4,1,18,1,1,0,862,631,340,27,-1,,0.1560798548094374,0.2768470790378007,,,1202,658
182,182,5,1,18,1,1,1,862,631,44,27,95,(72),0.1336963097398669,0.2768470790378007,,,906,658
183,183,5,1,18,1,1,2,923,633,89,19,95,Inventor:,0.14632486388384755,0.2759879725085911,,,1012,652
184,184,5,1,18,1,1,3,1021,633,94,22,96,"Alarcon,",0.16152450090744103,0.2766323024054983,inventor_line_1,"Alarcon,",1115,655
185,185,5,1,18,1,1,4,1124,633,78,19,96,Ramon,0.17589231699939503,0.2759879725085911,inventor_line_1,Ramon,1202,652
186,186,4,1,18,1,2,0,923,666,242,23,-1,,0.15789473684210525,0.29102233676975947,,,1165,689
187,187,5,1,18,1,2,1,923,666,39,18,96,Los,0.1425438596491228,0.28994845360824745,,,962,684
188,188,5,1,18,1,2,2,971,666,66,18,96,Gatos,0.15184513006654568,0.28994845360824745,,,1037,684
189,189,5,1,18,1,2,3,1045,666,65,18,96,95030,0.1629612825166364,0.28994845360824745,,,1110,684
190,190,5,1,18,1,2,4,1119,666,46,23,96,(US),0.17271627344222626,0.29102233676975947,,,1165,689
191,191,2,1,19,0,0,0,862,730,503,123,-1,,0.16840592861464004,0.3399914089347079,,,1365,853
192,192,3,1,19,1,0,0,862,730,503,123,-1,,0.16840592861464004,0.3399914089347079,,,1365,853
193,193,4,1,19,1,1,0,862,730,415,26,-1,,0.1617513611615245,0.31915807560137455,,,1277,756
194,194,5,1,19,1,1,1,862,730,44,26,95,(74),0.1336963097398669,0.31915807560137455,,,906,756
195,195,5,1,19,1,1,2,923,732,163,23,93,Representative:,0.15192075015124018,0.31937285223367695,,,1086,755
196,196,5,1,19,1,1,3,1095,732,67,18,93,Gulde,0.1706745311554749,0.31829896907216493,representative_line_1_eu,Gulde,1162,750
197,197,5,1,19,1,1,4,1170,732,16,18,93,&,0.1781609195402299,0.31829896907216493,representative_line_1_eu,&,1186,750
198,198,5,1,19,1,1,5,1195,732,82,18,96,Partner,0.1869328493647913,0.31829896907216493,representative_line_1_eu,Partner,1277,750
199,199,4,1,19,1,2,0,923,765,442,18,-1,,0.17301875378100423,0.3324742268041237,,,1365,783
200,200,5,1,19,1,2,1,923,765,78,18,92,Patent-,0.1454930429522081,0.3324742268041237,,,1001,783
201,201,5,1,19,1,2,2,1010,765,41,18,92,und,0.1558529945553539,0.3324742268041237,,,1051,783
202,202,5,1,19,1,2,3,1061,765,244,18,91,Rechtsanwaltskanzlei,0.17891712038717483,0.3324742268041237,,,1305,783
203,203,5,1,19,1,2,4,1314,765,51,18,91,mbB,0.2025862068965517,0.3324742268041237,,,1365,783
204,204,4,1,19,1,3,0,921,797,186,19,-1,,0.15335753176043557,0.34643470790378006,,,1107,816
205,205,5,1,19,1,3,1,921,797,120,19,70,WallstraRe,0.1483666061705989,0.34643470790378006,,,1041,816
206,206,5,1,19,1,3,2,1049,797,58,19,96,58/59,0.1630369026013309,0.34643470790378006,,,1107,816
207,207,4,1,19,1,4,0,923,830,193,23,-1,,0.154189352692075,0.36146907216494845,,,1116,853
208,208,5,1,19,1,4,1,923,830,63,18,96,10179,0.1443587416817907,0.3603951890034364,,,986,848
209,209,5,1,19,1,4,2,996,830,64,18,96,Berlin,0.15547489413188142,0.3603951890034364,,,1060,848
210,210,5,1,19,1,4,3,1070,830,46,23,96,(DE),0.16530550514216577,0.36146907216494845,,,1116,853
211,211,2,1,20,0,0,0,862,895,99,19,-1,,0.13785541439806412,0.38853092783505155,,,961,914
212,212,3,1,20,1,0,0,862,895,99,19,-1,,0.13785541439806412,0.38853092783505155,,,961,914
213,213,4,1,20,1,1,0,862,895,99,19,-1,,0.13785541439806412,0.38853092783505155,,,961,914
214,214,5,1,20,1,1,1,862,895,99,19,96,Remarks:,0.13785541439806412,0.38853092783505155,,,961,914
215,215,2,1,21,0,0,0,922,929,522,83,-1,,0.17891712038717483,0.4168814432989691,,,1444,1012
216,216,3,1,21,1,0,0,922,929,522,83,-1,,0.17891712038717483,0.4168814432989691,,,1444,1012
217,217,4,1,21,1,1,0,922,929,477,23,-1,,0.17551421657592256,0.40399484536082475,,,1399,952
218,218,5,1,21,1,1,1,922,929,43,18,96,This,0.1426950998185118,0.4029209621993127,,,965,947
219,219,5,1,21,1,1,2,974,929,111,23,96,application,0.15570175438596492,0.40399484536082475,,,1085,952
220,220,5,1,21,1,1,3,1093,933,42,14,96,was,0.16848154869933454,0.40378006872852235,,,1135,947
221,221,5,1,21,1,1,4,1142,929,43,18,96,filed,0.17596793708408953,0.4029209621993127,,,1185,947
222,222,5,1,21,1,1,5,1193,933,25,14,96,on,0.1823200241984271,0.40378006872852235,,,1218,947
223,223,5,1,21,1,1,6,1226,929,121,18,96,25-06-2018,0.19457047791893528,0.4029209621993127,,,1347,947
224,224,5,1,21,1,1,7,1356,933,23,14,96,as,0.20682093163944343,0.40378006872852235,,,1379,947
225,225,5,1,21,1,1,8,1388,933,11,14,96,a,0.21075317604355717,0.40378006872852235,,,1399,947
226,226,4,1,21,1,2,0,922,961,522,23,-1,,0.17891712038717483,0.4177405498281787,,,1444,984
227,227,5,1,21,1,2,1,922,961,96,19,96,divisional,0.14670296430732002,0.4168814432989691,,,1018,980
228,228,5,1,21,1,2,2,1027,961,111,23,96,application,0.16371748336358136,0.4177405498281787,,,1138,984
229,229,5,1,21,1,2,3,1147,962,19,18,96,to,0.17490925589836662,0.4170962199312715,,,1166,980
230,230,5,1,21,1,2,4,1174,961,31,19,96,the,0.17990018148820328,0.4168814432989691,,,1205,980
231,231,5,1,21,1,2,5,1214,961,112,23,96,application,0.19207501512401695,0.4177405498281787,,,1326,984
232,232,5,1,21,1,2,6,1336,961,108,19,96,mentioned,0.2102238354506957,0.4168814432989691,,,1444,980
233,233,4,1,21,1,3,0,923,994,209,18,-1,,0.15539927404718692,0.43084192439862545,,,1132,1012
234,234,5,1,21,1,3,1,923,994,59,18,90,under,0.1440562613430127,0.43084192439862545,,,982,1012
235,235,5,1,21,1,3,2,991,994,45,18,90,INID,0.15328191167574107,0.43084192439862545,,,1036,1012
236,236,5,1,21,1,3,3,1044,994,50,18,96,code,0.16167574107683,0.43084192439862545,,,1094,1012
237,237,5,1,21,1,3,4,1103,994,29,18,96,62.,0.16901088929219601,0.43084192439862545,,,1132,1012
238,238,2,1,22,0,0,0,224,1080,1243,2,-1,,0.1278735632183908,0.4643470790378007,,,1467,1082
239,239,3,1,22,1,0,0,224,1080,1243,2,-1,,0.1278735632183908,0.4643470790378007,,,1467,1082
240,240,4,1,22,1,1,0,224,1080,1243,2,-1,,0.1278735632183908,0.4643470790378007,,,1467,1082
241,241,5,1,22,1,1,1,224,1080,1243,2,95, ,0.1278735632183908,0.4643470790378007,,,1467,1082
242,242,2,1,23,0,0,0,225,1099,440,53,-1,,0.06730187537810042,0.4834621993127148,,,665,1152
243,243,3,1,23,1,0,0,225,1099,440,53,-1,,0.06730187537810042,0.4834621993127148,,,665,1152
244,244,4,1,23,1,1,0,225,1099,45,26,-1,,0.037431941923774956,0.47766323024054985,,,270,1125
245,245,5,1,23,1,1,1,225,1099,45,26,95,(54),0.037431941923774956,0.47766323024054985,,,270,1125
246,246,4,1,23,1,2,0,316,1131,349,21,-1,,0.07418330308529945,0.49033505154639173,,,665,1152
247,247,5,1,23,1,2,1,316,1131,169,21,95,ELECTRONIC,0.06057168784029038,0.49033505154639173,,,485,1152
248,248,5,1,23,1,2,2,496,1131,169,21,96,CIGARETTES,0.08779491833030853,0.49033505154639173,,,665,1152
249,249,2,1,24,0,0,0,225,1206,583,255,-1,,0.07811554748941318,0.5728092783505154,,,808,1461
250,250,3,1,24,1,0,0,225,1206,583,255,-1,,0.07811554748941318,0.5728092783505154,,,808,1461
251,251,4,1,24,1,1,0,225,1206,582,27,-1,,0.0780399274047187,0.523840206185567,,,807,1233
252,252,5,1,24,1,1,1,225,1206,45,27,86,(57),0.037431941923774956,0.523840206185567,,,270,1233
253,253,5,1,24,1,1,2,0,0,1653,2328,17,‚Äî,0.125,0.5,,,1653,2328
254,254,5,1,24,1,1,3,315,1208,101,23,84,"Asystem,",0.05527828191167574,0.523840206185567,,,416,1231
255,255,5,1,24,1,1,4,423,1213,11,14,13,a,0.0648064125831821,0.5240549828178694,,,434,1227
256,256,5,1,24,1,1,5,441,1208,83,22,13,"method,",0.07297338173018754,0.5236254295532646,,,524,1230
257,257,5,1,24,1,1,6,531,1208,38,19,72,and,0.08318209316394434,0.5229810996563574,,,569,1227
258,258,5,1,24,1,1,7,576,1213,11,14,72,a,0.08794615849969752,0.5240549828178694,,,587,1227
259,259,5,1,24,1,1,8,593,1208,55,19,94,device,0.09384452510586812,0.5229810996563574,,,648,1227
260,260,5,1,24,1,1,9,649,1208,45,19,96,for,0.10155777374470659,0.5229810996563574,,,694,1227
261,261,5,1,24,1,1,10,700,1208,107,23,92,controlling,0.11395946763460375,0.523840206185567,,,807,1231
262,262,4,1,24,1,2,0,225,1241,582,23,-1,,0.0780399274047187,0.5380154639175257,,,807,1264
263,263,5,1,24,1,2,1,225,1241,76,23,95,charging,0.03977616454930429,0.5380154639175257,,,301,1264
264,264,5,1,24,1,2,2,303,1246,30,18,96,of,0.04809437386569873,0.5390893470790378,,,333,1264
265,265,5,1,24,1,2,3,334,1241,103,18,96,batteries,0.058303085299455534,0.5369415807560137,,,437,1259
266,266,5,1,24,1,2,4,445,1241,15,18,96,in,0.06843617664851785,0.5369415807560137,,,460,1259
267,267,5,1,24,1,2,5,467,1241,101,18,96,electronic,0.07826678765880218,0.5369415807560137,,,568,1259
268,268,5,1,24,1,2,6,574,1241,80,22,96,"articles,",0.09286146400483969,0.5378006872852233,,,654,1263
269,269,5,1,24,1,2,7,661,1241,38,18,96,and,0.102843315184513,0.5369415807560137,,,699,1259
270,270,5,1,24,1,2,8,708,1246,51,13,93,more,0.11093466424682395,0.5380154639175257,,,759,1259
271,271,5,1,24,1,2,9,767,1246,40,18,93,par-,0.11902601330913491,0.5390893470790378,,,807,1264
272,272,4,1,24,1,3,0,225,1274,583,23,-1,,0.07811554748941318,0.5521907216494846,,,808,1297
273,273,5,1,24,1,3,1,225,1274,80,23,96,ticularly,0.04007864488808228,0.5521907216494846,,,305,1297
274,274,5,1,24,1,3,2,311,1274,28,18,96,for,0.04915305505142166,0.5511168384879725,,,339,1292
275,275,5,1,24,1,3,3,346,1274,106,23,96,controlling,0.0603448275862069,0.5521907216494846,,,452,1297
276,276,5,1,24,1,3,4,461,1274,89,23,96,charging,0.0764519056261343,0.5521907216494846,,,550,1297
277,277,5,1,24,1,3,5,558,1274,20,18,96,of,0.08590441621294616,0.5511168384879725,,,578,1292
278,278,5,1,24,1,3,6,585,1274,89,18,96,batteries,0.09520568663036903,0.5511168384879725,,,674,1292
279,279,5,1,24,1,3,7,683,1274,15,18,96,in,0.1044313369630974,0.5511168384879725,,,698,1292
280,280,5,1,24,1,3,8,706,1274,102,18,96,electronic,0.11448880822746521,0.5511168384879725,,,808,1292
281,281,4,1,24,1,4,0,225,1306,582,23,-1,,0.0780399274047187,0.5659364261168385,,,807,1329
282,282,5,1,24,1,4,1,225,1306,107,23,96,cigarettes.,0.042120387174833636,0.5659364261168385,,,332,1329
283,283,5,1,24,1,4,2,341,1306,17,19,95,In,0.052858439201451904,0.5650773195876289,,,358,1325
284,284,5,1,24,1,4,3,365,1311,39,14,96,one,0.05815184513006655,0.5661512027491409,,,404,1325
285,285,5,1,24,1,4,4,411,1306,135,22,96,"embodiment,",0.07236842105263158,0.5657216494845361,,,546,1328
286,286,5,1,24,1,4,5,553,1311,12,14,96,a,0.08454325468844526,0.5661512027491409,,,565,1325
287,287,5,1,24,1,4,6,572,1306,89,23,96,charging,0.09323956442831216,0.5659364261168385,,,661,1329
288,288,5,1,24,1,4,7,668,1307,74,22,96,system,0.10662431941923775,0.5661512027491409,,,742,1329
289,289,5,1,24,1,4,8,748,1306,28,19,95,for,0.11524500907441017,0.5650773195876289,,,776,1325
290,290,5,1,24,1,4,9,782,1311,25,14,95,an,0.12016031457955233,0.5661512027491409,,,807,1325
291,291,4,1,24,1,5,0,225,1339,583,23,-1,,0.07811554748941318,0.5801116838487973,,,808,1362
292,292,5,1,24,1,5,1,225,1339,101,18,96,electronic,0.041666666666666664,0.5790378006872853,,,326,1357
293,293,5,1,24,1,5,2,332,1339,90,23,96,cigarette,0.05701754385964912,0.5801116838487973,,,422,1362
294,294,5,1,24,1,5,3,429,1339,53,23,96,(100),0.06888989715668481,0.5801116838487973,,,482,1362
295,295,5,1,24,1,5,4,490,1344,35,13,96,can,0.07675438596491228,0.5801116838487973,,,525,1357
296,296,5,1,24,1,5,5,533,1339,95,23,96,comprise,0.08779491833030853,0.5801116838487973,,,628,1362
297,297,5,1,24,1,5,6,634,1344,12,13,96,a,0.09679370840895342,0.5801116838487973,,,646,1357
298,298,5,1,24,1,5,7,654,1339,48,23,96,pack,0.10254083484573502,0.5801116838487973,,,702,1362
299,299,5,1,24,1,5,8,709,1339,45,23,96,(200),0.11063218390804598,0.5801116838487973,,,754,1362
300,300,5,1,24,1,5,9,756,1339,52,23,96,that,0.11826981246218995,0.5801116838487973,,,808,1362
301,301,4,1,24,1,6,0,225,1372,582,23,-1,,0.0780399274047187,0.594286941580756,,,807,1395
302,302,5,1,24,1,6,1,225,1377,36,14,96,can,0.0367513611615245,0.5945017182130584,,,261,1391
303,303,5,1,24,1,6,2,269,1372,94,23,96,comprise,0.04779189352692075,0.594286941580756,,,363,1395
304,304,5,1,24,1,6,3,370,1377,12,14,96,a,0.056866303690260134,0.5945017182130584,,,382,1391
305,305,5,1,24,1,6,4,390,1377,37,18,96,pack,0.0617816091954023,0.595360824742268,,,427,1395
306,306,5,1,24,1,6,5,429,1372,87,23,96,battery,0.07146098003629764,0.594286941580756,,,516,1395
307,307,5,1,24,1,6,6,523,1372,46,23,96,(520),0.08257713248638839,0.594286941580756,,,569,1395
308,308,5,1,24,1,6,7,571,1372,123,23,96,electrically,0.09565940713853599,0.594286941580756,,,694,1395
309,309,5,1,24,1,6,8,700,1372,81,23,96,coupled,0.11199334543254688,0.594286941580756,,,781,1395
310,310,5,1,24,1,6,9,788,1373,19,18,96,to,0.1206140350877193,0.5936426116838488,,,807,1391
311,311,4,1,24,1,7,0,225,1405,582,23,-1,,0.0780399274047187,0.6084621993127147,,,807,1428
312,312,5,1,24,1,7,1,225,1410,24,13,92,an,0.03584392014519056,0.6084621993127147,,,249,1423
313,313,5,1,24,1,7,2,260,1405,149,23,92,ultra-capacitor,0.05058983666061706,0.6084621993127147,,,409,1428
314,314,5,1,24,1,7,3,418,1405,59,23,95,(533).,0.0676799758015729,0.6084621993127147,,,477,1428
315,315,5,1,24,1,7,4,487,1405,40,18,95,The,0.07667876588021778,0.6073883161512027,,,527,1423
316,316,5,1,24,1,7,5,536,1405,49,23,96,pack,0.08477011494252873,0.6084621993127147,,,585,1428
317,317,5,1,24,1,7,6,594,1405,71,23,96,battery,0.09520568663036903,0.6084621993127147,,,665,1428
318,318,5,1,24,1,7,7,674,1405,53,23,89,(520),0.1059437386569873,0.6084621993127147,,,727,1428
319,319,5,1,24,1,7,8,737,1410,36,13,96,can,0.11418632788868724,0.6084621993127147,,,773,1423
320,320,5,1,24,1,7,9,783,1405,24,18,96,be,0.12023593466424683,0.6073883161512027,,,807,1423
321,321,4,1,24,1,8,0,225,1438,582,23,-1,,0.0780399274047187,0.6226374570446735,,,807,1461
322,322,5,1,24,1,8,1,225,1438,109,23,95,configured,0.04227162734422263,0.6226374570446735,,,334,1461
323,323,5,1,24,1,8,2,339,1438,19,18,69,ta,0.05270719903206292,0.6215635738831615,,,358,1456
324,324,5,1,24,1,8,3,364,1438,70,23,96,charge,0.0603448275862069,0.6226374570446735,,,434,1461
325,325,5,1,24,1,8,4,439,1438,32,18,93,the,0.06881427707199032,0.6215635738831615,,,471,1456
326,326,5,1,24,1,8,5,477,1438,150,23,91,ultra-capacitor,0.08348457350272233,0.6226374570446735,,,627,1461
327,327,5,1,24,1,8,6,631,1438,60,23,96,(533).,0.0999697519661222,0.6226374570446735,,,691,1461
328,328,5,1,24,1,8,7,696,1438,40,18,93,The,0.10828796128251664,0.6215635738831615,,,736,1456
329,329,5,1,24,1,8,8,741,1438,66,23,92,charg-,0.11705989110707804,0.6226374570446735,,,807,1461
330,330,2,1,25,0,0,0,401,1532,894,578,-1,,0.12825166364186327,0.7822164948453608,,,1295,2110
331,331,3,1,25,1,0,0,401,1532,894,578,-1,,0.12825166364186327,0.7822164948453608,,,1295,2110
332,332,4,1,25,1,1,0,401,1532,894,578,-1,,0.12825166364186327,0.7822164948453608,,,1295,2110
333,333,5,1,25,1,1,1,401,1532,894,578,95,     ,0.12825166364186327,0.7822164948453608,,,1295,2110
334,334,2,1,26,0,0,0,671,1553,41,21,-1,,0.10458257713248639,0.6716065292096219,,,712,1574
335,335,3,1,26,1,0,0,671,1553,41,21,-1,,0.10458257713248639,0.6716065292096219,,,712,1574
336,336,4,1,26,1,1,0,671,1553,41,21,-1,,0.10458257713248639,0.6716065292096219,,,712,1574
337,337,5,1,26,1,1,1,671,1553,41,21,78,521,0.10458257713248639,0.6716065292096219,,,712,1574
338,338,2,1,27,0,0,0,400,1633,314,88,-1,,0.08424077434966727,0.720360824742268,,,714,1721
339,339,3,1,27,1,0,0,400,1633,314,88,-1,,0.08424077434966727,0.720360824742268,,,714,1721
340,340,4,1,27,1,1,0,400,1633,314,88,-1,,0.08424077434966727,0.720360824742268,,,714,1721
341,341,5,1,27,1,1,1,400,1684,44,21,96,520,0.06382335148215366,0.7278780068728522,,,444,1705
342,342,5,1,27,1,1,2,665,1633,49,88,19,|,0.10428009679370841,0.720360824742268,,,714,1721
343,343,2,1,28,0,0,0,415,1837,120,21,-1,,0.07183908045977011,0.7935996563573883,,,535,1858
344,344,3,1,28,1,0,0,415,1724,299,249,-1,,0.0853750756200847,0.7940292096219931,,,714,1973
345,345,4,1,28,1,1,0,415,1837,120,21,-1,,0.07183908045977011,0.7935996563573883,,,535,1858
346,346,5,1,28,1,1,1,415,1837,120,21,95,BATTERY,0.07183908045977011,0.7935996563573883,,,535,1858
347,347,2,1,29,0,0,0,418,1589,299,176,-1,,0.08582879612825166,0.720360824742268,,,717,1765
348,348,3,1,29,1,0,0,418,1589,299,176,-1,,0.08582879612825166,0.720360824742268,,,717,1765
349,349,4,1,29,1,1,0,418,1589,299,176,-1,,0.08582879612825166,0.720360824742268,,,717,1765
350,350,5,1,29,1,1,1,418,1589,299,176,95,  ,0.08582879612825166,0.720360824742268,,,717,1765
351,351,2,1,30,0,0,0,762,1748,495,110,-1,,0.15267695099818512,0.7744845360824743,,,1257,1858
352,352,3,1,30,1,0,0,762,1748,495,110,-1,,0.15267695099818512,0.7744845360824743,,,1257,1858
353,353,4,1,30,1,1,0,762,1748,43,21,-1,,0.11849667271627344,0.7553694158075601,,,805,1769
354,354,5,1,30,1,1,1,762,1748,43,21,96,533,0.11849667271627344,0.7553694158075601,,,805,1769
355,355,4,1,30,1,2,0,1136,1837,121,21,-1,,0.1809588626739262,0.7935996563573883,,,1257,1858
356,356,5,1,30,1,2,1,1136,1837,121,21,96,BATTERY,0.1809588626739262,0.7935996563573883,,,1257,1858
357,357,2,1,31,0,0,0,316,1099,1060,24,-1,,0.1279491833030853,0.47723367697594504,,,1376,1123
358,358,3,1,31,1,0,0,316,1099,1060,24,-1,,0.1279491833030853,0.47723367697594504,,,1376,1123
359,359,4,1,31,1,1,0,316,1099,1060,24,-1,,0.1279491833030853,0.47723367697594504,,,1376,1123
360,360,5,1,31,1,1,1,316,1099,119,24,96,"METHOD,",0.05679068360556564,0.47723367697594504,title_line_1,"METHOD,",435,1123
361,361,5,1,31,1,1,2,445,1099,106,21,96,SYSTEM,0.07531760435571688,0.47658934707903783,title_line_1,SYSTEM,551,1120
362,362,5,1,31,1,1,3,560,1099,57,20,95,AND,0.08900483968542044,0.47637457044673537,title_line_1,AND,617,1119
363,363,5,1,31,1,1,4,628,1099,94,21,96,DEVICE,0.10208711433756806,0.47658934707903783,title_line_1,DEVICE,722,1120
364,364,5,1,31,1,1,5,734,1099,53,21,96,FOR,0.11501814882032668,0.47658934707903783,title_line_1,FOR,787,1120
365,365,5,1,31,1,1,6,796,1099,192,21,96,CONTROLLING,0.13490623109497882,0.47658934707903783,title_line_1,CONTROLLING,988,1120
366,366,5,1,31,1,1,7,999,1099,141,21,96,CHARGING,0.1617513611615245,0.47658934707903783,title_line_1,CHARGING,1140,1120
367,367,5,1,31,1,1,8,1151,1099,34,21,96,OF,0.17664851784633998,0.47658934707903783,title_line_1,OF,1185,1120
368,368,5,1,31,1,1,9,1196,1099,130,20,96,BATTERIES,0.19071385359951604,0.47637457044673537,title_line_1,BATTERIES,1326,1119
369,369,5,1,31,1,1,10,1328,1099,48,21,96,IN,0.2044767090139141,0.47658934707903783,title_line_1,IN,1376,1120
370,370,2,1,32,0,0,0,884,1208,583,220,-1,,0.17778281911675742,0.5661512027491409,,,1467,1428
371,371,3,1,32,1,0,0,884,1208,583,220,-1,,0.17778281911675742,0.5661512027491409,,,1467,1428
372,372,4,1,32,1,1,0,885,1208,582,23,-1,,0.17785843920145192,0.523840206185567,,,1467,1231
373,373,5,1,32,1,1,1,885,1208,29,23,96,ing,0.13604053236539626,0.523840206185567,,,914,1231
374,374,5,1,32,1,1,2,925,1209,73,22,96,system,0.1454174228675136,0.5240549828178694,,,998,1231
375,375,5,1,32,1,1,3,1009,1213,36,14,96,can,0.15532365396249243,0.5240549828178694,,,1045,1227
376,376,5,1,32,1,1,4,1055,1208,69,19,96,further,0.1647761645493043,0.5229810996563574,,,1124,1227
377,377,5,1,32,1,1,5,1134,1208,95,23,96,comprise,0.17869026013309136,0.523840206185567,,,1229,1231
378,378,5,1,32,1,1,6,1240,1213,24,14,96,an,0.18935269207501512,0.5240549828178694,,,1264,1227
379,379,5,1,32,1,1,7,1275,1208,101,19,95,electronic,0.20046884452510585,0.5229810996563574,,,1376,1227
380,380,5,1,32,1,1,8,1386,1208,81,23,96,circuitry,0.21574410163339383,0.523840206185567,,,1467,1231
381,381,4,1,32,1,2,0,885,1241,582,23,-1,,0.17785843920145192,0.5380154639175257,,,1467,1264
382,382,5,1,32,1,2,1,885,1241,108,23,96,configured,0.14201451905626133,0.5380154639175257,,,993,1264
383,383,5,1,32,1,2,2,1001,1242,19,17,97,to,0.1528281911675741,0.5371563573883161,,,1020,1259
384,384,5,1,32,1,2,3,1028,1241,117,23,96,temporarily,0.16432244404113733,0.5380154639175257,,,1145,1264
385,385,5,1,32,1,2,4,1152,1246,21,13,93,or,0.17581669691470053,0.5380154639175257,,,1173,1259
386,386,5,1,32,1,2,5,1181,1241,113,23,93,non-fixedly,0.18715970961887476,0.5380154639175257,,,1294,1264
387,387,5,1,32,1,2,6,1302,1241,68,23,96,couple,0.20205686630369027,0.5380154639175257,,,1370,1264
388,388,5,1,32,1,2,7,1378,1241,31,18,96,the,0.21075317604355717,0.5369415807560137,,,1409,1259
389,389,5,1,32,1,2,8,1418,1241,49,23,96,pack,0.21816394434361766,0.5380154639175257,,,1467,1264
390,390,4,1,32,1,3,0,884,1274,581,23,-1,,0.17763157894736842,0.5521907216494846,,,1465,1297
391,391,5,1,32,1,3,1,884,1274,18,18,92,to,0.13505747126436782,0.5511168384879725,,,902,1292
392,392,5,1,32,1,3,2,909,1278,24,14,5,an,0.13929219600725953,0.5519759450171822,,,933,1292
393,393,5,1,32,1,3,3,940,1274,101,18,5,electronic,0.14980338777979432,0.5511168384879725,,,1041,1292
394,394,5,1,32,1,3,4,1047,1274,90,23,94,cigarette,0.16515426497277677,0.5521907216494846,,,1137,1297
395,395,5,1,32,1,3,5,1144,1274,76,23,96,battery.,0.17876588021778583,0.5521907216494846,,,1220,1297
396,396,5,1,32,1,3,6,1227,1274,40,18,93,The,0.18859649122807018,0.5511168384879725,,,1267,1292
397,397,5,1,32,1,3,7,1274,1274,150,23,91,ultra-capacitor,0.20402298850574713,0.5521907216494846,,,1424,1297
398,398,5,1,32,1,3,8,1430,1278,35,14,96,can,0.2189201451905626,0.5519759450171822,,,1465,1292
399,399,4,1,32,1,4,0,885,1306,582,23,-1,,0.17785843920145192,0.5659364261168385,,,1467,1329
400,400,5,1,32,1,4,1,885,1306,24,19,96,be,0.13566243194192376,0.5650773195876289,,,909,1325
401,401,5,1,32,1,4,2,918,1306,109,23,96,configured,0.1470810647307925,0.5659364261168385,,,1027,1329
402,402,5,1,32,1,4,3,1037,1307,18,18,96,to,0.15819721718088325,0.5652920962199313,,,1055,1325
403,403,5,1,32,1,4,4,1065,1306,71,23,96,charge,0.16643980641258319,0.5659364261168385,,,1136,1329
404,404,5,1,32,1,4,5,1145,1306,31,19,96,the,0.17551421657592256,0.5650773195876289,,,1176,1325
405,405,5,1,32,1,4,6,1186,1306,101,19,96,electronic,0.1870084694494858,0.5650773195876289,,,1287,1325
406,406,5,1,32,1,4,7,1296,1306,90,23,96,cigarette,0.2028130671506352,0.5659364261168385,,,1386,1329
407,407,5,1,32,1,4,8,1395,1306,72,23,96,battery,0.21642468239564427,0.5659364261168385,,,1467,1329
408,408,4,1,32,1,5,0,884,1339,581,23,-1,,0.17763157894736842,0.5801116838487973,,,1465,1362
409,409,5,1,32,1,5,1,884,1340,19,17,94,at,0.13513309134906232,0.5792525773195877,,,903,1357
410,410,5,1,32,1,5,2,912,1344,25,13,94,an,0.139821536600121,0.5801116838487973,,,937,1357
411,411,5,1,32,1,5,3,947,1339,122,18,96,accelerated,0.15245009074410162,0.5790378006872853,,,1069,1357
412,412,5,1,32,1,5,4,1080,1340,39,17,96,rate,0.16628856624319419,0.5792525773195877,,,1119,1357
413,413,5,1,32,1,5,5,1129,1344,24,13,96,as,0.17256503327283726,0.5801116838487973,,,1153,1357
414,414,5,1,32,1,5,6,1163,1344,91,18,96,compared,0.18277374470659408,0.5811855670103093,,,1254,1362
415,415,5,1,32,1,5,7,1256,1339,40,18,96,to,0.19298245614035087,0.5790378006872853,,,1296,1357
416,416,5,1,32,1,5,8,1306,1344,12,13,96,a,0.1984271022383545,0.5801116838487973,,,1318,1357
417,417,5,1,32,1,5,9,1329,1340,39,17,96,rate,0.20394736842105263,0.5792525773195877,,,1368,1357
418,418,5,1,32,1,5,10,1378,1340,19,17,96,at,0.20984573502722323,0.5792525773195877,,,1397,1357
419,419,5,1,32,1,5,11,1406,1339,59,18,96,which,0.21710526315789475,0.5790378006872853,,,1465,1357
420,420,4,1,32,1,6,0,884,1372,582,23,-1,,0.17770719903206292,0.594286941580756,,,1466,1395
421,421,5,1,32,1,6,1,884,1372,32,19,96,the,0.13611615245009073,0.5934278350515464,,,916,1391
422,422,5,1,32,1,6,2,922,1372,48,23,96,pack,0.14307320024198428,0.594286941580756,,,970,1395
423,423,5,1,32,1,6,3,977,1372,70,23,96,battery,0.1530550514216576,0.594286941580756,,,1047,1395
424,424,5,1,32,1,6,4,1052,1372,57,19,93,alone,0.16341500302480338,0.5934278350515464,,,1109,1391
425,425,5,1,32,1,6,5,1114,1377,36,14,93,can,0.17120387174833634,0.5945017182130584,,,1150,1391
426,426,5,1,32,1,6,6,1157,1372,57,23,96,charge,0.1792952208106473,0.594286941580756,,,1214,1395
427,427,5,1,32,1,6,7,1216,1372,35,19,96,the,0.18655474894131882,0.5934278350515464,,,1251,1391
428,428,5,1,32,1,6,8,1253,1372,119,19,75,electronic,0.198502722323049,0.5934278350515464,,,1372,1391
429,429,5,1,32,1,6,9,1376,1372,90,23,75,cigarette,0.2149122807017544,0.594286941580756,,,1466,1395
430,430,4,1,32,1,7,0,885,1405,76,23,-1,,0.1395946763460375,0.6084621993127147,,,961,1428
431,431,5,1,32,1,7,1,885,1405,76,23,96,battery.,0.1395946763460375,0.6084621993127147,,,961,1428
432,432,2,1,33,0,0,0,942,1511,280,63,-1,,0.16364186327888688,0.6625859106529209,,,1222,1574
433,433,3,1,33,1,0,0,942,1511,280,63,-1,,0.16364186327888688,0.6625859106529209,,,1222,1574
434,434,4,1,33,1,1,0,1177,1511,45,21,-1,,0.18141258318209316,0.6535652920962199,,,1222,1532
435,435,5,1,33,1,1,1,1177,1511,45,21,96,530,0.18141258318209316,0.6535652920962199,,,1222,1532
436,436,4,1,33,1,2,0,942,1553,43,21,-1,,0.14571990320629158,0.6716065292096219,,,985,1574
437,437,5,1,33,1,2,1,942,1553,43,21,96,532,0.14571990320629158,0.6716065292096219,,,985,1574
438,438,2,1,34,0,0,0,785,2166,125,37,-1,,0.12817604355716877,0.9383591065292096,,,910,2203
439,439,3,1,34,1,0,0,785,2166,125,37,-1,,0.12817604355716877,0.9383591065292096,,,910,2203
440,440,4,1,34,1,1,0,785,2166,125,37,-1,,0.12817604355716877,0.9383591065292096,,,910,2203
441,441,5,1,34,1,1,1,785,2166,85,37,91,FIG.,0.125151240169389,0.9383591065292096,,,870,2203
442,442,5,1,34,1,1,2,887,2167,23,36,91,5,0.13588929219600726,0.938573883161512,,,910,2203
443,443,2,1,35,0,0,0,716,2270,259,16,-1,,0.1278735632183908,0.9785223367697594,,,975,2286
444,444,3,1,35,1,0,0,716,2270,259,16,-1,,0.1278735632183908,0.9785223367697594,,,975,2286
445,445,4,1,35,1,1,0,716,2270,259,16,-1,,0.1278735632183908,0.9785223367697594,,,975,2286
446,446,5,1,35,1,1,1,716,2270,49,12,96,Printed,0.11199334543254688,0.9776632302405498,,,765,2282
447,447,5,1,35,1,1,2,771,2270,15,16,96,by,0.1177404718693285,0.9785223367697594,,,786,2286
448,448,5,1,35,1,1,3,792,2270,45,14,96,"Jouve,",0.12318511796733213,0.9780927835051546,,,837,2284
449,449,5,1,35,1,1,4,843,2270,41,12,96,75001,0.13059588626739263,0.9776632302405498,,,884,2282
450,450,5,1,35,1,1,5,893,2270,46,12,96,PARIS,0.1385359951603146,0.9776632302405498,,,939,2282
451,451,5,1,35,1,1,6,945,2270,30,16,95,(FR),0.14519056261343014,0.9785223367697594,,,975,2286
