,Unnamed: 0,level,page_num,block_num,par_num,line_num,word_num,left,top,width,height,conf,text,x,y,label,target,right,bottom
0,0,1,1,0,0,0,0,0,0,1653,2328,-1,,0.125,0.5,,,1653,2328
1,1,2,1,1,0,0,0,144,1905,31,328,-1,,0.02412280701754386,0.8887457044673539,,,175,2233
2,2,3,1,1,1,0,0,144,1905,31,328,-1,,0.02412280701754386,0.8887457044673539,,,175,2233
3,3,4,1,1,1,1,0,144,1905,31,328,-1,,0.02412280701754386,0.8887457044673539,,,175,2233
4,4,5,1,1,1,1,1,144,2179,30,54,96,EP,0.024047186932849365,0.947594501718213,,,174,2233
5,5,5,1,1,1,1,2,144,2142,31,21,96,3,0.02412280701754386,0.9246134020618557,,,175,2163
6,6,5,1,1,1,1,3,144,2055,31,71,95,402,0.02412280701754386,0.8979810996563574,,,175,2126
7,7,5,1,1,1,1,4,144,1968,31,70,90,175,0.02412280701754386,0.8603951890034365,,,175,2038
8,8,5,1,1,1,1,5,144,1905,30,50,90,A1,0.024047186932849365,0.8290378006872853,,,174,1955
9,9,2,1,2,0,0,0,429,153,88,28,-1,,0.07153660012099214,0.07173539518900343,,,517,181
10,10,3,1,2,1,0,0,429,153,88,28,-1,,0.07153660012099214,0.07173539518900343,,,517,181
11,11,4,1,2,1,1,0,429,153,88,16,-1,,0.07153660012099214,0.06915807560137457,,,517,169
12,12,5,1,2,1,1,1,429,153,88,16,84,Europaisches,0.07153660012099214,0.06915807560137457,,,517,169
13,13,4,1,2,1,2,0,429,170,71,11,-1,,0.07025105868118572,0.07538659793814433,,,500,181
14,14,5,1,2,1,2,1,429,170,71,11,96,Patentamt,0.07025105868118572,0.07538659793814433,,,500,181
15,15,2,1,3,0,0,0,429,196,89,28,-1,,0.07161222020568662,0.09020618556701031,,,518,224
16,16,3,1,3,1,0,0,429,196,89,28,-1,,0.07161222020568662,0.09020618556701031,,,518,224
17,17,4,1,3,1,1,0,429,196,63,15,-1,,0.06964609800362977,0.08741408934707903,,,492,211
18,18,5,1,3,1,1,1,429,196,63,15,95,European,0.06964609800362977,0.08741408934707903,,,492,211
19,19,4,1,3,1,2,0,429,212,89,12,-1,,0.07161222020568662,0.0936426116838488,,,518,224
20,20,5,1,3,1,2,1,429,213,43,11,96,Patent,0.06813369630973987,0.0938573883161512,,,472,224
21,21,5,1,3,1,2,2,478,212,40,12,90,Office,0.07531760435571688,0.0936426116838488,,,518,224
22,22,2,1,4,0,0,0,429,239,109,28,-1,,0.07312462189957653,0.10867697594501718,,,538,267
23,23,3,1,4,1,0,0,429,239,109,28,-1,,0.07312462189957653,0.10867697594501718,,,538,267
24,24,4,1,4,1,1,0,429,239,109,15,-1,,0.07312462189957653,0.10588487972508591,,,538,254
25,25,5,1,4,1,1,1,429,239,40,12,93,Office,0.06790683605565638,0.1052405498281787,,,469,251
26,26,5,1,4,1,1,2,474,239,64,15,93,europ√©en,0.0765275257108288,0.10588487972508591,,,538,254
27,27,4,1,4,1,2,0,429,255,77,12,-1,,0.0707047791893527,0.11211340206185567,,,506,267
28,28,5,1,4,1,2,1,429,255,22,12,95,des,0.06654567453115548,0.11211340206185567,,,451,267
29,29,5,1,4,1,2,2,457,255,49,12,82,brevets,0.07282214156079855,0.11211340206185567,,,506,267
30,30,2,1,5,0,0,0,281,136,274,150,-1,,0.06321839080459771,0.09063573883161512,,,555,286
31,31,3,1,5,1,0,0,281,136,274,150,-1,,0.06321839080459771,0.09063573883161512,,,555,286
32,32,4,1,5,1,1,0,281,136,274,150,-1,,0.06321839080459771,0.09063573883161512,,,555,286
33,33,5,1,5,1,1,1,281,136,274,150,95, ,0.06321839080459771,0.09063573883161512,,,555,286
34,34,2,1,6,0,0,0,225,324,45,26,-1,,0.037431941923774956,0.14475945017182132,,,270,350
35,35,3,1,6,1,0,0,225,324,45,26,-1,,0.037431941923774956,0.14475945017182132,,,270,350
36,36,4,1,6,1,1,0,225,324,45,26,-1,,0.037431941923774956,0.14475945017182132,,,270,350
37,37,5,1,6,1,1,1,225,324,45,26,96,(12),0.037431941923774956,0.14475945017182132,,,270,350
38,38,2,1,7,0,0,0,225,395,378,53,-1,,0.06261343012704174,0.18105670103092783,,,603,448
39,39,3,1,7,1,0,0,225,395,378,53,-1,,0.06261343012704174,0.18105670103092783,,,603,448
40,40,4,1,7,1,1,0,225,395,262,26,-1,,0.05384150030248034,0.17525773195876287,,,487,421
41,41,5,1,7,1,1,1,225,395,45,26,95,(43),0.037431941923774956,0.17525773195876287,,,270,421
42,42,5,1,7,1,1,2,286,397,48,18,95,Date,0.04688445251058681,0.17439862542955326,,,334,415
43,43,5,1,7,1,1,3,342,397,20,18,96,of,0.05323653962492438,0.17439862542955326,,,362,415
44,44,5,1,7,1,1,4,370,397,117,23,96,publication:,0.0648064125831821,0.17547250859106528,,,487,420
45,45,4,1,7,1,2,0,287,430,316,18,-1,,0.06730187537810042,0.18857388316151202,,,603,448
46,46,5,1,7,1,2,1,287,430,116,18,95,14.11.2018,0.052177858439201454,0.18857388316151202,publication_date,14.11.2018,403,448
47,47,5,1,7,1,2,2,426,430,84,18,95,Bulletin,0.07078039927404718,0.18857388316151202,,,510,448
48,48,5,1,7,1,2,3,519,430,84,18,96,2018/46,0.08484573502722323,0.18857388316151202,,,603,448
49,49,2,1,8,0,0,0,225,493,402,26,-1,,0.06442831215970962,0.21735395189003437,,,627,519
50,50,3,1,8,1,0,0,225,493,402,26,-1,,0.06442831215970962,0.21735395189003437,,,627,519
51,51,4,1,8,1,1,0,225,493,402,26,-1,,0.06442831215970962,0.21735395189003437,,,627,519
52,52,5,1,8,1,1,1,225,493,45,26,95,(21),0.037431941923774956,0.21735395189003437,,,270,519
53,53,5,1,8,1,1,2,285,495,115,23,96,Application,0.051799758015728975,0.21756872852233677,,,400,518
54,54,5,1,8,1,1,3,410,495,83,18,93,number:,0.06828493647912885,0.21649484536082475,,,493,513
55,55,5,1,8,1,1,4,505,495,122,18,92,18181099.5,0.08560193587416817,0.21649484536082475,application_number,18181099.5,627,513
56,56,2,1,9,0,0,0,225,559,325,26,-1,,0.05860556563823351,0.24570446735395188,,,550,585
57,57,3,1,9,1,0,0,225,559,325,26,-1,,0.05860556563823351,0.24570446735395188,,,550,585
58,58,4,1,9,1,1,0,225,559,325,26,-1,,0.05860556563823351,0.24570446735395188,,,550,585
59,59,5,1,9,1,1,1,225,559,45,26,96,(22),0.037431941923774956,0.24570446735395188,,,270,585
60,60,5,1,9,1,1,2,286,561,48,18,96,Date,0.04688445251058681,0.24484536082474226,,,334,579
61,61,5,1,9,1,1,3,342,566,12,13,96,of,0.05263157894736842,0.24591924398625428,,,354,579
62,62,5,1,9,1,1,4,355,561,67,23,96,filing:,0.058756805807622506,0.24591924398625428,,,422,584
63,63,5,1,9,1,1,5,432,561,118,18,96,04.12.2015,0.07425892316999395,0.24484536082474226,filing_date,04.12.2015,550,579
64,64,2,1,10,0,0,0,577,319,537,26,-1,,0.1278735632183908,0.14261168384879724,,,1114,345
65,65,3,1,10,1,0,0,577,319,537,26,-1,,0.1278735632183908,0.14261168384879724,,,1114,345
66,66,4,1,10,1,1,0,577,319,537,26,-1,,0.1278735632183908,0.14261168384879724,,,1114,345
67,67,5,1,10,1,1,1,577,319,156,26,95,EUROPEAN,0.09906231094978826,0.14261168384879724,,,733,345
68,68,5,1,10,1,1,2,735,320,135,24,95,PATENT,0.12137023593466424,0.14261168384879724,,,870,344
69,69,5,1,10,1,1,3,873,319,241,26,96,APPLICATION,0.1502571082879613,0.14261168384879724,,,1114,345
70,70,2,1,11,0,0,0,862,245,598,262,-1,,0.17558983666061706,0.16151202749140894,,,1460,507
71,71,3,1,11,1,0,0,862,245,598,262,-1,,0.17558983666061706,0.16151202749140894,,,1460,507
72,72,4,1,11,1,1,0,1002,245,458,38,-1,,0.18617664851784635,0.1134020618556701,,,1460,283
73,73,5,1,11,1,1,1,1002,256,44,27,74,(11),0.15486993345432548,0.11576460481099657,,,1046,283
74,74,5,1,11,1,1,2,1146,245,52,32,96,EP,0.17725347852389595,0.11211340206185567,number,EP,1198,277
75,75,5,1,11,1,1,3,1214,245,20,32,95,3,0.1851179673321234,0.11211340206185567,number,3,1234,277
76,76,5,1,11,1,1,4,1248,245,69,32,94,402,0.1939655172413793,0.11211340206185567,number,402,1317,277
77,77,5,1,11,1,1,5,1333,245,67,32,90,175,0.20666969147005446,0.11211340206185567,number,175,1400,277
78,78,5,1,11,1,1,6,1413,245,47,32,86,A1,0.21725650332728372,0.11211340206185567,number,A1,1460,277
79,79,4,1,11,1,2,0,862,395,126,26,-1,,0.13989715668481548,0.17525773195876287,,,988,421
80,80,5,1,11,1,2,1,862,395,44,26,93,(51),0.1336963097398669,0.17525773195876287,,,906,421
81,81,5,1,11,1,2,2,923,397,25,18,93,Int,0.1414851784633999,0.17439862542955326,,,948,415
82,82,5,1,11,1,2,3,955,397,33,18,78,Cl:,0.14692982456140352,0.17439862542955326,,,988,415
83,83,4,1,11,1,3,0,922,425,482,21,-1,,0.17589231699939503,0.1870704467353952,,,1404,446
84,84,5,1,11,1,3,1,922,428,63,18,91,HO4M,0.1442075015124017,0.1877147766323024,class_international,H04M,985,446
85,85,5,1,11,1,3,2,994,428,57,18,93,11725,0.15464307320024198,0.1877147766323024,class_international,1/725,1051,446
86,86,5,1,11,1,3,3,1057,425,67,16,74,(2006.07),0.16492740471869327,0.18599656357388317,,,1124,441
87,87,5,1,11,1,3,4,1194,428,60,18,56,GO6F,0.1851179673321234,0.1877147766323024,,,1254,446
88,88,5,1,11,1,3,5,1260,428,72,18,87,310488,0.19600725952813067,0.1877147766323024,,,1332,446
89,89,5,1,11,1,3,6,1337,425,67,16,84,(2013.01),0.2072746521476104,0.18599656357388317,,,1404,441
90,90,4,1,11,1,4,0,922,455,482,21,-1,,0.17589231699939503,0.19995704467353953,,,1404,476
91,91,5,1,11,1,4,1,922,458,61,18,61,HOAN,0.1440562613430127,0.20060137457044674,,,983,476
92,92,5,1,11,1,4,2,990,458,59,18,91,51232,0.154189352692075,0.20060137457044674,,,1049,476
93,93,5,1,11,1,4,3,1054,455,67,16,79,(2096.01),0.16447368421052633,0.19888316151202748,,,1121,471
94,94,5,1,11,1,4,4,1194,458,60,18,36,GOGF,0.1851179673321234,0.20060137457044674,,,1254,476
95,95,5,1,11,1,4,5,1260,458,72,18,89,310484,0.19600725952813067,0.20060137457044674,,,1332,476
96,96,5,1,11,1,4,6,1337,455,67,16,79,(2013.01),0.2072746521476104,0.19888316151202748,,,1404,471
97,97,4,1,11,1,5,0,923,486,196,21,-1,,0.1544162129461585,0.21327319587628865,,,1119,507
98,98,5,1,11,1,5,1,923,488,60,19,46,GOGF,0.1441318814277072,0.21370274914089346,,,983,507
99,99,5,1,11,1,5,2,991,488,57,19,92,17/30,0.154189352692075,0.21370274914089346,,,1048,507
100,100,5,1,11,1,5,3,1052,486,67,15,83,(2006.00),0.16417120387174833,0.21198453608247422,,,1119,501
101,101,2,1,12,0,0,0,224,614,1243,2,-1,,0.1278735632183908,0.26417525773195877,,,1467,616
102,102,3,1,12,1,0,0,224,614,1243,2,-1,,0.1278735632183908,0.26417525773195877,,,1467,616
103,103,4,1,12,1,1,0,224,614,1243,2,-1,,0.1278735632183908,0.26417525773195877,,,1467,616
104,104,5,1,12,1,1,1,224,614,1243,2,95, ,0.1278735632183908,0.26417525773195877,,,1467,616
105,105,2,1,13,0,0,0,225,631,599,119,-1,,0.07932546884452511,0.296606529209622,,,824,750
106,106,3,1,13,1,0,0,225,631,599,119,-1,,0.07932546884452511,0.296606529209622,,,824,750
107,107,4,1,13,1,1,0,225,631,388,27,-1,,0.0633696309739867,0.2768470790378007,,,613,658
108,108,5,1,13,1,1,1,225,631,45,27,96,(84),0.037431941923774956,0.2768470790378007,,,270,658
109,109,5,1,13,1,1,2,286,633,118,23,96,Designated,0.052177858439201454,0.2768470790378007,,,404,656
110,110,5,1,13,1,1,3,413,633,119,23,96,Contracting,0.07146098003629764,0.2768470790378007,,,532,656
111,111,5,1,13,1,1,4,542,633,71,19,96,States:,0.08734119782214156,0.2759879725085911,,,613,652
112,112,4,1,13,1,2,0,285,666,537,18,-1,,0.08371143375680581,0.28994845360824745,,,822,684
113,113,5,1,13,1,2,1,285,666,31,18,94,AL,0.04544767090139141,0.28994845360824745,,,316,684
114,114,5,1,13,1,2,2,323,666,31,18,94,AT,0.05119479733817302,0.28994845360824745,,,354,684
115,115,5,1,13,1,2,3,363,666,30,18,96,BE,0.05716878402903811,0.28994845360824745,,,393,684
116,116,5,1,13,1,2,4,403,666,32,18,96,BG,0.0633696309739867,0.28994845360824745,,,435,684
117,117,5,1,13,1,2,5,445,666,31,18,96,CH,0.06964609800362977,0.28994845360824745,,,476,684
118,118,5,1,13,1,2,6,486,666,32,18,95,CY,0.07592256503327284,0.28994845360824745,,,518,684
119,119,5,1,13,1,2,7,526,666,30,18,93,CZ,0.08182093163944344,0.28994845360824745,,,556,684
120,120,5,1,13,1,2,8,565,666,30,18,93,DE,0.08771929824561403,0.28994845360824745,,,595,684
121,121,5,1,13,1,2,9,605,666,32,18,95,DK,0.09392014519056262,0.28994845360824745,,,637,684
122,122,5,1,13,1,2,10,646,666,29,18,95,EE,0.0998941318814277,0.28994845360824745,,,675,684
123,123,5,1,13,1,2,11,684,666,29,18,93,ES,0.10564125831820932,0.28994845360824745,,,713,684
124,124,5,1,13,1,2,12,723,666,57,18,90,FIFR,0.11365698729582577,0.28994845360824745,,,780,684
125,125,5,1,13,1,2,13,788,666,34,18,95,GB,0.12174833635813673,0.28994845360824745,,,822,684
126,126,4,1,13,1,3,0,285,699,539,18,-1,,0.0838626739261948,0.30412371134020616,,,824,717
127,127,5,1,13,1,3,1,285,699,297,18,83,GRHRHUIEISITLILTLU,0.06556261343012704,0.30412371134020616,,,582,717
128,128,5,1,13,1,3,2,591,699,28,18,85,LV,0.09150030248033877,0.30412371134020616,,,619,717
129,129,5,1,13,1,3,3,627,699,35,18,85,MC,0.09747428917120388,0.30412371134020616,,,662,717
130,130,5,1,13,1,3,4,670,699,35,18,94,MK,0.10397761645493044,0.30412371134020616,,,705,717
131,131,5,1,13,1,3,5,713,699,32,18,91,MT,0.11025408348457351,0.30412371134020616,,,745,717
132,132,5,1,13,1,3,6,753,699,29,18,49,NL,0.11607683000604961,0.30412371134020616,,,782,717
133,133,5,1,13,1,3,7,791,699,33,18,49,NO,0.1221264367816092,0.30412371134020616,,,824,717
134,134,4,1,13,1,4,0,286,732,336,18,-1,,0.06866303690260134,0.31829896907216493,,,622,750
135,135,5,1,13,1,4,1,286,732,28,18,93,PL,0.045372050816696916,0.31829896907216493,,,314,750
136,136,5,1,13,1,4,2,323,732,29,18,92,PT,0.05104355716878403,0.31829896907216493,,,352,750
137,137,5,1,13,1,4,3,360,732,58,18,92,RORS,0.058832425892317,0.31829896907216493,,,418,750
138,138,5,1,13,1,4,4,420,732,52,18,92,SE,0.06745311554748941,0.31829896907216493,,,472,750
139,139,5,1,13,1,4,5,480,732,20,18,95,SI,0.07410768300060495,0.31829896907216493,,,500,750
140,140,5,1,13,1,4,6,510,732,31,18,93,SK,0.0794767090139141,0.31829896907216493,,,541,750
141,141,5,1,13,1,4,7,550,732,72,18,90,SMTR,0.08862673926194797,0.31829896907216493,,,622,750
142,142,2,1,14,0,0,0,225,795,479,27,-1,,0.07025105868118572,0.3472938144329897,,,704,822
143,143,3,1,14,1,0,0,225,795,479,27,-1,,0.07025105868118572,0.3472938144329897,,,704,822
144,144,4,1,14,1,1,0,225,795,479,27,-1,,0.07025105868118572,0.3472938144329897,,,704,822
145,145,5,1,14,1,1,1,225,795,45,27,96,(30),0.037431941923774956,0.3472938144329897,,,270,822
146,146,5,1,14,1,1,2,286,797,77,23,92,Priority:,0.04907743496672716,0.3472938144329897,,,363,820
147,147,5,1,14,1,1,3,383,797,118,19,92,28.07.2015,0.06684815486993345,0.34643470790378006,priority_date_eu,28.07.2015,501,816
148,148,5,1,14,1,1,4,520,797,32,19,94,KR,0.08106473079249849,0.34643470790378006,,,552,816
149,149,5,1,14,1,1,5,560,797,144,19,94,20150106340,0.0955837870538415,0.34643470790378006,,,704,816
150,150,2,1,15,0,0,0,225,861,596,86,-1,,0.07909860859044163,0.38831615120274915,,,821,947
151,151,3,1,15,1,0,0,225,861,596,86,-1,,0.07909860859044163,0.38831615120274915,,,821,947
152,152,4,1,15,1,1,0,225,861,596,26,-1,,0.07909860859044163,0.3754295532646048,,,821,887
153,153,5,1,15,1,1,1,225,861,45,26,96,(62),0.037431941923774956,0.3754295532646048,,,270,887
154,154,5,1,15,1,1,2,286,863,107,18,96,Document,0.05134603750756201,0.3745704467353952,,,393,881
155,155,5,1,15,1,1,3,402,863,105,23,96,number(s),0.06873865698729582,0.3756443298969072,,,507,886
156,156,5,1,15,1,1,4,516,863,20,18,96,of,0.07955232909860858,0.3745704467353952,,,536,881
157,157,5,1,15,1,1,5,542,863,32,18,96,the,0.08439201451905626,0.3745704467353952,,,574,881
158,158,5,1,15,1,1,6,583,863,65,18,96,earlier,0.09308832425892317,0.3745704467353952,,,648,881
159,159,5,1,15,1,1,7,655,863,140,23,94,application(s),0.10964912280701754,0.3756443298969072,,,795,886
160,160,5,1,15,1,1,8,805,863,16,18,96,in,0.12295825771324864,0.3745704467353952,,,821,881
161,161,4,1,15,1,2,0,286,895,308,19,-1,,0.06654567453115548,0.38853092783505155,,,594,914
162,162,5,1,15,1,2,1,286,895,109,19,96,accordance,0.051497277676950996,0.38853092783505155,,,395,914
163,163,5,1,15,1,2,2,395,895,60,19,96,with,0.06427707199032062,0.38853092783505155,,,455,914
164,164,5,1,15,1,2,3,464,895,35,19,96,Art.,0.07282214156079855,0.38853092783505155,,,499,914
165,165,5,1,15,1,2,4,508,895,25,19,96,76,0.07872050816696914,0.38853092783505155,,,533,914
166,166,5,1,15,1,2,5,542,895,52,19,96,EPC:,0.08590441621294616,0.38853092783505155,,,594,914
167,167,4,1,15,1,3,0,286,929,250,18,-1,,0.06215970961887477,0.4029209621993127,,,536,947
168,168,5,1,15,1,3,1,286,929,125,18,62,15003454.4,0.05270719903206292,0.4029209621993127,,,411,947
169,169,5,1,15,1,3,2,417,929,7,18,62,/,0.06359649122807018,0.4029209621993127,,,424,947
170,170,5,1,15,1,3,3,432,929,11,18,92,3,0.066167574107683,0.4029209621993127,,,443,947
171,171,5,1,15,1,3,4,452,929,37,18,92,125,0.07115849969751967,0.4029209621993127,,,489,947
172,172,5,1,15,1,3,5,498,929,38,18,95,510,0.07819116757410768,0.4029209621993127,,,536,947
173,173,2,1,16,0,0,0,225,992,386,90,-1,,0.06321839080459771,0.44544673539518903,,,611,1082
174,174,3,1,16,1,0,0,225,992,386,90,-1,,0.06321839080459771,0.44544673539518903,,,611,1082
175,175,4,1,16,1,1,0,225,992,386,26,-1,,0.06321839080459771,0.43170103092783507,,,611,1018
176,176,5,1,16,1,1,1,225,992,45,26,96,(71),0.037431941923774956,0.43170103092783507,,,270,1018
177,177,5,1,16,1,1,2,285,994,103,23,96,Applicant:,0.05089231699939504,0.4319158075601375,,,388,1017
178,178,5,1,16,1,1,3,397,994,30,18,96,LG,0.062310949788263764,0.43084192439862545,applicant_line_1,LG,427,1012
179,179,5,1,16,1,1,4,438,994,113,18,94,Electronics,0.07478826376285541,0.43084192439862545,applicant_line_1,Electronics,551,1012
180,180,5,1,16,1,1,5,552,994,59,18,95,Inc.,0.08794615849969752,0.43084192439862545,applicant_line_1,Inc.,611,1012
181,181,4,1,16,1,2,0,285,1027,208,23,-1,,0.058832425892317,0.44609106529209624,,,493,1050
182,182,5,1,16,1,2,1,285,1027,208,23,90,Yeongdeungpo-gu,0.058832425892317,0.44609106529209624,,,493,1050
183,183,4,1,16,1,3,0,286,1059,199,23,-1,,0.058303085299455534,0.45983676975945015,,,485,1082
184,184,5,1,16,1,3,1,286,1059,69,22,96,"Seoul,",0.0484724742891712,0.45962199312714774,,,355,1081
185,185,5,1,16,1,3,2,364,1059,64,19,96,07336,0.05989110707803993,0.45897766323024053,,,428,1078
186,186,5,1,16,1,3,3,437,1059,48,23,96,(KR),0.06972171808832425,0.45983676975945015,,,485,1082
187,187,2,1,17,0,0,0,845,614,2,566,-1,,0.1279491833030853,0.3853092783505155,,,847,1180
188,188,3,1,17,1,0,0,845,614,2,566,-1,,0.1279491833030853,0.3853092783505155,,,847,1180
189,189,4,1,17,1,1,0,845,614,2,566,-1,,0.1279491833030853,0.3853092783505155,,,847,1180
190,190,5,1,17,1,1,1,845,614,2,566,95, ,0.1279491833030853,0.3853092783505155,,,847,1180
191,191,2,1,18,0,0,0,862,631,253,157,-1,,0.14950090744101632,0.30476804123711343,,,1115,788
192,192,3,1,18,1,0,0,862,631,253,157,-1,,0.14950090744101632,0.30476804123711343,,,1115,788
193,193,4,1,18,1,1,0,862,631,162,27,-1,,0.1426194797338173,0.2768470790378007,,,1024,658
194,194,5,1,18,1,1,1,862,631,44,27,94,(72),0.1336963097398669,0.2768470790378007,,,906,658
195,195,5,1,18,1,1,2,923,633,101,19,94,Inventors:,0.1472323049001815,0.2759879725085911,,,1024,652
196,196,4,1,18,1,2,0,898,666,183,22,-1,,0.14965214761040532,0.29080756013745707,,,1081,688
197,197,5,1,18,1,2,1,898,671,7,8,38,¬´,0.13634301270417423,0.28994845360824745,,,905,679
198,198,5,1,18,1,2,2,923,666,72,18,92,"KWON,",0.14503932244404114,0.28994845360824745,inventor_line_1,"KWON,",995,684
199,199,5,1,18,1,2,3,998,666,83,22,90,Yunmi,0.1572141560798548,0.29080756013745707,inventor_line_1,Yunmi,1081,688
200,200,4,1,18,1,3,0,922,699,193,23,-1,,0.15403811252268604,0.30519759450171824,,,1115,722
201,201,5,1,18,1,3,1,922,699,64,18,96,06772,0.1442831215970962,0.30412371134020616,,,986,717
202,202,5,1,18,1,3,2,995,699,63,18,96,Seoul,0.15524803387779795,0.30412371134020616,,,1058,717
203,203,5,1,18,1,3,3,1067,699,48,23,96,(KR),0.16500302480338777,0.30519759450171824,,,1115,722
204,204,4,1,18,1,4,0,898,732,155,22,-1,,0.14753478523895946,0.31915807560137455,,,1053,754
205,205,5,1,18,1,4,1,898,737,7,8,46,+,0.13634301270417423,0.31829896907216493,,,905,745
206,206,5,1,18,1,4,2,923,732,44,22,93,"Lee,",0.14292196007259528,0.31915807560137455,,,967,754
207,207,5,1,18,1,4,3,977,732,76,18,92,Kiseon,0.15350877192982457,0.31829896907216493,,,1053,750
208,208,4,1,18,1,5,0,922,765,193,23,-1,,0.15403811252268604,0.3335481099656357,,,1115,788
209,209,5,1,18,1,5,1,922,765,64,18,96,06772,0.1442831215970962,0.3324742268041237,,,986,783
210,210,5,1,18,1,5,2,995,765,63,18,96,Seoul,0.15524803387779795,0.3324742268041237,,,1058,783
211,211,5,1,18,1,5,3,1067,765,48,23,96,(KR),0.16500302480338777,0.3335481099656357,,,1115,788
212,212,2,1,19,0,0,0,862,828,407,156,-1,,0.16114640048396855,0.38917525773195877,,,1269,984
213,213,3,1,19,1,0,0,862,828,407,156,-1,,0.16114640048396855,0.38917525773195877,,,1269,984
214,214,4,1,19,1,1,0,862,828,407,26,-1,,0.16114640048396855,0.36125429553264604,,,1269,854
215,215,5,1,19,1,1,1,862,828,44,26,96,(74),0.1336963097398669,0.36125429553264604,,,906,854
216,216,5,1,19,1,1,2,923,830,163,23,96,Representative:,0.15192075015124018,0.36146907216494845,,,1086,853
217,217,5,1,19,1,1,3,1096,830,70,23,96,"Beyer,",0.17105263157894737,0.36146907216494845,representative_line_1_eu,"Beyer,",1166,853
218,218,5,1,19,1,1,4,1175,830,94,18,96,Andreas,0.18481548699334543,0.3603951890034364,representative_line_1_eu,Andreas,1269,848
219,219,4,1,19,1,2,0,921,863,264,18,-1,,0.15925589836660617,0.3745704467353952,,,1185,881
220,220,5,1,19,1,2,1,921,863,117,18,92,Wuesthoff,0.14813974591651544,0.3745704467353952,,,1038,881
221,221,5,1,19,1,2,2,1045,863,16,18,92,&,0.15925589836660617,0.3745704467353952,,,1061,881
222,222,5,1,19,1,2,3,1068,863,117,18,96,Wuesthoff,0.1703720508166969,0.3745704467353952,,,1185,881
223,223,4,1,19,1,3,0,923,895,289,19,-1,,0.16144888082274653,0.38853092783505155,,,1212,914
224,224,5,1,19,1,3,1,923,895,158,19,92,Patentanwalte,0.1515426497277677,0.38853092783505155,,,1081,914
225,225,5,1,19,1,3,2,1090,895,62,19,92,PartG,0.16954022988505746,0.38853092783505155,,,1152,914
226,226,5,1,19,1,3,3,1161,895,51,19,91,mbB,0.1794464609800363,0.38853092783505155,,,1212,914
227,227,4,1,19,1,4,0,922,929,221,23,-1,,0.15615547489413187,0.40399484536082475,,,1143,952
228,228,5,1,19,1,4,1,922,929,201,23,92,Schweigerstrasse,0.15464307320024198,0.40399484536082475,,,1123,952
229,229,5,1,19,1,4,2,1131,929,12,18,96,2,0.17196007259528132,0.4029209621993127,,,1143,947
230,230,4,1,19,1,5,0,922,961,231,23,-1,,0.15691167574107684,0.4177405498281787,,,1153,984
231,231,5,1,19,1,5,1,922,961,62,19,93,81541,0.1441318814277072,0.4168814432989691,,,984,980
232,232,5,1,19,1,5,2,996,961,101,19,73,Miinchen,0.15827283726557773,0.4168814432989691,,,1097,980
233,233,5,1,19,1,5,3,1107,961,46,23,96,(DE),0.17090139140955837,0.4177405498281787,,,1153,984
234,234,2,1,20,0,0,0,862,1027,99,18,-1,,0.13785541439806412,0.44501718213058417,,,961,1045
235,235,3,1,20,1,0,0,862,1027,99,18,-1,,0.13785541439806412,0.44501718213058417,,,961,1045
236,236,4,1,20,1,1,0,862,1027,99,18,-1,,0.13785541439806412,0.44501718213058417,,,961,1045
237,237,5,1,20,1,1,1,862,1027,99,18,96,Remarks:,0.13785541439806412,0.44501718213058417,,,961,1045
238,238,2,1,21,0,0,0,922,1059,522,85,-1,,0.17891712038717483,0.4731529209621993,,,1444,1144
239,239,3,1,21,1,0,0,922,1059,522,85,-1,,0.17891712038717483,0.4731529209621993,,,1444,1144
240,240,4,1,21,1,1,0,922,1059,477,23,-1,,0.17551421657592256,0.45983676975945015,,,1399,1082
241,241,5,1,21,1,1,1,922,1059,43,19,96,This,0.1426950998185118,0.45897766323024053,,,965,1078
242,242,5,1,21,1,1,2,974,1059,111,23,96,application,0.15570175438596492,0.45983676975945015,,,1085,1082
243,243,5,1,21,1,1,3,1093,1064,42,14,96,was,0.16848154869933454,0.46005154639175255,,,1135,1078
244,244,5,1,21,1,1,4,1142,1059,43,19,96,filed,0.17596793708408953,0.45897766323024053,,,1185,1078
245,245,5,1,21,1,1,5,1193,1064,25,14,96,on,0.1823200241984271,0.46005154639175255,,,1218,1078
246,246,5,1,21,1,1,6,1227,1059,120,19,96,02-07-2018,0.19464609800362975,0.45897766323024053,,,1347,1078
247,247,5,1,21,1,1,7,1356,1064,23,14,96,as,0.20682093163944343,0.46005154639175255,,,1379,1078
248,248,5,1,21,1,1,8,1388,1064,11,14,96,a,0.21075317604355717,0.46005154639175255,,,1399,1078
249,249,4,1,21,1,2,0,922,1092,522,23,-1,,0.17891712038717483,0.4740120274914089,,,1444,1115
250,250,5,1,21,1,2,1,922,1092,96,18,96,divisional,0.14670296430732002,0.4729381443298969,,,1018,1110
251,251,5,1,21,1,2,2,1027,1092,111,23,96,application,0.16371748336358136,0.4740120274914089,,,1138,1115
252,252,5,1,21,1,2,3,1147,1093,19,17,96,to,0.17490925589836662,0.4731529209621993,,,1166,1110
253,253,5,1,21,1,2,4,1174,1092,31,18,96,the,0.17990018148820328,0.4729381443298969,,,1205,1110
254,254,5,1,21,1,2,5,1214,1092,112,23,96,application,0.19207501512401695,0.4740120274914089,,,1326,1115
255,255,5,1,21,1,2,6,1336,1092,108,18,96,mentioned,0.2102238354506957,0.4729381443298969,,,1444,1110
256,256,4,1,21,1,3,0,923,1125,209,19,-1,,0.15539927404718692,0.48732817869415807,,,1132,1144
257,257,5,1,21,1,3,1,923,1125,59,19,93,under,0.1440562613430127,0.48732817869415807,,,982,1144
258,258,5,1,21,1,3,2,991,1125,45,19,92,INID,0.15328191167574107,0.48732817869415807,,,1036,1144
259,259,5,1,21,1,3,3,1044,1125,50,19,96,code,0.16167574107683,0.48732817869415807,,,1094,1144
260,260,5,1,21,1,3,4,1103,1125,29,19,96,62.,0.16901088929219601,0.48732817869415807,,,1132,1144
261,261,2,1,22,0,0,0,224,1178,1243,2,-1,,0.1278735632183908,0.5064432989690721,,,1467,1180
262,262,3,1,22,1,0,0,224,1178,1243,2,-1,,0.1278735632183908,0.5064432989690721,,,1467,1180
263,263,4,1,22,1,1,0,224,1178,1243,2,-1,,0.1278735632183908,0.5064432989690721,,,1467,1180
264,264,5,1,22,1,1,1,224,1178,1243,2,95, ,0.1278735632183908,0.5064432989690721,,,1467,1180
265,265,2,1,23,0,0,0,225,1198,45,26,-1,,0.037431941923774956,0.5201890034364262,,,270,1224
266,266,3,1,23,1,0,0,225,1198,45,26,-1,,0.037431941923774956,0.5201890034364262,,,270,1224
267,267,4,1,23,1,1,0,225,1198,45,26,-1,,0.037431941923774956,0.5201890034364262,,,270,1224
268,268,5,1,23,1,1,1,225,1198,45,26,96,(54),0.037431941923774956,0.5201890034364262,,,270,1224
269,269,2,1,24,0,0,0,225,1272,583,451,-1,,0.07811554748941318,0.6432560137457045,,,808,1723
270,270,3,1,24,1,0,0,225,1272,583,451,-1,,0.07811554748941318,0.6432560137457045,,,808,1723
271,271,4,1,24,1,1,0,225,1272,583,26,-1,,0.07811554748941318,0.5519759450171822,,,808,1298
272,272,5,1,24,1,1,1,225,1272,45,26,90,(57),0.037431941923774956,0.5519759450171822,,,270,1298
273,273,5,1,24,1,1,2,0,0,1653,2328,30,‚Äî,0.125,0.5,,,1653,2328
274,274,5,1,24,1,1,3,315,1274,16,18,92,A,0.04885057471264368,0.5511168384879725,,,331,1292
275,275,5,1,24,1,1,4,342,1274,67,18,92,mobile,0.05679068360556564,0.5511168384879725,,,409,1292
276,276,5,1,24,1,1,5,420,1274,84,18,96,terminal,0.06987295825771325,0.5511168384879725,,,504,1292
277,277,5,1,24,1,1,6,515,1274,59,23,96,"(100),",0.0823502722323049,0.5521907216494846,,,574,1297
278,278,5,1,24,1,1,7,587,1274,113,23,96,comprising,0.09732304900181488,0.5521907216494846,,,700,1297
279,279,5,1,24,1,1,8,711,1278,12,14,96,a,0.10843920145190562,0.5519759450171822,,,723,1292
280,280,5,1,24,1,1,9,734,1274,74,23,96,display,0.11660617059891107,0.5521907216494846,,,808,1297
281,281,4,1,24,1,2,0,226,1306,581,23,-1,,0.07811554748941318,0.5659364261168385,,,807,1329
282,282,5,1,24,1,2,1,226,1306,37,19,96,unit,0.036978221415607984,0.5650773195876289,,,263,1325
283,283,5,1,24,1,2,2,271,1306,59,23,96,"(151),",0.04544767090139141,0.5659364261168385,,,330,1329
284,284,5,1,24,1,2,3,340,1311,11,14,96,a,0.052253478523895946,0.5661512027491409,,,351,1325
285,285,5,1,24,1,2,4,360,1311,78,14,96,camera,0.0603448275862069,0.5661512027491409,,,438,1325
286,286,5,1,24,1,2,5,447,1306,53,23,96,(121),0.07161222020568662,0.5659364261168385,,,500,1329
287,287,5,1,24,1,2,6,510,1306,109,23,96,configured,0.0853750756200847,0.5659364261168385,,,619,1329
288,288,5,1,24,1,2,7,628,1307,19,18,96,to,0.09641560798548095,0.5652920962199313,,,647,1325
289,289,5,1,24,1,2,8,656,1307,77,22,96,capture,0.10503629764065336,0.5661512027491409,,,733,1329
290,290,5,1,24,1,2,9,742,1311,24,14,91,an,0.11403508771929824,0.5661512027491409,,,766,1325
291,291,5,1,24,1,2,10,776,1306,31,19,91,im-,0.11970659407138536,0.5650773195876289,,,807,1325
292,292,4,1,24,1,3,0,225,1339,582,23,-1,,0.0780399274047187,0.5801116838487973,,,807,1362
293,293,5,1,24,1,3,1,225,1344,44,18,96,"age,",0.03735632183908046,0.5811855670103093,,,269,1362
294,294,5,1,24,1,3,2,278,1344,12,13,96,a,0.04295220810647308,0.5801116838487973,,,290,1357
295,295,5,1,24,1,3,3,299,1339,85,18,96,wireless,0.05164851784633999,0.5790378006872853,,,384,1357
296,296,5,1,24,1,3,4,394,1339,157,18,95,communication,0.07146098003629764,0.5790378006872853,,,551,1357
297,297,5,1,24,1,3,5,562,1339,37,18,96,unit,0.08779491833030853,0.5790378006872853,,,599,1357
298,298,5,1,24,1,3,6,607,1339,54,23,96,(110),0.09588626739261948,0.5801116838487973,,,661,1362
299,299,5,1,24,1,3,7,670,1339,109,23,96,configured,0.10957350272232305,0.5801116838487973,,,779,1362
300,300,5,1,24,1,3,8,788,1340,19,17,96,to,0.1206140350877193,0.5792525773195877,,,807,1357
301,301,4,1,24,1,4,0,225,1372,581,23,-1,,0.0779643073200242,0.594286941580756,,,806,1395
302,302,5,1,24,1,4,1,225,1372,62,19,96,obtain,0.03871748336358137,0.5934278350515464,,,287,1391
303,303,5,1,24,1,4,2,298,1372,79,19,96,location,0.05104355716878403,0.5934278350515464,,,377,1391
304,304,5,1,24,1,4,3,387,1372,115,19,96,information,0.06722625529340592,0.5934278350515464,,,502,1391
305,305,5,1,24,1,4,4,512,1372,149,23,96,corresponding,0.08870235934664247,0.594286941580756,,,661,1395
306,306,5,1,24,1,4,5,670,1373,18,18,96,to,0.10269207501512402,0.5936426116838488,,,688,1391
307,307,5,1,24,1,4,6,697,1372,31,19,96,the,0.10775862068965517,0.5934278350515464,,,728,1391
308,308,5,1,24,1,4,7,738,1372,68,23,96,"image,",0.11675741076830005,0.594286941580756,,,806,1395
309,309,4,1,24,1,5,0,225,1405,583,23,-1,,0.07811554748941318,0.6084621993127147,,,808,1428
310,310,5,1,24,1,5,1,225,1410,11,13,91,a,0.034860859044162126,0.6084621993127147,,,236,1423
311,311,5,1,24,1,5,2,249,1410,83,18,91,memory,0.043935269207501515,0.6095360824742269,,,332,1428
312,312,5,1,24,1,5,3,344,1405,53,23,96,(170),0.05603448275862069,0.6084621993127147,,,397,1428
313,313,5,1,24,1,5,4,409,1405,109,23,96,configured,0.07009981851179674,0.6084621993127147,,,518,1428
314,314,5,1,24,1,5,5,529,1406,19,17,96,to,0.08144283121597096,0.6076030927835051,,,548,1423
315,315,5,1,24,1,5,6,559,1406,52,17,96,store,0.08847549909255899,0.6076030927835051,,,611,1423
316,316,5,1,24,1,5,7,622,1405,32,18,96,the,0.09649122807017543,0.6073883161512027,,,654,1423
317,317,5,1,24,1,5,8,666,1405,62,23,96,image,0.10541439806412584,0.6084621993127147,,,728,1428
318,318,5,1,24,1,5,9,740,1405,37,18,95,and,0.1147156684815487,0.6073883161512027,,,777,1423
319,319,5,1,24,1,5,10,789,1406,19,17,95,at,0.12076527525710828,0.6076030927835051,,,808,1423
320,320,4,1,24,1,6,0,226,1438,581,21,-1,,0.07811554748941318,0.6222079037800687,,,807,1459
321,321,5,1,24,1,6,1,226,1438,49,18,96,least,0.03788566243194193,0.6215635738831615,,,275,1456
322,322,5,1,24,1,6,2,280,1442,39,14,96,one,0.04529643073200242,0.6224226804123711,,,319,1456
323,323,5,1,24,1,6,3,325,1442,12,14,96,of,0.050060496067755596,0.6224226804123711,,,337,1456
324,324,5,1,24,1,6,4,338,1438,45,18,96,the,0.05452208106473079,0.6215635738831615,,,383,1456
325,325,5,1,24,1,6,5,390,1438,79,18,96,location,0.06495765275257108,0.6215635738831615,,,469,1456
326,326,5,1,24,1,6,6,478,1438,121,21,96,"information,",0.08144283121597096,0.6222079037800687,,,599,1459
327,327,5,1,24,1,6,7,607,1442,11,14,94,a,0.0926346037507562,0.6224226804123711,,,618,1456
328,328,5,1,24,1,6,8,625,1438,45,18,94,date,0.09792800967937085,0.6215635738831615,,,670,1456
329,329,5,1,24,1,6,9,677,1442,24,14,96,on,0.10420447670901391,0.6224226804123711,,,701,1456
330,330,5,1,24,1,6,10,708,1438,60,18,96,which,0.11161524500907441,0.6215635738831615,,,768,1456
331,331,5,1,24,1,6,11,775,1438,32,18,96,the,0.11963097398669087,0.6215635738831615,,,807,1456
332,332,4,1,24,1,7,0,226,1470,581,23,-1,,0.07811554748941318,0.6363831615120275,,,807,1493
333,333,5,1,24,1,7,1,226,1470,62,23,95,image,0.038868723532970356,0.6363831615120275,,,288,1493
334,334,5,1,24,1,7,2,297,1470,14,19,95,is,0.04597701149425287,0.6355240549828178,,,311,1489
335,335,5,1,24,1,7,3,318,1470,97,23,96,"captured,",0.05542952208106473,0.6363831615120275,,,415,1493
336,336,5,1,24,1,7,4,423,1470,38,19,95,and,0.06684815486993345,0.6355240549828178,,,461,1489
337,337,5,1,24,1,7,5,469,1475,11,14,95,a,0.07176346037507562,0.6365979381443299,,,480,1489
338,338,5,1,24,1,7,6,487,1470,44,19,96,time,0.07698124621899577,0.6355240549828178,,,531,1489
339,339,5,1,24,1,7,7,538,1471,19,18,96,at,0.08280399274047187,0.6357388316151202,,,557,1489
340,340,5,1,24,1,7,8,563,1470,59,19,97,which,0.0896098003629764,0.6355240549828178,,,622,1489
341,341,5,1,24,1,7,9,630,1470,32,19,97,the,0.09770114942528736,0.6355240549828178,,,662,1489
342,342,5,1,24,1,7,10,670,1470,49,23,96,image,0.10503629764065336,0.6363831615120275,,,719,1493
343,343,5,1,24,1,7,11,721,1470,34,19,93,is,0.11161524500907441,0.6355240549828178,,,755,1489
344,344,5,1,24,1,7,12,763,1475,44,18,92,cap-,0.11872353297035693,0.6374570446735395,,,807,1493
345,345,4,1,24,1,8,0,225,1503,582,23,-1,,0.0780399274047187,0.6505584192439863,,,807,1526
346,346,5,1,24,1,8,1,225,1503,58,21,96,"tured,",0.038415003024803385,0.6501288659793815,,,283,1524
347,347,5,1,24,1,8,2,290,1503,38,18,82,and,0.04673321234119782,0.6494845360824743,,,328,1521
348,348,5,1,24,1,8,3,334,1508,11,13,71,a,0.05134603750756201,0.6505584192439863,,,345,1521
349,349,5,1,24,1,8,4,352,1503,96,18,71,controller,0.060496067755595885,0.6494845360824743,,,448,1521
350,350,5,1,24,1,8,5,454,1503,53,23,95,(180),0.07267090139140955,0.6505584192439863,,,507,1526
351,351,5,1,24,1,8,6,513,1503,109,23,96,configured,0.08582879612825166,0.6505584192439863,,,622,1526
352,352,5,1,24,1,8,7,628,1504,19,17,96,to,0.09641560798548095,0.6496993127147767,,,647,1521
353,353,5,1,24,1,8,8,652,1503,74,23,96,display,0.10420447670901391,0.6505584192439863,,,726,1526
354,354,5,1,24,1,8,9,730,1508,12,13,95,a,0.11131276467029642,0.6505584192439863,,,742,1521
355,355,5,1,24,1,8,10,748,1508,59,18,95,group,0.1175892316999395,0.6516323024054983,,,807,1526
356,356,4,1,24,1,9,0,225,1536,582,23,-1,,0.0780399274047187,0.664733676975945,,,807,1559
357,357,5,1,24,1,9,1,225,1536,20,18,95,of,0.035541439806412584,0.663659793814433,,,245,1554
358,358,5,1,24,1,9,2,252,1536,74,23,93,images,0.04370840895341803,0.664733676975945,,,326,1559
359,359,5,1,24,1,9,3,334,1536,80,23,92,(A1-A4),0.056563823351482155,0.664733676975945,,,414,1559
360,360,5,1,24,1,9,4,424,1536,66,23,96,having,0.0691167574107683,0.664733676975945,,,490,1559
361,361,5,1,24,1,9,5,499,1540,11,14,96,a,0.07630066545674531,0.6645189003436426,,,510,1554
362,362,5,1,24,1,9,6,519,1536,94,23,96,matching,0.08560193587416817,0.664733676975945,,,613,1559
363,363,5,1,24,1,9,7,621,1540,11,14,95,at,0.09475196612220206,0.6645189003436426,,,632,1554
364,364,5,1,24,1,9,8,634,1536,63,18,95,least,0.10065033272837265,0.663659793814433,,,697,1554
365,365,5,1,24,1,9,9,704,1540,38,14,95,one,0.10934664246823957,0.6645189003436426,,,742,1554
366,366,5,1,24,1,9,10,749,1536,20,18,96,of,0.1147912885662432,0.663659793814433,,,769,1554
367,367,5,1,24,1,9,11,775,1536,32,18,96,the,0.11963097398669087,0.663659793814433,,,807,1554
368,368,4,1,24,1,10,0,226,1569,581,23,-1,,0.07811554748941318,0.6789089347079038,,,807,1592
369,369,5,1,24,1,10,1,226,1569,79,18,96,location,0.04015426497277677,0.6778350515463918,,,305,1587
370,370,5,1,24,1,10,2,315,1569,121,21,96,"information,",0.05679068360556564,0.678479381443299,,,436,1590
371,371,5,1,24,1,10,3,445,1569,33,18,97,the,0.06979733817301875,0.6778350515463918,,,478,1587
372,372,5,1,24,1,10,4,485,1569,45,18,96,date,0.07675438596491228,0.6778350515463918,,,530,1587
373,373,5,1,24,1,10,5,539,1569,38,18,96,and,0.08439201451905626,0.6778350515463918,,,577,1587
374,374,5,1,24,1,10,6,586,1569,32,18,96,the,0.0910465819721718,0.6778350515463918,,,618,1587
375,375,5,1,24,1,10,7,626,1569,49,22,96,"time,",0.0983817301875378,0.6786941580756014,,,675,1591
376,376,5,1,24,1,10,8,686,1569,15,18,96,in,0.10488505747126436,0.6778350515463918,,,701,1587
377,377,5,1,24,1,10,9,711,1574,96,18,96,response,0.1147912885662432,0.6799828178694158,,,807,1592
378,378,4,1,24,1,11,0,225,1602,583,23,-1,,0.07811554748941318,0.6930841924398625,,,808,1625
379,379,5,1,24,1,11,1,225,1602,18,18,93,to,0.03539019963702359,0.6920103092783505,,,243,1620
380,380,5,1,24,1,11,2,254,1606,12,14,93,a,0.03932244404113733,0.6928694158075601,,,266,1620
381,381,5,1,24,1,11,3,276,1602,38,18,94,first,0.044615849969751965,0.6920103092783505,,,314,1620
382,382,5,1,24,1,11,4,325,1602,108,21,96,"command,",0.057320024198427105,0.6926546391752577,,,433,1623
383,383,5,1,24,1,11,5,445,1602,38,18,96,and,0.07017543859649122,0.6920103092783505,,,483,1620
384,384,5,1,24,1,11,6,494,1602,19,18,96,to,0.07614942528735633,0.6920103092783505,,,513,1620
385,385,5,1,24,1,11,7,523,1602,73,23,96,display,0.08461887477313974,0.6930841924398625,,,596,1625
386,386,5,1,24,1,11,8,607,1606,11,14,96,a,0.0926346037507562,0.6928694158075601,,,618,1620
387,387,5,1,24,1,11,9,630,1606,78,14,95,camera,0.10117967332123412,0.6928694158075601,,,708,1620
388,388,5,1,24,1,11,10,719,1602,89,18,95,indicator,0.11547186932849365,0.6920103092783505,,,808,1620
389,389,4,1,24,1,12,0,225,1634,582,23,-1,,0.0780399274047187,0.7068298969072165,,,807,1657
390,390,5,1,24,1,12,1,225,1634,40,23,96,(13),0.03705384150030248,0.7068298969072165,,,265,1657
391,391,5,1,24,1,12,2,277,1639,25,14,95,on,0.04378402903811252,0.7070446735395189,,,302,1653
392,392,5,1,24,1,12,3,314,1639,12,14,95,a,0.04839685420447671,0.7070446735395189,,,326,1653
393,393,5,1,24,1,12,4,337,1634,79,23,96,specific,0.05694192377495463,0.7068298969072165,,,416,1657
394,394,5,1,24,1,12,5,428,1634,62,23,93,image,0.06941923774954628,0.7068298969072165,,,490,1657
395,395,5,1,24,1,12,6,503,1634,42,23,91,(A4),0.07924984875983061,0.7068298969072165,,,545,1657
396,396,5,1,24,1,12,7,557,1634,20,19,97,of,0.08575317604355717,0.7059707903780069,,,577,1653
397,397,5,1,24,1,12,8,587,1634,32,19,96,the,0.0911978221415608,0.7059707903780069,,,619,1653
398,398,5,1,24,1,12,9,630,1639,60,18,96,group,0.0998185117967332,0.7079037800687286,,,690,1657
399,399,5,1,24,1,12,10,702,1634,20,19,96,of,0.10768300060496068,0.7059707903780069,,,722,1653
400,400,5,1,24,1,12,11,733,1634,74,23,96,images,0.11645493042952208,0.7068298969072165,,,807,1657
401,401,4,1,24,1,13,0,225,1667,582,23,-1,,0.0780399274047187,0.7210051546391752,,,807,1690
402,402,5,1,24,1,13,1,225,1667,86,23,91,"(A1-A4),",0.04053236539624924,0.7210051546391752,,,311,1690
403,403,5,1,24,1,13,2,320,1667,32,18,96,the,0.050816696914700546,0.7199312714776632,,,352,1685
404,404,5,1,24,1,13,3,360,1672,65,13,96,camera,0.05936176648517846,0.7210051546391752,,,425,1685
405,405,5,1,24,1,13,4,427,1667,100,18,96,indicator,0.0721415607985481,0.7199312714776632,,,527,1685
406,406,5,1,24,1,13,5,529,1667,54,23,96,(13),0.08408953418027829,0.7210051546391752,,,583,1690
407,407,5,1,24,1,13,6,593,1667,55,23,97,being,0.09384452510586812,0.7210051546391752,,,648,1690
408,408,5,1,24,1,13,7,656,1667,28,18,96,for,0.1013309134906231,0.7199312714776632,,,684,1685
409,409,5,1,24,1,13,8,691,1667,96,23,96,capturing,0.1117664851784634,0.7210051546391752,,,787,1690
410,410,5,1,24,1,13,9,796,1672,11,13,96,a,0.12121899576527526,0.7210051546391752,,,807,1685
411,411,4,1,24,1,14,0,226,1700,580,23,-1,,0.0780399274047187,0.7351804123711341,,,806,1723
412,412,5,1,24,1,14,1,226,1704,42,14,96,new,0.03735632183908046,0.7349656357388317,,,268,1718
413,413,5,1,24,1,14,2,274,1700,48,23,95,image,0.04506957047791894,0.7351804123711341,,,322,1723
414,414,5,1,24,1,14,3,324,1700,36,18,96,to,0.05172413793103448,0.7341065292096219,,,360,1718
415,415,5,1,24,1,14,4,367,1700,24,18,96,be,0.057320024198427105,0.7341065292096219,,,391,1718
416,416,5,1,24,1,14,5,397,1700,74,18,96,included,0.06563823351482154,0.7341065292096219,,,471,1718
417,417,5,1,24,1,14,6,472,1700,34,18,96,in,0.07395644283121597,0.7341065292096219,,,506,1718
418,418,5,1,24,1,14,7,512,1700,32,18,96,the,0.07985480943738657,0.7341065292096219,,,544,1718
419,419,5,1,24,1,14,8,549,1704,60,19,96,group,0.08756805807622504,0.7360395189003437,,,609,1723
420,420,5,1,24,1,14,9,614,1700,20,18,96,of,0.09437386569872959,0.7341065292096219,,,634,1718
421,421,5,1,24,1,14,10,640,1700,74,23,92,images,0.10238959467634604,0.7351804123711341,,,714,1723
422,422,5,1,24,1,14,11,720,1700,86,23,36,(A1-A4).,0.11539624924379915,0.7351804123711341,,,806,1723
423,423,2,1,25,0,0,0,316,1198,833,21,-1,,0.11078342407743497,0.5191151202749141,,,1149,1219
424,424,3,1,25,1,0,0,316,1198,833,21,-1,,0.11078342407743497,0.5191151202749141,,,1149,1219
425,425,4,1,25,1,1,0,316,1198,833,21,-1,,0.11078342407743497,0.5191151202749141,,,1149,1219
426,426,5,1,25,1,1,1,316,1198,100,21,96,MOBILE,0.05535390199637023,0.5191151202749141,title_line_1,MOBILE,416,1219
427,427,5,1,25,1,1,2,426,1198,136,20,95,TERMINAL,0.07471264367816093,0.5189003436426117,title_line_1,TERMINAL,562,1218
428,428,5,1,25,1,1,3,570,1198,56,20,95,AND,0.09044162129461585,0.5189003436426117,title_line_1,AND,626,1218
429,429,5,1,25,1,1,4,637,1198,112,21,96,METHOD,0.10480943738656988,0.5191151202749141,title_line_1,METHOD,749,1219
430,430,5,1,25,1,1,5,758,1198,35,21,96,OF,0.11728675136116153,0.5191151202749141,title_line_1,OF,793,1219
431,431,5,1,25,1,1,6,802,1198,192,21,95,CONTROLLING,0.13581367211131276,0.5191151202749141,title_line_1,CONTROLLING,994,1219
432,432,5,1,25,1,1,7,1004,1198,145,21,96,THEREFOR,0.16281004234724744,0.5191151202749141,title_line_1,THEREFOR,1149,1219
433,433,2,1,26,0,0,0,958,1418,428,1,-1,,0.17725347852389595,0.6093213058419243,,,1386,1419
434,434,3,1,26,1,0,0,958,1418,428,1,-1,,0.17725347852389595,0.6093213058419243,,,1386,1419
435,435,4,1,26,1,1,0,958,1418,428,1,-1,,0.17725347852389595,0.6093213058419243,,,1386,1419
436,436,5,1,26,1,1,1,958,1418,428,1,95, ,0.17725347852389595,0.6093213058419243,,,1386,1419
437,437,2,1,27,0,0,0,1188,1425,2,35,-1,,0.17982456140350878,0.6196305841924399,,,1190,1460
438,438,3,1,27,1,0,0,1188,1425,2,35,-1,,0.17982456140350878,0.6196305841924399,,,1190,1460
439,439,4,1,27,1,1,0,1188,1425,2,35,-1,,0.17982456140350878,0.6196305841924399,,,1190,1460
440,440,5,1,27,1,1,1,1188,1425,2,35,95, ,0.17982456140350878,0.6196305841924399,,,1190,1460
441,441,2,1,28,0,0,0,973,1544,412,1,-1,,0.17831215970961886,0.6634450171821306,,,1385,1545
442,442,3,1,28,1,0,0,973,1544,412,1,-1,,0.17831215970961886,0.6634450171821306,,,1385,1545
443,443,4,1,28,1,1,0,973,1544,412,1,-1,,0.17831215970961886,0.6634450171821306,,,1385,1545
444,444,5,1,28,1,1,1,973,1544,412,1,95, ,0.17831215970961886,0.6634450171821306,,,1385,1545
445,445,2,1,29,0,0,0,976,1549,412,2,-1,,0.17876588021778583,0.665807560137457,,,1388,1551
446,446,3,1,29,1,0,0,976,1549,412,2,-1,,0.17876588021778583,0.665807560137457,,,1388,1551
447,447,4,1,29,1,1,0,976,1549,412,2,-1,,0.17876588021778583,0.665807560137457,,,1388,1551
448,448,5,1,29,1,1,1,976,1549,412,2,95, ,0.17876588021778583,0.665807560137457,,,1388,1551
449,449,2,1,30,0,0,0,980,1425,2,167,-1,,0.1483666061705989,0.6479810996563574,,,982,1592
450,450,3,1,30,1,0,0,980,1425,2,167,-1,,0.1483666061705989,0.6479810996563574,,,982,1592
451,451,4,1,30,1,1,0,980,1425,2,167,-1,,0.1483666061705989,0.6479810996563574,,,982,1592
452,452,5,1,30,1,1,1,980,1425,2,167,95, ,0.1483666061705989,0.6479810996563574,,,982,1592
453,453,2,1,31,0,0,0,1141,1630,34,1,-1,,0.1751361161524501,0.7003865979381443,,,1175,1631
454,454,3,1,31,1,0,0,1141,1630,34,1,-1,,0.1751361161524501,0.7003865979381443,,,1175,1631
455,455,4,1,31,1,1,0,1141,1630,34,1,-1,,0.1751361161524501,0.7003865979381443,,,1175,1631
456,456,5,1,31,1,1,1,1141,1630,34,1,95, ,0.1751361161524501,0.7003865979381443,,,1175,1631
457,457,2,1,32,0,0,0,1177,1418,2,252,-1,,0.1781609195402299,0.6632302405498282,,,1179,1670
458,458,3,1,32,1,0,0,1177,1418,2,252,-1,,0.1781609195402299,0.6632302405498282,,,1179,1670
459,459,4,1,32,1,1,0,1177,1418,2,252,-1,,0.1781609195402299,0.6632302405498282,,,1179,1670
460,460,5,1,32,1,1,1,1177,1418,2,252,95, ,0.1781609195402299,0.6632302405498282,,,1179,1670
461,461,2,1,33,0,0,0,973,1418,2,253,-1,,0.147307924984876,0.6634450171821306,,,975,1671
462,462,3,1,33,1,0,0,973,1418,2,253,-1,,0.147307924984876,0.6634450171821306,,,975,1671
463,463,4,1,33,1,1,0,973,1418,2,253,-1,,0.147307924984876,0.6634450171821306,,,975,1671
464,464,5,1,33,1,1,1,973,1418,2,253,95, ,0.147307924984876,0.6634450171821306,,,975,1671
465,465,2,1,34,0,0,0,1182,1420,1,250,-1,,0.17884150030248033,0.663659793814433,,,1183,1670
466,466,3,1,34,1,0,0,1182,1420,1,250,-1,,0.17884150030248033,0.663659793814433,,,1183,1670
467,467,4,1,34,1,1,0,1182,1420,1,250,-1,,0.17884150030248033,0.663659793814433,,,1183,1670
468,468,5,1,34,1,1,1,1182,1420,1,250,95, ,0.17884150030248033,0.663659793814433,,,1183,1670
469,469,2,1,35,0,0,0,1173,1505,2,160,-1,,0.17755595886267392,0.6808419243986255,,,1175,1665
470,470,3,1,35,1,0,0,1173,1505,2,160,-1,,0.17755595886267392,0.6808419243986255,,,1175,1665
471,471,4,1,35,1,1,0,1173,1505,2,160,-1,,0.17755595886267392,0.6808419243986255,,,1175,1665
472,472,5,1,35,1,1,1,1173,1505,2,160,95, ,0.17755595886267392,0.6808419243986255,,,1175,1665
473,473,2,1,36,0,0,0,1350,1505,1,161,-1,,0.2042498487598306,0.6810567010309279,,,1351,1666
474,474,3,1,36,1,0,0,1350,1505,1,161,-1,,0.2042498487598306,0.6810567010309279,,,1351,1666
475,475,4,1,36,1,1,0,1350,1505,1,161,-1,,0.2042498487598306,0.6810567010309279,,,1351,1666
476,476,5,1,36,1,1,1,1350,1505,1,161,95, ,0.2042498487598306,0.6810567010309279,,,1351,1666
477,477,2,1,37,0,0,0,1141,1630,2,35,-1,,0.17271627344222626,0.7076890034364262,,,1143,1665
478,478,3,1,37,1,0,0,1141,1630,2,35,-1,,0.17271627344222626,0.7076890034364262,,,1143,1665
479,479,4,1,37,1,1,0,1141,1630,2,35,-1,,0.17271627344222626,0.7076890034364262,,,1143,1665
480,480,5,1,37,1,1,1,1141,1630,2,35,95, ,0.17271627344222626,0.7076890034364262,,,1143,1665
481,481,2,1,38,0,0,0,1141,1664,34,1,-1,,0.1751361161524501,0.7149914089347079,,,1175,1665
482,482,3,1,38,1,0,0,1141,1664,34,1,-1,,0.1751361161524501,0.7149914089347079,,,1175,1665
483,483,4,1,38,1,1,0,1141,1664,34,1,-1,,0.1751361161524501,0.7149914089347079,,,1175,1665
484,484,5,1,38,1,1,1,1141,1664,34,1,95, ,0.1751361161524501,0.7149914089347079,,,1175,1665
485,485,2,1,39,0,0,0,957,1668,430,2,-1,,0.17725347852389595,0.7169243986254296,,,1387,1670
486,486,3,1,39,1,0,0,957,1668,430,2,-1,,0.17725347852389595,0.7169243986254296,,,1387,1670
487,487,4,1,39,1,1,0,957,1668,430,2,-1,,0.17725347852389595,0.7169243986254296,,,1387,1670
488,488,5,1,39,1,1,1,957,1668,430,2,95, ,0.17725347852389595,0.7169243986254296,,,1387,1670
489,489,2,1,40,0,0,0,1188,1893,3,35,-1,,0.17990018148820328,0.8206615120274914,,,1191,1928
490,490,3,1,40,1,0,0,1188,1893,3,35,-1,,0.17990018148820328,0.8206615120274914,,,1191,1928
491,491,4,1,40,1,1,0,1188,1893,3,35,-1,,0.17990018148820328,0.8206615120274914,,,1191,1928
492,492,5,1,40,1,1,1,1188,1893,3,35,95, ,0.17990018148820328,0.8206615120274914,,,1191,1928
493,493,2,1,41,0,0,0,1141,1973,34,1,-1,,0.1751361161524501,0.8477233676975945,,,1175,1974
494,494,3,1,41,1,0,0,1141,1973,34,1,-1,,0.1751361161524501,0.8477233676975945,,,1175,1974
495,495,4,1,41,1,1,0,1141,1973,34,1,-1,,0.1751361161524501,0.8477233676975945,,,1175,1974
496,496,5,1,41,1,1,1,1141,1973,34,1,95, ,0.1751361161524501,0.8477233676975945,,,1175,1974
497,497,2,1,42,0,0,0,1350,1973,33,1,-1,,0.20666969147005446,0.8477233676975945,,,1383,1974
498,498,3,1,42,1,0,0,1350,1973,33,1,-1,,0.20666969147005446,0.8477233676975945,,,1383,1974
499,499,4,1,42,1,1,0,1350,1973,33,1,-1,,0.20666969147005446,0.8477233676975945,,,1383,1974
500,500,5,1,42,1,1,1,1350,1973,33,1,95, ,0.20666969147005446,0.8477233676975945,,,1383,1974
501,501,2,1,43,0,0,0,1350,1973,1,36,-1,,0.2042498487598306,0.8552405498281787,,,1351,2009
502,502,3,1,43,1,0,0,1350,1973,1,36,-1,,0.2042498487598306,0.8552405498281787,,,1351,2009
503,503,4,1,43,1,1,0,1350,1973,1,36,-1,,0.2042498487598306,0.8552405498281787,,,1351,2009
504,504,5,1,43,1,1,1,1350,1973,1,36,95, ,0.2042498487598306,0.8552405498281787,,,1351,2009
505,505,2,1,44,0,0,0,1382,1973,1,35,-1,,0.20908953418027829,0.8550257731958762,,,1383,2008
506,506,3,1,44,1,0,0,1382,1973,1,35,-1,,0.20908953418027829,0.8550257731958762,,,1383,2008
507,507,4,1,44,1,1,0,1382,1973,1,35,-1,,0.20908953418027829,0.8550257731958762,,,1383,2008
508,508,5,1,44,1,1,1,1382,1973,1,35,95, ,0.20908953418027829,0.8550257731958762,,,1383,2008
509,509,2,1,45,0,0,0,1141,2007,34,1,-1,,0.1751361161524501,0.8623281786941581,,,1175,2008
510,510,3,1,45,1,0,0,1141,2007,34,1,-1,,0.1751361161524501,0.8623281786941581,,,1175,2008
511,511,4,1,45,1,1,0,1141,2007,34,1,-1,,0.1751361161524501,0.8623281786941581,,,1175,2008
512,512,5,1,45,1,1,1,1141,2007,34,1,95, ,0.1751361161524501,0.8623281786941581,,,1175,2008
513,513,2,1,46,0,0,0,1349,2007,34,1,-1,,0.20659407138535996,0.8623281786941581,,,1383,2008
514,514,3,1,46,1,0,0,1349,2007,34,1,-1,,0.20659407138535996,0.8623281786941581,,,1383,2008
515,515,4,1,46,1,1,0,1349,2007,34,1,-1,,0.20659407138535996,0.8623281786941581,,,1383,2008
516,516,5,1,46,1,1,1,1349,2007,34,1,95, ,0.20659407138535996,0.8623281786941581,,,1383,2008
517,517,2,1,47,0,0,0,980,1895,2,165,-1,,0.1483666061705989,0.8494415807560137,,,982,2060
518,518,3,1,47,1,0,0,980,1895,2,165,-1,,0.1483666061705989,0.8494415807560137,,,982,2060
519,519,4,1,47,1,1,0,980,1895,2,165,-1,,0.1483666061705989,0.8494415807560137,,,982,2060
520,520,5,1,47,1,1,1,980,1895,2,165,95, ,0.1483666061705989,0.8494415807560137,,,982,2060
521,521,2,1,48,0,0,0,1141,2097,91,3,-1,,0.1794464609800363,0.9014175257731959,,,1232,2100
522,522,3,1,48,1,0,0,1141,2097,91,3,-1,,0.1794464609800363,0.9014175257731959,,,1232,2100
523,523,4,1,48,1,1,0,1141,2097,91,3,-1,,0.1794464609800363,0.9014175257731959,,,1232,2100
524,524,5,1,48,1,1,1,1141,2097,91,3,95, ,0.1794464609800363,0.9014175257731959,,,1232,2100
525,525,2,1,49,0,0,0,921,1300,508,838,-1,,0.17770719903206292,0.7384020618556701,,,1429,2138
526,526,3,1,49,1,0,0,921,1300,508,838,-1,,0.17770719903206292,0.7384020618556701,,,1429,2138
527,527,4,1,49,1,1,0,921,1300,508,838,-1,,0.17770719903206292,0.7384020618556701,,,1429,2138
528,528,5,1,49,1,1,1,921,1300,508,838,95, ,0.17770719903206292,0.7384020618556701,,,1429,2138
529,529,2,1,50,0,0,0,973,1885,2,252,-1,,0.147307924984876,0.863831615120275,,,975,2137
530,530,3,1,50,1,0,0,973,1885,2,252,-1,,0.147307924984876,0.863831615120275,,,975,2137
531,531,4,1,50,1,1,0,973,1885,2,252,-1,,0.147307924984876,0.863831615120275,,,975,2137
532,532,5,1,50,1,1,1,973,1885,2,252,95, ,0.147307924984876,0.863831615120275,,,975,2137
533,533,2,1,51,0,0,0,1177,1888,2,249,-1,,0.1781609195402299,0.8644759450171822,,,1179,2137
534,534,3,1,51,1,0,0,1177,1888,2,249,-1,,0.1781609195402299,0.8644759450171822,,,1179,2137
535,535,4,1,51,1,1,0,1177,1888,2,249,-1,,0.1781609195402299,0.8644759450171822,,,1179,2137
536,536,5,1,51,1,1,1,1177,1888,2,249,95, ,0.1781609195402299,0.8644759450171822,,,1179,2137
537,537,2,1,52,0,0,0,1142,1973,2,159,-1,,0.17286751361161526,0.8816580756013745,,,1144,2132
538,538,3,1,52,1,0,0,1142,1973,2,159,-1,,0.17286751361161526,0.8816580756013745,,,1144,2132
539,539,4,1,52,1,1,0,1142,1973,2,159,-1,,0.17286751361161526,0.8816580756013745,,,1144,2132
540,540,5,1,52,1,1,1,1142,1973,2,159,95, ,0.17286751361161526,0.8816580756013745,,,1144,2132
541,541,2,1,53,0,0,0,1173,1973,2,159,-1,,0.17755595886267392,0.8816580756013745,,,1175,2132
542,542,3,1,53,1,0,0,1173,1973,2,159,-1,,0.17755595886267392,0.8816580756013745,,,1175,2132
543,543,4,1,53,1,1,0,1173,1973,2,159,-1,,0.17755595886267392,0.8816580756013745,,,1175,2132
544,544,5,1,53,1,1,1,1173,1973,2,159,95, ,0.17755595886267392,0.8816580756013745,,,1175,2132
545,545,2,1,54,0,0,0,1141,2131,34,1,-1,,0.1751361161524501,0.9155927835051546,,,1175,2132
546,546,3,1,54,1,0,0,1141,2131,34,1,-1,,0.1751361161524501,0.9155927835051546,,,1175,2132
547,547,4,1,54,1,1,0,1141,2131,34,1,-1,,0.1751361161524501,0.9155927835051546,,,1175,2132
548,548,5,1,54,1,1,1,1141,2131,34,1,95, ,0.1751361161524501,0.9155927835051546,,,1175,2132
549,549,2,1,55,0,0,0,957,2135,223,2,-1,,0.1616001209921355,0.9175257731958762,,,1180,2137
550,550,3,1,55,1,0,0,957,2135,223,2,-1,,0.1616001209921355,0.9175257731958762,,,1180,2137
551,551,4,1,55,1,1,0,957,2135,223,2,-1,,0.1616001209921355,0.9175257731958762,,,1180,2137
552,552,5,1,55,1,1,1,957,2135,223,2,95, ,0.1616001209921355,0.9175257731958762,,,1180,2137
553,553,2,1,56,0,0,0,716,2270,259,16,-1,,0.1278735632183908,0.9785223367697594,,,975,2286
554,554,3,1,56,1,0,0,716,2270,259,16,-1,,0.1278735632183908,0.9785223367697594,,,975,2286
555,555,4,1,56,1,1,0,716,2270,259,16,-1,,0.1278735632183908,0.9785223367697594,,,975,2286
556,556,5,1,56,1,1,1,716,2270,49,12,96,Printed,0.11199334543254688,0.9776632302405498,,,765,2282
557,557,5,1,56,1,1,2,771,2270,15,16,96,by,0.1177404718693285,0.9785223367697594,,,786,2286
558,558,5,1,56,1,1,3,792,2270,45,14,96,"Jouve,",0.12318511796733213,0.9780927835051546,,,837,2284
559,559,5,1,56,1,1,4,843,2270,41,12,96,75001,0.13059588626739263,0.9776632302405498,,,884,2282
560,560,5,1,56,1,1,5,893,2270,46,12,96,PARIS,0.1385359951603146,0.9776632302405498,,,939,2282
561,561,5,1,56,1,1,6,945,2270,30,16,95,(FR),0.14519056261343014,0.9785223367697594,,,975,2286
